8.891753775472754917e-01,1.108246236382728067e-01
7.085586277206179506e-01,2.914413810402136651e-01
7.883814771379707986e-01,2.116185126216825196e-01
5.236197855215315444e-01,4.763802040237202773e-01
9.095956247026509844e-01,9.040436473720769861e-02
5.592660536178191144e-01,4.407339305372595106e-01
8.609548104028021953e-01,1.390451731269050917e-01
5.874403539323487244e-01,4.125596285613101766e-01
6.158604068507367302e-01,3.841395752364357707e-01
8.098683497777019458e-01,1.901316704791189971e-01
7.022126375090225192e-01,2.977873338176696416e-01
7.261026355187834014e-01,2.738973946583384556e-01
6.175242572977462929e-01,3.824757092098444722e-01
9.109694125098681816e-01,8.903062146580725811e-02
7.012808226344411366e-01,2.987192117889124754e-01
7.879502397498245880e-01,2.120497238534708173e-01
7.617323745315192074e-01,2.382675878792031021e-01
8.528087758716660360e-01,1.471912640477103518e-01
8.098093193183552030e-01,1.901907208631854473e-01
5.290519702772140676e-01,4.709480754062019270e-01
5.651403477485437143e-01,4.348596050165242088e-01
8.356452915305148110e-01,1.643547584360384173e-01
5.955568260121419932e-01,4.044431197069827677e-01
7.735701054462168491e-01,2.264298394514866752e-01
8.778310591928057960e-01,1.221688853522133050e-01
6.729945644820315431e-01,3.270053758824072454e-01
6.865717099415837854e-01,3.134282295393434614e-01
6.161591369220814629e-01,3.838407966255013015e-01
8.654540475394929544e-01,1.345458855703677847e-01
9.728794885329196118e-01,2.712044318452928870e-02
8.343403479590532079e-01,1.656595829406989906e-01
6.698189573576935896e-01,3.301811147888594200e-01
9.330615011200964481e-01,6.693857457703530911e-02
9.669914130812506947e-01,3.300851055377965887e-02
8.042912699715439873e-01,1.957086534235945585e-01
6.108201946842160002e-01,3.891797139888004686e-01
5.382858422123572018e-01,4.617140630690951819e-01
9.524990244495141756e-01,4.750107541353795759e-02
6.597346213117994962e-01,3.402654815664998833e-01
5.846698290482942317e-01,4.153300640993107806e-01
5.415535787573584336e-01,4.584463130804037334e-01
9.216370329973884168e-01,7.836308111571763102e-02
9.216367721255621648e-01,7.836334421295594599e-02
6.124167945062539697e-01,3.875833453256591898e-01
6.477093086522849319e-01,3.522908336339016233e-01
9.564712095609255726e-01,4.352894046277379358e-02
5.121861867205810270e-01,4.878136622303425041e-01
8.373265181501620136e-01,1.626733241549441489e-01
5.875927435707494206e-01,4.124074181902674940e-01
7.715888393609512397e-01,2.284109969087532166e-01
6.473683891216515107e-01,3.526314435601195507e-01
5.886943452042595615e-01,4.113054824444269952e-01
5.059362624715586509e-01,4.940635637762395005e-01
5.543427138344116933e-01,4.456571122754348080e-01
9.442274823035043951e-01,5.577269180077138594e-02
6.236808988190630787e-01,3.763192766566523795e-01
6.918584180146616358e-01,3.081417681420755006e-01
8.471188939722755773e-01,1.528809154311871477e-01
7.839955534869487153e-01,2.160046376638173060e-01
9.373420108023888808e-01,6.265779397519659344e-02
5.207908912986199956e-01,4.792093040812970828e-01
7.595280149831853400e-01,2.404717875629658608e-01
9.528649158084941950e-01,4.713529028196086074e-02
5.680697338342289848e-01,4.319300420072086366e-01
6.227866168684005332e-01,3.772131581370164466e-01
7.155208333938238852e-01,2.844793942898178329e-01
5.274166884526467758e-01,4.725835413111962868e-01
6.370726162221230782e-01,3.629276206276547123e-01
7.467234182813771159e-01,2.532768290260548061e-01
5.596976889385402165e-01,4.403020602987073318e-01
6.381348572845431111e-01,3.618648903131398975e-01
7.100469009306960011e-01,2.899528441217417152e-01
8.555738334816695989e-01,1.444264231878039650e-01
6.492105124512743686e-01,3.507892226306081329e-01
6.558978229973864149e-01,3.441024446886673527e-01
5.199899477701797057e-01,4.800097753748510110e-01
7.214750730255952149e-01,2.785252051169020970e-01
6.808969815649454915e-01,3.191027369745361164e-01
8.588872353884691169e-01,1.411130487791340260e-01
8.943653955869131922e-01,1.056343186607435203e-01
8.508816989383226614e-01,1.491180086951752193e-01
9.389864296224181839e-01,6.101386461273532874e-02
9.516786362812825750e-01,4.832106863539904068e-02
8.275535156831747008e-01,1.724467811948225682e-01
9.100665759895857354e-01,8.993311573788971558e-02
9.424840670430172374e-01,5.751624287081234799e-02
8.654288944033332598e-01,1.345714165749709590e-01
5.495543567415331898e-01,4.504459590386280521e-01
8.294132141317989149e-01,1.705864693903361151e-01
6.174303582377314026e-01,3.825693212095372386e-01
6.658943219671416003e-01,3.341053557476064695e-01
5.729125866456684646e-01,4.270877368172499300e-01
7.573761268506919997e-01,2.426241967539599642e-01
6.395369169945893661e-01,3.604627582265736430e-01
5.350006469516265240e-01,4.649990268972533092e-01
5.801567650417025490e-01,4.198435697199097705e-01
7.894259707099535728e-01,2.105743676114482654e-01
7.787104605450588801e-01,2.212898930817460419e-01
7.868898442562239914e-01,2.131098012782130513e-01
9.084871879940316086e-01,9.151245479004321837e-02
6.157367009949120673e-01,3.842636609333188735e-01
5.205761258940876379e-01,4.794242375010149826e-01
7.193117700415920801e-01,2.806878638488273792e-01
7.802362807497189578e-01,2.197633469368727999e-01
7.923591042426676445e-01,2.076412699191055311e-01
6.960447200699225734e-01,3.039549008300356792e-01
7.812212052538282103e-01,2.187784056037893055e-01
5.397374031778313652e-01,4.602629860993111000e-01
6.407406379477317282e-01,3.592589720320429336e-01
6.597880551803927407e-01,3.402123447908306231e-01
5.668118851034077421e-01,4.331877120242781376e-01
8.850238037401900737e-01,1.149757932216711742e-01
6.888403239982628934e-01,3.111600899758502625e-01
8.975057375511579227e-01,1.024946809978559692e-01
5.323531367594139807e-01,4.676464358608397598e-01
8.856790348839771454e-01,1.143205361921935392e-01
9.068444386498427656e-01,9.315599412981125094e-02
6.650337455260562081e-01,3.349658166744205468e-01
5.495715487577244041e-01,4.504288947441942303e-01
5.996576951097789543e-01,4.003418606885581488e-01
8.434453057580583168e-01,1.565542494573209653e-01
8.485862930800320836e-01,1.514132610399248069e-01
6.897645965341024921e-01,3.102349563227980722e-01
8.120304719029494134e-01,1.879699774376795141e-01
6.497911404639861166e-01,3.502084071944407961e-01
5.851872487821486724e-01,4.148122941268282404e-01
7.544805645828057683e-01,2.455189751767708206e-01
8.423095391959879441e-01,1.576899943223869227e-01
5.049832818608660512e-01,4.950162438368914120e-01
8.860643902621743173e-01,1.139360900353241918e-01
7.220511822437739591e-01,2.779493016371077374e-01
8.556056319837983537e-01,1.443938728235825419e-01
6.556103367515049296e-01,3.443891636824299440e-01
6.776977283283196485e-01,3.223017646274937142e-01
5.774104002980920969e-01,4.225901145172524798e-01
8.059874553200423453e-01,1.940120297458998166e-01
7.186833520245914375e-01,2.813161248249764212e-01
5.740120068295494482e-01,4.259874688672347642e-01
5.751875928908249946e-01,4.248129344702277765e-01
5.191481948867608942e-01,4.808523380171172978e-01
9.479818936344119873e-01,5.201864133901103193e-02
8.165850059311683395e-01,1.834155322431340884e-01
9.768231751597997725e-01,2.317628633374485200e-02
8.519995908467341561e-01,1.480009500996947724e-01
7.021150358392967972e-01,2.978855088968307419e-01
6.017025312314536745e-01,3.982969200891702255e-01
5.761656697142472083e-01,4.238337802977582558e-01
5.397220035342272793e-01,4.602785480322164613e-01
9.201534988247382918e-01,7.984594691576978043e-02
5.969740910260313838e-01,4.030253431651990570e-01
8.787753666274364939e-01,1.212252006730404896e-01
7.705259417243267572e-01,2.294746257897985475e-01
9.045533296269006041e-01,9.544610177768675374e-02
6.010258491748872167e-01,3.989747211947112793e-01
9.292448357227074407e-01,7.075573972016692414e-02
7.893941760146516717e-01,2.106064103441084301e-01
8.305829727111383454e-01,1.694176146854777243e-01
6.845901338426527705e-01,3.154104549973972271e-01
8.922245975176077426e-01,1.077759933122097724e-01
5.152193851031034999e-01,4.847800204696260384e-01
7.329598482689334560e-01,2.670395521330437005e-01
8.486724936699544530e-01,1.513281089891910791e-01
6.261945271995336126e-01,3.738048699429501465e-01
6.524843371283135518e-01,3.475150588319044775e-01
9.237135825308501191e-01,7.628580280545806114e-02
6.017659549739541314e-01,3.982334265886381397e-01
9.546173177791257292e-01,4.538330313034663610e-02
6.564274604104424204e-01,3.435719172002846267e-01
9.136478315378826487e-01,8.635154089979030223e-02
6.760701707977281316e-01,3.239292008010885571e-01
7.381841840397366239e-01,2.618164444163232352e-01
8.946955872309985125e-01,1.053037836538548572e-01
7.641002321477188275e-01,2.359004011446605986e-01
7.567046065225528917e-01,2.432947601669019355e-01
5.340172574368668990e-01,4.659821070846023039e-01
5.486461771073648519e-01,4.513544590643693843e-01
6.224876518224188304e-01,3.775116968446272647e-01
5.567963075158101072e-01,4.432043442659506227e-01
7.421108278412602566e-01,2.578898271506500639e-01
5.898611729395746295e-01,4.101394874258346701e-01
7.773379753369686895e-01,2.226626894879448204e-01
5.724248674298640926e-01,4.275744673571147403e-01
8.022945692163049314e-01,1.977061003274492856e-01
6.201619363463615198e-01,3.798373932282979037e-01
9.400196557805160502e-01,5.998101621061025651e-02
7.773614140309936804e-01,2.226392582156279942e-01
7.068673432329325435e-01,2.931319791021639865e-01
5.554276975236397407e-01,4.445716169968967901e-01
9.124014992219008358e-01,8.759781409379838180e-02
8.239877368655543766e-01,1.760129505783356307e-01
6.253179309163747757e-01,3.746827637206652239e-01
7.327856492776309016e-01,2.672150480480351975e-01
9.087178677196117160e-01,9.128283693583284786e-02
9.465100115753324328e-01,5.349069329853151089e-02
9.217091192796209587e-01,7.829158949867437434e-02
6.840637519419856538e-01,3.159355366923878861e-01
5.284580399357204916e-01,4.715426764478425903e-01
5.193971172064653086e-01,4.806036002498699777e-01
6.012716755427445214e-01,3.987275984874921742e-01
5.506678325330397472e-01,4.493328942066057152e-01
9.306745134281365628e-01,6.932474987556891399e-02
5.786553973111213667e-01,4.213438652394139727e-01
6.800295821199434654e-01,3.199711595860854629e-01
5.466298118963115460e-01,4.533709301017829763e-01
9.778281402821733526e-01,2.217111636712962644e-02
6.220950031094200083e-01,3.779057441169355602e-01
7.959298003655215226e-01,2.040709477016256768e-01
6.149677982490446837e-01,3.850314524582107434e-01
8.782663828705039588e-01,1.217343781864164282e-01
8.743934840321412327e-01,1.256072831969139159e-01
7.451981463743623246e-01,2.548010824849999967e-01
7.944779788173628177e-01,2.055212491901597383e-01
5.807390380845877109e-01,4.192617354287305753e-01
9.332107176092085954e-01,6.678850808453311305e-02
8.559298527318668359e-01,1.440693721108015912e-01
9.123592238441373681e-01,8.764000086763634734e-02
6.909874232110394532e-01,3.090133523150873640e-01
7.440587417084821853e-01,2.559404800992907125e-01
7.375236350117502226e-01,2.624771444173596424e-01
7.290782201416661223e-01,2.709225634411380756e-01
6.000302159959705062e-01,3.999705698843727952e-01
7.809044461570229245e-01,2.190963409138269591e-01
5.522845700728356011e-01,4.477162208398785537e-01
8.214491772484533438e-01,1.785500222902293987e-01
8.899302594111886400e-01,1.100705446808405569e-01
8.760407445902427259e-01,1.239600687455490041e-01
9.705576812719586277e-01,2.944313364523955950e-02
6.029481450352793814e-01,3.970526713895269344e-01
8.057555054186134047e-01,1.942436570991162847e-01
8.875478633424802588e-01,1.124512762142844957e-01
7.148076644243827049e-01,2.851931987728205109e-01
5.927821939576920496e-01,4.072186700526972958e-01
8.254318830343425617e-01,1.745672424178500715e-01
7.347609237107112223e-01,2.652399594371947500e-01
8.785653958087826787e-01,1.214354900622097583e-01
9.157206494888138204e-01,8.427846354078608049e-02
8.901885027214302415e-01,1.098106086427229344e-01
5.779894986076309360e-01,4.220113947187653092e-01
8.176454958845942311e-01,1.823553998061495096e-01
5.236638950353882382e-01,4.763370026185683725e-01
6.238238825197591764e-01,3.761894443792455078e-01
5.761000732416580172e-01,4.239129232714244910e-01
7.773627305479331451e-01,2.226462820189107905e-01
8.416503555811603032e-01,1.583744490270631855e-01
6.613859043787764236e-01,3.386232694299619039e-01
9.093138193244472145e-01,9.068453876674276160e-02
7.987538882088660586e-01,2.012733421046379312e-01
9.416663175236791306e-01,5.834355970220266724e-02
7.088561258427255041e-01,2.911379247779939394e-01
6.575374824501528659e-01,3.424498682141262629e-01
7.646147033330823461e-01,2.353886812565110787e-01
5.440982318536029538e-01,4.559152644486168526e-01
7.919861336237759009e-01,2.080300887782371988e-01
5.476262171464868489e-01,4.523823313173341853e-01
7.094854108129835524e-01,2.905398991140523135e-01
7.825186091745521821e-01,2.174979348847857485e-01
5.902996631337756872e-01,4.097014246845316898e-01
8.747629561336885962e-01,1.252391426812216602e-01
7.036458091055706188e-01,2.963551591712532129e-01
5.239210479167140111e-01,4.760941167035674382e-01
8.651535300488406577e-01,1.348534996791331542e-01
7.994589231025299725e-01,2.005411606039816108e-01
8.404729508461946663e-01,1.595226337215146506e-01
8.312435574780168146e-01,1.687516165884095642e-01
7.680774739239768500e-01,2.319361429550428622e-01
6.620676884003166007e-01,3.379209999063010894e-01
8.753025075705065383e-01,1.247098346173993733e-01
5.736003316211998326e-01,4.263845981803652818e-01
5.980903386578440006e-01,4.019114152281670904e-01
6.518951670500198192e-01,3.481211213663291115e-01
6.696763869101339806e-01,3.303393386078969374e-01
8.995850803945201202e-01,1.004308668203642146e-01
5.253109730995858540e-01,4.746969416733519687e-01
6.035731142669029659e-01,3.964132155912868383e-01
6.319385959777029660e-01,3.680608055102166931e-01
8.494688952114282099e-01,1.505425822105229683e-01
5.657825066309658535e-01,4.342326399917375568e-01
8.695653679535895186e-01,1.304687428369264990e-01
7.034561522758264740e-01,2.965372933354240015e-01
8.674920769525452657e-01,1.325108965748174050e-01
8.692980205740006294e-01,1.307305938779688703e-01
5.616260804838495435e-01,4.383833199522995105e-01
6.584498897182951005e-01,3.415750372086983067e-01
7.965263637832749044e-01,2.034672091321446386e-01
9.630220001386256001e-01,3.698915857470251589e-02
8.544237062652767500e-01,1.456018655547971774e-01
9.199109403701162258e-01,8.011886843080208431e-02
7.209641784136715525e-01,2.790583336042906648e-01
5.467538765992900895e-01,4.532666383982371094e-01
9.607883138525716848e-01,3.925104985186335382e-02
6.158444430046843276e-01,3.841448031301136767e-01
8.165479033952767196e-01,1.834508163190432251e-01
6.423879058022731181e-01,3.576125321284794878e-01
9.248585047452073660e-01,7.515217285521463841e-02
5.348861250743793816e-01,4.651103023586588003e-01
6.003872543957962105e-01,3.996344600566493210e-01
7.537766565747424652e-01,2.462476841630176216e-01
8.206743302989858435e-01,1.793550665541886191e-01
6.582634351725979993e-01,3.417542842746376652e-01
6.296035020490070577e-01,3.703834730337327019e-01
