9.334468284523786963e+00,5.673520963488928537e+00
4.766280889178078795e+00,9.167794303522597943e+00
4.914019093112964143e+00,9.076092547898628737e+00
5.444532826865014385e+00,8.671561897223304172e+00
5.572877631457756387e+00,8.600162834147978330e+00
8.803198062100754839e+00,6.197323270084481805e+00
9.716909381976112314e+00,5.229768842653491845e+00
9.714598532294605349e+00,5.231571509994983771e+00
9.713959845504376744e+00,5.232085397490306100e+00
9.714739172273954892e+00,5.231168677948874191e+00
9.715778932008442226e+00,5.229308926896229615e+00
9.714170435388588487e+00,5.230902268346397044e+00
9.718177238041057819e+00,5.226843351072651522e+00
9.712697968801666804e+00,5.231978914162588090e+00
9.708767337121251728e+00,5.235644509799891821e+00
9.712402817477613581e+00,5.231957403401540141e+00
9.713399794337462367e+00,5.230813228949343419e+00
9.710504290028788787e+00,5.233678890319968247e+00
9.712282263141906569e+00,5.231869559377563483e+00
9.707509622795008397e+00,5.236627850566096143e+00
9.706421912112887185e+00,5.237663744211464412e+00
9.713632084701671943e+00,5.230278346190250893e+00
9.708788342146515760e+00,5.235110925520691794e+00
9.145604530861602299e+00,5.798213618721316465e+00
9.715147160879812560e+00,5.228541461972489479e+00
9.707039853652194239e+00,5.236632885001631266e+00
9.705341377597779484e+00,5.238313349217031067e+00
9.702841584510426998e+00,5.240770695750456731e+00
9.714851530703768390e+00,5.228739118515128403e+00
9.708517300987676180e+00,5.234990535044550697e+00
9.711765751162090510e+00,5.231715052680179667e+00
9.707668963934747097e+00,5.235684535162339337e+00
9.713509730791642482e+00,5.229779794038415197e+00
9.707348335997863842e+00,5.235921240997012838e+00
9.704217676418242178e+00,5.238836224076350412e+00
9.701237230954141921e+00,5.241719774114355523e+00
9.703349968032489059e+00,5.239543715301794968e+00
9.698633735154910340e+00,5.244038895841311110e+00
9.716519343040527446e+00,5.226037588232246733e+00
9.703057760500826134e+00,5.239488598420037668e+00
9.699196177761596260e+00,5.243325632677721337e+00
9.717648237694362479e+00,5.224872075192338983e+00
9.717546801979372262e+00,5.224951043854343169e+00
9.701599950239224057e+00,5.240869957249778111e+00
9.706934425243350262e+00,5.235499209964594947e+00
9.717062967616922009e+00,5.225357908915444938e+00
9.699419169354946746e+00,5.242955163804864149e+00
9.697244070619120748e+00,5.245111631124856011e+00
9.706015687494037536e+00,5.236236341920090354e+00
9.701729531250318672e+00,5.240310810962601096e+00
9.696733290698446694e+00,5.245265278779194240e+00
9.711012177783493016e+00,5.230673947106470045e+00
9.697710783550492764e+00,5.243770240425170037e+00
9.699160569246277674e+00,5.242313682979171219e+00
9.703569611141137585e+00,5.237894318744289457e+00
9.715199757456755236e+00,5.226220601149250022e+00
9.711249162655548162e+00,5.230148794673461055e+00
9.716302966068074198e+00,5.225060651054424632e+00
9.697338463496858907e+00,5.243977630155730374e+00
9.699331900084864344e+00,5.241967691860689449e+00
9.705160389413947541e+00,5.236076166631474571e+00
9.709728372631719395e+00,5.231346279917836739e+00
9.714906917351962434e+00,5.225852458995372984e+00
9.699059564336234729e+00,5.241667184916178890e+00
9.713494222299347669e+00,5.227158309100436995e+00
9.697879043240586583e+00,5.242593587895744811e+00
9.716403822597317941e+00,5.224051039553637032e+00
9.695086134792177290e+00,5.245287985221635196e+00
9.692556973430242806e+00,5.247793856767897225e+00
9.697075735253953610e+00,5.243214349615842096e+00
9.716272208115302789e+00,5.223962602978315495e+00
9.709434059532446426e+00,5.230742770896146254e+00
9.692089954826979437e+00,5.248086652146072950e+00
9.709435090370531540e+00,5.230705707569464735e+00
9.717889261640234366e+00,5.222219219559016246e+00
9.710422290623224484e+00,5.229656530077997800e+00
9.702470291995904716e+00,5.237595160302048747e+00
9.716538577665684073e+00,5.223487708012640951e+00
9.704971184305996701e+00,5.234867873803286109e+00
9.717044919852721563e+00,5.222766934368142877e+00
9.692561506814666217e+00,5.247092470293337918e+00
9.701595152901925090e+00,5.238045722630816137e+00
9.685817308911987666e+00,5.253770809590045054e+00
9.684244492699598084e+00,5.255275381166926607e+00
9.690985768108639320e+00,5.248503634955304697e+00
9.687167068113211599e+00,5.252186264498299728e+00
9.691028804655548612e+00,5.248280699639206404e+00
9.717417779346938289e+00,5.221816133685249106e+00
9.702433030264671743e+00,5.236794726953441170e+00
9.691356754856117917e+00,5.247819881705825473e+00
9.692010025040140420e+00,5.247166179339051162e+00
9.710603240469328767e+00,5.228559241924414458e+00
9.708976659187044334e+00,5.230162366211295044e+00
9.682005162253849662e+00,5.257038474916172710e+00
9.708326362546364052e+00,5.230675142241488551e+00
9.717821010493196354e+00,5.221168074054117092e+00
9.705379747779286248e+00,5.233589069806199312e+00
9.681491776994347376e+00,5.257447076879249614e+00
9.707925364660081158e+00,5.230983736424566821e+00
9.682144502702119127e+00,5.256649016624845849e+00
9.714878684940135400e+00,5.223842122394779963e+00
9.688078305312997074e+00,5.250598487342398535e+00
9.708160935301222594e+00,5.230494204723214580e+00
9.704106286617559363e+00,5.234477025481928614e+00
9.688561028321757362e+00,5.249985722250339215e+00
9.714008807880688323e+00,5.224531103940718957e+00
9.712510916597327792e+00,5.226024673012419797e+00
9.716737708154759900e+00,5.221776043685498081e+00
9.690149820101765954e+00,5.248333792829491529e+00
9.718150122253929268e+00,5.220305873669263796e+00
9.681384538708993404e+00,5.257054762741513620e+00
9.711578424587386849e+00,5.226708453824353562e+00
9.702109127219358697e+00,5.236065779484955662e+00
9.701615276629521389e+00,5.236546899329175275e+00
9.706188448614714304e+00,5.231878990632677251e+00
4.320589073357338883e+00,9.445675417136600416e+00
4.312271080805682111e+00,9.452155934677495708e+00
4.322107632799182753e+00,9.444485574936537731e+00
4.299231609993563907e+00,9.462339107374981850e+00
4.306920951671014741e+00,9.456315453540613092e+00
4.327973788309654068e+00,9.439908175780495014e+00
4.296073319752397701e+00,9.464816847350363105e+00
9.711362407248447681e+00,5.226570686212347105e+00
4.324045228076324854e+00,9.442936162288761537e+00
4.288958199354431677e+00,9.470372712977995988e+00
9.704657633838001729e+00,5.233251859953145235e+00
9.676746704589408665e+00,5.261128081018142666e+00
4.336368362142480670e+00,9.433313632921846548e+00
9.708525336453508459e+00,5.229348255579390425e+00
4.340234113077936939e+00,9.430318630715118999e+00
4.337989783048318948e+00,9.432047124563444740e+00
9.680436665976284161e+00,5.257423662734734826e+00
4.277105616533943611e+00,9.479647254246698296e+00
4.276435209398874449e+00,9.480173892427478322e+00
4.273384805368328543e+00,9.482537966444306576e+00
4.272870395864503124e+00,9.482925593128170405e+00
4.305917791371661529e+00,9.456895725882532133e+00
4.315543328528228528e+00,9.449376267151464504e+00
4.270774564709315158e+00,9.484562182459724156e+00
4.317877948600756355e+00,9.447544384359483516e+00
4.303625423309591191e+00,9.458664913989627721e+00
4.315708485661027716e+00,9.449224301294016470e+00
4.318828476456806342e+00,9.446787195571539897e+00
4.320772025727832144e+00,9.445273141842363884e+00
4.354983611487072359e+00,9.418793957683789131e+00
4.328125445154682005e+00,9.439534605601151540e+00
9.679931420368081518e+00,5.257807586860551829e+00
4.334114279185069307e+00,9.434882661548190441e+00
4.287076910072357805e+00,9.471603809922479300e+00
4.286247703159959066e+00,9.472254322636608492e+00
4.357931044927019215e+00,9.416500896751859528e+00
4.338406128645789117e+00,9.431525858153012365e+00
4.282213828889744001e+00,9.475392960187340563e+00
4.262301773980196273e+00,9.491177593688812308e+00
4.361405457804568897e+00,9.413767979345276871e+00
4.361172101608104867e+00,9.413943231145262658e+00
4.344176159454332442e+00,9.427000529967683562e+00
4.365275658766797129e+00,9.410739444026695821e+00
4.269416687608319272e+00,9.485405999942544852e+00
4.349936483343132210e+00,9.422513433369102742e+00
4.349493441200745991e+00,9.422852352405216791e+00
4.308267590154714277e+00,9.454816566480708673e+00
4.305815741634837046e+00,9.456723831948433912e+00
4.265820305499835818e+00,9.488215692258913592e+00
4.319779882276759686e+00,9.445802484519727926e+00
4.326324097362496346e+00,9.440712073863272380e+00
4.325436993122549367e+00,9.441400543394328437e+00
4.322514108613651374e+00,9.443659244270186548e+00
4.354197709424620477e+00,9.419157310035803476e+00
4.328190882912363868e+00,9.439241075652928359e+00
4.282076620313853610e+00,9.475283383075181476e+00
4.280501734113700607e+00,9.476511547728241780e+00
4.334801190470026988e+00,9.434094741970062259e+00
4.331582925594802624e+00,9.436583239576417981e+00
4.257589341985833720e+00,9.494654035554471960e+00
9.699149772727871266e+00,5.238366324710702848e+00
4.244598732077247583e+00,9.505031609883028310e+00
4.257379883326525949e+00,9.494789008707320122e+00
4.272350878789390016e+00,9.482867674214315201e+00
4.272376701117384989e+00,9.482838787392219970e+00
4.343812612568899389e+00,9.427043228668523511e+00
9.677044914182792112e+00,5.260424269932627794e+00
9.676168303526822001e+00,5.261293386503905545e+00
4.345944753584756626e+00,9.425379227827017203e+00
4.302837324436166178e+00,9.458830065444892909e+00
5.876772873269771935e+00,8.374770108318486450e+00
4.267117433490381195e+00,9.486940689995057241e+00
4.367590140034983470e+00,9.408719379354371526e+00
4.308939990074870607e+00,9.454041496973129455e+00
4.298014953664749171e+00,9.462579704405445824e+00
4.350283722194396852e+00,9.421996595240450745e+00
4.310967905978173143e+00,9.452440753265376472e+00
4.325752897358055016e+00,9.440925231979260701e+00
4.245915706259719258e+00,9.503773621338970301e+00
4.282815801703384828e+00,9.474443249492134456e+00
4.332254987862501849e+00,9.435847105399369994e+00
4.353843820634251571e+00,9.419194056657806513e+00
4.328702389681053475e+00,9.438596734392136867e+00
9.697891506346833168e+00,5.239475404557317084e+00
9.690097959329062149e+00,5.247266558000014847e+00
4.376118002767891646e+00,9.402056748207268555e+00
4.271582707076351682e+00,9.483212665359944893e+00
4.304427553497401249e+00,9.457389032057553990e+00
4.300986223220661486e+00,9.460074411485747348e+00
4.361768886529834077e+00,9.413011433204051315e+00
9.692503506366030308e+00,5.244790261302368251e+00
4.288771094842126708e+00,9.469627833842315212e+00
4.290970876550192159e+00,9.467894886613779093e+00
4.267857780882478913e+00,9.486122858073462893e+00
4.250339319040052466e+00,9.500070065100620909e+00
4.289006509728944927e+00,9.469433748001597095e+00
4.307229135991732960e+00,9.455167252658498001e+00
4.314853950664948812e+00,9.449223085871684802e+00
4.390598312700514150e+00,9.390946276536691784e+00
9.697955862089777668e+00,5.239314496998215276e+00
4.229094433309138701e+00,9.517142962284212970e+00
4.262712241239446698e+00,9.490171279344165711e+00
4.286056192852075064e+00,9.471719845611396238e+00
4.236832692657183763e+00,9.510870398833603190e+00
4.279340218594671619e+00,9.476987089823515120e+00
4.346959888899060154e+00,9.424334207856597700e+00
4.260397327812847301e+00,9.491983274710433349e+00
4.246449614953862195e+00,9.503108109691613237e+00
4.367789327798574206e+00,9.408323263224639632e+00
4.261771658213759473e+00,9.490877170998109236e+00
9.703784416948179725e+00,5.233445805833710551e+00
4.246318116157720368e+00,9.503197815658184666e+00
4.270478408382618163e+00,9.483909860146454207e+00
9.693032147619755179e+00,5.244152111259715809e+00
9.716763927962405845e+00,5.220412474773733713e+00
4.385404732241423353e+00,9.394776384371413158e+00
4.399217493183225969e+00,9.384241744732202406e+00
4.250414225104328203e+00,9.499785597447717223e+00
4.342409928272255470e+00,9.427709601629546299e+00
4.262883335994781753e+00,9.489852047926028433e+00
4.299475475006679481e+00,9.461028663185008014e+00
4.222388535685801081e+00,9.522361983420934095e+00
9.690247246821996896e+00,5.246888129032956982e+00
4.293970058390774724e+00,9.465333327731091373e+00
4.229052085543306916e+00,9.516945973366668809e+00
4.373709249558292989e+00,9.403658950216181367e+00
4.314735687234112937e+00,9.449107767736055763e+00
4.291990790087155005e+00,9.466863476247620923e+00
4.287367623956912510e+00,9.470485269319802057e+00
4.220821782362981445e+00,9.523593144272746613e+00
4.310129185896220072e+00,9.452675173939496744e+00
4.220446406971268161e+00,9.523880207099763240e+00
9.717817460207859526e+00,5.219276208511013593e+00
4.282921840404547709e+00,9.473946676659020127e+00
9.682400554756181776e+00,5.254686431001744040e+00
4.236102415629501294e+00,9.511170635436805298e+00
4.378205937708165685e+00,9.400170551098115723e+00
4.254784850773685179e+00,9.496159809497960680e+00
4.233407233379941736e+00,9.513293953992137730e+00
4.394103056536670771e+00,9.388014992407635262e+00
4.354328620882134793e+00,9.418403884572096985e+00
4.382020406088748210e+00,9.397199606381386516e+00
4.241645035665116303e+00,9.506606806367758011e+00
4.369078365819301979e+00,9.407051800553682952e+00
4.355888581119010006e+00,9.417152013326258952e+00
4.307217264766847187e+00,9.454781536906660122e+00
4.288937566603123308e+00,9.469068271380940871e+00
4.339664116746062561e+00,9.429629106965064622e+00
9.677566194255284415e+00,5.259413246430870714e+00
4.291141095212288370e+00,9.467325214144437950e+00
4.308800645239521110e+00,9.453525171800995608e+00
4.291337556315102830e+00,9.467163873392578921e+00
4.385641070369486805e+00,9.394358401836024441e+00
4.408367811569470440e+00,9.377074138584641005e+00
4.399066442156386536e+00,9.384133006950003519e+00
9.695956257551383572e+00,5.240986837155316991e+00
4.279118331052666591e+00,9.476718856541316072e+00
4.244919472708633457e+00,9.503854821618885396e+00
4.256930899627160869e+00,9.494267052224270032e+00
4.360738743481681112e+00,9.413362341511689380e+00
4.217399200585474794e+00,9.526048508333092357e+00
4.399025143778885649e+00,9.384128176357950935e+00
4.347233002767906918e+00,9.423710706216844812e+00
4.275234617847205598e+00,9.479741241195238644e+00
9.672208019690469172e+00,5.264701847343891572e+00
4.388882629894400367e+00,9.391829006027011317e+00
9.675965853908200742e+00,5.260938269293407465e+00
9.711045811734226874e+00,5.225851242012266695e+00
4.270618308344386271e+00,9.483343621217112940e+00
4.208605371435077735e+00,9.533161088768959956e+00
4.402168943518875999e+00,9.381691230164179274e+00
4.402452382127266084e+00,9.381475465785269918e+00
4.330412898910430464e+00,9.436632298540265751e+00
4.231416195979141648e+00,9.514600139690287506e+00
9.704081016642234658e+00,5.232790688466294249e+00
4.377923777422808804e+00,9.400139129294620588e+00
9.696105250943826803e+00,5.240762992631445627e+00
4.249884448196080911e+00,9.499767443429666613e+00
4.352587606345505122e+00,9.419512752625021079e+00
4.262892150903602406e+00,9.489381303395513001e+00
4.393686534652595732e+00,9.388078522944340421e+00
4.355733520795886271e+00,9.417067462362437524e+00
4.404052466988568781e+00,9.380200727937213045e+00
4.414849344316796653e+00,9.372015785323794645e+00
4.287635841080288834e+00,9.469838505573136445e+00
4.258634458995060434e+00,9.492716110011160779e+00
9.676678678263369804e+00,5.260118664218981444e+00
4.292084231493801028e+00,9.466339306272686827e+00
4.304848046848354315e+00,9.456367426013018829e+00
5.863542875354660566e+00,8.377349672581832607e+00
4.255896749851501681e+00,9.494868663020719524e+00
4.359449260040798357e+00,9.414172637971649493e+00
4.209955642037071399e+00,9.531868839036409469e+00
4.255371389339146049e+00,9.495270268622373777e+00
9.704616873529868570e+00,5.232156645810334794e+00
4.225107562299084130e+00,9.519524551805526258e+00
4.396176677444528558e+00,9.386121785045776988e+00
4.253657132803463803e+00,9.496617910952565467e+00
4.252612795409404178e+00,9.497448615762724700e+00
4.203431049764243532e+00,9.537172297919994435e+00
4.276988642330406876e+00,9.478127306177961842e+00
4.346372822074461517e+00,9.424169800199564406e+00
4.360268221887745099e+00,9.413501085705187066e+00
4.408505970113277606e+00,9.376743771272835204e+00
9.698029178154095931e+00,5.238713223321468604e+00
4.418561125300635162e+00,9.369115449970321308e+00
4.376068148009655268e+00,9.401398562199164033e+00
4.273167048217384689e+00,9.481098147772760498e+00
4.221723171555738396e+00,9.522182902814506633e+00
4.249654677281317738e+00,9.499731390722342184e+00
4.201175268564085741e+00,9.538960431739459622e+00
4.350667554323556452e+00,9.420824069070761198e+00
4.350498470255396377e+00,9.420952703285278673e+00
9.714703889966006756e+00,5.222009346640171579e+00
4.366826352343847972e+00,9.408419266671232961e+00
4.389763730362864713e+00,9.390915824367244369e+00
4.264733112191664510e+00,9.487719533100527514e+00
4.264831648447460211e+00,9.487609106004335047e+00
4.331097702844664887e+00,9.435846910710356639e+00
4.243857055907983344e+00,9.504281236874502881e+00
4.391489476113978441e+00,9.389568151872881074e+00
4.199423341743856675e+00,9.540303477591876913e+00
4.243215369238338752e+00,9.504777129977705741e+00
4.369564092702447944e+00,9.406267689117226993e+00
4.337651529443336429e+00,9.430756299770491680e+00
4.413225376181020287e+00,9.373051640385662964e+00
4.370523399354516947e+00,9.405524466305163145e+00
4.280110556277571199e+00,9.475512259901508472e+00
4.232403010458389403e+00,9.513413845408759784e+00
4.307685561714156286e+00,9.453944581308002526e+00
4.278332112688374878e+00,9.476903331922532203e+00
9.707227225654360581e+00,5.229404549334836005e+00
4.311240256567414164e+00,9.451172407488661165e+00
4.383687161557129564e+00,9.395449670081045923e+00
4.313149687142920463e+00,9.449674157032852406e+00
4.281361527912778797e+00,9.474495650715065054e+00
9.692471988333213773e+00,5.244145636730666027e+00
4.317808466565968395e+00,9.446057607881993334e+00
4.414664552132744113e+00,9.371926498068212652e+00
4.394654318949914540e+00,9.387096340186984023e+00
4.361011578850710002e+00,9.412761025794992520e+00
4.314009385810405384e+00,9.448994679590731138e+00
4.404794709570016842e+00,9.379389996711342548e+00
4.424486158305756867e+00,9.364487860100606298e+00
4.271002139800021524e+00,9.482617411087904458e+00
9.692315176609007210e+00,5.244277332057092345e+00
4.229956524456401468e+00,9.515308959740817585e+00
4.267809945640229863e+00,9.485110025457565541e+00
4.345931768719819566e+00,9.424283657725803565e+00
4.195092686321173936e+00,9.543686907602250358e+00
4.199872391242787550e+00,9.539719686318598235e+00
4.398049291520234050e+00,9.384446704515591264e+00
4.198247935954874777e+00,9.541027860129144500e+00
4.246905308679571611e+00,9.501629492652853060e+00
4.210677691468216466e+00,9.530823278823758571e+00
4.210975742761665863e+00,9.530577640349120472e+00
9.689699284301068971e+00,5.246818218731808869e+00
4.244472557390036371e+00,9.503539910535865332e+00
4.259443688072524381e+00,9.491631998702390050e+00
4.257469579846370422e+00,9.493191918874012813e+00
4.334906163246790456e+00,9.432695389378373818e+00
4.290223498901623245e+00,9.467383630585795018e+00
4.379405560257059626e+00,9.398568600110529303e+00
4.400036272931574288e+00,9.382870144496632037e+00
4.302547716669189448e+00,9.457746616380482862e+00
4.297931663248188094e+00,9.461345630520527905e+00
4.293806200070518386e+00,9.464563795401556234e+00
4.292194197180417170e+00,9.465822262906169016e+00
4.294981740992814601e+00,9.463632505540873652e+00
4.278948999311062096e+00,9.476187424920246016e+00
4.287492048479288442e+00,9.469484600081486292e+00
4.253060540494119302e+00,9.496638835625610398e+00
4.284680519243958763e+00,9.471681275480916540e+00
4.410963491484608312e+00,9.374564347925398167e+00
4.353327946666549764e+00,9.418478156322196426e+00
4.228019863829781677e+00,9.516664726494711957e+00
4.339279839331386945e+00,9.429273171473555593e+00
4.401242937164544955e+00,9.381923574629192686e+00
4.339553098607257908e+00,9.429054139950105551e+00
4.412193435360424409e+00,9.373617520306755324e+00
4.308254182945945310e+00,9.453257174131453056e+00
9.706368123616904597e+00,5.230076155416306882e+00
4.237746529132660811e+00,9.508811053770207522e+00
4.271809435979067260e+00,9.481760144237854959e+00
4.341353578913790479e+00,9.427648824101334313e+00
4.372243967817538213e+00,9.403968667622789823e+00
4.311268065336752997e+00,9.450899631239732201e+00
4.382722977010653942e+00,9.395971451007712361e+00
4.219848725883093898e+00,9.523210162471865914e+00
4.272391473137446383e+00,9.481289511971146666e+00
4.317237761079403491e+00,9.446257763712772260e+00
4.403733594457711398e+00,9.379996251362312520e+00
4.193652942934742001e+00,9.544615288468264680e+00
9.689643140050023362e+00,5.246781168385161287e+00
4.314964972938323484e+00,9.448008379024473768e+00
4.269861021862012329e+00,9.483259419564388892e+00
4.322550035391844681e+00,9.442117260915974697e+00
4.347920681289010325e+00,9.422537714780292006e+00
4.197924261688920744e+00,9.541028703098694663e+00
4.187934061136687980e+00,9.549288111038150006e+00
4.233728920808971452e+00,9.511945216597586850e+00
4.245678082955472554e+00,9.502384823613867937e+00
4.326917201618305064e+00,9.438703855469233517e+00
4.325178149333550159e+00,9.440026711848490848e+00
4.350687392549086319e+00,9.420377289889612982e+00
4.202598848818022148e+00,9.537131737381448815e+00
4.397396544547883757e+00,9.384720117196422962e+00
4.426922486024595038e+00,9.362373824686857304e+00
9.686517167634333347e+00,5.249833515624291458e+00
4.259569416018319288e+00,9.491291580858009169e+00
4.206624098966141645e+00,9.533802037774709248e+00
4.400044690407252546e+00,9.382690001113433098e+00
4.256160725341383788e+00,9.493963885153204885e+00
4.205853219132620779e+00,9.534390442677091571e+00
9.670859177473786872e+00,5.265458971806388000e+00
9.711275262609298409e+00,5.225041119810923007e+00
4.254592195448239522e+00,9.495182947762273784e+00
4.297319851848057759e+00,9.461581943652189963e+00
9.695997066074882653e+00,5.240311192224059056e+00
4.288703886819377864e+00,9.468306264511930692e+00
4.334907732961736038e+00,9.432441668692549186e+00
4.237247122204295557e+00,9.508972541870191364e+00
9.685139273972975360e+00,5.251154945999302548e+00
4.337295471609969866e+00,9.430584664166200781e+00
9.675375752830696285e+00,5.260910102787904385e+00
4.226218841957891215e+00,9.517811224900036393e+00
4.299281363837631709e+00,9.460010290098367136e+00
4.300693297036469964e+00,9.458908617845134259e+00
4.393183760559299600e+00,9.387822638169524225e+00
4.438497399480249683e+00,9.353558278575615503e+00
4.313223991431129889e+00,9.449139650696716686e+00
4.232505433262131689e+00,9.512704324088895547e+00
4.186636281616418209e+00,9.550082365216926661e+00
4.266477022975927014e+00,9.485678624339596965e+00
4.421977376184283770e+00,9.365987360056040600e+00
4.385088703561780044e+00,9.393945580156826125e+00
4.222873162337537956e+00,9.520421728265004546e+00
9.682264251502427754e+00,5.253966530507590882e+00
4.343367693300837828e+00,9.425833923774083800e+00
4.345797498714526697e+00,9.423957920291574197e+00
4.262763989698713729e+00,9.488570535389813543e+00
4.243608779959509469e+00,9.503766691151131596e+00
4.423336797429273659e+00,9.364928298124640449e+00
4.243842755027389835e+00,9.503577329328065204e+00
9.692736346133482783e+00,5.243476851997814769e+00
4.184717325455350689e+00,9.551594832098661669e+00
4.221420966091215199e+00,9.521532695939061597e+00
4.239947661439265048e+00,9.506652027688703654e+00
4.194036849672417411e+00,9.543835522304657815e+00
4.375905078124399772e+00,9.400858605407249158e+00
4.375203026323504218e+00,9.401389915006697962e+00
4.328935314717265115e+00,9.436864001726879891e+00
4.408116405330803289e+00,9.376373593184505140e+00
4.188258711598202844e+00,9.548550065492120709e+00
4.254801400194880401e+00,9.494770701241655786e+00
4.197897384492963901e+00,9.540595702191156491e+00
4.332083664238925991e+00,9.434412288683068581e+00
4.236484498955848998e+00,9.509336309908624330e+00
4.208570833217411433e+00,9.531822961986160081e+00
4.284209160467004729e+00,9.471564381181771353e+00
4.295076772554335953e+00,9.463071707711277369e+00
4.379920720461029759e+00,9.397734903221909519e+00
4.248709720166194082e+00,9.499553647849712235e+00
4.379533791111216878e+00,9.398026921915640486e+00
4.291880155039830669e+00,9.465558689614059773e+00
4.280243738909057960e+00,9.474661360364082796e+00
4.281131386826336538e+00,9.473959129784910616e+00
4.207744625089071100e+00,9.532466597863040292e+00
4.233412796357260532e+00,9.511741242398313645e+00
4.247875436192924958e+00,9.500197782291975201e+00
4.284621116305028288e+00,9.471217853651468843e+00
4.391914808336575327e+00,9.388594103749948516e+00
4.353829359606572247e+00,9.417647442325396412e+00
9.700191126431834121e+00,5.235910808344722334e+00
4.206804049703626980e+00,9.533223640697439549e+00
4.278086956792698459e+00,9.476333774612950123e+00
4.186166170743418569e+00,9.550180810003110921e+00
4.194869645545653114e+00,9.542989598535434936e+00
4.302096089910649290e+00,9.457560403799261550e+00
4.401910366364732319e+00,9.380987775471936629e+00
9.672932244258923618e+00,5.263150728235075348e+00
4.304089448547362196e+00,9.456001018658898971e+00
4.268068638677783966e+00,9.484177439771320550e+00
4.311593365865840966e+00,9.450154841198969535e+00
4.314278763960234464e+00,9.448071464995694058e+00
4.428512278198629915e+00,9.360855125137350186e+00
4.230023849945555803e+00,9.514383021706882104e+00
4.228697255893504092e+00,9.515444541751302054e+00
9.697118631459121119e+00,5.238938329446574116e+00
4.212146619626365052e+00,9.528768928497537871e+00
4.264153565322220452e+00,9.487192978277443345e+00
4.421104277382877257e+00,9.366402102156081710e+00
4.318638193282834159e+00,9.444621685318708160e+00
4.226108792834175176e+00,9.517434225607692255e+00
9.678655189372902257e+00,5.257330824642984624e+00
4.224414495826147586e+00,9.518769119155782832e+00
9.711300883707014719e+00,5.224680249143508703e+00
4.386214846410748436e+00,9.392785859711649366e+00
4.407798562307466916e+00,9.376400096525527417e+00
4.365686891739569475e+00,9.408411219992791175e+00
9.696695438830555958e+00,5.239268057998485162e+00
9.689351508516709899e+00,5.246606079342766016e+00
9.686246626150225580e+00,5.249697974147983004e+00
9.679935512599403324e+00,5.256007598023137994e+00
4.188281305274269783e+00,9.548125277987466575e+00
6.799083155761918462e+00,7.509533157701323347e+00
8.671330456324858105e+00,6.046811148668376212e+00
9.435070150870449979e+00,5.450108101373236202e+00
7.601139522816197314e+00,6.882912493562217904e+00
4.467602076951584955e+00,9.331090382853783893e+00
6.807863285393799480e+00,7.502664646615870403e+00
8.302346650388034988e+00,6.335069624569708679e+00
7.337846494771520511e+00,7.088601581691659881e+00
9.000776539070603377e+00,5.789396828602435541e+00
5.974492183355189390e+00,8.153759147461553169e+00
6.275570561239469214e+00,7.918572541316550861e+00
7.605857425819099404e+00,6.879240132499135463e+00
7.325871025034373041e+00,7.097994032767960704e+00
9.378796483887597901e+00,5.494047341706171039e+00
6.711056605589311275e+00,7.578308966049813300e+00
6.260489100705726173e+00,7.930321328333824304e+00
8.436780007088401589e+00,6.230027961893259025e+00
9.274213062387598683e+00,5.575766715947541030e+00
6.888919151695530374e+00,7.439333070316934027e+00
7.443842806205770657e+00,7.005797004532317018e+00
5.500855308139493971e+00,8.523803941410792007e+00
4.421384766832208157e+00,9.367204495103335304e+00
8.666256862807966144e+00,6.050748164401224649e+00
5.399390364721665669e+00,8.603106748298724682e+00
5.987462015693081341e+00,8.143663303429418576e+00
4.757083956024938054e+00,9.104914613732988826e+00
6.914248831989757704e+00,7.419563505492336120e+00
6.622346418524157841e+00,7.647643402511816291e+00
4.975053406098688846e+00,8.934615056185259974e+00
6.343922830727678708e+00,7.865143557010199515e+00
6.931704178449720644e+00,7.405915676665701497e+00
9.224855880908208405e+00,5.614318545464815458e+00
4.954616926328995419e+00,8.950578651240013173e+00
7.364764407997464346e+00,7.067592620525368297e+00
6.845880365763340691e+00,7.473000675157192241e+00
8.938554072624929958e+00,5.838019247058761962e+00
6.715202417412918123e+00,7.575066855183280268e+00
6.334158751384730834e+00,7.872776850536084225e+00
5.289296276326844293e+00,8.689093846746146710e+00
5.373979838134273379e+00,8.622945731566627359e+00
7.588238183011853266e+00,6.893004542610036367e+00
4.363447654004550813e+00,9.412439824070961691e+00
7.872033548088299248e+00,6.671274617869400458e+00
4.897863063564718900e+00,8.994931473274089484e+00
6.919882350265385007e+00,7.415144523340918781e+00
5.692824670414153410e+00,8.373833654590658426e+00
8.006354337896228301e+00,6.566342184889069067e+00
7.360693003526803224e+00,7.070754254668616845e+00
5.051281152552394182e+00,8.875047960336093666e+00
7.944281865809172061e+00,6.614819994637283429e+00
7.789680293292423841e+00,6.735609567667990127e+00
6.169990216599319233e+00,8.001044641869548002e+00
8.593199539374889895e+00,6.107834992075847680e+00
8.627880300446904016e+00,6.080733701767237598e+00
5.505803517015273485e+00,8.519948054412285643e+00
7.090211663395912467e+00,7.282109900527474977e+00
8.137373027138254500e+00,6.463963039579357250e+00
8.218183900735375857e+00,6.400845042236467997e+00
9.490986792510353709e+00,5.406402693020838868e+00
8.699964011191614333e+00,6.024408204981999582e+00
7.865798639082096422e+00,6.676119277044092470e+00
8.340033025343203121e+00,6.305631521561285702e+00
6.497932233593701312e+00,7.744837922169726774e+00
8.811600701169881589e+00,5.937195847631071111e+00
9.378618027177495264e+00,5.494194186833039950e+00
5.477811921774691228e+00,8.541822859548426905e+00
7.503388110104316056e+00,6.959298022943135820e+00
7.252463101119213107e+00,7.155340867171620545e+00
4.924484256309945351e+00,8.974145041145030532e+00
8.572388228693444745e+00,6.124091289816885109e+00
6.922078715356832390e+00,7.413445034781809717e+00
4.253378082074640965e+00,9.498467252455547793e+00
8.071813588249082017e+00,6.515180705227026081e+00
5.506625283656918057e+00,8.519330848806946577e+00
5.139429943769739495e+00,8.806212568869742796e+00
5.136532502665596134e+00,8.808438387917522761e+00
6.418101749208581452e+00,7.807206319809167461e+00
5.128215130237782304e+00,8.814971188291391258e+00
5.798058467389603621e+00,8.291616173842152548e+00
5.421162455374165745e+00,8.586098388977587703e+00
6.943403127278870990e+00,7.396779553022823528e+00
6.482423491253959114e+00,7.756930574678372103e+00
9.667237708977669541e+00,5.268726758762180218e+00
6.548078504932443700e+00,7.705665430393747961e+00
8.433520126443710296e+00,6.232568717033028172e+00
7.801629795440197412e+00,6.726251250773917612e+00
8.063842586908291921e+00,6.521410215742919902e+00
8.793087850288419105e+00,5.951683923516045915e+00
5.777757018968552316e+00,8.307484036381726611e+00
4.742272573062722429e+00,9.116465101319418451e+00
6.256492760728718849e+00,7.933473073054769564e+00
8.020919269849903444e+00,6.554952961725127203e+00
7.990557647073091907e+00,6.578684765844490911e+00
5.021208293506023601e+00,8.898542211942908509e+00
4.869180863117748004e+00,9.017316641144512701e+00
5.928447120196844722e+00,8.189731816433550193e+00
5.141566706768164963e+00,8.804533841885321621e+00
7.932944854646402533e+00,6.623692495693314086e+00
8.911217554921190498e+00,5.859359767561868715e+00
4.692817005988499268e+00,9.155133321995727158e+00
8.808456709053331224e+00,5.939658836488701965e+00
7.012900287878533589e+00,7.342511660539104312e+00
8.402784104022579470e+00,6.256600387560197873e+00
5.988362978937992409e+00,8.142936877578019761e+00
4.984411965415040058e+00,8.927296013082299808e+00
8.099609861984893300e+00,6.493484624609831890e+00
9.697900765368915543e+00,5.244748014799071711e+00
4.309331481383352980e+00,9.454749685014135707e+00
9.463037034252643309e+00,5.428253795374705426e+00
5.301682193433117973e+00,8.679439862003354378e+00
8.514426953609765647e+00,6.169385914711290830e+00
9.632915110271643044e+00,5.295526102736146434e+00
8.999498278500979609e+00,5.790420760813224987e+00
5.835778943016188158e+00,8.262169811330318581e+00
5.796089424284504688e+00,8.293144983311595553e+00
8.511650979114161686e+00,6.171544940481873631e+00
9.560689168216118361e+00,5.351954143605952119e+00
6.072857521683507009e+00,8.076918492183533971e+00
8.473306727923402448e+00,6.201515186250044387e+00
8.280551191692943291e+00,6.352080038089662928e+00
8.773352081876288011e+00,5.967075263514113992e+00
9.263114314545280337e+00,5.584462788161675739e+00
7.969929333074507127e+00,6.594796359611648562e+00
8.074154458051829408e+00,6.513373919206017604e+00
8.996108080718787647e+00,5.793042352150177265e+00
7.951882913481112425e+00,6.608860987656067998e+00
7.476220268364862420e+00,6.980499194159275334e+00
4.960780818048081464e+00,8.945757924601009492e+00
8.602921432526517975e+00,6.100247531206776763e+00
5.520314106762940654e+00,8.508635489386358941e+00
5.695849438893373140e+00,8.371471706059161022e+00
9.332651851968051915e+00,5.530119842687185816e+00
8.674777336300790509e+00,6.044083330163172896e+00
5.633717813324333079e+00,8.420010776564287980e+00
5.133532408753802123e+00,8.810793951288191650e+00
4.647862951829994316e+00,9.190264815880235361e+00
5.737557407017726874e+00,8.338887084979148767e+00
7.534365480131841153e+00,6.935089409666551852e+00
5.999514060743434740e+00,8.134220995823023159e+00
9.311221032462395186e+00,5.546847043257948862e+00
4.425635033648569916e+00,9.363850957164535416e+00
9.111551817628672723e+00,5.702854586796931358e+00
5.169010059262029166e+00,8.783101351772321763e+00
8.888240973387897981e+00,5.877305483084661830e+00
4.601300695379451966e+00,9.226644183235666929e+00
5.057701171529402018e+00,8.870068827126923239e+00
6.780673693086180620e+00,7.523927835251833507e+00
8.823707378511880250e+00,5.927735090116438066e+00
5.519208327036462691e+00,8.509476208731904023e+00
5.239458602611414939e+00,8.728059067128034698e+00
5.730766195994828394e+00,8.344205466140573790e+00
7.800582848024407490e+00,6.727075446327089203e+00
8.641738430019163530e+00,6.069892272327491511e+00
4.318511971985714126e+00,9.447560224125526318e+00
5.597565689254631494e+00,8.448242923327091702e+00
4.892531785102026909e+00,8.999093069515774701e+00
7.335119332156143201e+00,7.090737340615548945e+00
5.679476520770355918e+00,8.384262170922863078e+00
9.334792203940565969e+00,5.528426703853724256e+00
8.584076573401240751e+00,6.114946822124268877e+00
5.054632805376139792e+00,8.872433400574475826e+00
9.055298680564636271e+00,5.746815217324318326e+00
6.169136797137876549e+00,8.001695420165889416e+00
5.237835946606188564e+00,8.729323919415957533e+00
6.410151585391666629e+00,7.813403092608936618e+00
5.310467419449444115e+00,8.672569122129234032e+00
4.729314538839139104e+00,9.126610962571986008e+00
5.370539021461175011e+00,8.625634201051285643e+00
6.285548256679852841e+00,7.910757476030682689e+00
4.691089056489006204e+00,9.156482815518330654e+00
8.330453253853562501e+00,6.313096119406305107e+00
8.075628299326041315e+00,6.512202990840848749e+00
9.007551825745995444e+00,5.784121912600223681e+00
9.216972577288672142e+00,5.620497151161951699e+00
7.010241551575496999e+00,7.344558488911324901e+00
8.191560301176854964e+00,6.421644970358634907e+00
8.691069102808270941e+00,6.031359419031024238e+00
8.009257937683948114e+00,6.564034932953959789e+00
4.302225934923102457e+00,9.460285283211305796e+00
7.372347091159042520e+00,7.061657165120524660e+00
7.681129978589339657e+00,6.820430822523738890e+00
9.498774509744439598e+00,5.400307659073590116e+00
5.413783065473833034e+00,8.591856716390394055e+00
5.184449303259834885e+00,8.771034177313101310e+00
5.747751597328156770e+00,8.330927317603574522e+00
7.173143711580486581e+00,7.217278341924928675e+00
5.815392107732561655e+00,8.278063580561360268e+00
7.895611232133715518e+00,6.652860204957708135e+00
6.600067762126355930e+00,7.665021191454222560e+00
6.647157606661036056e+00,7.628225902632256528e+00
5.270237114197401596e+00,8.703982700491115665e+00
4.487281545654012049e+00,9.315716653564173555e+00
9.352728801503729983e+00,5.514450803275758872e+00
4.322827568960271094e+00,9.444194724817386088e+00
5.322869787318852630e+00,8.662886947722400421e+00
7.810304920322217015e+00,6.719498948327245813e+00
6.117552207549043608e+00,8.042002398610289760e+00
7.233088348046200267e+00,7.170472008848646439e+00
8.385265865392128148e+00,6.270281211836413071e+00
8.260248596790141562e+00,6.367950621717119120e+00
5.803731371887427493e+00,8.287187770327619774e+00
5.592330585908399598e+00,8.452365926239339800e+00
6.621823231877255189e+00,7.648012716102874364e+00
4.691021439221476186e+00,9.156524446664489503e+00
5.921231719750510436e+00,8.195374460306554809e+00
8.924749888994428559e+00,5.848808315171300620e+00
6.064226148394064708e+00,8.083682061904982064e+00
5.724027340036231593e+00,8.349444258465810620e+00
5.651732690329446029e+00,8.405962959159023029e+00
4.870422169461745554e+00,9.016362527124314852e+00
7.862015479361190273e+00,6.679092243142712881e+00
9.615775756701811616e+00,5.308920532364250988e+00
5.183225177928175498e+00,8.771982475696209036e+00
5.878927534134825272e+00,8.228428502815537726e+00
7.033014432753859957e+00,7.326794844015863895e+00
6.320485862305224245e+00,7.883448508967652479e+00
6.438805671443464718e+00,7.791032587250303898e+00
4.235388461296834883e+00,9.512483608365542409e+00
6.650495850982183654e+00,7.625629941941389767e+00
8.398844412498439382e+00,6.259676462896346827e+00
8.740039753584202487e+00,5.993132202062996683e+00
7.296440669402175061e+00,7.120952639307051690e+00
8.033016764890907879e+00,6.545509477633852491e+00
5.802358128796628378e+00,8.288275520781359873e+00
4.232252166192396636e+00,9.514945439436134578e+00
6.930427826289175641e+00,7.406919266685658698e+00
9.020455007544697423e+00,5.774009366084181138e+00
7.219739747364428695e+00,7.180884395758620364e+00
8.885412645841888946e+00,5.879544753015367498e+00
6.209161161716510335e+00,7.970436450781401838e+00
7.100744938118429772e+00,7.273876950952632647e+00
7.978907616405610526e+00,6.587755929031473556e+00
5.474871352757848086e+00,8.544138208630579712e+00
8.729048883674632719e+00,6.001716543086141442e+00
7.016954022840931060e+00,7.339319301730127698e+00
9.558358486873572701e+00,5.353771700247452969e+00
8.460280785763536926e+00,6.211675565592887693e+00
5.567640449220569110e+00,8.471626855682647061e+00
7.720681168279740270e+00,6.789523163571904441e+00
6.185423697158551448e+00,7.988994955698971445e+00
8.681162282101071881e+00,6.039104142494847061e+00
7.026547483083605883e+00,7.331831346637981639e+00
5.594881401886333983e+00,8.450366387183562367e+00
7.919396296936209723e+00,6.634274195122676687e+00
5.781835326425822430e+00,8.304310439672182298e+00
8.698997316142881076e+00,6.025165084913020053e+00
8.393987973654709833e+00,6.263455128964357854e+00
8.560789761373694517e+00,6.133151641879791782e+00
9.074683648069004960e+00,5.731670861537423001e+00
7.199624389520666412e+00,7.196585575092268705e+00
5.563564686812073390e+00,8.474836888219545727e+00
4.491667097507309414e+00,9.312279807123399422e+00
5.290227539694289938e+00,8.688361640511363504e+00
7.250315942311162054e+00,7.157014100011384272e+00
4.505469391198410278e+00,9.301511013456284616e+00
9.065259982011177442e+00,5.739008312933714606e+00
8.213877462779468175e+00,6.404190167506118136e+00
8.182133040509812716e+00,6.429000491039938758e+00
5.565249320252684484e+00,8.473493155429611789e+00
7.001369115735815996e+00,7.351516457425840478e+00
9.130007395095322664e+00,5.688449878578147434e+00
8.887799715588291960e+00,5.877678493986687513e+00
9.224780872764103634e+00,5.614389190517544925e+00
5.294662945557572442e+00,8.684895148179338165e+00
5.114750206477444827e+00,8.825457448478626787e+00
6.094544006671327452e+00,8.059969460803596775e+00
8.906761154074313680e+00,5.862853603265153701e+00
9.487242669167025966e+00,5.409357306089782824e+00
5.241788242374830986e+00,8.726222784750545358e+00
5.618409734872567007e+00,8.431995715668424651e+00
7.590558868797625536e+00,6.891162559289790934e+00
5.002736064565967311e+00,8.912974018254818276e+00
7.277059503877783442e+00,7.136123028903242904e+00
4.425396939782029193e+00,9.364043815950175542e+00
4.853726523624750655e+00,9.029406809866589612e+00
7.309796241033012620e+00,7.110541752917550085e+00
6.498669394101378671e+00,7.744227212309406916e+00
9.683778794028082615e+00,5.255773857421861983e+00
8.687405003095904021e+00,6.034236909248557268e+00
6.711915635294697147e+00,7.577645191986580819e+00
4.187539040486995212e+00,9.549879579033687449e+00
8.888290741478684254e+00,5.877279367727368253e+00
8.102633587923145697e+00,6.491120160845253118e+00
4.437867681123170982e+00,9.354295785603419233e+00
7.088901365323094339e+00,7.283091759995088843e+00
8.710665564115522841e+00,6.016045682705756015e+00
7.936318718520445792e+00,6.621060777777934447e+00
6.408830043127865750e+00,7.814425668623222521e+00
4.811091400594992962e+00,9.062708406434055064e+00
9.142486118919322280e+00,5.678706307130314102e+00
4.630575913629818352e+00,9.203765561632080150e+00
4.281627822956122209e+00,9.476379829056622128e+00
7.073042374675415189e+00,7.295482944231956424e+00
9.707009005524177780e+00,5.237618898829500935e+00
6.162926285345546873e+00,8.006545505691111231e+00
9.008227290036479928e+00,5.783583301727073689e+00
7.852661957883712240e+00,6.686417947345765889e+00
6.037529704249113394e+00,8.104533492371063019e+00
5.938097464152542138e+00,8.182213057641229526e+00
6.358510982772902054e+00,7.853744440401635885e+00
8.715502223827400030e+00,6.012263863963688060e+00
4.277467530415991703e+00,9.479620755323097114e+00
8.669510799302400983e+00,6.048232199157788536e+00
5.145763297094894106e+00,8.801268221818700610e+00
9.655399018087045704e+00,5.277980564627067217e+00
7.744954284075532769e+00,6.770555624524175364e+00
4.605358057654928672e+00,9.223472919742476961e+00
6.173475120287172935e+00,7.998296912736805098e+00
4.322811907877206039e+00,9.444219180497565702e+00
8.801212353642881681e+00,5.945302317614734378e+00
9.673113892840639494e+00,5.264107780467740305e+00
6.949825918179007189e+00,7.391789414911828615e+00
7.621845601665594216e+00,6.866747172551534995e+00
5.463692327391074244e+00,8.552870998525516910e+00
8.271714509834286133e+00,6.359015852999073459e+00
4.377176777031530186e+00,9.401711013711089748e+00
5.472180287809039534e+00,8.546211743714456688e+00
4.457745467668035033e+00,9.338782773804449988e+00
6.175029395396998133e+00,7.997092610925463418e+00
6.129581271608758541e+00,8.032624169110301082e+00
6.513216949952093771e+00,7.732874172231949395e+00
8.353733518387635115e+00,6.294929096549489067e+00
9.543623068808180676e+00,5.365272434725381068e+00
7.281747511252507188e+00,7.132438229607525493e+00
8.365144153556341777e+00,6.286004161721405303e+00
6.069264195897906333e+00,8.079749921416745195e+00
9.605874346136431541e+00,5.316659112236656881e+00
6.815193389343522590e+00,7.496949117449169364e+00
6.449248209141382304e+00,7.782861096469834372e+00
8.437236865144047471e+00,6.229684842811493262e+00
8.380130754388428471e+00,6.274319334627266542e+00
5.080691807773079383e+00,8.852068055627267285e+00
5.709259159224091995e+00,8.361018563926737812e+00
6.035747835024499963e+00,8.105940391728754690e+00
4.520850111465427368e+00,9.289494850570941153e+00
6.471077776362700540e+00,7.765813244375761037e+00
5.948722615927493962e+00,8.173902422923113420e+00
9.486742992924662943e+00,5.409718261589282484e+00
6.536997861798996112e+00,7.714282940709092706e+00
7.216475575944976129e+00,7.183439353216651391e+00
7.200921976284356596e+00,7.195589976408636623e+00
4.321565067684796979e+00,9.445162102087079958e+00
6.803822919793400814e+00,7.505818315843645117e+00
4.453296147484971712e+00,9.342268533597229307e+00
5.242534174608792341e+00,8.725650974933527593e+00
7.978083289749831941e+00,6.588428738353798053e+00
9.519461455100810099e+00,5.384155668913741088e+00
6.848425969991255968e+00,7.470983673796787627e+00
8.916215255796224426e+00,5.855484403912969427e+00
7.625028768516359357e+00,6.864238839760803401e+00
6.340433474305060102e+00,7.867857379947945873e+00
7.990076378505407639e+00,6.579039915581551767e+00
8.153258861944184588e+00,6.451530276566459499e+00
5.678295012299705569e+00,8.385182867132240148e+00
8.960956715822362639e+00,5.820497170241740292e+00
7.775953902695846409e+00,6.746349801266016577e+00
6.901592561522960523e+00,7.429445043271520888e+00
4.823960368126910758e+00,9.052659007981759487e+00
4.479475175483589311e+00,9.321810744167503771e+00
7.858408657973043887e+00,6.681922633972294356e+00
9.001953718279890992e+00,5.788489048779100976e+00
8.017849009676083938e+00,6.557342027789806238e+00
9.087166171673946025e+00,5.721887281984471940e+00
6.215166091082897637e+00,7.965765395121211512e+00
6.227633368644793777e+00,7.956009222967621142e+00
6.695971384430110973e+00,7.590100953838804010e+00
7.122375052329962486e+00,7.256954389369403735e+00
7.367543479832017184e+00,7.065405928317067819e+00
8.049924263155300963e+00,6.532272131992469255e+00
6.777183793422979718e+00,7.526640768702034023e+00
5.058658173063555807e+00,8.869288158703513503e+00
5.368913425763597758e+00,8.626925639734464468e+00
4.452504501199332942e+00,9.342864117983271655e+00
8.540905355908963159e+00,6.148700429961956537e+00
6.451426793991887010e+00,7.781178140839897672e+00
7.954363537608507784e+00,6.606927060056356993e+00
8.875636409076159694e+00,5.887168032975728771e+00
9.495921669900106110e+00,5.402559738400695366e+00
5.378668013162198669e+00,8.619288135420475783e+00
4.581425781807417330e+00,9.242170298511833693e+00
5.247119188496172981e+00,8.722047817476596521e+00
9.451998874247372839e+00,5.436879702950286664e+00
8.065269155769325238e+00,6.520288098928347154e+00
4.266305865118456886e+00,9.488334598198587599e+00
5.037797930504162913e+00,8.885616188225519352e+00
4.744685738770612282e+00,9.114602452767675445e+00
7.900585983067387019e+00,6.648972561468626807e+00
6.945321013474248240e+00,7.395309887354112099e+00
5.354508770404249773e+00,8.638172929716771975e+00
5.281418838395405047e+00,8.695279360298018290e+00
8.370888537159896003e+00,6.281506259368241807e+00
5.296447379958850732e+00,8.683530486824821537e+00
8.500240695833102933e+00,6.180455805918964707e+00
8.965793888904396880e+00,5.816734830909077836e+00
8.788333674903512360e+00,5.955368189271211143e+00
7.566202637336937542e+00,6.910197551018923079e+00
5.122749566859765125e+00,8.819231719701210892e+00
8.203643028280517058e+00,6.412193381374631684e+00
8.284135057072447239e+00,6.349282053634537348e+00
9.371579644662251241e+00,5.499691872789931324e+00
6.853544830777925867e+00,7.466990006154638593e+00
7.544774298765933196e+00,6.926956600653324081e+00
7.197070236963080347e+00,7.198587574272698575e+00
7.318889930266026411e+00,7.103415877583358906e+00
7.688957591966396166e+00,6.814312559187018614e+00
6.088519340459915163e+00,8.064670045851949354e+00
8.693273797342467191e+00,6.029648326859593510e+00
5.572761659838700865e+00,8.467632648025709585e+00
6.477086964653661738e+00,7.761098679130396860e+00
5.700810203572915569e+00,8.367594088358876192e+00
9.560127578573339946e+00,5.352390159006461090e+00
9.591272627826899821e+00,5.328062793738584269e+00
9.374232878425559079e+00,5.497626315184976242e+00
5.138366294489785879e+00,8.807047314712406205e+00
6.384143047400831605e+00,7.833706340294438242e+00
4.526165107036284496e+00,9.285323033500583634e+00
4.333480249744689594e+00,9.435848823906063387e+00
7.740997814423029588e+00,6.773650331151293003e+00
6.728356275708875955e+00,7.564782338292896036e+00
7.289396379655607383e+00,7.126468851671933002e+00
5.454891090662185249e+00,8.559715498073286355e+00
4.511877367943326611e+00,9.296467922416175256e+00
9.287738233484466477e+00,5.565199056909044373e+00
6.308982570685296665e+00,7.892446898289321666e+00
9.292170532963361040e+00,5.561759665766818017e+00
5.508976967218484511e+00,8.517464157833522620e+00
5.025638636551757799e+00,8.895110339215737127e+00
5.942146338905294201e+00,8.179045110717710898e+00
8.711405507619890187e+00,6.015499410164941274e+00
8.171160115875849783e+00,6.437578275263649452e+00
6.270425455726353903e+00,7.922572097167019933e+00
7.344530837180164085e+00,7.083402078716891204e+00
6.586394070043846583e+00,7.675694502286846799e+00
5.851683548451746653e+00,8.249740743905460860e+00
6.735356296271245213e+00,7.559348723870320086e+00
4.823979547393241418e+00,9.052669058743795460e+00
7.001194013924537884e+00,7.351635332901329534e+00
6.301545620107480872e+00,7.898273449575105687e+00
8.596052435122226498e+00,6.105621463548255967e+00
5.631388003305934475e+00,8.421857555698588627e+00
4.654995349857934173e+00,9.184681128906754921e+00
7.996706519250893486e+00,6.573862210530833750e+00
5.751761862939835268e+00,8.327800995720195942e+00
8.180357728318522703e+00,6.430382948540351862e+00
9.179252491533716807e+00,5.649973932090286866e+00
4.259037130295921791e+00,9.494022710743097448e+00
5.876290098263709183e+00,8.230496598226324068e+00
8.204848780207601777e+00,6.411244296470876236e+00
7.706071551698344457e+00,6.800919490208141127e+00
7.277934785169639653e+00,7.135413059770514543e+00
9.167346507327772898e+00,5.659254986743358806e+00
9.429984124053845562e+00,5.454073488990183627e+00
9.707555110800495157e+00,5.237218153676171717e+00
5.650963946666807125e+00,8.406561601318635724e+00
4.469445531684764994e+00,9.329625039624261262e+00
7.047032613547029811e+00,7.315812860337711498e+00
8.998470440810429238e+00,5.791189375010548090e+00
6.832847055792928614e+00,7.483147214004838510e+00
6.478528995968352078e+00,7.759971775660526205e+00
5.094744858895702500e+00,8.841114942604109572e+00
8.566093042555429804e+00,6.129028220627135148e+00
7.505858640414938776e+00,6.957354683847770005e+00
8.215187920136347799e+00,6.403152593874892773e+00
4.677876348379004234e+00,9.166812035742699649e+00
8.245253897708909818e+00,6.379673227602919106e+00
6.344013215721939325e+00,7.865074669028897070e+00
7.282457860067719224e+00,7.131875731626631243e+00
8.968855162972944939e+00,5.814360525585776429e+00
4.952897247240451328e+00,8.951943658317807362e+00
5.213045815976213859e+00,8.748679054321447879e+00
8.161142563874978606e+00,6.445394446543780020e+00
4.201929766111116571e+00,9.538629420863301789e+00
8.466512803432372891e+00,6.206801990353497445e+00
8.825260069003057595e+00,5.926520055566970591e+00
7.280436158646573119e+00,7.133487578673102014e+00
7.737792234937451497e+00,6.776161088126087861e+00
8.176651789904612500e+00,6.433289385344242994e+00
5.719880690253578592e+00,8.352700651524109787e+00
6.256196185710106050e+00,7.933673598314498143e+00
4.544032085455061321e+00,9.271368918073882526e+00
6.344426810633519764e+00,7.864737487343075983e+00
9.569962930103178778e+00,5.344709005930471157e+00
7.006197413398120410e+00,7.347712286068222909e+00
8.305005348042040936e+00,6.333003807794899132e+00
4.486770744880158368e+00,9.316090700994850593e+00
6.131024927140504843e+00,8.031461643403931205e+00
4.701483522000028614e+00,9.148358328094911229e+00
8.795272874139026698e+00,5.949948739283724031e+00
8.843983757735900397e+00,5.911885893130489400e+00
6.612799774655307772e+00,7.655097098995190308e+00
6.846037217244000495e+00,7.472867559194955156e+00
5.263461811937846235e+00,8.709311144713085540e+00
9.165439720067057650e+00,5.660741842342063457e+00
9.408037369545787953e+00,5.471214805050878205e+00
5.447727023844643135e+00,8.565310865431252196e+00
7.526187416064264113e+00,6.941486038726236707e+00
8.749190754922537394e+00,5.985955415141607006e+00
9.250569453628518346e+00,5.594237776075410729e+00
5.099185420858905360e+00,8.837625040528880760e+00
7.087852312662421994e+00,7.283917693769740964e+00
6.802242355730509615e+00,7.507086839624860453e+00
9.584594693548453392e+00,5.333272371632236108e+00
7.580801945344719961e+00,6.898794519571075590e+00
5.262841411099414834e+00,8.709778124986090830e+00
7.851377440684988329e+00,6.687418414114740806e+00
4.663288858367483414e+00,9.178211627349877944e+00
6.242373638545689829e+00,7.944494104998808481e+00
5.060336642494077886e+00,8.868001137061558126e+00
9.406619673374269297e+00,5.472318617106599170e+00
5.508380402202700310e+00,8.517962287255233633e+00
4.657562686989498602e+00,9.182681469700229471e+00
7.471298003560667311e+00,6.984354700953069539e+00
4.721450688934469397e+00,9.132767847451169985e+00
9.560732592024226761e+00,5.351913408525163618e+00
8.527430513315348293e+00,6.159229277975447836e+00
6.305619877686877928e+00,7.895092086960553424e+00
5.934970160329884337e+00,8.184664211321871718e+00
5.825699281686603115e+00,8.270040630529930326e+00
4.788213702949651207e+00,9.080592419274525540e+00
4.388904023381812181e+00,9.392548419577432028e+00
5.204499122422215684e+00,8.755340915982049665e+00
5.978822490830451919e+00,8.150396354460850645e+00
6.725497557762072809e+00,7.567044348301060097e+00
5.147861225560953713e+00,8.799595854639997938e+00
5.681313738291271953e+00,8.382851005265143485e+00
9.418814269365160641e+00,5.462787979294013496e+00
7.063750356076301529e+00,7.302773817101090081e+00
5.025114718878501918e+00,8.895507701385810151e+00
7.339240314223276052e+00,7.087525001583871109e+00
9.459417374348817020e+00,5.431065586502170639e+00
5.972561242805921822e+00,8.155270553283173740e+00
8.889882619617409887e+00,5.876036204050005374e+00
6.493557077357761997e+00,7.748241485733818656e+00
4.239218417830851848e+00,9.509498436482141770e+00
5.486386286753292651e+00,8.535125166921348594e+00
5.324013812500495213e+00,8.662003394382107757e+00
7.166625038982717300e+00,7.222403669214900290e+00
6.187417997264832437e+00,7.987423128326408772e+00
7.743812705661262896e+00,6.771430422015608741e+00
4.557882025545114679e+00,9.260548201072426266e+00
4.871622929473655716e+00,9.015439387058684417e+00
8.108269839422879599e+00,6.486698332276077394e+00
5.011064443879489794e+00,8.906487463435089680e+00
6.232215896334222904e+00,7.952428574737363753e+00
5.647464168419377373e+00,8.409279223214523924e+00
6.383686661179892141e+00,7.834095139667236474e+00
6.038572579026273424e+00,8.103714500230585926e+00
5.088540625811457829e+00,8.845941436290056359e+00
5.234862303328482902e+00,8.731650038130709390e+00
9.551568572998528239e+00,5.359064670921179996e+00
6.968553265419149767e+00,7.377118667543909325e+00
5.046318122432291275e+00,8.878941826342776622e+00
4.290211750788753164e+00,9.469671098999402403e+00
6.719759218759246977e+00,7.571516907235027460e+00
7.450431654223978128e+00,7.000648402034519435e+00
5.151994784309698261e+00,8.796397166687492941e+00
7.285377564230179459e+00,7.129618613777920721e+00
4.701133114607340069e+00,9.148636925105945394e+00
8.187403180637595312e+00,6.424873200101260728e+00
6.179732799024499457e+00,7.993406842151659752e+00
8.554323851298782699e+00,6.138210025474154286e+00
7.883588049214662163e+00,6.662229630206928377e+00
6.650222661944328095e+00,7.625841046567832571e+00
8.710442398433706046e+00,6.016220073090237541e+00
4.222026672414487258e+00,9.522951000951806577e+00
9.483708125602184680e+00,5.412109049405681382e+00
9.063714335812436573e+00,5.740231367860449296e+00
4.821369462491126079e+00,9.054686200210133151e+00
5.651102127459438407e+00,8.406451875374381544e+00
6.904990834931910015e+00,7.426784926960936950e+00
9.122742884815114195e+00,5.694133440362043608e+00
7.533658737744374889e+00,6.935611220556642031e+00
6.037122789693267322e+00,8.104867348199361388e+00
5.097996257129295827e+00,8.838550791375739735e+00
9.663371463284541107e+00,5.271715815883537104e+00
8.883353272556124836e+00,5.881123201020721503e+00
9.486974725101086747e+00,5.409528750082874815e+00
4.602755662035844963e+00,9.225468662461354441e+00
7.619292747992510328e+00,6.868707269290169393e+00
5.301294998184481244e+00,8.679733177943443678e+00
8.793266660835049819e+00,5.951529384112244969e+00
7.422077094861039726e+00,7.022828990794453219e+00
8.641430118439046737e+00,6.070147026792536593e+00
9.654669218974140321e+00,5.278544049621177514e+00
9.238118913070534788e+00,5.603957802257598431e+00
9.136308773516379489e+00,5.683512196416940832e+00
9.679753068165579677e+00,5.258914208858080030e+00
6.043518276489242780e+00,8.099864231495821798e+00
4.605695390183976556e+00,9.223197786505220819e+00
7.755316217234703657e+00,6.762445998550684401e+00
6.257966320052636533e+00,7.932304701483153586e+00
4.650512474407388019e+00,9.188176771725689918e+00
7.864194374252358344e+00,6.677392948455769250e+00
5.979245151501340949e+00,8.150078914153631615e+00
8.349110108743325043e+00,6.298529819057690382e+00
4.868961201630902735e+00,9.017524710764336149e+00
6.556575029142019062e+00,7.698998905020967065e+00
6.546877894310851431e+00,7.706597017969423646e+00
8.614156032290356535e+00,6.091451596043415684e+00
4.215182060999859814e+00,9.528270051841184696e+00
6.320085261021598733e+00,7.883791067781799278e+00
5.968968849601441917e+00,8.158074088550995029e+00
7.419912207028236395e+00,7.024513089703677160e+00
8.217446191765354513e+00,6.401418490469321654e+00
8.045869566749413337e+00,6.535443431356396715e+00
8.543035560732207045e+00,6.147030125993973471e+00
7.980008266327156541e+00,6.586887143402679889e+00
9.626331596104911625e+00,5.300674796603696670e+00
8.836922667973709622e+00,5.917410293061069027e+00
5.555005797762055941e+00,8.481509967562717023e+00
6.277424817276733293e+00,7.917087614643173232e+00
7.120478347161354193e+00,7.258436428619746472e+00
5.145142402839708140e+00,8.801736477328006458e+00
5.031757233726775524e+00,8.890331683517384675e+00
4.731412086418769647e+00,9.124950563321416297e+00
6.013947406514074778e+00,8.122968021223650581e+00
8.877274494164250740e+00,5.885909660649987885e+00
9.511548685067886311e+00,5.390346798088881286e+00
4.324059469559451863e+00,9.443243313950448581e+00
8.874221668134541829e+00,5.888287927831548529e+00
4.701959983045875369e+00,9.147973519378821194e+00
6.467655725862277549e+00,7.768495425827724787e+00
5.815965567669134195e+00,8.277643898964571534e+00
8.048220490687839401e+00,6.533628914643282215e+00
4.682405211338739548e+00,9.163264570340686532e+00
7.394569028789168996e+00,7.044311167566920773e+00
8.584806821968872015e+00,6.114402890728034556e+00
7.433369003254081342e+00,7.013965969703662040e+00
8.240558322119397872e+00,6.383324471571323322e+00
5.713989034693807589e+00,8.357317961347904500e+00
6.365307550527719016e+00,7.848437010268457747e+00
9.630132527926186015e+00,5.297684004218013776e+00
6.583332575966309719e+00,7.678082132969104023e+00
5.461814396123224391e+00,8.554335530152300748e+00
5.291183612842612405e+00,8.687651346283374210e+00
5.767119391567081088e+00,8.315778472644007380e+00
8.036226352349327584e+00,6.542996141420664991e+00
6.077573487647360828e+00,8.073234784405359576e+00
9.295503025640314831e+00,5.559138064354899100e+00
7.413080911895281844e+00,7.029857730923339432e+00
4.911546918407075246e+00,8.984235801644093300e+00
6.056757675640257688e+00,8.089492245566107798e+00
8.507852356627447321e+00,6.174518282711046524e+00
5.406380654975437849e+00,8.597645142406197039e+00
7.482407059380173031e+00,6.975664432897987766e+00
5.452554700806069299e+00,8.561548768687252675e+00
8.855347016135905136e+00,5.903028940119782852e+00
5.755537112130112654e+00,8.324863584086614310e+00
6.819142478844452349e+00,7.493879227934380438e+00
4.575544959298216696e+00,9.246768224196728170e+00
6.771535327776588176e+00,7.531065550082995053e+00
7.931848250302120817e+00,6.624539997616787801e+00
7.929018464786974363e+00,6.626728742201573041e+00
7.096596660884298302e+00,7.277081406379589446e+00
8.013602365876604239e+00,6.560659452271200287e+00
6.940210645476373230e+00,7.399283811142469247e+00
7.248026044148863534e+00,7.158803248310865897e+00
5.198316839843375448e+00,8.760186957543115938e+00
8.540457284735246901e+00,6.149031437508024389e+00
9.420602490275634011e+00,5.461391572182638043e+00
8.102834251625262496e+00,6.490926000844307708e+00
7.345539527386351963e+00,7.082614733301074494e+00
9.366592650612833637e+00,5.503612189059824189e+00
4.319460530771398687e+00,9.446838964189135268e+00
6.056542640203534944e+00,8.089666774027485019e+00
5.931307355317773755e+00,8.187507928908269506e+00
7.507004066327128911e+00,6.956463861506203550e+00
7.080658114787716784e+00,7.289540590028152245e+00
4.326863430844495539e+00,9.441025618150730381e+00
9.030020038607190713e+00,5.766536798941297448e+00
4.647316526839685658e+00,9.190672845923391066e+00
7.579633019505839897e+00,6.899694730011908916e+00
4.577345741017660785e+00,9.245336447972750449e+00
5.177499690442812330e+00,8.776449889585512310e+00
5.364713812092210432e+00,8.630166863581651526e+00
8.209280832994990007e+00,6.407775864938009214e+00
7.895514738648898856e+00,6.652942560634429903e+00
4.425701408459113750e+00,9.363837419338368662e+00
9.554527534596305216e+00,5.356747428530868049e+00
4.481151877383877213e+00,9.320511017958535760e+00
7.799622862964644021e+00,6.727853837663592351e+00
5.872332839022272211e+00,8.233610742273373972e+00
7.210014822133379297e+00,7.188481661599486650e+00
7.237668923006497224e+00,7.166876344434295554e+00
6.388070279107116001e+00,7.830672757472003198e+00
8.255800830447121541e+00,6.371416151270335781e+00
9.404466423633564887e+00,5.473986776786597730e+00
8.755337724071733163e+00,5.981179096270864193e+00
5.815931663831865883e+00,8.277647640405577434e+00
8.325243771130361736e+00,6.317182726328207210e+00
7.156641476773113020e+00,7.230172642657204385e+00
7.804307105302132008e+00,6.724166772129007263e+00
6.822953482424303218e+00,7.490883746765060636e+00
8.811905902009611324e+00,5.936966309318162160e+00
5.965545942090090037e+00,8.160780265608492456e+00
5.892239471791814509e+00,8.218038406307272226e+00
7.733610786333292353e+00,6.779425951958157448e+00
7.108980628040495020e+00,7.267432673003774823e+00
7.170245241060512420e+00,7.219571377628666298e+00
6.537699047490257875e+00,7.713774311736320222e+00
5.197658839659100138e+00,8.760692887540891149e+00
8.879819599021844923e+00,5.883894976067075788e+00
9.033842459392044333e+00,5.763563720347304908e+00
8.690987094716993155e+00,6.031419968115533159e+00
6.214826219928696105e+00,7.965996997298772975e+00
8.586517413035611668e+00,6.113059332328683482e+00
8.921854551342569550e+00,5.851054914695620113e+00
9.271032155914827655e+00,5.578272854005652981e+00
6.408877962730317179e+00,7.814386435075387105e+00
5.868582916164042373e+00,8.236532394037626048e+00
8.060777761663974417e+00,6.523792728822212617e+00
8.182595060073905913e+00,6.428611600523277403e+00
4.305509961714276912e+00,9.457719163127364936e+00
8.145615488109752889e+00,6.457519198854869913e+00
8.223207739202692323e+00,6.396897534442108402e+00
4.912568303437598871e+00,8.983457501836085157e+00
5.804551874559206404e+00,8.286566284612542077e+00
4.931975443813247040e+00,8.968286688638983151e+00
8.282732812909209485e+00,6.350378787877031250e+00
8.296135414235759953e+00,6.339929021772381823e+00
7.262987679236843519e+00,7.147084361161702759e+00
5.228195108846619199e+00,8.736836977752705735e+00
4.769906852012958609e+00,9.094896836726292122e+00
6.101504884432142894e+00,8.054560318802947094e+00
8.208790271173928232e+00,6.408177667271658606e+00
6.829578154545467683e+00,7.485722203080755754e+00
6.919544010183506622e+00,7.415447573388121327e+00
6.528208202034628371e+00,7.721174479937849888e+00
7.702252535707127201e+00,6.803928503468932298e+00
9.035526008500230688e+00,5.762269441201098630e+00
6.962322080058686247e+00,7.382015920696238354e+00
6.585526140675924012e+00,7.676372643878743851e+00
4.839238320250757397e+00,9.040717367148786821e+00
8.942277296504148154e+00,5.835090663459834737e+00
7.471739575189811688e+00,6.984029252986030833e+00
6.288904187394628309e+00,7.908130994495109256e+00
8.773410357375350799e+00,5.967048293074037169e+00
9.201315494139322482e+00,5.632730411888969613e+00
4.268968348923223743e+00,9.486278447869171515e+00
8.299767725158275766e+00,6.337079734446725787e+00
4.547871644059134688e+00,9.268384470642414996e+00
8.420427994697414320e+00,6.242830283017648085e+00
6.042193401848884982e+00,8.100898648964074411e+00
6.745056079015368411e+00,7.551763418917877502e+00
9.595535470629204866e+00,5.324708143672520322e+00
6.452810051093836208e+00,7.780090501895209343e+00
8.610139780356396599e+00,6.094596768453588886e+00
8.922974370953269840e+00,5.850198468646537364e+00
7.164896680510356219e+00,7.223742772206113827e+00
5.309200371568921106e+00,8.673565160336190516e+00
8.825185090842527558e+00,5.926595267439239478e+00
8.234532776362634365e+00,6.388053737022506340e+00
8.264904176592079210e+00,6.364326091080640069e+00
6.454960538895695876e+00,7.778385062199643762e+00
7.388055721206827187e+00,7.049404756412840811e+00
7.099204264244063367e+00,7.275058822819309157e+00
7.105760780312660785e+00,7.269939382061673783e+00
6.602102316427091111e+00,7.663432091653549882e+00
9.700918870281071804e+00,5.242401636619634431e+00
4.497893923455968057e+00,9.307399909041674135e+00
7.381094002703537882e+00,7.054849402462378016e+00
6.373125404267442562e+00,7.842344743375005756e+00
9.064181306794395709e+00,5.739867692844916824e+00
4.427241604278661313e+00,9.362626630307653741e+00
7.067488370798944430e+00,7.299858719300726939e+00
9.149351969564932574e+00,5.673320928417543207e+00
6.774165954167941095e+00,7.528990112746686059e+00
6.884182536069851643e+00,7.443056557121041195e+00
5.833635584328302315e+00,8.263806526274120046e+00
7.244879524902660961e+00,7.161262402156213902e+00
4.518838153768940380e+00,9.291050867209285968e+00
7.336629201262089950e+00,7.089570212504008317e+00
7.850171741689754512e+00,6.688363909971838162e+00
6.818592316188868629e+00,7.494320744920864641e+00
9.170749213472326744e+00,5.656611529544905537e+00
9.377053360813610183e+00,5.495414009594746574e+00
5.802919171736739656e+00,8.287818444627475856e+00
4.467078119633308475e+00,9.331491525003382748e+00
4.338973193787306393e+00,9.431587757897448299e+00
9.080440362851060598e+00,5.727174915810761213e+00
