9.031035448375298813e+00,5.968804878132869973e+00
4.793336055022836106e+00,9.144978423843578952e+00
9.959740715236787167e+00,5.061603402554442077e+00
9.468104000152807842e+00,5.571799707898130727e+00
4.469549466895742285e+00,9.357860308417240702e+00
9.904356451859467114e+00,5.053133423230740995e+00
5.612441612285373971e+00,8.587330954656909654e+00
5.870469443617621685e+00,8.391869353835382128e+00
4.830043410041920282e+00,9.065685537461105170e+00
6.008711750742903313e+00,8.294833330070138899e+00
8.511717982109887615e+00,6.432740386115648690e+00
8.770446192705904309e+00,6.253386836768512147e+00
9.742802803482303986e+00,5.343809120198564244e+00
9.390438584229244157e+00,5.697135988587879396e+00
9.483813240193914140e+00,5.426669852933835969e+00
6.256572702711011402e+00,8.078253340271693617e+00
9.608136396315446248e+00,5.286382943658857414e+00
9.957286441722731141e+00,4.896099323047909735e+00
9.958479180572926026e+00,4.894132999977695242e+00
9.954761065197654801e+00,4.898395328467353593e+00
9.957135156180328295e+00,4.895181851148100449e+00
9.959165761245751369e+00,4.892167585126094842e+00
9.957952192116762191e+00,4.893143228952709478e+00
9.957866345322813117e+00,4.893211258660788765e+00
9.954606996447061817e+00,4.897296059866343754e+00
9.954623158541668460e+00,4.895762406452251803e+00
9.951007454699020371e+00,4.900256086829380742e+00
9.959003110281656745e+00,4.889831481507804334e+00
9.950900611973118259e+00,4.899486621700369859e+00
9.948288874662690517e+00,4.902910894505301265e+00
9.949094830271668854e+00,4.901771026765088912e+00
9.954888632262463233e+00,4.894061179694752184e+00
9.948562320831779715e+00,4.902065971115047383e+00
9.952202651698344837e+00,4.897164512254090774e+00
9.952072044404120632e+00,4.897184280315790339e+00
9.945869093682514261e+00,4.905423004247309926e+00
9.945730933928299322e+00,4.905513854054471601e+00
9.954819086795259508e+00,4.893375703505951968e+00
9.954325592357044172e+00,4.893729913473534587e+00
9.950300914695716870e+00,4.898989133121421702e+00
9.949955676935079651e+00,4.898936248165010277e+00
9.956949110911864409e+00,4.889730822866067861e+00
9.952723952449298750e+00,4.894801303474501708e+00
9.953917598756170548e+00,4.893202805861599280e+00
9.944301398216982335e+00,4.905564819293804391e+00
9.958823638574424209e+00,4.886252790661082201e+00
9.941817360328903064e+00,4.908639355185277608e+00
9.952204628370438400e+00,4.894591074568795719e+00
9.947287512842335033e+00,4.900948561968411887e+00
9.942076230890499744e+00,4.907816222229437919e+00
9.950648103758741314e+00,4.896026209867976320e+00
9.950469633936938507e+00,4.895734774068772666e+00
9.957215409230609993e+00,4.886849177153941959e+00
9.944897425932742507e+00,4.902908840304765370e+00
9.948355116832665601e+00,4.898004786185440551e+00
9.951562941326390188e+00,4.893480892378647695e+00
9.952238486184077360e+00,4.892552641473859154e+00
9.947615581528918227e+00,4.898644025132337099e+00
9.953202192207758259e+00,4.890973864578456620e+00
9.941102298380872782e+00,4.907155967976206234e+00
9.941890902959272580e+00,4.906031501561729513e+00
9.949542675914585743e+00,4.895572305819550607e+00
9.943314549187196150e+00,4.903872868403719387e+00
9.946474973518027340e+00,4.899321808846425874e+00
9.941052483306808796e+00,4.906701593004900275e+00
9.946629237793196410e+00,4.898966195685825475e+00
9.938549083003067608e+00,4.909967024867807339e+00
9.943474971372497251e+00,4.903095927128249265e+00
9.936488392549279069e+00,4.912824711795906296e+00
9.958376143710733430e+00,4.883483559331161850e+00
9.942298230281947369e+00,4.904643487982156991e+00
9.955427286250355223e+00,4.887083552646705797e+00
9.955789832201658029e+00,4.886613901329629250e+00
9.954582132925086313e+00,4.887767922322861835e+00
9.940791240819846664e+00,4.906179322943565069e+00
9.937438768272075507e+00,4.910833829938781037e+00
9.941234321490142634e+00,4.905513719669776229e+00
9.944171443544211897e+00,4.901288605242826613e+00
9.959059100303260692e+00,4.881732772536744314e+00
9.949309876743576808e+00,4.894031019645008307e+00
9.938556324645055895e+00,4.908675206861011553e+00
9.955400252707882203e+00,4.886084055393705050e+00
9.938613115261123454e+00,4.908422562913633769e+00
9.947637975648689235e+00,4.896061121156882301e+00
9.947163708955077510e+00,4.896447307435238372e+00
9.945905305919996664e+00,4.897948335109884255e+00
9.943796080265521198e+00,4.900711377149800541e+00
9.942400111097949633e+00,4.902518306461499442e+00
9.941282169793087320e+00,4.904034801830342793e+00
9.936338461019950330e+00,4.910897289399092536e+00
9.945965403073245170e+00,4.897548690745918698e+00
9.957304130685802335e+00,4.882475518930933234e+00
9.957295830514690138e+00,4.882452978560771761e+00
9.942126650452079772e+00,4.902355582294328329e+00
9.957829405351919405e+00,4.881519074017869109e+00
9.944484425165825314e+00,4.898696859923443725e+00
9.953168392988368751e+00,4.887051027850654705e+00
9.944132649679968239e+00,4.898965285077240495e+00
9.958462577640306179e+00,4.880211056891955224e+00
9.940241794635639394e+00,4.904204048010999628e+00
9.957622545395100389e+00,4.881212470643645496e+00
9.942396398047399941e+00,4.901222708795475391e+00
9.950416643050980170e+00,4.890475082516734240e+00
9.942159340733297768e+00,4.901532609043107058e+00
9.948481332217873785e+00,4.892896825290275586e+00
9.942441775180796526e+00,4.900990914471215376e+00
9.953776369446615035e+00,4.885899761514234108e+00
9.939736239233729620e+00,4.904644542890837400e+00
9.937421797334522466e+00,4.907872245929154609e+00
9.952150730257313782e+00,4.887890257926074788e+00
9.932988938882923335e+00,4.914076099195363589e+00
9.933720318193330456e+00,4.912958556607925686e+00
9.948572561224903410e+00,4.892499787441784598e+00
9.949563090563056988e+00,4.891192022355631330e+00
9.946379381528730690e+00,4.895391857522578327e+00
9.936649534035346676e+00,4.908739930824642883e+00
9.938715747863945182e+00,4.905673934294979333e+00
9.945902019464485377e+00,4.895815901172460016e+00
9.940238946581919421e+00,4.903504296185295708e+00
9.956250724141302300e+00,4.882266274521291471e+00
9.944077124198457796e+00,4.897999150230761600e+00
9.942543929038212269e+00,4.899619935394724735e+00
9.933876560364385710e+00,4.911645146457989775e+00
9.952598131144567262e+00,4.886176901802864236e+00
9.929306408481998858e+00,4.918216162350774745e+00
9.938894098618931139e+00,4.904538802571480005e+00
9.930045336808140277e+00,4.916696415280719989e+00
6.055650315370123771e+00,8.334589582787137019e+00
9.956477156056052991e+00,4.880698802995208752e+00
9.935543711832762526e+00,4.908586930734803566e+00
9.946120199789174166e+00,4.893855527883620660e+00
9.943460199795850940e+00,4.897150511766711567e+00
9.940399501629830326e+00,4.901277538427498470e+00
9.929313410161029196e+00,4.916567977694942471e+00
9.930011483020512841e+00,4.915438441528349856e+00
9.931128858402292536e+00,4.913809285815260885e+00
9.946904341548796324e+00,4.891837453882110331e+00
9.934326694902662069e+00,4.909075393656328501e+00
9.948410265645769357e+00,4.889704361746368022e+00
9.949847088198952250e+00,4.887788752446919460e+00
9.934259982761750152e+00,4.908989098029190146e+00
9.937721717681418099e+00,4.904066089745021451e+00
9.951102557989329966e+00,4.885836943169841184e+00
9.928976401061749613e+00,4.916254637816079409e+00
9.929101128595402059e+00,4.915905713686196776e+00
9.952340536451952602e+00,4.883977086623032093e+00
9.936457870949205073e+00,4.905053445630418452e+00
9.947230863039310478e+00,4.890373288783378847e+00
9.933182004103104035e+00,4.909427768720830976e+00
9.951751464301150207e+00,4.884122258982068310e+00
9.934492692127921742e+00,4.907474179421696725e+00
9.931984063738969581e+00,4.911027948796363951e+00
9.957906780857157969e+00,4.876140605680206797e+00
9.952488024438794767e+00,4.882997083770882263e+00
9.933161697307042459e+00,4.909160910654765786e+00
9.933693221752514901e+00,4.908229060074435601e+00
9.936285715833008680e+00,4.904546574598906084e+00
9.955169553906928925e+00,4.879233708571748984e+00
9.924815410657471304e+00,4.920959623285032336e+00
9.948649325967053869e+00,4.887540673799859015e+00
9.945049218868406982e+00,4.892108723996237529e+00
9.947422421604603215e+00,4.888917625220363661e+00
9.952741186294792541e+00,4.881879016435547669e+00
9.927608116837149055e+00,4.916272803258491919e+00
9.931264630927676862e+00,4.910949841048378062e+00
9.936695236301977374e+00,4.903246465325344694e+00
9.930922810551670921e+00,4.911383125331859389e+00
9.924039904407376156e+00,4.921421964958916817e+00
9.949494757825215530e+00,4.885731502319035968e+00
9.930285305682263086e+00,4.912101612797991734e+00
9.956976730446273294e+00,4.876124669988106675e+00
9.922411351523942713e+00,4.923642693802758430e+00
9.933736747781992449e+00,4.907075099534861096e+00
9.925138619760122793e+00,4.919511687176608028e+00
9.953016770911276012e+00,4.880979487055774335e+00
9.934862772952426369e+00,4.905251544813369335e+00
9.928765485223994602e+00,4.913842882857371919e+00
9.929855030911653557e+00,4.912241918107154603e+00
9.940821229671113812e+00,4.896627564213472894e+00
9.938678434834155695e+00,4.899307067720615194e+00
9.929954005605992506e+00,4.911605477479990434e+00
9.927032953016318828e+00,4.915730529564640072e+00
9.926653713008040114e+00,4.916027239380874825e+00
9.930471044074774767e+00,4.910452516641960585e+00
9.926541076432819466e+00,4.916126666177570215e+00
9.921861571485486309e+00,4.923073651768282488e+00
9.930835464619885755e+00,4.909854770805104351e+00
9.922648997699827333e+00,4.921734178818212513e+00
9.944521043555685225e+00,4.890786187287212705e+00
9.942201484201911299e+00,4.893866272748679691e+00
9.921180649943039498e+00,4.923701025576017187e+00
9.945330585652166988e+00,4.889441896010873201e+00
9.936991661950768773e+00,4.900636455158088545e+00
9.943220461532112253e+00,4.892044212615354049e+00
9.924016193446416167e+00,4.919100474346561391e+00
9.957460296950063849e+00,4.873468178117418503e+00
9.953749841579696778e+00,4.878109797121267022e+00
9.955526473714986224e+00,4.875853281397733774e+00
9.926428165256245606e+00,4.915422424921304767e+00
9.954920966237454039e+00,4.876558704042882830e+00
9.934144828413453254e+00,4.904206763354920007e+00
9.919251815314991561e+00,4.925891773404046603e+00
9.926354860635104416e+00,4.915174826657372265e+00
9.921799856571567489e+00,4.921919359870056354e+00
9.918513149259045036e+00,4.926744847821575846e+00
9.947863450156429366e+00,4.885015222834331539e+00
9.941946862453551859e+00,4.892748371253208717e+00
9.955581763947165541e+00,4.874909399868585069e+00
9.922367247150869929e+00,4.920441087040378747e+00
9.942021059079415579e+00,4.892431331183162868e+00
9.933945913573978714e+00,4.903478778395106374e+00
9.937359877710401079e+00,4.898441978141882203e+00
9.920861724512718638e+00,4.922219837995851499e+00
9.924309714133016769e+00,4.917051178001146994e+00
9.917078777219556329e+00,4.927858661358031966e+00
9.929256337194729554e+00,4.909646097655641306e+00
9.925328927823038327e+00,4.915345343878116502e+00
9.952750550230188509e+00,4.877735701524687606e+00
9.947138541394533462e+00,4.884920176326477126e+00
9.930949449224982573e+00,4.907032633171275471e+00
9.925005607374835392e+00,4.915627517737220842e+00
9.939144135240690403e+00,4.895409203925972896e+00
9.936166174784780480e+00,4.899364688370939191e+00
9.924139330697709482e+00,4.916579160299153095e+00
9.953611517509102669e+00,4.876080365319163334e+00
9.920049401059520378e+00,4.922564201981810328e+00
9.955097799016485283e+00,4.874169064981280997e+00
3.556058733653852943e+00,9.956942100741759560e+00
3.543964134263968280e+00,9.966508350155857343e+00
3.558063507111750123e+00,9.955341775643516300e+00
3.565223014837318072e+00,9.949688774948871384e+00
9.915415314834348237e+00,4.929494502199220918e+00
3.532230871982241727e+00,9.975789548174450516e+00
3.541616348388886060e+00,9.968333499963723199e+00
3.529408309559961765e+00,9.978025535607251584e+00
9.938341689693517722e+00,4.895910359885575325e+00
3.603607254538164106e+00,9.919331300051606348e+00
3.608688006647567281e+00,9.915345011806611097e+00
3.547903425933340404e+00,9.963109204140176089e+00
3.566805783423115273e+00,9.948153675046073730e+00
3.611314710283245244e+00,9.913234744206333104e+00
9.914963988169077425e+00,4.929867034774345846e+00
3.531629360146514962e+00,9.975958570514197987e+00
3.526172548078913227e+00,9.980286398200609810e+00
9.915687197428248112e+00,4.928699629034772656e+00
9.930438800018452028e+00,4.906813461126651177e+00
3.581478443823443492e+00,9.936550045363038208e+00
3.511043743159460995e+00,9.992247038968598005e+00
3.484587750723939337e+00,1.001342114630242008e+01
3.601133511172268875e+00,9.921023743685468688e+00
3.602446074543340426e+00,9.919988127937465094e+00
3.499793111028894010e+00,1.000112894714954059e+01
9.922961816630193610e+00,4.917515070646025777e+00
3.495785000763440564e+00,1.000428585168895879e+01
3.492953961850616018e+00,1.000655126862177369e+01
9.914585050848112147e+00,4.930157284979525656e+00
9.934057037713831306e+00,4.901457922587750815e+00
3.635145153624979031e+00,9.894402565563822805e+00
3.539551989652790720e+00,9.969385067334624040e+00
9.925655114771014809e+00,4.913474591005605241e+00
3.563270123902260611e+00,9.950641547787359542e+00
3.563028848585865216e+00,9.950824632298369110e+00
3.539301826253206329e+00,9.969567562278770723e+00
3.541419952766280854e+00,9.967888084404071591e+00
3.548552016856897140e+00,9.962243709030133232e+00
3.488318701944153943e+00,1.001021637619022364e+01
3.480351152121198055e+00,1.001650198817776349e+01
3.625158488317752337e+00,9.902042237580019446e+00
3.644877464411032442e+00,9.886705170172504609e+00
9.950857214851602350e+00,4.878722345847736008e+00
3.504572036671870450e+00,9.997040128601772935e+00
3.505187592257542839e+00,9.996542198871885887e+00
5.024202129917773263e+00,8.876503938797261739e+00
3.648567604166291556e+00,9.883799147870446333e+00
9.954239600017290357e+00,4.874353710860970246e+00
3.458878849138731670e+00,1.003375417827771443e+01
3.457214392990759055e+00,1.003509060266999064e+01
3.601407297050148948e+00,9.920490359973326733e+00
9.928277098511511412e+00,4.909405254300380328e+00
3.456239605458885755e+00,1.003583579788510782e+01
3.653976500224871415e+00,9.879520400552044279e+00
9.953134571841243172e+00,4.875657865769483124e+00
9.916833672609108419e+00,4.926330350700102834e+00
3.637919300247071330e+00,9.891924178944369928e+00
3.482864272084296164e+00,1.001419862013877626e+01
3.642325835767308284e+00,9.888454471356075359e+00
3.481190986455714675e+00,1.001551477321271477e+01
3.547851097068838389e+00,9.962391096957890824e+00
3.547825285651159621e+00,9.962400234248486086e+00
3.531359216014504643e+00,9.975428219128502860e+00
3.551503296989820146e+00,9.959485457481330073e+00
3.524175601971939020e+00,9.981126896494386003e+00
3.531094519298361600e+00,9.975626623590393649e+00
3.444191198083712990e+00,1.004538708909467282e+01
3.646803812104319586e+00,9.884934233332169029e+00
9.920078604004435974e+00,4.921239163636387914e+00
3.455919381294320303e+00,1.003582572620591762e+01
3.520313808406789757e+00,9.984153101323304469e+00
3.455850709012414868e+00,1.003585977498109649e+01
3.510976075246906358e+00,9.991549054192205404e+00
3.667640949521287386e+00,9.868726850988979393e+00
3.584806861310986914e+00,9.933185665095708217e+00
9.942096087344669542e+00,4.889813206391209199e+00
9.921139275824932824e+00,4.919515066717547569e+00
9.952490124654088888e+00,4.876153653314935887e+00
3.492952807745552946e+00,1.000577043062805416e+01
3.460772882320951815e+00,1.003163446128281855e+01
9.925639923861094616e+00,4.912726052354560835e+00
9.923014715159245824e+00,4.916561700776409971e+00
3.678361375237249042e+00,9.860266791361636862e+00
3.661681054096102894e+00,9.873138893283819328e+00
3.661927188201517858e+00,9.872946371182457881e+00
3.456261049090858073e+00,1.003520741406316574e+01
3.439426282028226645e+00,1.004887200314598239e+01
9.914164812822775730e+00,4.929873600233019459e+00
3.545483143091280542e+00,9.963834378500990852e+00
9.933737712869447734e+00,4.901015082846511106e+00
3.548802765669277992e+00,9.961209570066968055e+00
3.534249857512700821e+00,9.972707394864672281e+00
3.545104320035586731e+00,9.964106854419533477e+00
3.619715210409799155e+00,9.905589528775344377e+00
3.649729794915622438e+00,9.882256324230541011e+00
3.515858951006306743e+00,9.987231332536028461e+00
3.469278572829498586e+00,1.002451382830306770e+01
9.921373176631723467e+00,4.918772213958149564e+00
3.508305466675919693e+00,9.993212282479497333e+00
3.623531979809546222e+00,9.902548599768998372e+00
3.576340240701351370e+00,9.939411721244573172e+00
3.672363155978092486e+00,9.864692942044570145e+00
3.464101250050551251e+00,1.002860387610741988e+01
3.463290933368577740e+00,1.002925556196652401e+01
3.580853334100646546e+00,9.935838613900694227e+00
3.442399613983717188e+00,1.004616048899135095e+01
3.427773746282076761e+00,1.005808343578304687e+01
3.463009799896507257e+00,1.002944030533820019e+01
3.586806213949517819e+00,9.931130581354230102e+00
3.592988809109859627e+00,9.926285068608720508e+00
3.459053834572090480e+00,1.003258504096307746e+01
3.633091001211102178e+00,9.895007238622255841e+00
3.458617863819097416e+00,1.003291162031891304e+01
3.549700877828231960e+00,9.960237565533734738e+00
3.437186195021995960e+00,1.005028935951738944e+01
3.546879450616651219e+00,9.962457108093481395e+00
3.526207190774425904e+00,9.978803732260697501e+00
3.550174200958597925e+00,9.959842286601231720e+00
3.636669222795351430e+00,9.892184000220710871e+00
3.520855553614733680e+00,9.983034306974643002e+00
3.551781770258226167e+00,9.958561750105518584e+00
3.432963535673166700e+00,1.005365468938973983e+01
3.509836429702818172e+00,9.991754672494359113e+00
3.482278845214579643e+00,1.001377192968027785e+01
3.638831038980126387e+00,9.890449375325999881e+00
3.507955182991461029e+00,9.993230939716417183e+00
3.697181746425870497e+00,9.845367626296019026e+00
3.683517248795625143e+00,9.855886700761596231e+00
9.930306517474942751e+00,4.905473924514611284e+00
3.685870483619394289e+00,9.854052004606954185e+00
3.668935882425883754e+00,9.867101940288872441e+00
3.408208613808821230e+00,1.007383625307730135e+01
3.699628441474304807e+00,9.843451036844671265e+00
3.609246545166528986e+00,9.913405481017054655e+00
3.498458373772523888e+00,1.000073260356893279e+01
3.471817231406341353e+00,1.002206611722838581e+01
3.447126754820677874e+00,1.004200328910139284e+01
3.473734084412142931e+00,1.002051685658389424e+01
3.426625322364669213e+00,1.005866778958221808e+01
3.445233069132911385e+00,1.004351670624385484e+01
9.942275794155918334e+00,4.888828869067178395e+00
3.670381699755102645e+00,9.865933830275780636e+00
9.941005589231348694e+00,4.890463661235677328e+00
3.675777190830359586e+00,9.861682293121729614e+00
3.621671745014687804e+00,9.903584444138608944e+00
3.439107105343575999e+00,1.004835852052019263e+01
3.545650365827710093e+00,9.963099450342323138e+00
3.528842602656589555e+00,9.976376292346337493e+00
3.524694760156623641e+00,9.979655342049909450e+00
3.533128851952725302e+00,9.972973174527369977e+00
3.604558314793287366e+00,9.916858783417147549e+00
3.420084752507278836e+00,1.006380021830949723e+01
3.434865989067701797e+00,1.005173162875909121e+01
3.519547424586713547e+00,9.983712984912431310e+00
9.919118685555229575e+00,4.921574882940373818e+00
3.604629669310201123e+00,9.916788253935402864e+00
3.473089322501430321e+00,1.002079496565506211e+01
9.913966438362566080e+00,4.929421640832833518e+00
3.570543090347544357e+00,9.943429141233981028e+00
9.885306797829521486e+00,4.977650623894618320e+00
3.681449671716027883e+00,9.857194066483151218e+00
3.454692458749286654e+00,1.003557046819736698e+01
3.415552460460006046e+00,1.006740631857110557e+01
3.450610658878555448e+00,1.003880871527591090e+01
9.938255356304061650e+00,4.893967056894702239e+00
3.663131804205912001e+00,9.871265561908286301e+00
3.582240971929413487e+00,9.934151276856395540e+00
9.915223804030620869e+00,4.927348298768454704e+00
3.700782519682387584e+00,9.842237976347758988e+00
3.585815397713767894e+00,9.931339165910985756e+00
9.951619595750752723e+00,4.876218019758434608e+00
3.588032651828030772e+00,9.929582564864746885e+00
3.665141502596734213e+00,9.869659107793671282e+00
3.686598144612688532e+00,9.853112837943136526e+00
3.638549982594089016e+00,9.890230813694856238e+00
3.461254861208215239e+00,1.003011578747529953e+01
9.928081096981079767e+00,4.908149227930663550e+00
9.919973696254281492e+00,4.920037330517721408e+00
3.483960025127123217e+00,1.001182902796257679e+01
3.523329395370807582e+00,9.980436608841630530e+00
3.422196155913638016e+00,1.006172865503106628e+01
3.595660413692394641e+00,9.923538335660207821e+00
3.526262392793523937e+00,9.978108009922479482e+00
3.546254524245610273e+00,9.962302444879195917e+00
3.554618986282717330e+00,9.955705445563250322e+00
3.476717253006031072e+00,1.001757830717159337e+01
3.706113976102066498e+00,9.838017980949706143e+00
9.937977690695380062e+00,4.894163340717639699e+00
3.671220602677927936e+00,9.864868821229864082e+00
3.511680645239201315e+00,9.989640628708910342e+00
3.473870884478813981e+00,1.001981014371857981e+01
3.720444911595990334e+00,9.826975987490087050e+00
3.434197855251376552e+00,1.005181018321543718e+01
3.570611412231954773e+00,9.943038888448100465e+00
3.417218127320354792e+00,1.006565956364460668e+01
3.573688190728412817e+00,9.940605852234178030e+00
3.492577729911523043e+00,1.000474285693597487e+01
3.444452937149153460e+00,1.004342218739261838e+01
9.915119051896390090e+00,4.927171194460279402e+00
3.443268535002692587e+00,1.004435563728827141e+01
3.584109153143485216e+00,9.932390748620628429e+00
3.611696856917542497e+00,9.910857609640888910e+00
3.413626430905782883e+00,1.006849700202546138e+01
3.724666166335921513e+00,9.823648694386569957e+00
3.485022828047973587e+00,1.001071498840968133e+01
9.941670743778447061e+00,4.888949302666128816e+00
9.955966042249517756e+00,4.870364599674996242e+00
3.478626815759431334e+00,1.001576723705450611e+01
3.619878584418427803e+00,9.904390204836357015e+00
3.544688052738894868e+00,9.963232336785049270e+00
3.424344037074942282e+00,1.005957986089834399e+01
3.423443118772231841e+00,1.006030696170976135e+01
3.422882397035335700e+00,1.006074202285359753e+01
3.550223306724219707e+00,9.958836239231308340e+00
3.451593289214657467e+00,1.003742433634583797e+01
3.601460107380382691e+00,9.918681904429094587e+00
3.549539770645386838e+00,9.959363762369017437e+00
3.546414945620822046e+00,9.961822479730384927e+00
3.507843035048267666e+00,9.992347110742246130e+00
3.557691761770891414e+00,9.952925156216565483e+00
3.627199433436457454e+00,9.898625660387175174e+00
3.447840041038098491e+00,1.004042177601815844e+01
3.421231620478700552e+00,1.006203834928891894e+01
9.957712876191708418e+00,4.868039830870348972e+00
3.466483922755667191e+00,1.002536258882279441e+01
3.448168754952067427e+00,1.004011963899619531e+01
3.497539392300823113e+00,1.000048439980916370e+01
3.497486925679391234e+00,1.000051448705534085e+01
3.687300644401738214e+00,9.852124294287948558e+00
9.921499578449376244e+00,4.917220985573159453e+00
3.576036336640226132e+00,9.938427691125918173e+00
3.491250945411978446e+00,1.000543327686947315e+01
3.584426021504621307e+00,9.931805575254182727e+00
3.478713320395943942e+00,1.001536994907639588e+01
3.618066578668495126e+00,9.905537539160333083e+00
3.589394125833293980e+00,9.927866040259932134e+00
3.726307773259025069e+00,9.822047898081523343e+00
9.914438606247411911e+00,4.927737443002014217e+00
3.715085232467481013e+00,9.830617572748327149e+00
3.739560683632716209e+00,9.811881152342049717e+00
9.945328829081041988e+00,4.883608734580442423e+00
3.445344796062084658e+00,1.004207662482127716e+01
3.544939886814099772e+00,9.962608630167069990e+00
3.699849868794794716e+00,9.842228207598976653e+00
3.512420787191581351e+00,9.988310123374517957e+00
3.516716411667090814e+00,9.984901896230804041e+00
3.541305898926510043e+00,9.965458806186358487e+00
3.547035976796501178e+00,9.960924826045697955e+00
3.552984635862282303e+00,9.956227246235924255e+00
3.403540616403884833e+00,1.007601720989945093e+01
3.500982836248810237e+00,9.997351198610868295e+00
3.501812981104730937e+00,9.996684848477752183e+00
3.682658814343181763e+00,9.855389304165845132e+00
3.651111266652446119e+00,9.879713790323522815e+00
3.719854885329113792e+00,9.826820623912682962e+00
9.942916411861615344e+00,4.886670350551156616e+00
3.564883216988524062e+00,9.946817377287658246e+00
3.612200589535159434e+00,9.909841183917562191e+00
9.929536578334811736e+00,4.905078306989160808e+00
9.919169841135467180e+00,4.920252944027578401e+00
3.396401425858172285e+00,1.008313392440462941e+01
9.920778995851971871e+00,4.917815115907940182e+00
3.746060720845568515e+00,9.806710061557559754e+00
3.615509941382536674e+00,9.907215291101730159e+00
3.482694997032546702e+00,1.001179036069250650e+01
3.418873474259641831e+00,1.006329727340888525e+01
3.405520810502022044e+00,1.007419026016426677e+01
3.581710211791999221e+00,9.933525730167655610e+00
3.640907878089945537e+00,9.887461366118641237e+00
3.708927052304066052e+00,9.835053479821182165e+00
3.621910616396935012e+00,9.902173028727004223e+00
3.661481996430380192e+00,9.871530364111004374e+00
3.660837662667717929e+00,9.872024299686060544e+00
9.927416580854741213e+00,4.907963367685969303e+00
3.530435468380236586e+00,9.973765229053618953e+00
3.540330663768917585e+00,9.965947082427470960e+00
3.661686125714619600e+00,9.871353331707092948e+00
3.537857537404927477e+00,9.967885769554037267e+00
3.591973986281347564e+00,9.925430751119037609e+00
3.539076936747892699e+00,9.966912231608532124e+00
3.467505156650786624e+00,1.002379932832500309e+01
9.914343517116806836e+00,4.927379955201210748e+00
9.940038666679528845e+00,4.890274008542729867e+00
3.513024444127757384e+00,9.987486172598233125e+00
3.551167691042710572e+00,9.957358908844852863e+00
3.648572374762718340e+00,9.881422296702972119e+00
9.912377456184376712e+00,4.930390028400134739e+00
3.630509727869788428e+00,9.895394058886898492e+00
3.497290397259943173e+00,9.999943987783876054e+00
3.421819877683594413e+00,1.006065366550379458e+01
3.752971599088853694e+00,9.801251283755728849e+00
3.462407446196232641e+00,1.002781530057604620e+01
3.495848376820295922e+00,1.000105995790860902e+01
3.458950896651486584e+00,1.003057621084504092e+01
3.695842467587134195e+00,9.844951714052793790e+00
3.482565510061555791e+00,1.001160014743861559e+01
3.746390107319553131e+00,9.806206905077051061e+00
3.573200712298684412e+00,9.939941835820782501e+00
3.575810746871472379e+00,9.937890890077891726e+00
9.949103611582076567e+00,4.878111300925706217e+00
3.452586145806532780e+00,1.003558615074270932e+01
3.718642148543356285e+00,9.827382223334844014e+00
3.414463614726751306e+00,1.006647720517794475e+01
3.610883761887572874e+00,9.910486957054192914e+00
3.449990805858052845e+00,1.003764860537227754e+01
3.747833445984533718e+00,9.805036979597170799e+00
3.720122478476338923e+00,9.826204996906565015e+00
3.447396361554436961e+00,1.003969653786169935e+01
3.444966921588575648e+00,1.004163640713829508e+01
3.442553123668949944e+00,1.004352314392523127e+01
3.677107739141193488e+00,9.859153791405436351e+00
3.678797054844125114e+00,9.857847740033340855e+00
3.528865637885973960e+00,9.974617016420317839e+00
3.751095001179311605e+00,9.802462212927975926e+00
3.618564318532826007e+00,9.904393729359572518e+00
3.506352359783035499e+00,9.992416994949040898e+00
3.507074407109484593e+00,9.991840430387172844e+00
3.645786405267579244e+00,9.883272633343420210e+00
3.498370370299365817e+00,9.998730076987957460e+00
3.740973675364736017e+00,9.810142423379415888e+00
3.598554721049152860e+00,9.919916844542166601e+00
3.550383084565507996e+00,9.957606596918292752e+00
3.554730811657922818e+00,9.954176475339940211e+00
3.551470286389750264e+00,9.956727913569677568e+00
3.667986722775756103e+00,9.866090878770043204e+00
9.943296253574267496e+00,4.885465698838602933e+00
3.434577546963958561e+00,1.004983156399809197e+01
9.933485765055648287e+00,4.898825186346326355e+00
3.397865677859245093e+00,1.008053040940947831e+01
3.603500034086895010e+00,9.916007389128957072e+00
3.604926400348205995e+00,9.914884996703841935e+00
3.628419534734506513e+00,9.896603125553122382e+00
3.728909058956935141e+00,9.819262680330405502e+00
9.938579702651136216e+00,4.891733037144000207e+00
9.949446886093962661e+00,4.877304926750088754e+00
3.399906999668759422e+00,1.007801020765357514e+01
3.632189553238773794e+00,9.893656373295556250e+00
3.429279487994460140e+00,1.005401888233891583e+01
3.632228279760290945e+00,9.893623094153889852e+00
9.954450199106213759e+00,4.870868506182959301e+00
9.957674041902498274e+00,4.866827801810935661e+00
3.675432496232675650e+00,9.860210250249856756e+00
3.658342270036183397e+00,9.873378788798081729e+00
3.425450041992896821e+00,1.005703875320102192e+01
3.613890873913014445e+00,9.907766729097525982e+00
9.931443503822453778e+00,4.901498471850848304e+00
3.405604332431369397e+00,1.007316606772583079e+01
3.661140726866078499e+00,9.871166648003848465e+00
3.619861524348708670e+00,9.903077723540235411e+00
3.733533627080563910e+00,9.815578454987759827e+00
9.954211706052950248e+00,4.871052106508035884e+00
3.420107348032507488e+00,1.006127208034725840e+01
3.717593781455680979e+00,9.827741026721422912e+00
9.916880353348290100e+00,4.922707425179871699e+00
3.694932575362791738e+00,9.845103693655696375e+00
3.417693188606440557e+00,1.006318755233618667e+01
3.398377997954289409e+00,1.007950376657347391e+01
3.752914787203059266e+00,9.800713501350863055e+00
3.534004201115238164e+00,9.970111121525487619e+00
3.535003146435215626e+00,9.969318412139228869e+00
3.450310809307857607e+00,1.003671642809801234e+01
3.539873357451670532e+00,9.965466956627999195e+00
3.545501283656193880e+00,9.961036558118800954e+00
3.496479817447024629e+00,9.999784869020388101e+00
3.428432497744594354e+00,1.005435596891334349e+01
3.600792620893970231e+00,9.917766275124440867e+00
3.546369505693252933e+00,9.960330144163100030e+00
3.425944758479113172e+00,1.005635807849641061e+01
3.487962677204419659e+00,1.000651698608847440e+01
3.446512240310433128e+00,1.003971603439634919e+01
3.649070391485004006e+00,9.880300897235596125e+00
3.650129492312033097e+00,9.879479079457498258e+00
3.713178356777667055e+00,9.830984799835290389e+00
3.410988891678884638e+00,1.006845751265862710e+01
3.444485207037361274e+00,1.004130264796360450e+01
3.554798117115923972e+00,9.953645827919647360e+00
3.557223258008565203e+00,9.951740884843983892e+00
3.672039502906268016e+00,9.862541990758970201e+00
9.916252545322077339e+00,4.923433773880083741e+00
9.933025578732479488e+00,4.898912880821511884e+00
3.437654620790969062e+00,1.004671098802644558e+01
3.405172741339314246e+00,1.007307566597190274e+01
3.742741245523415472e+00,9.808292658703340550e+00
3.743961997402913688e+00,9.807360526901936382e+00
3.744001252372270550e+00,9.807315263474658096e+00
3.465444121567446967e+00,1.002431282394436707e+01
9.947680019411571095e+00,4.879079573056899655e+00
9.947204872345860593e+00,4.879692609052363572e+00
3.719644744481120924e+00,9.825864338633973460e+00
3.781187637411322910e+00,9.778941628952635412e+00
3.660761089564837700e+00,9.871057884783647651e+00
3.548940947355766262e+00,9.958012433106926409e+00
3.694871074547464218e+00,9.844806068614149197e+00
3.548692010471856673e+00,9.958201101472857530e+00
3.783455384101631402e+00,9.777186358391741550e+00
3.748689900010186982e+00,9.803633959572575662e+00
3.491920142194507193e+00,1.000304004451514928e+01
3.426670845496813556e+00,1.005538705994936954e+01
3.554027795932055422e+00,9.953970534868092912e+00
3.590588009574075645e+00,9.925373060365489053e+00
3.591260986122000620e+00,9.924839773802021980e+00
9.956157645704585946e+00,4.868076754984653753e+00
9.915787590948303531e+00,4.923796939207134571e+00
3.447628344668672629e+00,1.003837017518861252e+01
9.923412117866147852e+00,4.912384707007325879e+00
3.765095840712919362e+00,9.791054230582536988e+00
3.474123116121402344e+00,1.001711096842158177e+01
3.599642825938937918e+00,9.918246767154826671e+00
3.597991278291430284e+00,9.919527383668690135e+00
9.934913918421520052e+00,4.895957336807664539e+00
3.737075047399808891e+00,9.812347839514201198e+00
9.950027562188672903e+00,4.875729951226805525e+00
3.577259586020066884e+00,9.935633252327013665e+00
3.703634108249631574e+00,9.837910389634075159e+00
3.779284003235438227e+00,9.780184622684478413e+00
3.689364728617245071e+00,9.848831088573859915e+00
3.605919535403778742e+00,9.913272697229476904e+00
3.717875333003247462e+00,9.826969088695669541e+00
3.604855055447661716e+00,9.914086430770717939e+00
9.947644672537595767e+00,4.878711734465788652e+00
9.938578883436733236e+00,4.890768584662581020e+00
9.953121643695768128e+00,4.871666125068876418e+00
9.927486903757758441e+00,4.906263073125837870e+00
3.706927242585699833e+00,9.835301423377119434e+00
9.945147989354609308e+00,4.881941591146010673e+00
3.733061439855808850e+00,9.815294044726222467e+00
9.937309218594286619e+00,4.892463330321219495e+00
3.677329096227376581e+00,9.857982447176334873e+00
3.429118538170111030e+00,1.005301555588444096e+01
3.758303595923901508e+00,9.796032703615439985e+00
3.518239672250453864e+00,9.981817046550585104e+00
3.615959882014163629e+00,9.905354428799656219e+00
3.644130164354934198e+00,9.883537179636215697e+00
3.593615379020297596e+00,9.922702813545013711e+00
3.427942063776759252e+00,1.005391953374535596e+01
3.531516247617618287e+00,9.971314558296148434e+00
9.921713178893707408e+00,4.914574662590541543e+00
3.644593239554414055e+00,9.883158543335566648e+00
3.493933260229208138e+00,1.000102733353513784e+01
3.594531148368639517e+00,9.921958067761689648e+00
3.743928185644983309e+00,9.806921414527517200e+00
3.618363906385099416e+00,9.903418484149524303e+00
3.488528066249829251e+00,1.000527956230957116e+01
3.666180544006916175e+00,9.866468856759468053e+00
3.539201229751781419e+00,9.965207587999525884e+00
3.698639120487558607e+00,9.841513996361792138e+00
3.549000695123327276e+00,9.957476366016386748e+00
3.621691916648252629e+00,9.900796065678180824e+00
3.621084784579810645e+00,9.901265918523037612e+00
9.941488487811415808e+00,4.886630443701441173e+00
9.919406623484215757e+00,4.917891310820800221e+00
3.474811919303961272e+00,1.001614249720258698e+01
3.683635801970203794e+00,9.852996955521247102e+00
3.436155341575802158e+00,1.004714985292637053e+01
3.474354055390844742e+00,1.001647726878390898e+01
3.433548356416550984e+00,1.004921977112038789e+01
3.474503957180353098e+00,1.001635409375041874e+01
3.472202639623655163e+00,1.001818115408792842e+01
3.470182231188069899e+00,1.001978782534807344e+01
9.918596520944372941e+00,4.918997806640808435e+00
3.569024114366995182e+00,9.941681422021330761e+00
9.922158666668902782e+00,4.913683083644437843e+00
3.429747943583638659e+00,1.005219076566060821e+01
3.502981865297667419e+00,9.993617343571907341e+00
9.912238438836407539e+00,4.928667703148396306e+00
3.506462634694026637e+00,9.990859176644816486e+00
3.570562578648286856e+00,9.940448868543567684e+00
3.399511821561879366e+00,1.007687799707078469e+01
3.531083321858259350e+00,9.971398700577111640e+00
9.942147318866977557e+00,4.885573863215904922e+00
3.657633207498087735e+00,9.872856760069128157e+00
9.924704377124230703e+00,4.909881378742197100e+00
3.488461852175176681e+00,1.000506144471072467e+01
3.490494118460385042e+00,1.000344279991680807e+01
3.791251455577576479e+00,9.770710289625759160e+00
3.744794155690855941e+00,9.806017002419864070e+00
3.547436038886325527e+00,9.958461283955966081e+00
3.768666014298571731e+00,9.787819165982867275e+00
3.722471700181436915e+00,9.823026893486698441e+00
3.551618836364789367e+00,9.955146694194125345e+00
9.925393241851095283e+00,4.908769748882543915e+00
9.918981371747204179e+00,4.918216403749545940e+00
3.710210486377068406e+00,9.832375201906087270e+00
3.398949854355375777e+00,1.007730149480143744e+01
3.562017561341686456e+00,9.946946682763238456e+00
3.511546859144891730e+00,9.986630669351432843e+00
3.588690286708180022e+00,9.926121153922089491e+00
3.505379342077675098e+00,9.991502707058101507e+00
3.710926574367698905e+00,9.831785984697363645e+00
3.736618746790588474e+00,9.812146649114696473e+00
9.937009062597322639e+00,4.892322021380977937e+00
3.516144731858091177e+00,9.982959608716690525e+00
3.514403902341586949e+00,9.984331836166699503e+00
3.505006888272014010e+00,9.991758789091514714e+00
3.757180504428397683e+00,9.796464522574190426e+00
3.497823481845124149e+00,9.997448478015895645e+00
3.664929666798967922e+00,9.867052590054770533e+00
9.924046553539493942e+00,4.910611602176728319e+00
3.486400884411234191e+00,1.000649681200973085e+01
3.529570650692378742e+00,9.972348307799407507e+00
3.526916737384433453e+00,9.974437095835151368e+00
3.665761266371263094e+00,9.866402582534846033e+00
3.400004797392917943e+00,1.007599575861928187e+01
3.457225516040116631e+00,1.002976474052365674e+01
3.786518309179902175e+00,9.774142196300584118e+00
3.596406234493327858e+00,9.920041918788358615e+00
3.411718587861392482e+00,1.006644470321339213e+01
3.573644742880217162e+00,9.937774487057289718e+00
3.481738351993504565e+00,1.001017924060214348e+01
3.750164293725539277e+00,9.801770761311036750e+00
3.544617802656760297e+00,9.960490861299339471e+00
3.594752343941793438e+00,9.921318881795729183e+00
3.484165287011474099e+00,1.000823751860984068e+01
3.457617942091417262e+00,1.002942134247418871e+01
9.946258768480703338e+00,4.879863205788610436e+00
3.596425929768380492e+00,9.919999820517372058e+00
9.938502338607502651e+00,4.890191281408863944e+00
3.432680861599767930e+00,1.004943431025710687e+01
3.543768566608445525e+00,9.961121660391295762e+00
3.788074338270873032e+00,9.772921329258066336e+00
3.546418627957241831e+00,9.959031105261637151e+00
3.430392225722136867e+00,1.005124492154831550e+01
9.948414311817103339e+00,4.877003237724045981e+00
9.936715470782598203e+00,4.892582900071703378e+00
3.556434025921538566e+00,9.951156476157859032e+00
3.447965533831073515e+00,1.003706558003448279e+01
3.689709704681914282e+00,9.847873539106952734e+00
3.462916455900587831e+00,1.002504358831494358e+01
3.790087678457059184e+00,9.771316659808915617e+00
9.952868307206017562e+00,4.871207380777615725e+00
3.583858284417754891e+00,9.929657898531250027e+00
3.460889065606191028e+00,1.002663846588473007e+01
3.636100190009530664e+00,9.889116274373957793e+00
3.809047527269516120e+00,9.756931257194700891e+00
9.920564761406254206e+00,4.915516116358123355e+00
3.607632141153934935e+00,9.911148521480956930e+00
3.777724599220940505e+00,9.780657736091724175e+00
3.565985843227897245e+00,9.943569350350493607e+00
3.587876891065512108e+00,9.926490741927539219e+00
3.652696880831053594e+00,9.876274387008308508e+00
3.421978928331630421e+00,1.005784996517814101e+01
3.612854063274826277e+00,9.907034225885839263e+00
3.694295735899203681e+00,9.844232086745458687e+00
3.694604241332434480e+00,9.843989832696639297e+00
3.735753594771306751e+00,9.812514155386498516e+00
3.416098405142545147e+00,1.006252955929427806e+01
3.594623233530944706e+00,9.921146162328021489e+00
3.657926210144188950e+00,9.872157576903587639e+00
9.909024046576398348e+00,4.933024287341256198e+00
3.415579386383172711e+00,1.006291304450474833e+01
3.429289189631808288e+00,1.005181351542186619e+01
3.520623571215550474e+00,9.979011587879252687e+00
3.697538173416862417e+00,9.841671861921451381e+00
3.523672403258454100e+00,9.976601247721243126e+00
3.682391039006659206e+00,9.853281546829368409e+00
3.662561179172495240e+00,9.868522263097821323e+00
3.519469279850929500e+00,9.979900513482441227e+00
9.928893547698290689e+00,4.903181949586281618e+00
9.930527037304079485e+00,4.900862519476127055e+00
3.488546521996793714e+00,1.000434373966364276e+01
3.590304819469686048e+00,9.924366495851771219e+00
3.685410639972265034e+00,9.850898866105916696e+00
3.593664100352929935e+00,9.921727501275064753e+00
3.664475374015299547e+00,9.866961875386955683e+00
3.594058321136595513e+00,9.921413778477988998e+00
9.909283217457600657e+00,4.932404801461011346e+00
3.714844070499205397e+00,9.828316980624336452e+00
3.550420754853129246e+00,9.955457285545413981e+00
3.785530073762389147e+00,9.774481154791653026e+00
3.609956344317526877e+00,9.909041923982563560e+00
3.771838109233733860e+00,9.784870406038187696e+00
3.668309297727116114e+00,9.863974598860547616e+00
3.463627826506401330e+00,1.002404512046081386e+01
3.404483380364861311e+00,1.007168220968408079e+01
3.462516193386736330e+00,1.002492534165413751e+01
3.596032377311413786e+00,9.919827889580377089e+00
3.654462879973643386e+00,9.874610619027013314e+00
9.908297861007103080e+00,4.933860446518639975e+00
3.559464144243836170e+00,9.948293630234557483e+00
3.563969498689451676e+00,9.944744652715222344e+00
6.553377877228799164e+00,7.962455384481287979e+00
3.802462781822498084e+00,9.761534272269978274e+00
3.706553926221427098e+00,9.834518243651707792e+00
3.407018251943598752e+00,1.006943754040382899e+01
3.734939086709506029e+00,9.812814031710150431e+00
3.636698635453654127e+00,9.888170947115453302e+00
3.400307738144015879e+00,1.007475499017972353e+01
3.444772490814117738e+00,1.003893008168507173e+01
3.502340467413544989e+00,9.993080855751518499e+00
3.443592511320135330e+00,1.003987306029536164e+01
3.506979673121688013e+00,9.989405366819225307e+00
3.574486462002436138e+00,9.936429013495180484e+00
3.525162948404892305e+00,9.975048106780439738e+00
3.578432287862032268e+00,9.933334363195026384e+00
3.522012588659173105e+00,9.977526716580319643e+00
3.483758523102305826e+00,1.000777595185873636e+01
9.924566805506911393e+00,4.909000513663245968e+00
3.578661805581356603e+00,9.933131975195026442e+00
3.533296266376381389e+00,9.968624700667877647e+00
3.474801370601018569e+00,1.001485192399018409e+01
3.583271601492779901e+00,9.929505540432669974e+00
3.582703534121276956e+00,9.929946491800819786e+00
3.534904716947888659e+00,9.967316797612481238e+00
9.916788782117706091e+00,4.920463193196503937e+00
3.586249179554247934e+00,9.927162779534786097e+00
3.761183858116341039e+00,9.792704598036893415e+00
3.470449754932153574e+00,1.001825989750514267e+01
3.667088906355889577e+00,9.864634078640161619e+00
3.615074207410584162e+00,9.904770310414395595e+00
3.740536329390689030e+00,9.808411648908840874e+00
3.543070933413782431e+00,9.960856932291136445e+00
3.699476428466561106e+00,9.839754024081486250e+00
3.548493742458712852e+00,9.956592011979561008e+00
5.047332944542761268e+00,8.778298118628372393e+00
6.138069528507772432e+00,7.915986918378541404e+00
7.888678848530605414e+00,6.531957775777599728e+00
7.922786323724820612e+00,6.504981627096150021e+00
6.759191367805181372e+00,7.424907235512830717e+00
3.527553955385650308e+00,9.979824046086116951e+00
5.484667327876285192e+00,8.432542495928533555e+00
7.194816267658357134e+00,7.080537769509819057e+00
8.146825574784010371e+00,6.327872744526289672e+00
7.115396797470562973e+00,7.143319107727921669e+00
9.630135515434643523e+00,5.155204607190824184e+00
4.643674641459414332e+00,9.097420186993147695e+00
6.249246369470734308e+00,7.828068049009143436e+00
5.816171186845902952e+00,8.170449563059367648e+00
6.014222999292240246e+00,8.013885025619922331e+00
7.475191136952840765e+00,6.858866728823764802e+00
7.377836622595552285e+00,6.935842428882642352e+00
9.206957812045457601e+00,5.489769974669858499e+00
4.472352931119027986e+00,9.232883996451590747e+00
5.855130266517571513e+00,8.139669594688170307e+00
3.974071635359070598e+00,9.626821240704614979e+00
4.297282464838470872e+00,9.371264170888981226e+00
7.001312008647275320e+00,7.233528769753124088e+00
3.990785591458295922e+00,9.613585122054887577e+00
3.777935974050325552e+00,9.781875478223071241e+00
9.785034761165594119e+00,5.032719826084549375e+00
3.699440027632820094e+00,9.843928714071841668e+00
4.978819627986139196e+00,8.832475624219114252e+00
3.752254427548653126e+00,9.802176998737794023e+00
6.768696074730604195e+00,7.417396894811533414e+00
6.303823319025134708e+00,7.784931573592836607e+00
7.807679728877156222e+00,6.595983609315021923e+00
7.348483843653528247e+00,6.959047393040033391e+00
6.456618677779772497e+00,7.664122853424244930e+00
6.395823955669731831e+00,7.712207180786204042e+00
9.432583761578751336e+00,5.311361819799818917e+00
7.623405188686948719e+00,6.741703459236317642e+00
6.691974576444435385e+00,7.478083345212734656e+00
8.408037815588206954e+00,6.121383143504639968e+00
7.797383203961397058e+00,6.604149461552617062e+00
6.369831498620170507e+00,7.732744949488224329e+00
9.879032968053826025e+00,4.958414456926730551e+00
4.008224980082188083e+00,9.599818357599055219e+00
9.133875358428053204e+00,5.547508771979041242e+00
8.582483510091231338e+00,5.983438549404906937e+00
9.151414845891761018e+00,5.533674537825766571e+00
5.670025379469047166e+00,8.285986905592581664e+00
6.447230956756051512e+00,7.671575805491309019e+00
6.443303069906491487e+00,7.674651533301498851e+00
4.193014711956894125e+00,9.453708073915649379e+00
6.549013227103168688e+00,7.591085396087523307e+00
8.833644074842585070e+00,5.784882506868913588e+00
8.410150085523373065e+00,6.119698046247315837e+00
6.896557028417459989e+00,7.316321004338378842e+00
4.457772955998027697e+00,9.244419545357263956e+00
8.915105392575068066e+00,5.720474911517765548e+00
9.373721590902354350e+00,5.357892934435090737e+00
5.819814503504278314e+00,8.167593639807556372e+00
7.181322517843073072e+00,7.091190880249063966e+00
7.641260122122225162e+00,6.727552912791714412e+00
8.288094893018191911e+00,6.216205302905008168e+00
8.386187449089854695e+00,6.138627725523082113e+00
3.843758414311093219e+00,9.729817696859258902e+00
5.866865696548028808e+00,8.130386401169532817e+00
4.369961126073182101e+00,9.313837600786124327e+00
9.075254974358994531e+00,5.593893454531363219e+00
3.572749099468021772e+00,9.944076518248266439e+00
9.829766434343198966e+00,4.997343920540408213e+00
5.914461184861858456e+00,8.092743736565891410e+00
4.206459480818231178e+00,9.443077458607906038e+00
8.318707233140477442e+00,6.192001971083731071e+00
8.928246214411068138e+00,5.710092094652696737e+00
4.364428579734306979e+00,9.318207016370793738e+00
9.854869620018041232e+00,4.977526131161591039e+00
5.957494671972978217e+00,8.058722914940553039e+00
5.868204959252734554e+00,8.129335042746825835e+00
8.875662088221098145e+00,5.751662717561696780e+00
6.734869040408353769e+00,7.444141358943276998e+00
8.480497851968124223e+00,6.064079916027862893e+00
3.486757619137747621e+00,1.001206432032472193e+01
9.762645184992379654e+00,5.050433518436262759e+00
9.242960801876249022e+00,5.461282820534401061e+00
5.948395281080520292e+00,8.065928860811645507e+00
8.564190697933444341e+00,5.997918846365354995e+00
5.724521684572282609e+00,8.242928164949752556e+00
8.172293574841056341e+00,6.307748260753590408e+00
5.176256381429460873e+00,8.676385780916055168e+00
5.163414003794920326e+00,8.686535207830049288e+00
3.740891668870045539e+00,9.811162464774591641e+00
6.771873523254416050e+00,7.414914653894582486e+00
6.143240427043920704e+00,7.911877367337143419e+00
7.933071106606019107e+00,6.496857578485946583e+00
8.037691394039091719e+00,6.414143082685596298e+00
8.769168139726435385e+00,5.835879126828125152e+00
5.824920782283143694e+00,8.163536446033074157e+00
7.739062858486767560e+00,6.650246072360724625e+00
8.319668305599584812e+00,6.191226565732591780e+00
6.947244815221953473e+00,7.276234695777542782e+00
6.685849133366963848e+00,7.482906109339643841e+00
9.105774704639328476e+00,5.569764778578001341e+00
7.719847164079401303e+00,6.665434706458434277e+00
9.467992746201394638e+00,5.283380337484119060e+00
6.856883103485142072e+00,7.347683058229653952e+00
5.535806072752270879e+00,8.392135271284130837e+00
8.592585377718542361e+00,5.975444426021370603e+00
9.207491693707481772e+00,5.489344041931262019e+00
5.013781088220389037e+00,8.804845095776162367e+00
6.470393716909979887e+00,7.653233280466462674e+00
4.101216832742685447e+00,9.526268573361463154e+00
4.524720903694949392e+00,9.191484533818126579e+00
7.332283416528271758e+00,6.971845561793935886e+00
5.589239460802699178e+00,8.349879935995254243e+00
3.545178070846837226e+00,9.965896152490747895e+00
3.410571267830055930e+00,1.007232500713842782e+01
6.598102642265343931e+00,7.552295039748792682e+00
6.315640957743176465e+00,7.775610864960063040e+00
9.131500166998328893e+00,5.549395758037741544e+00
5.406919853572194512e+00,8.494023266235579683e+00
7.733056287907272619e+00,6.655013676968249747e+00
4.539268523336083661e+00,9.179972789773463759e+00
4.195902470471827073e+00,9.451424292886901668e+00
4.392950303577526583e+00,9.295646972296584210e+00
8.331319019229832534e+00,6.182011403395526905e+00
3.760685421271377393e+00,9.795486884966319252e+00
7.977890118207401571e+00,6.461440639862777502e+00
9.740311903805832117e+00,5.068074950446153970e+00
9.405871921382889411e+00,5.332492191904893097e+00
7.734861464419376276e+00,6.653557305326452287e+00
9.813692095369958679e+00,5.010057907123376175e+00
7.470484118441444998e+00,6.862588495940528333e+00
7.168112055442184882e+00,7.101641972007032066e+00
3.651545798458820435e+00,9.881803795864950501e+00
5.634932578052675112e+00,8.313736942705041599e+00
3.436224257755048139e+00,1.005202245250581683e+01
8.196697125116331861e+00,6.288436565845191950e+00
6.357417557302293964e+00,7.742566086569352635e+00
4.591100201132224612e+00,9.138999322185600960e+00
5.900396260481076460e+00,8.103864730547744699e+00
9.064717394427390218e+00,5.602202057513363975e+00
7.262018202834706671e+00,7.027390914139642675e+00
7.320465232576216508e+00,6.981190947451727524e+00
8.042887209098974921e+00,6.410051953843975525e+00
4.554230988956788906e+00,9.168132450326634597e+00
4.624023030648210408e+00,9.112984775763170120e+00
4.689900614916110655e+00,9.060887419169969093e+00
6.715463530726516694e+00,7.459494979065159903e+00
6.086091231928245193e+00,7.957052392272039754e+00
5.310650819731614902e+00,8.570125891042193800e+00
8.012829266524200023e+00,6.433834619695054435e+00
3.544125845651405093e+00,9.966721316115211948e+00
3.647914699455801824e+00,9.884647689872569032e+00
7.759738506965494942e+00,6.633891624267802101e+00
3.794377868526912501e+00,9.768874693744219684e+00
5.611709736340804611e+00,8.332102784044590038e+00
9.436121422930849434e+00,5.308582778431712335e+00
6.425965120742975323e+00,7.688386003497840626e+00
8.051494283144036146e+00,6.403266476695869791e+00
5.488678692420487337e+00,8.429389905105962200e+00
8.115411963930988293e+00,6.352713830943305773e+00
8.665424885645538922e+00,5.917875798092713246e+00
5.356954164251581219e+00,8.533498691660767577e+00
8.427773159817487425e+00,6.105760678599341240e+00
9.037613232985796330e+00,5.623651939257483079e+00
6.576445660070993959e+00,7.569385446336654333e+00
4.633330860308422672e+00,9.105602704052571994e+00
4.947525877611795408e+00,8.857191349682771886e+00
9.735083909824187032e+00,5.072236712811458936e+00
4.005532750106653772e+00,9.601914027597423740e+00
8.110723412325782533e+00,6.356421345433298065e+00
9.190709535272130637e+00,5.502577271064739151e+00
7.171578221761144789e+00,7.098916917960192308e+00
4.654710549535225006e+00,9.088682063667468114e+00
8.608516693433482914e+00,5.962886266425216242e+00
6.320743914363788463e+00,7.771577334998797326e+00
9.124523652478739422e+00,5.554942697872968793e+00
7.315526870990003871e+00,6.985083553819784186e+00
3.608498206099440608e+00,9.915837912852856206e+00
4.019032195257836726e+00,9.591266101599204674e+00
6.397524202532054893e+00,7.710851280613209902e+00
3.750904965529729740e+00,9.803223248926755673e+00
5.153836221465653011e+00,8.694118471238654777e+00
8.526329585289023072e+00,6.027847360867039761e+00
4.467839629278973490e+00,9.236457808497833710e+00
3.658714744948413866e+00,9.876131206892496905e+00
4.573337939981840350e+00,9.153034224529283946e+00
3.749810578267136041e+00,9.804121913274753908e+00
6.886070876273697294e+00,7.324629853459903472e+00
9.930782838030832949e+00,4.917490075904532354e+00
8.577762784006470298e+00,5.987192971961976973e+00
6.138987496408156552e+00,7.915237114496473048e+00
5.553298221771102661e+00,8.378295464108468593e+00
9.311207700420919053e+00,5.407350468162763768e+00
4.392653470166320240e+00,9.295860669461596615e+00
7.484811280951837453e+00,6.851261566489574406e+00
8.382439556347996756e+00,6.141598548783095524e+00
7.027450461369765478e+00,7.212822629702122512e+00
9.574018889456436199e+00,5.199551121083531235e+00
6.495381743266802843e+00,7.633478729134839824e+00
4.833208436349048398e+00,8.947562715264151478e+00
6.151259150037510892e+00,7.905563818268235288e+00
5.574483617594792939e+00,8.361531963559940550e+00
9.299604923895710584e+00,5.416523396900301712e+00
7.462906336919728822e+00,6.868589076228275303e+00
5.794048121963571774e+00,8.187942384687403319e+00
6.110832760322097990e+00,7.937525757451389552e+00
5.013447268194032524e+00,8.805069518331453793e+00
3.853617311481139396e+00,9.722040561554951665e+00
7.657923654466903152e+00,6.714381234106014951e+00
3.670352600927817122e+00,9.866944303610937439e+00
8.477133589218556864e+00,6.066723304952773788e+00
4.899395002613149863e+00,8.895240117564192417e+00
8.091728566698826342e+00,6.371418476414089760e+00
3.683804056418038986e+00,9.856273064515601590e+00
3.918173398201643565e+00,9.670992859461190250e+00
7.674389877500789048e+00,6.701368908527554957e+00
7.035002932699688571e+00,7.206866960285921664e+00
4.631524262871056230e+00,9.107039966455415581e+00
7.064489411747126191e+00,7.183580964816449033e+00
8.076619469311269839e+00,6.383370882675901470e+00
6.457187467424824412e+00,7.663673394109239645e+00
3.430675522810296751e+00,1.005642825309002397e+01
4.304380125797309553e+00,9.365668381486132787e+00
5.818262759054437794e+00,8.168823856054540755e+00
6.500386961979485179e+00,7.629532035828015424e+00
4.977991526096345432e+00,8.833109942469619114e+00
6.588765321090350291e+00,7.559647421895125952e+00
7.536624856708360909e+00,6.810313174639725631e+00
9.957444406562025563e+00,4.896423565855187121e+00
9.016513452175543009e+00,5.640306861433525221e+00
9.224246882596933261e+00,5.476064549528008918e+00
9.477892986464688363e+00,5.275546921731623762e+00
8.996202410893825885e+00,5.656384975507726232e+00
5.893237794604376134e+00,8.109519771438099767e+00
9.595899590823712799e+00,5.182248790680487716e+00
7.151820876162270579e+00,7.114526180013988288e+00
9.508512879055279754e+00,5.251326071358471737e+00
7.941691163251332952e+00,6.490047557665577393e+00
8.532440549756318049e+00,6.023016184669857331e+00
8.916038079129581462e+00,5.719745321345871325e+00
5.712719406950728995e+00,8.252267469333046890e+00
8.983623520586681011e+00,5.666312526659463167e+00
7.151371868192603287e+00,7.114855583519585913e+00
4.275012888181524140e+00,9.388873249634968943e+00
4.986107995096249468e+00,8.826695532811344336e+00
4.012448666418459986e+00,9.596481247900317868e+00
6.291741384188092923e+00,7.794472365783206236e+00
4.600306957615297065e+00,9.131696723043715380e+00
9.952038676397631178e+00,4.900704221511110070e+00
6.059062035049702644e+00,7.978418310645583489e+00
6.312501225620967382e+00,7.778070133500261996e+00
6.371499170857424232e+00,7.731411319891702050e+00
7.366903184394427484e+00,6.944495472035001171e+00
9.391108474371979042e+00,5.344163622389523027e+00
7.226304978970013337e+00,7.055637068835145520e+00
9.505382238527694483e+00,5.253809367309103528e+00
8.497762273299647617e+00,6.050444833974656156e+00
4.981977199663486289e+00,8.829981500142222828e+00
7.495269086069182407e+00,6.843007279828017708e+00
3.986808989278916471e+00,9.616728291303974885e+00
9.755556815450651342e+00,5.056028176627297199e+00
8.612066204003511416e+00,5.960076735552285676e+00
5.420982006540736364e+00,8.482902040832559720e+00
9.256707269281784889e+00,5.450410928762124740e+00
5.280888980758673412e+00,8.593636165029014506e+00
7.956739225696744633e+00,6.478141582916615349e+00
4.110334964488062681e+00,9.519077836713911722e+00
5.235207519993873682e+00,8.629748078994248672e+00
9.166669665145711576e+00,5.521600681786016374e+00
8.170744706223690201e+00,6.308971271710332118e+00
3.800546461132080722e+00,9.763976803640746382e+00
3.832654404839614060e+00,9.738602392946690500e+00
7.637515429042196047e+00,6.730534762154083417e+00
9.897142961320367860e+00,4.944085428042816588e+00
6.080817433827320428e+00,7.961218423391114740e+00
6.752195516133295605e+00,7.430470048544891348e+00
7.476960167747039421e+00,6.857457449589463572e+00
5.005157662506013239e+00,8.811622387883502938e+00
7.646831104656396150e+00,6.723179580723923188e+00
8.276406049741552806e+00,6.225415861665655193e+00
7.711513069720325575e+00,6.672010477534076500e+00
4.471961000049312851e+00,9.233172410964815668e+00
5.012373492415592935e+00,8.805950275890484846e+00
4.231134914215457954e+00,9.423568653265945727e+00
5.122516293319604230e+00,8.718856825256292353e+00
3.398972743558930087e+00,1.008146663577813840e+01
6.718195021957728663e+00,7.457316162950547778e+00
8.562496336431905775e+00,5.999246164268813963e+00
9.286880287656329003e+00,5.426550396579545854e+00
4.632120488633970190e+00,9.106553453924572494e+00
6.954305854748012550e+00,7.270663192181904932e+00
9.820743661376113209e+00,5.004502424096659574e+00
7.601398108465433623e+00,6.759065252142019808e+00
5.001383959898857867e+00,8.814611065273966872e+00
8.729931854323208285e+00,5.866883254100337730e+00
3.822159665471440704e+00,9.746902934892874626e+00
7.744912143504959268e+00,6.645642790496750330e+00
7.145419534418616436e+00,7.119588503753857545e+00
6.991290842782165171e+00,7.241415274095575505e+00
4.773636169026942433e+00,8.994695830327723129e+00
9.889545607889331791e+00,4.950092911309497801e+00
3.976649866997172822e+00,9.624763364628357465e+00
5.649939167146188268e+00,8.301875914356129371e+00
9.596097993227207468e+00,5.182089071907104660e+00
9.202182478635602791e+00,5.493531727646865370e+00
3.480377619257161381e+00,1.001711575197879611e+01
3.861869351916605186e+00,9.715531994301606744e+00
9.531002374610540784e+00,5.233555957968632377e+00
7.707130029974694096e+00,6.675491881629641355e+00
9.521199298302184033e+00,5.241326639533992804e+00
7.248217902631973963e+00,7.038328001445261606e+00
5.192294661550489465e+00,8.663685844122944957e+00
3.797645757330561977e+00,9.766267426334673374e+00
8.184404910785072929e+00,6.298168605947031651e+00
4.666547227207651360e+00,9.079362112978435206e+00
7.730234452825003544e+00,6.657242151453841572e+00
6.204484718424996714e+00,7.863458407871604550e+00
7.235883105179270025e+00,7.048052001347745232e+00
5.002950333764088597e+00,8.813382512291310533e+00
5.097238606194806287e+00,8.738859433902437246e+00
5.174406501741465547e+00,8.677834603537254665e+00
6.730058111194871628e+00,7.447978938057387310e+00
5.199394481906224108e+00,8.658062816430945219e+00
7.003384339015690685e+00,7.231887577362074992e+00
5.187910734553243586e+00,8.667152944660950098e+00
8.221436189405903150e+00,6.268890870271513371e+00
3.867188550375242784e+00,9.711293168118105612e+00
3.997775119849012349e+00,9.608063583462648438e+00
9.282081814366643258e+00,5.430373605206084697e+00
7.747128973911202365e+00,6.643886497234972488e+00
7.751775364447107464e+00,6.640218531981055605e+00
6.062679772164882408e+00,7.975564950146363685e+00
9.731665009149672585e+00,5.074911113614875013e+00
9.832686045614018155e+00,4.995058065091988020e+00
6.063980080173593912e+00,7.974545957881353786e+00
5.968385296456336420e+00,8.050107924469216414e+00
7.010532849758766893e+00,7.226206878098742514e+00
7.558774842554188744e+00,6.792802485337123386e+00
7.331278871631450755e+00,6.972641635049652287e+00
8.159701672580093046e+00,6.317681520726253552e+00
9.946067227170352965e+00,4.905403621700238581e+00
7.893227228802771833e+00,6.528369989288634656e+00
5.784993173560671664e+00,8.195094823301795728e+00
7.651574921741479685e+00,6.719406447824837869e+00
8.680711222998432675e+00,5.905809174318561006e+00
6.122559295534758306e+00,7.928245690061189066e+00
5.253054851716258078e+00,8.615654766642482087e+00
4.369618291926065545e+00,9.314084732929371668e+00
4.640711490504016545e+00,9.099763183232450814e+00
8.355973389115041172e+00,6.162531213906308203e+00
7.752863926242404169e+00,6.639324101135368750e+00
4.874898724737317224e+00,8.914632111103001577e+00
9.675505510041855217e+00,5.119327052278187296e+00
5.102857469627939402e+00,8.734397506233252173e+00
6.878958407180586043e+00,7.330236142816175082e+00
9.482112319709964154e+00,5.272213872078607366e+00
5.887863722201540639e+00,8.113786928713233593e+00
6.890442894992018452e+00,7.321157482164946551e+00
5.699099684543681654e+00,8.263039894483396708e+00
9.242167319367329270e+00,5.461927926786113829e+00
7.609059698936467164e+00,6.753046353616718456e+00
7.140971616744388406e+00,7.123114753696726531e+00
4.805666576785442956e+00,8.969342808514230825e+00
9.923274861666248725e+00,4.923428749146922634e+00
9.867499656867270375e+00,4.967535489187337561e+00
4.449933384984123386e+00,9.250575662083059925e+00
9.208038594544564859e+00,5.488892719020132205e+00
3.536099882832364649e+00,9.973043371379764821e+00
5.607287776182737105e+00,8.335615606569355407e+00
5.670372588797983227e+00,8.285744788293047947e+00
6.056437925091215035e+00,7.980513412761424341e+00
6.926159110049488810e+00,7.292902261647628670e+00
5.935284026979775085e+00,8.076294087114842313e+00
5.310341543931039965e+00,8.570347143816343660e+00
9.335818709254274594e+00,5.387889212908389069e+00
4.527273961620268850e+00,9.189440693204907973e+00
4.085344089457065841e+00,9.538819735874936256e+00
5.183855514666412034e+00,8.670361344842156370e+00
9.031020571817755638e+00,5.628829663988079268e+00
7.717643283841309376e+00,6.667206028539295559e+00
3.868864899156652104e+00,9.710003144877440207e+00
8.100103720007512109e+00,6.364831123785502420e+00
7.543515587682009915e+00,6.804863789909306071e+00
4.521108788184861282e+00,9.194310077046067065e+00
6.868642026152025792e+00,7.338400181869523919e+00
9.741924626990726921e+00,5.066806030982743181e+00
4.059967943365551335e+00,9.558906407182611531e+00
3.980732901852479522e+00,9.621537529562351310e+00
5.182453282823590079e+00,8.671472986468897304e+00
4.068017635608919491e+00,9.552516207098321388e+00
9.676641742049458372e+00,5.118409303080217576e+00
9.760712780377380327e+00,5.051961519669272427e+00
8.194489858906791824e+00,6.290175102569982357e+00
5.853200490989392435e+00,8.141170203598337096e+00
4.584996227011421510e+00,9.143804552919482020e+00
8.205523396805631364e+00,6.281458135466793991e+00
7.555770815484928349e+00,6.795162743020234153e+00
9.342574882783651447e+00,5.382547016838267417e+00
6.933267573187151811e+00,7.287313261985440604e+00
3.909167692592795618e+00,9.678134045300771149e+00
3.906392415790011619e+00,9.680332219411734940e+00
4.186785886651856359e+00,9.458625005291489529e+00
4.543344656283457184e+00,9.176732428369861694e+00
5.653011321039381087e+00,8.299455926088217694e+00
6.233113268484997249e+00,7.840853259746024762e+00
4.781531029693672608e+00,8.988446478157397834e+00
9.267684920923237257e+00,5.441735237973248651e+00
5.764945062148672861e+00,8.210981386299721407e+00
8.856711547621436864e+00,5.766653540189863314e+00
6.744693542323119573e+00,7.436393046485195946e+00
4.610831186145923688e+00,9.123408243120863403e+00
9.365566936073452808e+00,5.364349482477195785e+00
9.921196764848016159e+00,4.925069524019997758e+00
4.467658123219945487e+00,9.236594242899441198e+00
4.525812307527138145e+00,9.190603943697073674e+00
5.237846831762375643e+00,8.627684513078120787e+00
8.384328930790392320e+00,6.140095966721591303e+00
4.336258859972129009e+00,9.340475136147501800e+00
8.463537288484495491e+00,6.077486144523309264e+00
8.293132846332584407e+00,6.212214263495328126e+00
4.477532541208342209e+00,9.228798737722504697e+00
6.548747828729316822e+00,7.591308309809060795e+00
6.616304107871462392e+00,7.537911396060714253e+00
3.851714984429718047e+00,9.723522830845313436e+00
8.316668042827759066e+00,6.193601646265224581e+00
6.303264146410575641e+00,7.785377262094971940e+00
5.019110447918459172e+00,8.800597076890358750e+00
4.389117924800309822e+00,9.298685943383464547e+00
5.783706463894500160e+00,8.196129310508283083e+00
6.458053412248000669e+00,7.663016119442145779e+00
9.447234709198914615e+00,5.299780096464711043e+00
8.046568614973018896e+00,6.407156770824923520e+00
5.512551489494980750e+00,8.410518638511149447e+00
5.958192133772159060e+00,8.058197577410048495e+00
8.525594190130757255e+00,6.028412631378123443e+00
8.712576562222583476e+00,5.880613607633189410e+00
6.922491378195742229e+00,7.295808482972863551e+00
6.758251616232881176e+00,7.425678324740212055e+00
8.676774879792525041e+00,5.908922981066104363e+00
5.981689477943398892e+00,8.039593674698972237e+00
3.536187265207670460e+00,9.972973276531133635e+00
4.070686124422293162e+00,9.550415781360207745e+00
4.548970557834642214e+00,9.172309786641315910e+00
7.118716967433996068e+00,7.140673734278382589e+00
7.289649384587245429e+00,7.005532726995391535e+00
4.996946344581291832e+00,8.818120382988094974e+00
5.407059935978564269e+00,8.493891517331048746e+00
4.448619602363266701e+00,9.251619334781983284e+00
3.687710614707103041e+00,9.853214262943270185e+00
8.793222459208489994e+00,5.816863655021847990e+00
5.512646427921625403e+00,8.410425038542729936e+00
3.455095226808329922e+00,1.003711522384979737e+01
6.360561817544811980e+00,7.740090294697407280e+00
7.094265214752888404e+00,7.160019957904042442e+00
6.042520515639560053e+00,7.991499411865636837e+00
6.253478686135766296e+00,7.824739975717535323e+00
9.139626435490647793e+00,5.542963653877025720e+00
4.363402458025751329e+00,9.318998166139182970e+00
7.404649188238876079e+00,6.914624246219764458e+00
6.724308982422139813e+00,7.452512752543595909e+00
9.712387252460477072e+00,5.090181044403641941e+00
9.473342997427614876e+00,5.279170389386944606e+00
4.539857045285825343e+00,9.179505491309186027e+00
9.494974981937101433e+00,5.262044319297761064e+00
9.642168765838611932e+00,5.145696279149415631e+00
7.924860401568445845e+00,6.503354617300827201e+00
6.891862483268164752e+00,7.320045118000805040e+00
6.329870044795676165e+00,7.764329248440267506e+00
6.876833700249372683e+00,7.331928277165545182e+00
3.517557572078845229e+00,9.987735608856231906e+00
9.021276644170811210e+00,5.636548389250974012e+00
6.682750883744320802e+00,7.485366714928784582e+00
9.752136245070147424e+00,5.058723905750741601e+00
9.309865721658880489e+00,5.408396019125329524e+00
5.714451858567084486e+00,8.250866532318454460e+00
5.786403509374551390e+00,8.194001912311092539e+00
4.878180478379970708e+00,8.912013910286258778e+00
4.947016468550426538e+00,8.857610982557110546e+00
8.404168786232112609e+00,6.124433314835495246e+00
5.743883374793835372e+00,8.227610699955496543e+00
5.437294933042599254e+00,8.470015126539259143e+00
4.436743392138256858e+00,9.261034656470958026e+00
5.236474218598017316e+00,8.628769144894448573e+00
5.118043847603752639e+00,8.722412279009319036e+00
6.004941380404579476e+00,8.021222843282265202e+00
9.313282320475208209e+00,5.405699341793409829e+00
9.082271333551730663e+00,5.588317976901954864e+00
7.779602400280559493e+00,6.618212001332640426e+00
6.098766600530467485e+00,7.947031317335910394e+00
8.233202914388424887e+00,6.259585853299902247e+00
7.481948279329084350e+00,6.853527361391832606e+00
4.628525168862726247e+00,9.109387110544968635e+00
9.745264982703496059e+00,5.064192317799146359e+00
4.967627273923266529e+00,8.841294892810228845e+00
5.995220323158576115e+00,8.028920633843023680e+00
8.698983533986300642e+00,5.891333370288186266e+00
8.283483072714673767e+00,6.219819276113359940e+00
9.899424153977788521e+00,4.942308543944530896e+00
3.578178316817106630e+00,9.939783337115754236e+00
4.972588103099185197e+00,8.837410693255739247e+00
7.356682337491193380e+00,6.952537325759342579e+00
7.766135526630173480e+00,6.628843406926464787e+00
7.815480564460773216e+00,6.589846592043996587e+00
4.552191651164329222e+00,9.169743373280084597e+00
7.315324014343296710e+00,6.985274467626236827e+00
3.928734885062115101e+00,9.662653515006539351e+00
7.369573654456946343e+00,6.942366732890355330e+00
5.205877254168118640e+00,8.652956506496455091e+00
4.170517417563521789e+00,9.471492374037536521e+00
7.811404292888721734e+00,6.593066971440616264e+00
9.526765271098462051e+00,5.236899694348504219e+00
4.383388356822890408e+00,9.303220603787277554e+00
7.187657136486956588e+00,7.086193044341683844e+00
6.026778392802950357e+00,8.003941961916268610e+00
7.833091470812776791e+00,6.575931345159358621e+00
7.534194889511547366e+00,6.812211307607772603e+00
8.843747966895779911e+00,5.776908317199344722e+00
8.643515772005397224e+00,5.935197670254441782e+00
7.675838305005600937e+00,6.700237921595103785e+00
8.790603735928797846e+00,5.818899629476535829e+00
7.561350280672770374e+00,6.790752455135041110e+00
6.679100468483568420e+00,7.488233229195554230e+00
6.830540979774497146e+00,7.368506560029239871e+00
5.599358257563488372e+00,8.341883635082879778e+00
8.844335886971851579e+00,5.776441449985706633e+00
4.359438327058860807e+00,9.322159274228742021e+00
6.811184073615855539e+00,7.383828529335827895e+00
4.614013463073466603e+00,9.120870710894521949e+00
6.482192839001106321e+00,7.643927105620456075e+00
4.017830060683134974e+00,9.592204519409524011e+00
5.707602066915991479e+00,8.256313744190595827e+00
7.605862763593803422e+00,6.755563268961505941e+00
5.306598821289830958e+00,8.573348123593961034e+00
5.204189291758607006e+00,8.654308900700268481e+00
9.456319826759068903e+00,5.292604650476525840e+00
9.792039180499838125e+00,5.027210888858061999e+00
9.656553002143757780e+00,5.134298076916206988e+00
5.545474790355599204e+00,8.384477718784687283e+00
4.412342064822540877e+00,9.280312838277122722e+00
5.279858155221454297e+00,8.594481119818686565e+00
6.052788290406480698e+00,7.983412976560783747e+00
7.941449513055518494e+00,6.490265278075845856e+00
6.956162276749624951e+00,7.269218290428179685e+00
8.294386438579767429e+00,6.211238639111710036e+00
4.125739135916998812e+00,9.506922531246777552e+00
4.440961559662964575e+00,9.257674939786319612e+00
8.574345824139442129e+00,5.989891085882137922e+00
8.017676421542054399e+00,6.429962954797480812e+00
9.295297091906128628e+00,5.419889647115922138e+00
7.344856199946645958e+00,6.961905925765076830e+00
8.226389658372841751e+00,6.264966758594320062e+00
4.383832030048968598e+00,9.302841770674159960e+00
8.881147413415718006e+00,5.747318532762946575e+00
7.992380907480090890e+00,6.449989803363730623e+00
5.462216410092722185e+00,8.450302058423652340e+00
9.359113554330118490e+00,5.369454709692939254e+00
3.584518101069244178e+00,9.934802459001215169e+00
7.926214881309816107e+00,6.502308771491766670e+00
3.860734960130281834e+00,9.716424001620380224e+00
3.921732053676906471e+00,9.668190347138377660e+00
4.215656181054618479e+00,9.435824499046201908e+00
