3.827811918663459601e-01,6.172187143613898641e-01
2.581655953175117646e-01,7.418341619689140520e-01
6.399101970128774353e-01,3.600901569528161539e-01
3.232646625539173924e-01,6.767357563134706044e-01
4.360103324296275562e-01,5.639901194543820440e-01
6.336603045785450528e-01,3.663402327972746231e-01
1.608546827144194391e-01,8.391458983994066756e-01
3.040202468228591637e-01,6.959791473423602159e-01
3.977088023629299918e-01,6.022918885676428191e-01
1.997338973923548089e-01,8.002667960492259036e-01
3.602913588965336866e-02,9.639700647745513828e-01
2.446868419843888087e-01,7.553122345331527709e-01
6.440562000787800612e-01,3.559428077392199352e-01
5.478344454468295766e-01,4.521665487085161361e-01
6.339213404870188695e-01,3.660796868591377762e-01
1.380167972010874940e-02,9.861994120146785336e-01
4.108590399713143992e-01,5.891420547188153112e-01
3.805081544781268033e-01,6.194929471689804013e-01
3.073448114590623392e-01,6.926540785506006825e-01
1.945429400524764374e-01,8.054559259118075909e-01
4.054616619209182038e-01,5.945395036636452746e-01
2.083680699137130665e-01,7.916307260682093894e-01
1.229039224941898961e-01,8.770946740713703171e-01
5.229743787587419757e-01,4.770270567404844009e-01
2.233493780883659130e-01,7.766491172226279716e-01
5.323025711975007956e-01,4.676991065108362378e-01
5.413019689958653569e-01,4.586998772444447758e-01
1.790040669586573929e-01,8.209940750526953934e-01
6.470567170950766167e-01,3.529414030733933894e-01
4.787075601551428194e-01,5.212905358747758067e-01
1.780813763603373290e-01,8.219205901633714895e-01
3.856790683709028222e-01,6.143229356821205966e-01
5.287419226213563306e-01,4.712559963493364035e-01
3.191600984655238588e-02,9.680818994038067338e-01
2.651176712906458954e-01,7.348802270397184477e-01
1.490605578734889858e-01,8.509415894547135428e-01
3.417190685744296852e-01,6.582787450646284677e-01
4.631923970018156922e-01,5.368054157394304138e-01
1.983423119862155193e-01,8.016554721943721651e-01
4.218925130965359704e-01,5.781098554865954364e-01
1.145498975114234846e-01,8.854476083468738601e-01
5.954278014719545098e-01,4.045696981152812621e-01
3.015063963152534443e-01,6.984909059908679385e-01
4.932362076591298439e-01,5.067610818481844692e-01
4.853517646867253066e-01,5.146455074463165413e-01
5.564302099847825422e-01,4.435670130234806163e-01
6.665201387590972137e-01,3.334770699462223376e-01
3.928085399605437122e-01,6.071886662450783900e-01
3.375359404879465508e-01,6.624668994860978266e-01
4.684174732169318900e-01,5.315796531696368454e-01
6.267331513682080635e-01,3.732698040565926023e-01
6.001309670981319622e-01,3.998720609131042325e-01
2.828359833637879572e-01,7.171670788222297421e-01
1.312744468988091551e-01,8.687286518979687733e-01
2.568684525134730667e-01,7.431348231986357744e-01
3.728431997665708764e-01,6.271533803426362352e-01
1.459974343050634837e-01,8.540060050955019522e-01
8.870769452137518274e-02,9.112887071818731588e-01
6.630366412510684260e-01,3.369669856431626864e-01
1.703612482812898454e-01,8.296351120884197794e-01
1.097323814953115179e-01,8.902637526724849204e-01
5.270948628743727521e-02,9.472944060108782205e-01
3.923303155566025269e-01,6.076736098852942858e-01
2.103932938610364178e-01,7.896027231332981566e-01
4.807922367402622799e-01,5.192117835772943613e-01
2.906919382295053977e-01,7.093120922326453526e-01
1.507197909824095627e-02,9.849239449229681975e-01
4.021591878868220338e-01,5.978366875896123922e-01
5.369879436500428760e-01,4.630079001817730688e-01
5.795964081815284663e-01,4.203993927421674770e-01
4.623244320484125591e-01,5.376713289249971384e-01
2.441036519141904781e-01,7.559006804364134524e-01
7.336027560367175404e-02,9.266353775890574518e-01
3.431296373375051778e-01,6.568658973195906636e-01
5.618078773574527451e-01,4.381965918961807649e-01
5.401070058474407576e-01,4.598883537342725591e-01
2.656964187321887438e-01,7.342988128630387745e-01
6.381824085834437721e-01,3.618223870592809921e-01
3.381982913693714066e-01,6.618065612979416867e-01
6.478350073759114869e-01,3.521698584327930814e-01
5.388041443199237390e-01,4.611909573508948257e-01
1.744922728806002840e-02,9.825458732619264390e-01
3.598360037398452560e-01,6.401590561143715163e-01
6.590324069631863235e-01,3.409725486355108526e-01
4.517547680139250565e-01,5.482502133375862785e-01
2.139176688453880981e-02,9.786032348531102931e-01
4.665873814821220877e-01,5.334176244013164592e-01
6.063239534774941264e-01,3.936811361654251051e-01
1.882452382406207547e-01,8.117600541210570064e-01
1.633623573534796064e-02,9.836690616207242055e-01
2.707000184730009584e-01,7.292946785565049828e-01
6.653987761898365605e-01,3.345959035836877926e-01
3.800309216915627730e-01,6.199744497862360593e-01
6.456405678025010086e-01,3.543648822333586579e-01
1.980195791389923743e-01,8.019749316923704408e-01
6.738820425953703785e-02,9.326062786753590572e-01
9.840375902569395428e-02,9.016018661312528160e-01
6.101061950715347404e-01,3.898881749024212806e-01
4.307282670878407327e-01,5.692774396266435666e-01
4.940854196180589075e-01,5.059088580919083311e-01
1.026921189027218406e-01,8.973021099038387405e-01
4.845227119219981393e-01,5.154714290707065327e-01
2.584115654334616652e-01,7.415943575228375328e-01
5.124272283467659617e-02,9.487634086456592231e-01
6.615574950509206520e-01,3.384486394603860582e-01
4.650958744557952551e-01,5.348979617458162750e-01
2.790239943764104558e-01,7.209697905862436640e-01
3.237017538720565191e-01,6.763045906682295660e-01
4.419941894887021716e-01,5.580121622614474530e-01
1.708434195953896229e-01,8.291629469304903077e-01
5.715395963226009846e-01,4.284668359500573565e-01
6.282191072563894640e-02,9.371715509196861804e-01
1.928593662052321689e-01,8.071471897738357049e-01
2.083091339903271055e-01,7.916974346780013549e-01
1.481877419373154037e-01,8.518191787390865244e-01
1.112670354537494549e-01,8.887399011591214926e-01
3.200250992831347174e-01,6.799818414585523385e-01
5.746009564658084434e-01,4.254060024272888207e-01
3.234874016838585331e-01,6.765196110029820797e-01
1.523774253832207437e-01,8.476154345602461282e-01
6.386730605527753957e-01,3.613197791497139155e-01
4.369098590338009180e-01,5.630827440913002135e-01
3.628071182960939112e-01,6.372003021771566189e-01
1.705539978561739778e-01,8.294534514823561633e-01
5.213848825067136650e-01,4.786076375603878219e-01
1.436907555331019826e-01,8.563168409586215946e-01
6.617337818345295775e-01,3.382738380104404197e-01
3.469892975325230000e-01,6.530030701647117075e-01
6.644648565010961017e-01,3.355428332729601393e-01
3.100267364583882412e-01,6.899655206535380003e-01
1.916625626399337187e-02,9.808415098470684157e-01
4.124664959323993685e-01,5.875412932467752869e-01
1.357035133716759656e-01,8.643043032162313066e-01
4.901523037642471770e-02,9.509926363011118600e-01
5.217102692653323714e-01,4.782976253602815864e-01
1.534789635319677714e-01,8.465289777148189421e-01
4.896382448165332857e-01,5.103699399141941040e-01
4.686006886554967554e-01,5.314075730978146117e-01
5.177000976074587202e-01,4.823081947180517526e-01
1.858075072012999318e-01,8.142007853534554140e-01
6.544534346455941343e-01,3.455382157830611534e-01
2.331031724946256711e-01,7.668884491480165710e-01
3.965158127307129576e-01,6.034757988497742032e-01
1.742805978515721277e-01,8.257278615961598511e-01
5.841266909404736474e-01,4.158818707846717033e-01
2.637370546312328354e-02,9.736348913198222821e-01
6.706683756760510595e-02,9.329418881889314230e-01
4.070385712341439421e-01,5.929703131056134335e-01
4.550748065360005756e-01,5.449341791500411647e-01
6.232759378273760031e-01,3.767150497797717157e-01
3.464341003470244873e-01,6.535750237026725085e-01
2.855879351128566279e-01,7.144211891683438509e-01
2.398745693117245170e-01,7.601346745734264276e-01
5.247288400511871398e-01,4.752804172156938067e-01
3.198959708720267026e-01,6.801132919367903762e-01
4.797491854641703912e-01,5.202414893733493528e-01
5.304206357525780291e-01,4.695699926386350254e-01
4.005700657766024242e-01,5.994205586470039426e-01
6.556917422784747096e-01,3.442988360071234655e-01
5.429575803772572762e-01,4.570518708271049668e-01
1.443674866182562411e-01,8.556419744970137353e-01
4.866162320870069391e-01,5.133742967703986970e-01
2.503580021262806210e-01,7.496514863752451463e-01
2.525897328749422410e-01,7.474007782320557514e-01
4.379074671123562301e-01,5.620830051586858112e-01
2.181835754047986228e-02,9.781721118934696424e-01
3.090463405503897643e-01,6.909440747431471186e-01
2.728006146537406695e-01,7.271896268275207520e-01
4.985491571592013393e-01,5.014606193011197366e-01
1.469767452080968928e-01,8.530330719311778331e-01
6.428680735071773400e-01,3.571219530699571987e-01
4.568293963841006944e-01,5.431606180206711709e-01
5.661713653965065873e-01,4.338386765069383588e-01
2.268782040904737118e-01,7.731318849651294123e-01
4.133841312610722629e-01,5.866057743358975562e-01
5.920767816246866877e-01,4.079129411019329909e-01
4.004233449804484590e-01,5.995663670133059009e-01
8.488633805511598684e-02,9.151239561444143300e-01
5.084727253778200673e-01,4.915377069238063834e-01
4.406081654373773526e-01,5.594022810507573995e-01
4.541023492297366904e-01,5.459081553312556956e-01
4.744289618208087367e-01,5.255815648577977228e-01
2.117507125927656220e-01,7.882598227523012202e-01
6.273894122149474561e-02,9.372505130308208532e-01
4.136398432728896069e-01,5.863495914557795841e-01
1.191847107022088598e-01,8.808047219317352017e-01
4.241776020402498459e-01,5.758331671493067683e-01
2.158296581895627619e-01,7.841595660323760208e-01
5.865794776205255356e-01,4.134097047856093998e-01
1.080910727145343031e-01,8.919197481999386889e-01
3.597810333366683322e-01,6.402080633541713528e-01
3.738804582584626668e-01,6.261082846874401753e-01
4.154909260881019528e-01,5.845204327601091210e-01
8.368100857263313652e-02,9.163075468820934821e-01
5.529864275000979656e-01,4.470250317243936178e-01
9.750421388113415799e-02,9.024842770160405037e-01
4.331618365952871197e-01,5.668266167918338816e-01
5.331841801597538844e-01,4.668273719383732034e-01
3.770129998340299160e-01,6.229754477883804320e-01
2.529930382839000735e-01,7.470185560782345302e-01
2.566838348078540055e-01,7.433278272097384454e-01
8.229417287818868720e-02,9.177175133140463847e-01
4.194603723229312631e-01,5.805279173668094206e-01
1.346420357374394361e-01,8.653462453361675522e-01
1.249763368542066155e-01,8.750119294485821930e-01
4.635309542592652710e-01,5.364572849080065930e-01
2.611070925497336881e-01,7.388811050360735155e-01
5.678271233635593385e-01,4.321609805361712464e-01
5.373819967886599852e-02,9.462498267876238156e-01
2.561556547950473162e-01,7.438563831476336929e-01
1.415488720213600171e-01,8.584390770316288055e-01
3.035841575031874573e-01,6.964037385952089876e-01
5.841576193982699339e-01,4.158302062457362447e-01
3.164514630656778404e-01,6.835607266813709115e-01
5.938153142244623206e-01,4.061724402516497245e-01
2.511902556496518057e-01,7.488220579014434053e-01
5.603179485323159931e-02,9.439558210316556508e-01
1.036970513314825065e-01,8.963154560051503905e-01
2.057765543771317152e-02,9.794097354399892152e-01
8.939035326084257549e-02,9.106223400368352872e-01
2.539522287295099545e-01,7.460604991985002599e-01
3.570862589449051994e-01,6.429009978950243065e-01
4.295424386945498330e-01,5.704705322459259209e-01
3.669441175103775876e-01,6.330688536175735903e-01
2.852084587168183250e-01,7.147784619800484629e-01
4.326775112833020631e-01,5.673092870276665867e-01
1.076633919306297649e-01,8.923233548117611713e-01
5.257663288170506544e-01,4.742470078852540349e-01
5.763677453736819611e-01,4.236455969226416429e-01
4.602616707662293138e-01,5.397249703584209302e-01
5.789512993696273035e-01,4.210353196322707547e-01
6.901695227100568264e-02,9.309964393072454047e-01
2.982624461917708983e-02,9.701872428010993588e-01
4.258608420119819327e-01,5.741254874468912917e-01
3.375778531995045073e-01,6.624084471346118885e-01
8.548527111041953619e-02,9.145284523430380341e-01
8.620919007016744628e-02,9.137770557041158259e-01
5.923059912199237775e-01,4.077077848619314326e-01
2.903303616386805341e-01,7.096558363554835713e-01
2.628669678474868654e-01,7.371191926545158646e-01
6.462323384074679378e-02,9.353906934710578547e-01
5.940802965278807468e-01,4.059336419719137279e-01
3.619002592664073981e-01,6.381136919663018547e-01
5.250088395123522211e-01,4.749771470226265002e-01
6.081275960316999685e-01,3.918864428085607199e-01
3.496456742513726068e-01,6.503683776864097599e-01
5.155197189841863314e-02,9.484338112554443478e-01
3.533983685197918945e-01,6.465873507858549418e-01
1.530181385472742343e-02,9.847125420308242560e-01
6.419067639528986957e-01,3.580787851121478571e-01
5.156178738170190679e-01,4.843676456942800912e-01
1.298220783371440701e-01,8.701925078437297012e-01
3.212059278194503292e-02,9.678647463734549872e-01
2.763201070072986987e-01,7.236946216730422154e-01
5.245751436500533105e-01,4.754395926627718039e-01
5.498344501262021344e-01,4.501508108150252263e-01
3.235160320463398853e-01,6.764691917570822000e-01
1.566398219617581300e-01,8.433751357791569037e-01
2.320342133741303547e-01,7.679807485350130802e-01
5.252312656655073325e-02,9.474919069026409568e-01
3.232731525390059035e-01,6.767420513469724064e-01
7.178124016658050943e-02,9.282340595502381886e-01
4.797156508036701239e-02,9.520131132981896060e-01
7.727318104304199686e-02,9.227421757751006481e-01
2.475164198835619611e-01,7.524989603839066232e-01
1.636893767487805074e-01,8.362951906589598527e-01
9.694859232128998083e-02,9.030669649165625756e-01
2.402578723046017717e-01,7.597265512521963471e-01
1.811014911315348419e-01,8.188828902026086265e-01
6.411210866111718421e-01,3.588632360682477707e-01
5.610433543878486917e-01,4.389723366917308578e-01
5.853753601562626807e-01,4.146089296959563630e-01
2.383601478471114310e-01,7.616241386105818689e-01
4.706246896759475745e-02,9.529216742572353960e-01
5.129868127516803433e-01,4.870290731400509499e-01
5.730835169099490756e-01,4.269323715532925556e-01
4.806758289231747305e-01,5.193082700180655653e-01
1.774407632067808160e-01,8.225432423116912917e-01
2.797309649802164899e-01,7.202530150264500053e-01
2.888005547926895122e-01,7.112154839820913343e-01
4.040670403794138221e-01,5.959169036546517750e-01
2.689695852411512211e-01,7.310464800567877397e-01
3.086554371435795696e-01,6.913606485357329801e-01
6.452033145698592431e-01,3.548127816498624076e-01
2.816147866431979729e-02,9.718546318988271482e-01
5.607547806953206981e-01,4.392290677398030807e-01
3.081496654894609888e-01,6.918665084696246081e-01
3.545857381779580209e-01,6.454304822083102300e-01
4.840521083804832370e-01,5.159316536298624856e-01
2.907110501957815840e-01,7.093051930554374884e-01
1.866751243255636850e-01,8.133411561543220092e-01
5.548723638732135921e-01,4.451439374607129018e-01
8.755964398267875037e-02,9.124240071161001664e-01
4.373557219047856104e-01,5.626606812347506592e-01
2.482188755562172722e-01,7.517646777194241237e-01
1.808754773187383758e-01,8.191080381243571740e-01
1.677888175654243530e-01,8.322276926912898221e-01
1.014341850234250914e-02,9.898733124799007355e-01
5.402531705821592700e-01,4.597300979578800573e-01
5.846508921967586980e-01,4.153658521368013279e-01
6.143027819580214599e-01,3.856804331490618076e-01
3.521313695252795695e-01,6.478854731211781681e-01
4.602612700404862811e-01,5.397556545590549426e-01
4.465609921389052106e-01,5.534559600146937708e-01
5.029373801842313974e-01,4.970455804508323583e-01
5.504387448100648283e-01,4.495441870072829915e-01
1.559974212287088269e-01,8.440197321421056831e-01
6.132437404003601156e-01,3.867737017437826164e-01
1.057758495360893447e-01,8.942067057789259144e-01
4.550099371477214216e-01,5.450075559870476427e-01
1.419139691833593564e-01,8.581035408191222125e-01
3.888405936549064745e-01,6.111418923320173224e-01
6.105121003448440442e-01,3.894703074274394883e-01
4.149319738379584344e-01,5.850857358904213434e-01
1.665558709306442231e-01,8.334618425428829136e-01
3.858003608152130726e-01,6.141818517991141091e-01
5.236737038158985058e-01,4.763084477820386797e-01
5.116682066928051054e-01,4.883496998025678160e-01
5.031987126842930591e-01,4.968192171990382655e-01
5.484749430500941436e-01,4.515430506663504762e-01
6.596132687991899113e-01,3.404047301843118878e-01
4.510975484446110850e-01,5.489205359412500096e-01
3.543404589748636035e-01,6.456414155871428306e-01
1.548540380784705905e-01,8.451640917208519399e-01
3.071636162297428085e-01,6.928181787648487466e-01
7.416543798954552957e-02,9.258528741483191826e-01
5.058599477540145495e-01,4.941216413189224443e-01
2.520377043423276398e-01,7.479438244360951948e-01
4.447560905310248835e-01,5.552623896317392393e-01
5.436823891661488606e-01,4.563361804648393139e-01
5.400806158544765312e-01,4.599379555963266086e-01
4.951618879402161499e-01,5.048194825782589268e-01
1.696083588070899095e-01,8.303730059411950082e-01
4.687924485197466073e-01,5.311888027472868590e-01
4.740475226076614201e-01,5.259335595291009247e-01
2.448455690401107193e-02,9.755344051723028320e-01
6.068805064301719954e-01,3.931004842782627740e-01
4.798951062288842051e-01,5.200857501983839892e-01
2.674675289766501041e-01,7.325516575347017501e-01
4.127128359127891222e-01,5.872679672907683557e-01
1.209914866689603269e-01,8.789892777882362118e-01
2.200858739370045447e-01,7.799335053465020762e-01
3.770115542446027534e-01,6.230079964903330048e-01
3.574385002215098583e-01,6.425810518401552374e-01
1.544085883253345781e-01,8.456109967420731843e-01
9.588522076820069073e-02,9.040951541688589943e-01
3.532054836950360155e-01,6.468141429447080704e-01
4.453557359235938429e-01,5.546246373788896733e-01
1.368607338404728146e-01,8.631588977733626322e-01
2.067921807180581051e-01,7.931880925672767368e-01
4.301383625260307708e-02,9.569664218436281233e-01
3.587641906192006735e-01,6.412160658586523176e-01
3.364219045443191634e-03,9.966555285717829671e-01
5.158536169403593608e-01,4.841265954563377938e-01
3.983314678861573643e-01,6.016486674300727255e-01
6.311160487932525598e-01,3.689038460210459780e-01
3.376570237237748184e-01,6.623628754994141943e-01
3.123816418867616518e-01,6.876384536185203844e-01
1.149960782685998523e-01,8.850240243639774240e-01
5.996319690762198507e-01,4.003478859043690385e-01
6.319050085977269138e-01,3.681151792561446201e-01
2.911233847962931276e-01,7.088968207383383735e-01
4.134607671025189446e-01,5.865595052940311138e-01
2.095024155528920073e-01,7.905178646433015377e-01
2.698118743819208909e-01,7.301677503542461922e-01
7.560371887687594716e-02,9.243758659226269936e-01
4.390433825956060465e-01,5.609361808089503576e-01
1.310455745299804464e-01,8.689339711688707224e-01
6.503168643170194052e-01,3.497036664665388872e-01
1.603103102129331547e-01,8.397102832802429973e-01
4.590619547171952419e-01,5.409586543003729320e-01
3.684693693405974857e-01,6.315512804689730197e-01
2.126617689696071456e-01,7.873175501253847353e-01
5.439427531847791375e-01,4.560365252721376716e-01
4.686952649981986352e-01,5.312840001186147632e-01
1.642189971455219055e-01,8.358017415474772172e-01
3.857681205128095647e-01,6.142526272698914935e-01
4.955692879601127782e-02,9.504222377389770493e-01
4.709913026267338876e-01,5.290295865289492694e-01
2.444316989230155834e-01,7.555892166455331349e-01
6.032543424067041693e-01,3.967246632645229365e-01
1.764681897701273761e-01,8.235528199976187569e-01
5.612729732345319578e-01,4.387480409941550419e-01
2.420309713568761789e-01,7.579900632316969311e-01
3.743953897785317619e-01,6.256257265401866663e-01
5.765523922233894982e-01,4.234687640451644253e-01
5.050429071343527365e-01,4.949357459835181938e-01
4.279121366959792172e-01,5.721092393445343927e-01
3.941570096016388386e-02,9.605628355226921711e-01
3.317847306742479629e-01,6.682367345427377980e-01
9.319732573669269049e-03,9.907017433650198157e-01
4.759487799714368084e-01,5.240295880346412805e-01
1.169482671999927531e-01,8.830299444649961638e-01
4.401151120458199895e-01,5.599068214822612299e-01
2.362990061952264242e-01,7.636789494045193027e-01
5.291603379410508845e-01,4.708175965050151457e-01
5.142523157722583838e-02,9.485526116629746651e-01
3.052443295609020835e-01,6.947334951770165468e-01
5.091607540575797675e-01,4.908615687382665294e-01
1.103663217225766546e-01,8.896113212928944414e-01
5.173185978239931426e-01,4.827038150867389854e-01
1.970608279844961730e-01,8.029167287388291330e-01
1.146682703796522707e-01,8.853541973553774591e-01
4.180945888586480308e-01,5.818829015775428548e-01
6.554368978533532397e-01,3.445405639223441674e-01
5.495537472260649814e-01,4.504690884086474112e-01
3.031770659351266661e-01,6.968457780913137611e-01
3.378488251863775438e-01,6.621740600122675291e-01
6.757576912978915940e-02,9.324471258031650223e-01
9.390666018814766702e-02,9.061163120968078744e-01
6.192634344028525861e-01,3.807595992498858939e-01
5.112970960642202467e-01,4.887259583188207634e-01
6.087007654113993915e-01,3.913223359102865895e-01
4.540158269117575696e-01,5.460072800048666464e-01
1.670742676040880281e-01,8.329489126560116752e-01
6.483929726684737327e-01,3.515838455262608186e-01
6.242053157093545579e-01,3.758179012106767081e-01
4.588900570379662036e-01,5.411332022718057244e-01
5.398964716735796601e-03,9.946244872368251722e-01
4.422755412607748959e-01,5.577480893709514387e-01
2.315060657557124063e-02,9.768731971002012626e-01
4.650397287483305081e-02,9.534721099165919256e-01
1.515724487895671324e-01,8.484036175243463429e-01
1.039620355603359941e-01,8.960140300707811756e-01
1.875024834741965130e-01,8.125214964656933825e-01
3.522791780546068261e-03,9.964530558178901209e-01
4.269608496396328778e-01,5.730633181161958190e-01
1.337175774553527041e-01,8.663067687184825560e-01
6.499014589557772226e-01,3.501229132872001881e-01
1.734253510810410681e-01,8.265990487343407578e-01
3.946308080445327104e-01,6.053446902246373273e-01
4.221060343027366324e-01,5.779184755137655172e-01
5.961084375333893792e-01,4.038670328244530761e-01
5.918120601179338580e-01,4.081633851387715395e-01
5.045573931965309233e-01,4.954180170206236022e-01
3.600761224199853228e-01,6.398992669481861073e-01
2.078012161053371942e-01,7.922234175719709004e-01
4.998343752543611962e-01,5.001903630373701892e-01
1.836027391928323482e-01,8.164220005602633723e-01
2.845790066089324832e-01,7.154458453048826438e-01
1.022015773064617328e-01,8.978232968499263444e-01
5.272986813735969225e-01,4.727264436965100125e-01
2.765356329997680218e-01,7.234392239289481052e-01
6.467335695209281976e-01,3.532916444175400184e-01
3.649771990411581069e-01,6.349975845299908883e-01
3.327579332830563758e-02,9.667494635927357249e-01
4.416380885723204114e-02,9.558108999143452023e-01
6.525930080298696367e-01,3.474322990544663758e-01
5.520044722196060238e-01,4.480208593391993288e-01
6.463209504569827901e-01,3.536535679386865194e-01
1.243527089199403662e-01,8.756728574021829248e-01
1.620339784369082270e-01,8.379404541983587196e-01
3.780787444763880067e-01,6.219469024952076763e-01
6.387580851736290866e-01,3.612675813870419583e-01
8.493407360443704091e-02,9.150402580424122911e-01
4.039889938551874393e-01,5.960366921940495333e-01
7.819869897119481605e-02,9.218270223624774884e-01
2.100929165844372670e-01,7.898813371690091012e-01
1.031698728065655879e-01,8.968559866727688901e-01
6.064310244026018815e-01,3.935430007773492722e-01
1.832245132135111310e-01,8.167494580316435604e-01
4.693357726450506778e-02,9.530924553076463024e-01
4.274353889318401878e-01,5.725907733072042038e-01
1.030326860674157102e-01,8.969411279223915567e-01
4.929331397566019124e-01,5.070930656062176967e-01
2.956832690951414766e-01,7.042904824795509500e-01
4.030214791337310976e-01,5.969522677773571040e-01
4.713775937176231667e-01,5.285961361505954192e-01
5.285150674529192072e-01,4.715112190979999784e-01
2.495118851481969435e-01,7.505145309659264630e-01
1.148101565734738760e-01,8.851633036921220388e-01
5.200498294339906957e-01,4.799235881042354102e-01
6.514872580264412516e-01,3.485393608359691475e-01
3.027883811753423471e-01,6.971847881336554753e-01
2.600069029005581123e-01,7.399662594408582539e-01
6.613397150219649800e-01,3.386333435995887431e-01
1.316327781087369420e-01,8.683941746950945006e-01
1.567601207512835382e-01,8.432669551484126558e-01
4.177383633596220003e-01,5.822888827400327649e-01
3.558960929503650616e-01,6.440765522535034648e-01
7.144257673963426945e-03,9.928283277251737093e-01
2.852247540465721043e-01,7.148027954217212043e-01
8.167154589453955171e-02,9.183560754178284880e-01
8.778732201185589917e-03,9.912489212880065681e-01
5.520458426318923806e-01,4.479264941000315470e-01
1.874879434815943657e-01,8.124842884249177111e-01
1.233812179583323038e-01,8.766465530258981120e-01
4.803995071774220804e-01,5.196283626807631784e-01
5.448943232555680805e-01,4.551336865823275013e-01
4.787080870261669618e-01,5.212637691254790040e-01
6.247820037235848334e-01,3.752461673733962222e-01
4.993510863380473674e-01,5.006206482188115814e-01
5.616792719008635304e-01,4.382924029378925113e-01
5.326893302762244486e-01,4.672821463595144831e-01
2.514685145953029499e-01,7.485029236533258246e-01
7.467891839331347592e-02,9.252925062688081015e-01
1.406867801860488265e-01,8.593418029064920916e-01
5.457256547563742455e-01,4.542456958862391425e-01
1.765509021323146410e-01,8.234777782817566116e-01
4.081244715085944885e-01,5.919042746757954276e-01
2.354867272067425743e-01,7.644844213569311764e-01
1.888874843185242014e-01,8.110835242964228309e-01
6.605985208723285096e-01,3.394305419143658353e-01
5.358069121320137018e-01,4.642221723306201864e-01
9.290026773863611920e-03,9.907390580681196823e-01
5.747016462595833097e-01,4.253274406546999065e-01
4.573723303719043863e-03,9.954553737919888956e-01
1.182617190280828567e-01,8.817091538362712422e-01
5.485096305361711333e-02,9.451198812925271087e-01
6.616994231247493863e-01,3.382713777342138961e-01
2.529242353010184297e-01,7.471049838838916823e-01
1.079271118294547749e-01,8.921021100985416785e-01
4.696197093238733966e-02,9.530088020617747402e-01
9.483798367397971996e-02,9.051325668149523551e-01
3.266324873076500990e-01,6.733969711338410047e-01
3.261772942480964388e-01,6.737932108501858419e-01
6.449199715061916249e-01,3.551095478098740821e-01
2.086694108349752830e-01,7.913601649047625752e-01
3.107865953470890230e-01,6.891838105348722099e-01
2.877327175016257677e-01,7.122969248853905366e-01
1.522319519630959683e-01,8.477977186798441034e-01
2.823408015659519821e-01,7.176295145325938263e-01
4.877049470035150769e-01,5.122653475852274596e-01
3.293001775371859341e-01,6.707295476859804761e-01
1.899497855584933170e-01,8.100799653350543306e-01
4.788962911536359113e-01,5.211335124981981703e-01
1.598138814964529253e-01,8.402159298801471499e-01
4.568900065675581268e-01,5.430801713747495096e-01
3.133296408624658969e-01,6.866404632124869512e-01
3.055485833084907177e-01,6.944214760045602786e-01
1.736913235753463070e-01,8.262786825038322958e-01
6.423629117461051585e-01,3.576672032854482097e-01
6.132914220559645413e-01,3.867386981151750280e-01
5.053997999916171047e-01,4.945700735407087545e-01
3.470278465518435440e-01,6.530023391742378891e-01
3.445770306793529691e-01,6.553926513360669448e-01
4.206970825064443309e-01,5.792724685969272702e-01
5.118988390268894850e-01,4.880706306970098995e-01
2.262385054171233909e-02,9.773456100657287315e-01
4.435400577543680001e-01,5.564904954169747064e-01
2.392170089440399661e-01,7.608135976207517359e-01
5.646800104482664340e-01,4.352893760035119186e-01
6.347207156720552357e-01,3.652486607438911181e-01
5.499356508494351869e-01,4.500336775146770996e-01
4.745612383757774611e-02,9.525745908001913564e-01
2.751927980419084929e-01,7.248379492008263369e-01
3.472006033559665861e-02,9.652491533402494106e-01
6.472568575992924123e-01,3.527123551320917039e-01
7.093402277307496451e-02,9.290968144935644046e-01
2.692570982657072620e-01,7.307737624685951561e-01
2.107936336600865768e-01,7.891754312170139452e-01
3.424455081995327888e-01,6.575854351597011371e-01
3.991946765342790360e-01,6.007743565169177957e-01
1.870083367649862105e-01,8.130226752803263457e-01
4.503263117553121253e-01,5.496424174674479080e-01
6.532895853704523415e-01,3.467417310806566455e-01
5.685418663874883816e-01,4.314895022591859197e-01
3.883808436872611125e-01,6.116505732730000977e-01
7.258715313827045212e-02,9.274442676855310097e-01
1.818415298351508946e-01,8.181270273682449412e-01
1.670199023074353806e-01,8.329484331999624791e-01
5.479014950835539022e-01,4.521301813864925245e-01
5.556110764033311833e-01,4.444206245536286848e-01
4.753879218276592655e-01,5.246438260417141120e-01
4.864691696765078843e-01,5.135627067552093195e-01
2.648160627180621771e-02,9.735503831963743249e-01
3.605842422868993369e-01,6.393836943756432412e-01
4.383610169803106027e-01,5.616710960371882333e-01
3.751328389593173163e-01,6.248349324074685684e-01
1.974965639268128348e-01,8.024711503878220187e-01
7.766147726183481037e-02,9.223708091245793605e-01
1.453730890451453150e-01,8.545945282071930604e-01
5.387380284555725041e-01,4.612295833288326263e-01
2.523611287320529084e-02,9.747962901270866842e-01
1.257803725601095435e-01,8.742520606189554400e-01
3.841777490909298320e-01,6.157897832382746017e-01
1.730626260648905901e-01,8.269698782778923674e-01
3.077219920413742371e-01,6.923105537487502792e-01
4.073744550683423837e-02,9.592951086635621571e-01
3.666623120537131908e-01,6.333050887076847602e-01
3.967521189572132956e-01,6.032804847995564268e-01
6.507308528149905458e-01,3.493017676699947116e-01
1.618253865190663610e-01,8.382073042920215045e-01
1.134422154357743184e-01,8.865904871792706921e-01
3.821942913391165320e-01,6.178384298020274112e-01
3.388719849909963000e-01,6.610952728546144463e-01
9.544282815273963383e-02,9.045243757498196979e-01
8.188764377529193089e-03,9.918440934256023134e-01
6.864278989502072860e-03,9.931028351102694218e-01
2.871384298711455729e-01,7.128284809447003045e-01
6.309986674823556685e-01,3.689682331521244585e-01
6.506110264236787399e-01,3.493557967985412849e-01
5.599294631576700043e-01,4.400373163954014455e-01
2.321216334299482653e-01,7.679116686677970316e-01
4.405015506995975660e-01,5.594651014498052133e-01
3.634791512207272146e-02,9.636186573530345356e-01
9.245423700124547062e-02,9.075792082988011211e-01
5.789394314072809911e-01,4.210940214167485096e-01
1.648256818560938364e-01,8.352077800266870522e-01
3.313728946215768190e-01,6.686605680014873210e-01
6.509706580982420610e-01,3.489957955605691442e-01
2.046429989634602487e-01,7.953233368512031554e-01
1.357629186168125279e-01,8.642032532568478809e-01
5.969707924540939015e-01,4.029953482218867067e-01
4.383032107010617073e-01,5.617306548459549687e-01
1.623402888360893914e-01,8.376257299636472586e-01
5.595114571379594670e-01,4.404545593178326723e-01
2.733225211975497948e-01,7.267117190224029466e-01
2.230522036914129869e-01,7.769135379424867427e-01
3.306797358883987736e-01,6.692859678725308070e-01
5.759938967940358978e-01,4.239717078788021176e-01
1.262949650470088780e-01,8.737394351410027182e-01
5.194989090520781838e-01,4.805355056041830109e-01
2.562678465983403986e-01,7.437665728282063515e-01
1.917758181511343696e-01,8.081897404459720269e-01
2.481524674320139678e-01,7.518820264270997811e-01
2.803050503098659663e-01,7.197294627452976989e-01
5.658500405608598571e-01,4.341154391922092404e-01
5.246754929741261897e-01,4.752898866677803258e-01
2.282844103951936487e-01,7.717502736845281985e-01
4.110400509718492579e-01,5.889946582929652674e-01
4.107185031933943686e-01,5.892467713459307310e-01
1.252386985643837158e-01,8.747265391084741992e-01
5.268566819249733690e-01,4.731085119958890473e-01
1.771014679838741890e-01,8.229333534096019420e-01
1.982329525675051995e-01,8.018018912467242965e-01
4.530338154090692293e-01,5.470010952372658108e-01
8.656468958979110506e-02,9.134003392531090393e-01
1.163265044637684931e-01,8.836384075047426512e-01
4.118844616382580370e-02,9.587764250669046362e-01
4.091712026732790414e-02,9.591180864848137810e-01
3.225450564788920893e-01,6.774902338861185092e-01
5.148719967686242738e-01,4.851633177085731830e-01
5.978724275971021296e-01,4.021629024826952614e-01
4.983015109694854256e-02,9.502052283767784546e-01
4.981509301598738976e-02,9.501495201950480585e-01
6.112233066790090721e-03,9.938523309023974406e-01
2.655312819835224381e-01,7.344331664066366949e-01
6.101667934149783701e-01,3.898687649609022809e-01
4.800648975867044532e-01,5.199706709372428071e-01
4.493470825070355890e-01,5.506885076653624811e-01
5.268888464680363537e-01,4.731468982143315904e-01
2.405801571445451148e-01,7.594555913150246029e-01
3.170458197136126199e-01,6.829184253047536624e-01
4.725579256587460475e-01,5.274778338079252338e-01
4.328723657044514228e-01,5.671633975019517715e-01
2.145380699854321505e-01,7.854261330490602822e-01
3.485169118014277978e-01,6.515189461362713708e-01
6.208462300857638949e-01,3.791896583884908356e-01
2.308440046958700476e-01,7.691919440120620344e-01
3.246268348022121053e-01,6.754091326894257064e-01
2.881066440163754239e-01,7.119293248647389216e-01
3.924931058504319559e-01,6.074708909633208531e-01
4.960994753354963649e-01,5.038644682043296186e-01
5.808991588112342314e-02,9.419461565992702790e-01
4.885900965764726211e-01,5.113738055703265228e-01
3.905328870885997339e-01,6.094310039170265370e-01
9.578954161549837944e-04,9.990059450898035598e-01
1.420589265339150253e-01,8.579772520706648864e-01
7.777600155383136704e-02,9.222602020006605006e-01
3.561075644184908406e-01,6.439286467456897256e-01
3.595390139288531239e-01,6.404247225991830383e-01
4.360252935663774115e-02,9.563611851981175249e-01
4.307347259387920291e-01,5.693016304357723101e-01
5.215742003481995681e-01,4.783893830737133701e-01
6.603611615069042706e-01,3.396752775188203177e-01
5.359393996282033612e-01,4.640241013509802670e-01
5.103011237561492219e-01,4.897353759195431921e-01
3.312501689602062038e-01,6.687864538181172991e-01
6.439027698453981818e-01,3.561338659329704170e-01
3.372241314796641243e-01,6.627392266406564314e-01
5.851077569563081227e-01,4.149289309804531367e-01
6.265963482934917561e-01,3.733669354772374827e-01
6.026185387295900364e-01,3.973447057610567379e-01
5.574199657437155508e-01,4.426168618371545405e-01
3.243849975760949578e-01,6.756518736425011218e-01
1.506020248662877647e-01,8.494349220759902508e-01
8.780095186554411069e-02,9.122360579710454553e-01
1.048410863304732599e-01,8.951959462448259019e-01
1.519809967279238672e-01,8.480561402424015016e-01
3.235816386050370252e-01,6.764555487142436263e-01
2.019055621586159088e-01,7.981316290552494808e-01
1.038280074873728642e-01,8.961347553296794555e-01
5.999747156154462413e-01,3.999880194559362057e-01
6.172254997547635957e-01,3.827371112109874685e-01
3.867198202064524581e-01,6.133176118100747143e-01
1.360896080183346957e-01,8.638729523441380787e-01
6.190664787258601809e-01,3.809710060727508618e-01
2.173575784016978374e-01,7.826049178515168681e-01
3.200248076134419306e-01,6.799376414159054027e-01
1.619371283462416322e-01,8.381006267372492768e-01
1.287944049060186016e-02,9.870827384914827585e-01
5.702727144928506631e-01,4.297651449165638682e-01
4.665192343126332575e-01,5.334428931067074497e-01
6.153101701239743759e-01,3.847277533350214052e-01
6.448982049303746411e-01,3.550637760340362714e-01
5.870808527297570745e-01,4.129572364584921385e-01
2.674649928820240774e-01,7.325731498563435862e-01
4.814715494134397811e-01,5.185666138112764445e-01
1.903581743935112147e-01,8.096035647278942982e-01
3.685407068029735583e-02,9.591774321352880550e-01
6.102791886506266916e-01,3.871554618456875541e-01
3.586641157244238043e-01,6.389539878132598494e-01
5.164439872561115141e-01,4.828350151984726057e-01
5.341215600070856606e-01,4.670615655726267912e-01
1.877910895834583940e-02,9.777855581413894548e-01
4.711217734696515058e-01,5.279538868771599391e-01
6.397101481959251990e-01,3.641679285621568507e-01
4.499184118745969130e-01,5.521792083815071361e-01
3.808037377797531819e-01,6.159752213218142591e-01
2.260942961538857654e-01,7.735573292263715484e-01
3.832637910748863397e-01,6.133144651323295671e-01
1.892579429018708403e-01,8.055082528473936909e-01
6.388500557662388779e-01,3.606295110488812461e-01
6.096004851842884431e-02,9.377756104947846394e-01
6.097972797294847203e-01,3.936016932582243610e-01
4.886663132119635211e-01,5.147437449660424713e-01
3.195891892682552471e-01,6.759326511084975397e-01
6.603875441010087499e-01,3.387832494900605562e-01
4.545523705413441196e-01,5.436077667517883460e-01
3.472012349327256442e-01,6.529683321794956807e-01
3.223342863284598958e-01,6.775829696375831324e-01
3.146423118872582973e-03,9.901380490095711417e-01
2.675227048048199954e-02,9.673406515410879480e-01
6.664649638793073150e-01,3.311971146255078824e-01
6.056616307644084873e-01,3.961343005586484556e-01
3.956922461395829815e-01,6.021153621364788711e-01
4.286111499074180542e-01,5.703803864020104974e-01
8.526011507773108289e-02,9.149492752839223364e-01
2.529685374019662869e-01,7.437833773048174724e-01
2.077146870328194783e-01,7.934249032500743093e-01
4.986562224744253147e-01,5.018068194036666707e-01
1.284939731677451347e-01,8.692001698349158811e-01
1.873424776871962238e-01,8.128668378658058247e-01
3.202714906507733716e-01,6.755386741543361051e-01
4.185964450563186556e-01,5.782151409604514569e-01
6.453279907614603017e-01,3.562875588366861690e-01
3.220005945288918481e-01,6.752079317673517211e-01
1.394225862281525674e-01,8.546906736941843885e-01
2.851793003944404492e-01,7.158315715536692769e-01
4.155242879111712417e-01,5.862917324452846524e-01
5.391820788726506830e-01,4.576575911168153099e-01
4.945095900359445240e-01,5.064815087602728694e-01
5.697085009358784369e-01,4.288452470440580200e-01
6.389916222418878800e-01,3.622884175051439559e-01
1.965234324074371236e-02,9.746931679992167918e-01
5.741773015050154472e-01,4.232371244924942322e-01
3.938685997054430232e-01,6.074951390081250180e-01
4.612695808164911648e-01,5.370273283005265741e-01
2.786915342182619826e-01,7.220151244767619714e-01
3.231136684260402792e-01,6.738433771837357700e-01
4.046839242626837363e-01,5.914382059808482861e-01
2.582826123943774421e-01,7.399636184550311135e-01
2.955202658316956610e-01,7.022566143645350145e-01
5.384292395080769733e-01,4.596540532382639155e-01
5.603138555390447806e-01,4.391244637417717200e-01
2.990881356112108369e-01,6.980792349508947447e-01
1.123998683620179573e-01,8.812763007722312913e-01
1.952053884354747193e-01,8.035448785908196889e-01
1.459207217928918110e-01,8.549354796134985834e-01
2.909269042720717402e-01,7.052234328932619478e-01
6.245259189113010478e-01,3.748946257363245382e-01
4.424692462737868648e-01,5.536186327902427040e-01
2.694856918164786341e-01,7.312106741765167506e-01
2.287342532853443577e-01,7.694709863240558612e-01
4.061345261859790612e-01,5.922702318790256104e-01
3.812089763806097431e-01,6.185927119757199666e-01
3.398087558290968091e-01,6.568666087441541457e-01
5.422346104610740181e-01,4.571100963177352483e-01
2.327846764305029070e-02,9.755762924650934753e-01
1.848741837459602633e-01,8.140925286786464543e-01
4.940590792456367453e-01,5.047653883377627437e-01
2.941300998843064396e-01,7.009509099594758430e-01
4.505334011435059294e-01,5.485334058345665564e-01
6.012840070977069074e-01,4.019835810732264592e-01
2.712516882591833184e-02,9.700226837049242823e-01
2.708857054797188524e-01,7.271860759500762272e-01
3.124377554733198115e-01,6.892714564048700865e-01
2.616162577204982354e-01,7.330889066972913204e-01
6.684651554935371331e-01,3.328759593358220914e-01
5.572363675632568958e-01,4.421961392743432584e-01
6.174418134860988339e-01,3.801095918230193438e-01
3.304683978775745379e-01,6.711996353180801345e-01
2.312692305130249759e-01,7.640740951128602854e-01
2.284978381446084172e-01,7.688830928958158006e-01
1.828567552426302312e-01,8.129733121021617270e-01
1.182022661401730124e-01,8.773672285053308872e-01
6.600995333746763061e-01,3.433563693526073823e-01
6.088333327984457588e-01,3.886573106518367848e-01
3.044867611406490981e-01,6.973832045964972748e-01
5.717166418109451698e-01,4.295390888914986660e-01
3.282867713031684120e-02,9.627020916495893088e-01
6.220656273019489063e-02,9.347588230655246022e-01
9.114380325766928415e-02,9.087928016735913328e-01
6.809562039163963298e-02,9.300482072273555945e-01
4.488779003639426640e-02,9.551329272555535432e-01
9.314563929909175366e-02,9.021778729995435508e-01
6.250989211837206794e-01,3.750897473909035051e-01
5.850947595493788400e-01,4.178777618108606151e-01
1.090965470851223695e-01,8.889361300091916940e-01
6.002095567664403886e-01,4.001047158699743700e-01
5.057084288146094543e-03,9.893594934545661967e-01
3.668033892187325673e-01,6.350675173551533215e-01
3.739800665609447350e-01,6.270789042977779060e-01
6.032855206969245376e-01,3.959271530014483176e-01
3.374578648777586953e-01,6.583209331948970400e-01
4.565866612774750477e-01,5.434546384805142294e-01
4.963610784497896056e-01,5.021367811153795158e-01
9.157623865609436364e-02,9.031115756621034274e-01
1.241090238908136023e-01,8.755917585573441686e-01
3.641341598515294153e-01,6.380384685519364663e-01
2.532171805112433671e-01,7.476500922180837616e-01
6.558786790902859654e-01,3.446189829776500346e-01
1.588979458134256173e-01,8.411384589997985550e-01
8.761902824345993435e-02,9.090537533376920054e-01
4.733756612690953602e-01,5.250819842400705761e-01
3.028881811276448732e-01,6.935863020582444527e-01
1.174751765522114716e-01,8.806144260112099831e-01
5.359744505537045178e-01,4.667466055912994904e-01
5.008207641273301203e-01,4.982184182327450417e-01
2.480358395563179441e-01,7.501825756501858677e-01
2.131511877504354557e-01,7.882184362503857900e-01
5.610532673539388865e-02,9.441682181877014690e-01
5.042772465750033906e-01,4.943566761824921829e-01
5.700687872982754811e-01,4.319117506062890577e-01
6.118670825136939273e-01,3.856766016216164883e-01
2.437554557226064011e-01,7.527985287020598770e-01
4.521105723443152175e-02,9.547704290141876271e-01
4.471396196068885831e-02,9.527143078467160686e-01
1.948353368588266465e-01,8.055014606372906671e-01
3.150979077657599103e-01,6.836781109232399345e-01
3.032915800785720983e-01,6.979280263892653213e-01
1.831146478867781979e-01,8.124061513568663351e-01
6.123680009962672449e-02,9.322952919126087368e-01
1.930897970997933477e-01,8.015401675538261772e-01
5.241912779786458421e-01,4.765244354708381702e-01
2.732049213397810816e-01,7.253772985966286946e-01
1.581463004939046846e-01,8.382955741689145368e-01
1.292483789984741060e-01,8.709057882607424972e-01
3.165657241828500612e-01,6.825861421764333192e-01
4.546433824061598683e-01,5.434748782220503172e-01
6.057567367929271862e-01,3.974830847738072825e-01
5.538585984111504823e-01,4.454610061644420638e-01
5.562847899174977462e-02,9.431168684257413837e-01
4.172557075683968053e-01,5.839751841807386823e-01
5.768386889273711127e-01,4.224881278818078956e-01
1.018983879064219444e-01,8.954330650742272635e-01
5.842912253200986950e-01,4.151568828294558422e-01
2.476879997390369070e-01,7.515821673824418792e-01
3.266802532078647014e-01,6.709073688957040149e-01
1.059246151305520411e-01,8.905966409608905288e-01
3.059197900541962833e-01,6.945781800675195905e-01
1.440505064424889847e-01,8.507943950131949817e-01
4.405638337755574674e-01,5.618650366032080790e-01
4.866721489089398389e-01,5.166386307389914112e-01
7.638868164442973174e-02,9.178235788778671411e-01
4.475545664219258146e-01,5.499380094863236534e-01
2.424400527995136112e-01,7.525382684041344028e-01
5.394947372463895219e-01,4.602842226783784296e-01
1.994988922333553460e-01,8.012113653987914530e-01
5.452555826599109201e-01,4.552770652081319924e-01
5.774520107735797714e-01,4.257395564131730148e-01
8.628476652866609586e-02,9.112949122196836171e-01
2.337912490699050327e-01,7.618022532891259857e-01
6.483297105162568741e-01,3.545814737895270907e-01
3.663676230019621838e-01,6.320737859396335923e-01
3.995177783428482399e-01,5.993740959149187475e-01
2.314166651451496637e-01,7.643396754829765438e-01
5.554430170036173120e-01,4.462394299275017628e-01
2.409479887452194158e-02,9.707352635266761620e-01
6.655193820317500952e-02,9.331829223580832000e-01
3.695528062789100177e-01,6.313032528112810793e-01
3.196697072237838499e-01,6.788679365907616114e-01
4.539626458825662958e-01,5.472850532564145221e-01
4.958162423065853308e-01,5.016324780167785713e-01
3.395309943836661848e-01,6.608503748691647584e-01
4.392930922244441816e-01,5.568259665702617323e-01
3.991008442362490305e-01,6.000528522792227815e-01
5.958787832137323326e-01,4.027942700182818858e-01
5.420526777994962714e-02,9.435353626172108266e-01
8.041129436399202524e-02,9.130427753797336621e-01
3.195023529378263061e-01,6.757008114240170560e-01
2.362728761450429843e-02,9.746478942509791965e-01
2.111731404371431642e-01,7.872630725415383779e-01
3.049636222144855302e-01,6.963466384051787417e-01
5.261451721581097973e-02,9.419144940891769346e-01
3.785064318607505029e-01,6.178496895886766982e-01
8.465098662748328506e-02,9.109613988336831003e-01
6.001947399129008431e-01,4.032488451770048221e-01
7.175004549855337754e-02,9.277827081674897558e-01
4.449004678045893613e-01,5.580746482532213948e-01
1.401460605315692221e-01,8.557958115314856506e-01
1.433105441269336422e-01,8.557717779961441229e-01
2.730976702307047477e-01,7.229911642950777040e-01
2.694273893898535555e-01,7.291705834304682554e-01
5.345343108358064921e-01,4.686459664378387902e-01
1.276915482391099144e-01,8.661221989720037095e-01
5.571432540543351797e-01,4.466738053019261301e-01
5.791848318541898966e-01,4.226861053919885869e-01
9.508839523633505486e-02,9.005444575896273118e-01
3.057747034936841163e-02,9.635479352359094252e-01
4.149056054187533205e-02,9.560562643354714174e-01
3.083292839371302163e-01,6.895219371150550502e-01
3.659328538831695399e-01,6.355472645431742285e-01
6.459062678598255225e-01,3.560127667944845142e-01
3.692051536495979946e-01,6.298704576919834652e-01
1.659201890127074142e-01,8.339471207846050893e-01
3.208782674047305772e-01,6.801971413697548430e-01
4.922583957420311185e-01,5.083642436322535207e-01
4.507088586512926209e-01,5.460805379797417647e-01
4.221720384407348647e-01,5.773767138450726089e-01
2.662285536010070008e-01,7.337376666822286175e-01
1.574498290849158516e-02,9.819233112794757412e-01
4.519397319107449351e-01,5.488332256661185848e-01
1.918972428740902403e-01,8.078310942517960003e-01
5.842577256874359470e-01,4.183657248709556908e-01
3.578657275201110877e-01,6.425668536654191021e-01
4.279229983790437397e-01,5.702416018984971524e-01
1.652661184237568803e-01,8.337780363344304835e-01
1.454658129817900658e-01,8.526101523419200579e-01
1.222273278927737405e-01,8.777949340022237479e-01
4.294304789460773875e-01,5.710704791356550070e-01
2.908361572809338158e-01,7.066369486117983767e-01
2.654705190178784924e-01,7.328182429063959669e-01
3.715227650860924991e-01,6.276352025270244273e-01
5.647164683609802172e-01,4.355919012259099610e-01
1.683009201884688166e-01,8.313960346707023330e-01
1.580901602084059387e-01,8.385738452397262233e-01
8.226744309088648843e-02,9.133753748470254674e-01
2.592613941102999697e-01,7.404346208163004039e-01
1.917504105096003164e-01,8.047717929209439180e-01
3.777568304508993058e-01,6.242514327275469066e-01
5.030899292252120070e-01,4.935171651432662676e-01
3.679377152292752085e-01,6.303314931104819774e-01
6.102837013191205751e-01,3.897857049599663948e-01
1.181319371287131992e-01,8.813866992563462732e-01
5.645524435116470174e-01,4.348996902348248872e-01
1.478258955944121086e-02,9.784713460342381319e-01
1.318006507563003749e-01,8.673732821430388817e-01
4.980989646431784879e-01,5.026977361077077378e-01
2.944186975806030726e-01,7.050215316138312982e-01
3.868822058198834180e-02,9.610540720860839548e-01
5.637856752556014150e-01,4.394823591636733973e-01
1.747992563221652251e-01,8.239857307025396649e-01
4.247860804182026495e-01,5.755998840438150133e-01
3.257511160595298882e-01,6.740547267402253739e-01
6.392339687188788311e-01,3.597661655627824029e-01
4.694869057722184658e-01,5.279385327114978210e-01
5.154316314310337654e-01,4.877011347832613253e-01
1.846643794821304155e-02,9.770208641445456976e-01
5.224937489742511459e-02,9.456695537643572402e-01
2.696242159300158425e-01,7.274837674152567768e-01
7.175857085125104950e-02,9.278552932837558220e-01
4.100007649836687751e-01,5.890734400542673166e-01
4.323246522705994632e-01,5.658201650191775345e-01
5.575026551513843076e-01,4.407861421863194518e-01
4.443441782614277469e-01,5.586421260516415410e-01
2.382425438081684499e-01,7.616470341248731124e-01
5.998567882096350612e-01,3.983206213564574605e-01
1.749089303045166521e-01,8.244033444033057600e-01
6.113984456660266353e-01,3.878166558574596690e-01
3.187170857654402223e-01,6.771775042312271342e-01
4.303846977092812276e-01,5.676701077540753371e-01
3.050033568310797985e-02,9.668785546696461175e-01
1.315375737274356305e-01,8.652204039800454050e-01
5.090524288934288322e-01,4.899964773731807499e-01
4.476815613751282674e-01,5.512801493053449686e-01
2.176037218682474184e-01,7.796341087071179121e-01
6.489139047565026797e-01,3.495600743385866571e-01
4.197014181530568377e-01,5.789993176409560238e-01
5.842887630556555800e-01,4.171010859686912764e-01
1.412350562547963206e-01,8.596657478302355271e-01
3.552684506719827606e-01,6.426053255761561278e-01
2.770080587674571548e-01,7.199705894957000307e-01
2.489290586739155153e-01,7.509441005900090449e-01
1.727988780863505547e-01,8.215063345601794076e-01
1.637463040762093536e-01,8.304849237802154338e-01
4.873713316487146563e-02,9.463999028402761970e-01
2.566114925327390162e-01,7.419460243079126771e-01
3.029048898900291720e-01,6.966213209147900098e-01
6.237096999593023661e-01,3.803017732052921263e-01
6.622713942872858750e-01,3.355806538556788121e-01
1.419522729261012972e-01,8.579433098038644623e-01
3.926700475130014967e-01,6.080891289071438388e-01
5.568935641896048949e-01,4.447384122535447126e-01
4.011572987978221927e-01,5.985675235299199315e-01
5.809057271416712132e-01,4.183994504021552596e-01
3.729684581352331052e-01,6.225579720232168324e-01
5.215250897934312069e-02,9.471993782746355173e-01
1.121474346642869491e-01,8.885842916824497895e-01
2.688068405790138282e-01,7.314700082247188595e-01
5.647684342622175668e-01,4.371222608465786252e-01
9.234079916941748123e-02,9.047761599692233370e-01
1.605823426856178293e-01,8.388217385858615094e-01
2.048271718074440566e-03,9.910894039333134620e-01
3.166658696234576909e-02,9.663391361236571830e-01
3.587928364390978730e-01,6.404870888011414687e-01
3.215070049143229410e-03,9.903641440052483036e-01
6.799349470510811233e-02,9.277166478520344484e-01
1.837142005272167089e-01,8.127006920631211218e-01
6.563575607426191949e-01,3.424512427269039150e-01
3.738999897945231021e-01,6.260240077395052838e-01
3.225746300589448223e-01,6.732043474609812339e-01
2.422696787131374541e-02,9.715961136237888374e-01
2.073979781122698152e-01,7.939265293878200458e-01
2.220703860392918283e-01,7.741938153463842065e-01
2.680053827075988271e-01,7.303261716483684385e-01
2.747460114828744193e-01,7.234130781553655964e-01
6.478543590871401747e-01,3.563816373502549650e-01
5.217132485698796618e-01,4.768206319278317507e-01
4.873356826158388166e-01,5.102066699276037731e-01
5.536094543955141223e-01,4.443893270060985667e-01
5.571082178349603398e-01,4.419201241664146296e-01
6.178671539853741734e-01,3.846606999002734062e-01
6.685807187879102553e-01,3.361652672268757303e-01
1.978969473760996689e-01,7.977246978990472082e-01
6.442122336847159181e-01,3.555362684572129783e-01
1.381032827213846959e-01,8.587041923944815913e-01
7.046035155041227571e-02,9.257636531425640358e-01
5.161864645023789278e-02,9.464820377404115082e-01
1.044243534907409315e-01,8.954696611908555814e-01
6.700176501053661804e-02,9.309456115742660298e-01
1.527083297970513176e-01,8.468549670628718884e-01
3.023304801320029767e-01,6.970681879201299225e-01
5.091663011986343745e-01,4.890069567608170131e-01
9.939617062223446431e-02,9.012943369850160424e-01
2.070292290746963970e-01,7.889566163467724991e-01
2.090994522806595979e-01,7.885940046626365163e-01
1.896090571928542023e-01,8.048891812427227954e-01
6.361642282028686646e-01,3.648180722425301004e-01
4.219510890693680127e-01,5.752315270911174672e-01
4.981328239574689953e-01,5.048952190315176836e-01
5.794033275571921701e-03,9.925390908485810515e-01
7.218291033439563908e-02,9.232269852446295388e-01
5.098183126511714180e-02,9.450197720997013384e-01
6.357014148722936464e-02,9.340263341145451648e-01
1.108520144179991340e-01,8.858693365619595417e-01
3.660896536865532874e-02,9.570697784728684487e-01
8.002306034018519254e-02,9.136001917170518682e-01
4.213735858792771460e-01,5.811906336948509111e-01
6.448399037947769585e-01,3.585565162331237343e-01
3.899675189038996348e-01,6.084920632484217551e-01
4.223787152566729208e-01,5.748595131692308957e-01
1.857539522539807253e-01,8.109348023368080360e-01
3.640933865437561701e-01,6.341869436762630485e-01
4.980629203692694129e-01,5.052824557895896351e-01
6.045726569689686691e-01,3.972687276273053070e-01
5.351695720308721205e-01,4.663977018562071586e-01
8.309282927164528265e-02,9.121420944959187649e-01
5.615236724633665411e-01,4.365367325881094329e-01
4.747619063859832012e-01,5.248133114900772611e-01
8.997639771527178587e-02,9.048504392524930884e-01
1.469889793961998703e-01,8.534129378526250642e-01
5.360893886982294188e-01,4.623969888350822899e-01
2.041409781622155820e-02,9.777230870509965310e-01
6.153066568447747020e-01,3.872491205593753261e-01
2.584367490200061290e-01,7.433828240089790373e-01
4.863158789680090965e-01,5.119252052286477062e-01
1.058465327305070092e-01,8.887474522673084465e-01
7.013947018560177937e-02,9.274858171102390303e-01
3.052519238870221030e-01,6.963156223634889841e-01
6.354789296137007548e-02,9.344070677183210494e-01
8.847488500968060665e-02,9.055605957607283374e-01
4.850699397083299558e-01,5.112531123271008004e-01
3.134710152879006673e-01,6.878997312825737565e-01
5.885434046432623800e-01,4.139311731496958524e-01
1.300800751964761859e-01,8.686857175345981119e-01
6.345939452365310096e-01,3.693950975688951033e-01
6.257397522017903446e-01,3.741584035702575362e-01
6.323664392241379328e-02,9.367067543731272261e-01
1.461597331457427651e-01,8.528825256041641101e-01
4.468997262733607201e-01,5.535671843090458344e-01
6.106512299610001859e-01,3.914931076808328414e-01
6.220379787191273463e-02,9.361621694922075410e-01
1.584208326503678821e-01,8.357382931303384277e-01
6.652328391716207934e-01,3.368531172666636708e-01
4.984384526635677881e-01,5.020137884108137882e-01
6.051957596658474881e-01,3.967494487675636838e-01
3.034242881147443116e-01,6.950195728242056781e-01
3.421846197232635833e-01,6.595412246899639008e-01
4.565932272107458556e-01,5.409875053126079747e-01
5.141245611323917719e-02,9.437893999754586316e-01
2.600703591683117821e-01,7.370820555631544257e-01
4.570498528287394446e-01,5.424576688061439889e-01
3.171937492321225682e-01,6.805479479256868469e-01
4.370481287035147822e-01,5.655873957248881423e-01
5.863405583931896592e-01,4.176963895601743526e-01
5.949082432418896504e-02,9.351540855513724715e-01
6.029148759052844753e-01,3.998302860588638930e-01
3.578934745779131510e-01,6.384260905294285582e-01
5.693906562244905462e-02,9.425433725800386187e-01
6.131712198788764612e-01,3.912236755484904682e-01
3.940431251776344707e-02,9.593937008965716107e-01
3.615151722042185822e-01,6.357346560141029501e-01
3.219250572068115823e-01,6.765502837911185896e-01
3.033001908125575463e-01,6.947882042392138358e-01
1.108662425788233125e-01,8.833555903933477671e-01
6.283969889685477039e-02,9.327686806340560466e-01
4.789621906050841038e-01,5.241424456143021215e-01
2.700984178025152560e-01,7.288887457720849561e-01
2.519799372148298078e-01,7.446454652820552189e-01
3.399858679258104810e-01,6.553837470286217881e-01
6.210390863329869893e-01,3.767167085927486392e-01
2.967349808256520283e-01,6.987394234487300793e-01
6.498356668884562870e-01,3.531920924729602951e-01
3.039829495530092518e-01,6.927705414822157293e-01
4.260619270332008379e-01,5.712147176068553822e-01
5.372005705765845462e-01,4.621999489789312410e-01
4.949674243982314925e-01,5.085798797902699730e-01
6.354573685435905839e-01,3.624479382666279670e-01
6.041279090817281983e-01,3.936943096594814340e-01
1.836142790736025321e-01,8.162707824196280271e-01
1.946557114543464584e-01,7.998536119329890948e-01
3.819091532379222387e-01,6.177091538526932046e-01
6.327556967859373493e-01,3.677215947875341340e-01
3.866775763802158816e-01,6.141157544925718303e-01
9.597780491004771763e-02,8.995480447723679385e-01
1.271316388071238035e-01,8.735646937639935938e-01
1.271871004363459290e-01,8.686541703090074895e-01
9.492673027378294159e-02,9.050970490305291216e-01
1.480094616639137939e-01,8.493686043028392252e-01
2.694654340082138291e-02,9.674221450155409130e-01
3.997405008166149409e-01,6.015503309763787776e-01
1.948400037996428358e-01,8.030694821019876972e-01
3.177119083937433586e-01,6.802536045737319625e-01
6.463436313043097008e-03,9.926144654490997032e-01
7.199293804594755763e-02,9.216400729927844981e-01
3.002403657897566580e-01,6.980108111428914297e-01
3.097505534775318869e-01,6.867201795856739954e-01
5.573656558973468789e-01,4.459425710700969381e-01
3.909308000613893608e-01,6.075889716790054962e-01
3.806613465669786422e-01,6.194607307692889808e-01
1.841193402333226314e-01,8.126618012445834260e-01
2.914963036470137325e-01,7.085855838615513491e-01
8.103588797085148343e-02,9.186111902618365743e-01
6.095439628221349659e-02,9.362100434785154413e-01
5.093377577735010986e-01,4.928231091636076089e-01
2.296667314866803200e-01,7.715030112024126030e-01
9.666353386741512177e-02,9.010245389100999258e-01
5.488730687590546997e-02,9.430820069980152542e-01
3.737135232828503462e-01,6.235646724220503812e-01
1.899900001617393641e-01,8.068961396698191013e-01
4.515739069559265850e-01,5.466674972178298120e-01
3.051229120476536272e-01,6.923191766055718510e-01
5.131520716509984092e-01,4.866902557092004922e-01
2.627782599455686374e-01,7.347570563494550955e-01
5.901861700046929782e-01,4.071135780034659812e-01
6.528582921974765974e-01,3.464141816061401258e-01
1.322022336369272910e-01,8.620898070131853830e-01
2.184782628684035777e-01,7.781077350883107702e-01
3.628108108981737412e-01,6.370175520470208186e-01
6.224523993310108194e-01,3.809925015618522148e-01
5.770933085526336326e-01,4.243092197599887538e-01
1.592360650132579047e-01,8.348277494885514294e-01
5.782317154567783168e-01,4.227968185432488535e-01
5.587969765425057078e-01,4.401025383282068382e-01
2.679846089019622402e-01,7.323626549345260139e-01
6.139870196355156073e-01,3.833999476317195287e-01
5.443074843730334456e-01,4.535867490837600657e-01
1.070684012101910665e-02,9.856699309319953972e-01
2.706788428243138700e-01,7.249447576165428675e-01
5.409079408675342843e-02,9.454681195068410648e-01
4.148132772696662696e-01,5.879035922183295515e-01
1.602814312579693701e-01,8.404754546863172360e-01
3.127005689622187889e-02,9.671294824018155101e-01
5.634456564858659755e-01,4.362753123469783612e-01
2.918288461887819096e-01,7.070830558807081889e-01
1.559928710628210868e-01,8.416723159632876206e-01
5.659480224864887887e-01,4.365875988103338767e-01
9.863110755455756218e-02,8.951302759532128173e-01
6.200083833695043678e-01,3.806863739719176243e-01
4.990725376543271308e-01,5.010520931878810202e-01
3.116621243324297907e-01,6.874031872618728833e-01
9.903492530786278669e-02,8.964721396202468551e-01
2.564239366880798898e-01,7.421346009112776976e-01
4.323940026627322297e-02,9.519937048091723364e-01
2.232328598923883078e-01,7.759143840155221516e-01
3.498231342359257590e-01,6.500974262552280392e-01
2.033678879534499828e-01,7.961871919669701869e-01
3.023562872410729407e-01,6.979905047893922854e-01
3.308646025895872755e-01,6.709442185463698749e-01
4.736213714373389005e-01,5.234186117382415571e-01
5.278326054038422477e-01,4.709428024721841743e-01
5.012910341249035007e-01,4.952152670121748312e-01
4.686206021303501168e-01,5.315129251482380024e-01
1.317015545268500898e-01,8.656361894349141606e-01
5.065576348157413422e-01,4.937055846594320951e-01
5.407084320289389234e-01,4.617601454638186054e-01
4.917074255174190278e-01,5.073362250031627774e-01
3.373903649652928438e-01,6.627113826715194111e-01
2.270734893699523638e-01,7.677135297795405489e-01
4.036054086296124617e-03,9.948995580744051104e-01
6.688607231060141878e-01,3.329721672917497211e-01
2.301059698594592473e-01,7.700777646900821560e-01
2.913363327852209750e-01,7.043600169552559631e-01
5.502289242692038895e-01,4.476942778366161946e-01
4.774440746014660952e-01,5.198006094899922935e-01
4.912133376319083311e-01,5.087348512967184710e-01
3.842409293401101156e-01,6.123642973190017713e-01
1.283289143089503537e-01,8.660250406784981703e-01
5.285946292443135519e-01,4.685809029377723811e-01
7.644933920551544304e-02,9.177604872270490599e-01
5.337697333151015799e-01,4.676250930313536336e-01
5.202179689836731180e-01,4.807752052563237233e-01
2.539016640879507847e-01,7.463477522274326592e-01
1.007776628477099201e-01,8.988784304560146765e-01
4.158077967820194010e-01,5.839601626684204350e-01
5.890325218475037650e-01,4.108489402247766376e-01
6.180214336180098744e-01,3.801961365068332044e-01
3.392338484821946776e-02,9.630510177815876371e-01
4.743567085607167666e-01,5.239846325708840125e-01
5.174218015114387947e-01,4.862989779788652323e-01
1.682734128772575832e-01,8.278526614669999839e-01
3.912987219961566177e-01,6.075671848315244983e-01
3.156831100386273126e-01,6.810968386388198681e-01
3.007362435186232141e-01,6.943886233137366304e-01
2.968440513677877424e-01,7.033471432111548793e-01
3.141731760391187067e-01,6.855482899753743142e-01
1.149237993681091335e-01,8.840947650006922842e-01
4.139470345533498574e-01,5.853807481150814507e-01
5.882233568846192417e-01,4.092832783915244521e-01
1.648192571400801110e-01,8.359435144855188460e-01
1.844347885772024409e-01,8.109371403817536850e-01
1.481414468961374242e-01,8.465387701841655677e-01
4.139895870295418057e-01,5.846851418451699534e-01
6.638330485176832108e-01,3.390251138607705550e-01
5.314100777966936917e-01,4.672830243290690411e-01
4.025570198312546921e-01,5.974539708773891622e-01
3.907857725945702021e-01,6.115441266308427881e-01
4.158978891136743683e-01,5.818251852439733085e-01
1.676653038111723948e-01,8.335238643639558687e-01
4.581516765649671918e-01,5.399250755386325595e-01
5.327905847068098444e-01,4.672092550516944165e-01
1.124398137809267673e-01,8.836853947719343072e-01
6.280990826869131682e-02,9.364712682299790592e-01
1.960852918007161272e-01,8.016243234569015996e-01
2.839022528811565027e-01,7.127684087635212107e-01
3.636420326523371327e-01,6.339592537046790932e-01
3.541683793630867605e-02,9.607100988275869557e-01
2.364789535833929091e-01,7.600826784400341873e-01
4.429721518255335666e-01,5.552516907059180662e-01
1.011662641147621222e-01,8.965266150515831534e-01
2.278735680125043295e-01,7.675106385019501154e-01
1.797104653889911585e-01,8.166080301574253353e-01
4.551817705230331024e-01,5.472741067099450296e-01
5.748637933915761167e-01,4.232447383237849525e-01
2.946601983625936859e-03,9.951717207155932332e-01
3.752654526535387225e-01,6.210359502797045961e-01
2.080501500176027696e-01,7.899810179352758643e-01
3.004074946814423441e-01,7.006920969275378663e-01
4.509897638189223623e-01,5.476557722791508542e-01
2.599139387660507339e-01,7.413182235283310995e-01
4.363936091404282402e-01,5.649246690220893763e-01
1.642478224158230027e-01,8.352077262295498628e-01
3.645514826594905555e-01,6.343793705715180531e-01
6.495544617195860848e-01,3.491155922345963725e-01
1.148789701465584012e-01,8.803190890900258747e-01
3.726490631403620579e-01,6.298217144621878205e-01
4.704026137584000899e-01,5.264024922541158391e-01
5.236232506566963485e-01,4.748870850916245834e-01
1.669142043010116427e-01,8.327781949172166076e-01
4.035598426850701692e-01,5.954261517724054320e-01
6.203436432500769593e-01,3.780405126915250547e-01
3.785003515090586967e-01,6.241773010485835993e-01
4.875347664334177267e-02,9.513616578261060441e-01
1.489640817977409271e-01,8.455803318700665372e-01
5.450708402613830827e-01,4.531812612195827983e-01
5.622911647133921331e-01,4.400810271356855319e-01
3.022156854094198986e-01,6.985483199810335053e-01
6.090306421658899794e-01,3.884892376952315263e-01
2.824811759373230813e-01,7.179827343082351154e-01
5.401110865939793282e-01,4.593178918663666788e-01
3.047564027817539212e-01,6.945125561097521549e-01
2.879764829358866796e-01,7.131902814129955637e-01
1.707362448634446028e-01,8.301815315715072030e-01
5.915237819443396328e-01,4.101738930788566551e-01
1.110966941012477699e-01,8.849136776138009086e-01
1.744968114718126462e-01,8.225293621492960616e-01
1.578171833666345836e-01,8.412472078101260742e-01
4.549990442500662091e-01,5.475826402893856359e-01
3.300590798799967751e-01,6.678638024982356258e-01
3.540584276085966264e-01,6.471692737375935867e-01
5.344326971031940765e-01,4.670194967713854894e-01
3.485068699269253667e-01,6.518242580150550580e-01
3.282892906349315076e-01,6.714775448220176024e-01
6.618062972989299242e-01,3.428354339589233524e-01
2.043012684666141721e-01,7.949727278737132030e-01
5.346575192055026404e-01,4.683624471079206320e-01
4.563291864106734375e-01,5.436758270822305006e-01
3.949846908794966138e-01,6.053469603904668705e-01
2.388164853099414009e-01,7.613468501290905355e-01
2.121135538945557175e-01,7.866598319955064866e-01
4.845267454632843362e-01,5.187504147362512752e-01
3.666383930613258818e-02,9.579256137614069466e-01
5.592900387138675100e-01,4.440387982515188736e-01
3.797160139624662367e-01,6.202820839671042696e-01
1.455350238906145122e-01,8.511933043445230052e-01
2.989567852036276729e-01,6.973319719123575178e-01
7.259900641086840245e-02,9.223322537558844569e-01
6.938573450779188245e-02,9.294936945084653068e-01
6.235345012518788144e-01,3.776312386298056878e-01
4.098465000417782500e-01,5.865172851938931231e-01
5.501992930063485110e-01,4.536599509832000554e-01
6.351716777514891943e-01,3.692983087025057398e-01
4.481954594499639177e-01,5.483037871763868365e-01
3.395805233088741160e-01,6.613593149196308474e-01
3.114620753459744207e-01,6.867765567342656308e-01
4.829291474450925215e-01,5.176539474144093989e-01
4.658073636159205666e-01,5.340587932938466453e-01
1.721601061699487012e-01,8.287161995240196477e-01
2.167574906276696356e-01,7.806214892676122119e-01
3.325544472844707555e-02,9.666397682675622605e-01
1.902849109307634679e-01,8.108559082447488464e-01
1.033359132805818231e-01,8.927884752788923794e-01
2.466130251363344572e-01,7.520118213349633596e-01
5.156909995741320030e-01,4.871281155109482008e-01
8.812906401435553760e-02,9.055349634876255216e-01
4.800497935183766218e-01,5.204422408129050215e-01
5.249427087141914638e-01,4.767082905246056712e-01
5.699921237962092546e-02,9.369684318755654440e-01
6.391075904266516616e-01,3.621168168486681993e-01
2.119612372145636137e-01,7.826863109090341775e-01
1.442892385460757543e-01,8.549022254789619968e-01
6.411242240630826705e-01,3.576302559496893907e-01
1.801114097277045911e-01,8.189724435724746732e-01
5.754619117183900068e-01,4.224708813544969521e-01
3.626538580926118027e-01,6.390847857548247468e-01
1.734536130716310964e-01,8.276225523932355665e-01
1.166496875268893396e-01,8.778516087686872860e-01
5.453851815758702370e-01,4.579421574388136129e-01
3.700007380939827617e-01,6.266320771470322848e-01
5.205321002016568555e-01,4.762319549124693352e-01
2.054051673043741019e-02,9.742218288010716654e-01
6.257741698085594884e-01,3.719137144007340079e-01
4.773570327278081615e-01,5.193214483118696601e-01
2.382909472737765044e-01,7.617314291650086888e-01
7.696804811662651818e-03,9.909172110127121291e-01
5.060749338339531195e-02,9.454887187789267067e-01
4.052078908641277288e-01,5.927867479075396018e-01
2.578569798017263381e-01,7.396269770922593301e-01
1.222072912121375393e-02,9.865494216712239472e-01
3.133768692859316696e-01,6.845432073787102167e-01
4.839287974500436906e-01,5.183540588663765325e-01
6.531815600751269546e-01,3.505398037191785887e-01
2.254336310786972386e-01,7.750271831318118476e-01
1.094526889475290476e-01,8.860266497891399196e-01
5.587941033940085900e-02,9.410482918112335060e-01
2.664294658516743186e-01,7.329559164528886006e-01
1.563110935351584574e-01,8.399814954297857295e-01
4.740165081130369162e-01,5.286179095554489615e-01
1.476718886160557909e-02,9.795762358101527401e-01
5.518484039369078720e-02,9.405492982018476278e-01
5.486637022058621360e-01,4.552187677789626963e-01
2.806658398579197078e-01,7.204408743389357772e-01
1.422511246690954523e-01,8.526247843726511011e-01
4.398758882573653994e-01,5.600421301442713995e-01
4.287724806824693702e-01,5.723856580409644179e-01
5.700244470403971198e-01,4.310773612075347039e-01
4.873604965724985805e-01,5.154333687814066645e-01
4.625835554431164121e-01,5.365420971847585374e-01
1.232327599396754181e-02,9.873521835132854640e-01
3.660403116439825411e-01,6.301541947695921131e-01
1.402714817401816416e-01,8.576959829070486263e-01
5.832538234079008843e-01,4.193840891224752676e-01
5.426890041348401139e-01,4.593400562546779420e-01
5.057535742440536497e-01,4.907924184542602486e-01
2.110566950722238544e-01,7.857336039170156328e-01
6.332638024118844022e-01,3.681669621860583219e-01
2.325159130379560735e-01,7.674154786414189022e-01
4.269332955747068281e-01,5.722257997025549381e-01
1.579017927605400329e-01,8.396534112299866015e-01
6.398022913162679792e-01,3.605826424205433312e-01
3.424905369946548706e-01,6.584939138978702644e-01
3.237016665560494832e-01,6.743160382831342448e-01
7.035550638797703760e-02,9.282275215436456284e-01
2.822170356487477272e-01,7.187181351997358192e-01
6.468694993813908223e-01,3.551827612415123792e-01
4.375282301906382454e-01,5.601622564631011381e-01
3.065674057106682060e-01,6.937582185314299377e-01
5.921053337347598200e-01,4.085407148471534300e-01
3.319433893592450557e-01,6.653034002534705671e-01
1.551070057251305589e-01,8.428969786740432291e-01
2.951393837979912060e-01,7.045510612805373496e-01
2.843612762212492928e-01,7.123730773728056409e-01
3.002508812494036894e-01,6.972441334048656847e-01
3.891816042097340778e-01,6.104156070539324963e-01
5.774554850200567385e-02,9.383438654552435088e-01
6.585336217091231070e-01,3.459810346055313124e-01
1.313891696030433098e-01,8.665141423355243733e-01
4.693733635785530822e-01,5.313881252298628954e-01
3.157684111262186455e-02,9.681048819058827304e-01
5.868902180488194675e-01,4.170820755612610342e-01
4.854326524352456373e-01,5.147278902580756377e-01
7.628098621323449458e-02,9.213921630422237108e-01
5.639844856140217022e-01,4.333282300203645243e-01
6.185752083235057652e-01,3.787195780143875479e-01
1.416984839076153302e-01,8.532921997622138210e-01
3.448728578719996718e-01,6.515391155282448388e-01
2.562373678043575881e-03,9.938226612830789453e-01
5.448134172068802572e-01,4.566668970748744560e-01
