9.099087411058344177e-01,9.009125873031559317e-02
7.452638919801423123e-01,2.547361082508308172e-01
9.617411582699997297e-01,3.825884145927387070e-02
6.073657275722221804e-01,3.926342721404657565e-01
8.706197098625417796e-01,1.293802894175322682e-01
6.885990526084309060e-01,3.114009481753702291e-01
5.895053996210408709e-01,4.104945994380308494e-01
6.515410222311515120e-01,3.484589766736235217e-01
5.896811135669788317e-01,4.103188878249457994e-01
8.909515645019285834e-01,1.090484368916197627e-01
5.260201117720585406e-01,4.739798902924756696e-01
7.901289371771584857e-01,2.098710605908278015e-01
7.857993142603433290e-01,2.142006888596104663e-01
6.067546110047843388e-01,3.932453923697082354e-01
5.717697349681658547e-01,4.282302684323754938e-01
9.337591276546959307e-01,6.624086892924425929e-02
9.816672492103075687e-01,1.833275424854800828e-02
9.535256971124379533e-01,4.647429935469979401e-02
9.060678324154913810e-01,9.393216396093219400e-02
7.301456548355015341e-01,2.698543489633232761e-01
5.777354652960262626e-01,4.222645387868902978e-01
6.952595120341013013e-01,3.047404921300643776e-01
8.819658802561628486e-01,1.180341241703199429e-01
5.262725096989087081e-01,4.737274947661742064e-01
9.737613253952523973e-01,2.623867922906516700e-02
7.319878560325833172e-01,2.680121488640206939e-01
6.335736811634730126e-01,3.664263137344219712e-01
6.935834834604431842e-01,3.064165220145857460e-01
8.440504991468540386e-01,1.559494953652003357e-01
7.160655367083472722e-01,2.839344574879626437e-01
9.662514500941941087e-01,3.374854399353584278e-02
7.494291443991025758e-01,2.505708616197012684e-01
7.072164498141968458e-01,2.927835439823539554e-01
5.883128379015772902e-01,4.116871558567762324e-01
9.236707865554560914e-01,7.632921984606531873e-02
6.722002942029448036e-01,3.277997122122336404e-01
6.403506135673932009e-01,3.596493797148384575e-01
9.644731119005174325e-01,3.552689510735612677e-02
5.910130336671970408e-01,4.089869734009795033e-01
5.316862215115251145e-01,4.683137856251790576e-01
9.048379716590102539e-01,9.516202100776646744e-02
8.740305969970212363e-01,1.259694109233022163e-01
9.108006920552071950e-01,8.919929963380505977e-02
9.822331869308620345e-01,1.776680465872758699e-02
6.747312892929596684e-01,3.252687017424230609e-01
9.518186305685014670e-01,4.818137840995732196e-02
8.245476131949851517e-01,1.754523958895556346e-01
7.951829203773502774e-01,2.048170702883598537e-01
7.042519431377514127e-01,2.957480663887938066e-01
9.684214080967157301e-01,3.157860143543356202e-02
6.280096466571256641e-01,3.719903437141278135e-01
6.358954746357833310e-01,3.641045157228438578e-01
5.851515292907701893e-01,4.148484609723473993e-01
7.039041728687157606e-01,2.960958376079785292e-01
8.418575763224596109e-01,1.581424342104180425e-01
8.438140839508587732e-01,1.561859266138163616e-01
5.198192212529118006e-01,4.801807893350613643e-01
5.706520455468270248e-01,4.293479653071418656e-01
5.823029583099772477e-01,4.176970526445727971e-01
7.985238176343658623e-01,2.014761713826482559e-01
6.195865451006336011e-01,3.804134662453677040e-01
8.613632608212786756e-01,1.386367275734637916e-01
7.858995258684364771e-01,2.141004625227212743e-01
7.916271233365050897e-01,2.083728882991210118e-01
9.556886937736446264e-01,4.431129446163701441e-02
9.205097020052002144e-01,7.949028593356671779e-02
5.353385630706655185e-01,4.646614247516336893e-01
6.726832662090185266e-01,3.273167216053859963e-01
6.827748135269215979e-01,3.172251987387051386e-01
6.259308993539525190e-01,3.740690881257383027e-01
9.543969950457387164e-01,4.560299215808585882e-02
5.458005589023048332e-01,4.541994542140935232e-01
5.211179442924234184e-01,4.788820688503037659e-01
9.539388111670572545e-01,4.606117553492319883e-02
5.215460468875812161e-01,4.784539665563886102e-01
8.592856393202823462e-01,1.407143743972889549e-01
6.674904738171565377e-01,3.325095399311114863e-01
7.094335160366165294e-01,2.905664977288583417e-01
7.095094050046439893e-01,2.904905812190570757e-01
7.576182247616067844e-01,2.423817611967226116e-01
9.829737904030954043e-01,1.702622388563699782e-02
9.824153372629860215e-01,1.758464841733173301e-02
6.755895070381952028e-01,3.244104783990304219e-01
8.925134569088237768e-01,1.074865284984441588e-01
6.797445730609540382e-01,3.202554123382305162e-01
7.768178881199745422e-01,2.231821266629483991e-01
8.174127346240949166e-01,1.825872504454944534e-01
6.043300950880836631e-01,3.956698898871972014e-01
6.787335569812991132e-01,3.212664277413405656e-01
9.512422099894640715e-01,4.875777465482929868e-02
7.393623438676182325e-01,2.606376407159231579e-01
5.290417353051578564e-01,4.709582801318170087e-01
9.147563419039841381e-01,8.524364245915452831e-02
8.734435188419726881e-01,1.265564652455646311e-01
8.607753382903751138e-01,1.392246455392745219e-01
6.412764851749368500e-01,3.587235311261755544e-01
6.272101220742426486e-01,3.727898944059063191e-01
5.642733007527193090e-01,4.357266827582425561e-01
7.451720115365116914e-01,2.548279719033753610e-01
9.499789021778534126e-01,5.002111438273233734e-02
6.086354528572534006e-01,3.913645296454882350e-01
5.579373149780739727e-01,4.420626673843077725e-01
7.347236754720725127e-01,2.652763422286965045e-01
7.773812121655829799e-01,2.226188056810508853e-01
6.054775425679728151e-01,3.945224395513173277e-01
6.491944784555585546e-01,3.508055034712884157e-01
5.467873032527210686e-01,4.532127148896797908e-01
9.448743199705245122e-01,5.512569828273995720e-02
8.822693662998446484e-01,1.177306153030116959e-01
9.468969284369925798e-01,5.310309038483863875e-02
8.324267966078402470e-01,1.675732222525641857e-01
6.133751896154097105e-01,3.866247915202644658e-01
6.334374605179700080e-01,3.665625584702736917e-01
9.673752817143951299e-01,3.262473742077956484e-02
9.854831431891819538e-01,1.451683717181234852e-02
7.827321884471601932e-01,2.172678312313191529e-01
9.593148428825448715e-01,4.068517682981685063e-02
9.533615985367560608e-01,4.663842197479461937e-02
5.960181619826236954e-01,4.039818585385516192e-01
8.938459123442332732e-01,1.061540670371813877e-01
9.151047300963062181e-01,8.489529070657547694e-02
9.479144676835207228e-01,5.208555330219456769e-02
9.069223300578564961e-01,9.307769093089325596e-02
7.701454711823967347e-01,2.298545078114235252e-01
8.588172088459735676e-01,1.411828123687888792e-01
5.668334175316271928e-01,4.331666038352340875e-01
6.861727654527555176e-01,3.138272560395396482e-01
5.358616615659861360e-01,4.641383168187417918e-01
7.406437206791101069e-01,2.593563010446605088e-01
5.788076414074394549e-01,4.211923804175834452e-01
5.357525318355756960e-01,4.642474461900725213e-01
7.010483105469190734e-01,2.989516674039223165e-01
9.636186497168082177e-01,3.638132818106061539e-02
7.283094756561250271e-01,2.716905464782134461e-01
8.697534885293747298e-01,1.302465339758607232e-01
6.464984053731542835e-01,3.535015713664306780e-01
7.624186980105330802e-01,2.375812786145130029e-01
8.228206806063597112e-01,1.771792960092626878e-01
6.734155516532451813e-01,3.265844719174255117e-01
8.124756166948059466e-01,1.875244071040634286e-01
6.019158780862007285e-01,3.980840979515299916e-01
8.404128574011147101e-01,1.595871665665145323e-01
5.216247380268016487e-01,4.783752860831711473e-01
9.732087475304822544e-01,2.679127699258947864e-02
5.674404635518094375e-01,4.325595615504115310e-01
9.101542865666691906e-01,8.984568809512430421e-02
9.483483334689979394e-01,5.165169195774499400e-02
7.134690325663621824e-01,2.865309418832077126e-01
9.002935739333695064e-01,9.970640041912044726e-02
9.265936453289087549e-01,7.340632883528180885e-02
5.474094313293800251e-01,4.526095195117792458e-01
6.644776302479709074e-01,3.355362100175875439e-01
5.803104222781433341e-01,4.196810104559290933e-01
8.667125713527502606e-01,1.332945719409233398e-01
8.514799883638515254e-01,1.485180909372300073e-01
7.766664227773714124e-01,2.233242192020864492e-01
9.579175441121857704e-01,4.210708974865882276e-02
8.205535502171528162e-01,1.794761979773190907e-01
7.928784275178051288e-01,2.071527235457154559e-01
9.287780987740168470e-01,7.125412749930115641e-02
7.664838468478526456e-01,2.335383384332579415e-01
8.963261917953071478e-01,1.036835104757551501e-01
6.041718725285025737e-01,3.958461430762857947e-01
6.250216025072685699e-01,3.749844925864459499e-01
6.167705758448658315e-01,3.832549996314651430e-01
7.122153818386404156e-01,2.877843717391804224e-01
8.034932525862130692e-01,1.965001538916755497e-01
7.021570661279009640e-01,2.978596349041446878e-01
8.704935481798485863e-01,1.295052463683246391e-01
8.463358845615258641e-01,1.536956308352886991e-01
6.238381739099214673e-01,3.761479740631145097e-01
5.856159554364179787e-01,4.143671893794372840e-01
7.305418633039577614e-01,2.694540775843405345e-01
9.338702256923012701e-01,6.614213929521300939e-02
7.609055941943819734e-01,2.391050152339043167e-01
9.828036947995970607e-01,1.720887243817849355e-02
8.438255926211146729e-01,1.561786472058410702e-01
6.516325337799917516e-01,3.483827447869828897e-01
7.353144031260312463e-01,2.646864592836501995e-01
5.969328135993380302e-01,4.030818639634686784e-01
9.617254618126056531e-01,3.828472220830691358e-02
9.524754596407078999e-01,4.756275858353374575e-02
5.630612133086694282e-01,4.369361209780606159e-01
5.794758430306529151e-01,4.205302931630823249e-01
5.681950869347403010e-01,4.318030338927040246e-01
6.845244491604183246e-01,3.154639384215950360e-01
7.913899033367032265e-01,2.086168290562309680e-01
7.422656735666754990e-01,2.577418748059637221e-01
9.137795999747670983e-01,8.623302173075850230e-02
6.517623626672334192e-01,3.482276838078153247e-01
6.650071656515910146e-01,3.350101761163283842e-01
9.337071171821720306e-01,6.631607139583060861e-02
5.405620193375541005e-01,4.594589913093375388e-01
7.970311839277908206e-01,2.029828010291284124e-01
7.539056411395648194e-01,2.460976291766404367e-01
6.604267036071106434e-01,3.395883636670657957e-01
6.976547157942744048e-01,3.023533685621194178e-01
8.244628234832516167e-01,1.755483149614724403e-01
5.305457658905300411e-01,4.694725271793478427e-01
6.533849382392172833e-01,3.466164882491295507e-01
7.739251456114247807e-01,2.260947290921506148e-01
6.993103680320307269e-01,3.007097722220918312e-01
7.264496872289812890e-01,2.735739096790061331e-01
8.557011780515217936e-01,1.442931486003752595e-01
5.683727668478278927e-01,4.316271211377462613e-01
5.301641440399706973e-01,4.698562317182538028e-01
9.266262395190841827e-01,7.340408508263233933e-02
8.290852663689057822e-01,1.709183933961295199e-01
5.592544177445686326e-01,4.407411232582017502e-01
7.508049763780317853e-01,2.491977653198748088e-01
7.538858963175930628e-01,2.461107258370607287e-01
9.328983732176026056e-01,6.713432408246010341e-02
7.665117062592274877e-01,2.334794016539256389e-01
7.817509848557100405e-01,2.182648323690879744e-01
8.213415100812440084e-01,1.786664491157980150e-01
6.755075966132193521e-01,3.245212276047085287e-01
5.986497582324914468e-01,4.013605935798029156e-01
9.813693753063850167e-01,1.864182812167780937e-02
5.370986706624770735e-01,4.628937010841736588e-01
9.014162759506711975e-01,9.858654557112449257e-02
5.412109037902869124e-01,4.587985329763886733e-01
7.154579451648277466e-01,2.845631403803824400e-01
5.410036306340908485e-01,4.590086721572170236e-01
6.326610069671120273e-01,3.673375760418643443e-01
6.283533844400656099e-01,3.716471457162403014e-01
9.812650133118090423e-01,1.873433333937406936e-02
8.836225298016260332e-01,1.164028149292237191e-01
9.514106915636786344e-01,4.859806274513993329e-02
6.490092591960208157e-01,3.509900874812195704e-01
8.441721521039988740e-01,1.558603373678866810e-01
8.511320466838515619e-01,1.488707055119634082e-01
8.958755173479669986e-01,1.041351740302324108e-01
6.980038477310321898e-01,3.020246025900241160e-01
7.008840404221755582e-01,2.991110360979303828e-01
7.166205048716118853e-01,2.833982023101349057e-01
5.848931219667441450e-01,4.151044614250455345e-01
9.190320604541657445e-01,8.097458084193916161e-02
7.072083278143633800e-01,2.927814512499229971e-01
7.232125272242710956e-01,2.768148588692395662e-01
6.794336318161938726e-01,3.205835563835396917e-01
8.358449566789027951e-01,1.641714034332397154e-01
6.714925079900698757e-01,3.285155500207225798e-01
9.332102249891477408e-01,6.682296623382888434e-02
7.978310919162991954e-01,2.021787603123278432e-01
7.748693769099236350e-01,2.251567433169155696e-01
8.965248088262813830e-01,1.034967497499489630e-01
6.544993866370349966e-01,3.455060577377826458e-01
7.425689331245262093e-01,2.574322258662138374e-01
5.963834494527242569e-01,4.036092785240334990e-01
5.261924601449370353e-01,4.737926702063482431e-01
8.100428892971649475e-01,1.899494141525409630e-01
6.935635085266570465e-01,3.064242655960415229e-01
7.029337348376724082e-01,2.970751067223859065e-01
9.197638771723257722e-01,8.024089943137313607e-02
8.073962953013367194e-01,1.926124348323816071e-01
9.200396384134796879e-01,7.997040843835991064e-02
9.724090471033673966e-01,2.762676512969165429e-02
6.791835175178835282e-01,3.208345931040955668e-01
7.955423690006402371e-01,2.044598690541796493e-01
6.575515442037391800e-01,3.424601115253502193e-01
5.914749923235140816e-01,4.085173448227095161e-01
5.306550685805385692e-01,4.693314871020123902e-01
5.552127372593597121e-01,4.447726283032067962e-01
7.965080699275832732e-01,2.035162267117482104e-01
8.858713262470954142e-01,1.141340617241918959e-01
8.735561042687509659e-01,1.264564445218736288e-01
9.773049287067623325e-01,2.272721638761724880e-02
6.636431306200558655e-01,3.363668962436285881e-01
5.941332918513385630e-01,4.058904307487665730e-01
7.462232248637959975e-01,2.538014563405967539e-01
7.006017284202055162e-01,2.994084182366325009e-01
7.732693904898392256e-01,2.267410762773385269e-01
7.048156875205596750e-01,2.951907260258160859e-01
6.683662312235569836e-01,3.316566079879936235e-01
6.456038798100927067e-01,3.544061812624401120e-01
5.805943315419475059e-01,4.194154243634606316e-01
6.537759663042100877e-01,3.462112816766569345e-01
8.429804962367657417e-01,1.570458786003715579e-01
9.769721902431702798e-01,2.304973168950695539e-02
6.611343298096015175e-01,3.388710893122086620e-01
6.438165163230733512e-01,3.562084910172674812e-01
8.098814677249879246e-01,1.901401416183551851e-01
7.016446301533989516e-01,2.983807691502937676e-01
9.749593095869641957e-01,2.507130958241826288e-02
8.826345375813424710e-01,1.173678502251696842e-01
8.903951716379960857e-01,1.096127102705739542e-01
5.681627623491020129e-01,4.318520634050423967e-01
6.521701853665130555e-01,3.478501309065893388e-01
5.330698175409331885e-01,4.669415925422059077e-01
5.406177701915556577e-01,4.594002236542248374e-01
8.211157300754827748e-01,1.788897326513240738e-01
7.859933565101956399e-01,2.140020945519159612e-01
9.405715975017591157e-01,5.943959726385687758e-02
9.257297166580251702e-01,7.429501758501758091e-02
9.037225203070007318e-01,9.629316852978131447e-02
7.495010470027991811e-01,2.505184691150995624e-01
9.062143380635447887e-01,9.379231448740814325e-02
6.799267829917652328e-01,3.200753541871396157e-01
9.057494752116674874e-01,9.426915615919105595e-02
6.747940314441542853e-01,3.252306680395574690e-01
8.711560267846198968e-01,1.288515056841824935e-01
5.939351563672069512e-01,4.060817842359536467e-01
5.232291286329270319e-01,4.767777878228509070e-01
7.895397197531114353e-01,2.104869632092155607e-01
5.839028203275876683e-01,4.161047142341435801e-01
8.928102804391233605e-01,1.072250234878419362e-01
6.059881809970831812e-01,3.940152874309636455e-01
7.450734519050156157e-01,2.549481486134183572e-01
7.867413690314438712e-01,2.132618465565612464e-01
5.728978622491346373e-01,4.271104321883997246e-01
9.757704903727639767e-01,2.426022835763821939e-02
7.138148863066711147e-01,2.861917042323558480e-01
5.250546461682807919e-01,4.749357250270814790e-01
7.663996890799474881e-01,2.335906827147694320e-01
7.786487246555466868e-01,2.213582491950314424e-01
6.934035860175984389e-01,3.066145067505878230e-01
7.132572623720750959e-01,2.867638350473400433e-01
5.921230025001762431e-01,4.078712238625788467e-01
9.219770280050547662e-01,7.802117491962411167e-02
5.507336506589955993e-01,4.492844881107439514e-01
5.390280313612928476e-01,4.609755068524198363e-01
7.053946248038581723e-01,2.946294680764012242e-01
6.727795173802361139e-01,3.272194869599998612e-01
5.776607954983102866e-01,4.223429040504826371e-01
7.622087228393916725e-01,2.378046011779291757e-01
6.885083140451304651e-01,3.114799263762964565e-01
7.724441540080927426e-01,2.275461004572162382e-01
9.289494906940605201e-01,7.108407969119330538e-02
5.830697758052280077e-01,4.169292854995409470e-01
9.745640481166919500e-01,2.546420708494057453e-02
8.139876321202206277e-01,1.860135244574399049e-01
7.918652917296125082e-01,2.081555592527679632e-01
5.579737836831584197e-01,4.420298859175572082e-01
8.848814564102875924e-01,1.151292526443033343e-01
8.998621202245893347e-01,1.001407054549514897e-01
8.823553130203716233e-01,1.176411750974304393e-01
9.752668366314709569e-01,2.477179174972694159e-02
9.728111894180340169e-01,2.720970894098855355e-02
6.934070473910121102e-01,3.065994569272623149e-01
7.096844857425049780e-01,2.903031145587376960e-01
6.366674474360228819e-01,3.633479585913798604e-01
5.293996425572433662e-01,4.706105792535632548e-01
6.331119979760154726e-01,3.668903980926737085e-01
6.217122536812045297e-01,3.783099905740475721e-01
9.597204451570713335e-01,4.029890675878732009e-02
9.632748681407168334e-01,3.674453212716208284e-02
7.736294366191095451e-01,2.263851164263257221e-01
9.051851461975599644e-01,9.482802025711088711e-02
8.862540955288034095e-01,1.137503232305446671e-01
6.239956058054383359e-01,3.760217992034044499e-01
8.793157621168954385e-01,1.207138820208668861e-01
5.739488771814389434e-01,4.260341113904574928e-01
5.699735451088386862e-01,4.300133461613403485e-01
8.370940163487090580e-01,1.629214621754568881e-01
5.974073107715270892e-01,4.025974549204300312e-01
7.888828638121231362e-01,2.111212703617269537e-01
5.310547309817988948e-01,4.689647695323787002e-01
9.304837586337049160e-01,6.952176625893717599e-02
7.041746707122893412e-01,2.958517138887726272e-01
8.878420869520043945e-01,1.121679756775807446e-01
9.677621327222312164e-01,3.224857749713772731e-02
9.756273496489895614e-01,2.439862932293079822e-02
8.246252980929855703e-01,1.753998793544874479e-01
9.145900146618564097e-01,8.541624759814435419e-02
8.704669606259460846e-01,1.295334723380724418e-01
6.052063346035799762e-01,3.948152234818327333e-01
8.766740906147386658e-01,1.233346651701277830e-01
6.054838710958929671e-01,3.945128628028675699e-01
8.488494353165926265e-01,1.511569047742953309e-01
7.792687027971946234e-01,2.207404670632790999e-01
9.393859753088849018e-01,6.063312236405696276e-02
6.295641049549957069e-01,3.704285052643185860e-01
9.388099400487427415e-01,6.119478029110127920e-02
8.540710361501238079e-01,1.459635719622230654e-01
7.668212717837463721e-01,2.331956321920429787e-01
5.287222569139518047e-01,4.712639246376104651e-01
7.599924451465155384e-01,2.400118339321272720e-01
6.604513417074768800e-01,3.395754712392604624e-01
8.863527792092102953e-01,1.136803536814145477e-01
5.671634742700327747e-01,4.328524447556672539e-01
6.016178570786082647e-01,3.983977821749557502e-01
8.171448154706163480e-01,1.828738116656954127e-01
6.221760760393062473e-01,3.778077530993747546e-01
9.360755003187528622e-01,6.394779576326128923e-02
7.856841133700575019e-01,2.143250064582308823e-01
8.028729692327400969e-01,1.971516563313201187e-01
9.683209874284663954e-01,3.169055764743970022e-02
7.066291830950284236e-01,2.933638386311644419e-01
7.763756847365679281e-01,2.236438954294345804e-01
8.128189859467926937e-01,1.872066172254317484e-01
9.345824613185198526e-01,6.544203442675648741e-02
5.957975009116552867e-01,4.041881834614768354e-01
8.930607627972079188e-01,1.069578202587827126e-01
7.271946648696413495e-01,2.728064774552106941e-01
6.787644345805878832e-01,3.212359319113167744e-01
8.626244489998184939e-01,1.374054779239856361e-01
6.792985609483008780e-01,3.207058056410506119e-01
6.659172897686631565e-01,3.340874411222115592e-01
6.369416470309448020e-01,3.630636062919435636e-01
7.599012820659212242e-01,2.401266852475902047e-01
9.617218392547541850e-01,3.828045136586361030e-02
7.345703632545708128e-01,2.654563554693037952e-01
9.631919853699787426e-01,3.683680627581248368e-02
9.435974182680293421e-01,5.644036117077129433e-02
5.625902802769242594e-01,4.374096231870528984e-01
6.003305679764961988e-01,3.996563758701355273e-01
7.967524589058533335e-01,2.032698267502907330e-01
6.055787250991492288e-01,3.944319534672841576e-01
9.630135846361518315e-01,3.701816575385603186e-02
7.159495116271321624e-01,2.840519090667130153e-01
8.513878895767749144e-01,1.486217141070349246e-01
5.979740239289923487e-01,4.020234306958054282e-01
8.073005251776588231e-01,1.926980715731960170e-01
7.443059208190165865e-01,2.557095736970673716e-01
5.963938035497833301e-01,4.036260141599952167e-01
8.736261324715121068e-01,1.263919378696039542e-01
6.434119749236583141e-01,3.565827034788897065e-01
8.412582205511013322e-01,1.587745098738365945e-01
8.070074197280635575e-01,1.929951334862566314e-01
9.607903915222009150e-01,3.921040395403137951e-02
5.528944477618793485e-01,4.471023523938300048e-01
8.138299011146707951e-01,1.861906273719366456e-01
7.093308403839603260e-01,2.906716572095507933e-01
9.824305404840110167e-01,1.757676888018662800e-02
5.316201441734829114e-01,4.683709887633111801e-01
6.158078693125766945e-01,3.842155452218269374e-01
7.613667682245570667e-01,2.386261092731092881e-01
8.964035908379863749e-01,1.036116165553344209e-01
7.570483139613610746e-01,2.429839468982643857e-01
6.534935093923750493e-01,3.465218755835610120e-01
9.305269972530467726e-01,6.951043904021429742e-02
9.815824873356508995e-01,1.845028047092992299e-02
5.287688627096946981e-01,4.712188172333642289e-01
8.391141731073523680e-01,1.608986435509590363e-01
5.471850026971172287e-01,4.528215707787697220e-01
8.163907021926395391e-01,1.836286903168867779e-01
6.019439272018171083e-01,3.980761023249942965e-01
6.167580856564456315e-01,3.832303900078719572e-01
6.137001676845175169e-01,3.862944187814150721e-01
6.451421431663499906e-01,3.548756556138440987e-01
8.344143500862828411e-01,1.655888079807201763e-01
5.396566033664957907e-01,4.603328642730789011e-01
8.341756133317814736e-01,1.658595588077117489e-01
8.280792647623700375e-01,1.719527364249365253e-01
6.827521270904058914e-01,3.172731272573997008e-01
5.906574413554775971e-01,4.093580680833412977e-01
9.555166437178244099e-01,4.448155244465445968e-02
5.473824944384344526e-01,4.526099124099898785e-01
7.330400449797170870e-01,2.669818325127967795e-01
8.006199725756140140e-01,1.993753794069227370e-01
8.291075301436621192e-01,1.709264415174146512e-01
6.854741067259838561e-01,3.145128836831274088e-01
7.242301237767265754e-01,2.757641702563792818e-01
9.837703640238134595e-01,1.625877066100102006e-02
6.510794439017911772e-01,3.489235809882765271e-01
8.382685079232119474e-01,1.617635728494923042e-01
7.766186808492645532e-01,2.233927700122911586e-01
5.431854907513952169e-01,4.567962927403811935e-01
8.077825072022281061e-01,1.922401070675693602e-01
9.234357650386244565e-01,7.659208460009082897e-02
6.101057962970916071e-01,3.899013245437643049e-01
6.925671824762620332e-01,3.074501021202951656e-01
9.282856778378770768e-01,7.171850732712797827e-02
6.566428323005584211e-01,3.433436726075284051e-01
7.533579837369989152e-01,2.466391009477785778e-01
9.571060898446588361e-01,4.293351630435746080e-02
6.218132250128688421e-01,3.781890364152599160e-01
9.281977548892172969e-01,7.180214632298709265e-02
8.865750728719381524e-01,1.134582990565850963e-01
9.098620310353644491e-01,9.017520998355275930e-02
8.071128572558323722e-01,1.928876909496736181e-01
7.779933661439151216e-01,2.220297571139465964e-01
8.500034779809784169e-01,1.500261629729079116e-01
6.892659509522459649e-01,3.107262274291130444e-01
6.552216504566783506e-01,3.447777506480444454e-01
6.786258814721616295e-01,3.213656734222706257e-01
9.335942789027460442e-01,6.640782964254872411e-02
8.035049534402198823e-01,1.964972329529914574e-01
7.762339729125191656e-01,2.237683360987688663e-01
7.302493325198945451e-01,2.697758526658450839e-01
7.714075694216460111e-01,2.286225814299637504e-01
8.224350415641190626e-01,1.775598369123801146e-01
9.803252794866759157e-01,1.968901365210096871e-02
5.948786682113070823e-01,4.051333511163029422e-01
8.691755885901429890e-01,1.308193620410617874e-01
8.215663146945987316e-01,1.784619139789327125e-01
7.414160554599942277e-01,2.585837397058576848e-01
6.264019995213737646e-01,3.736221243557685256e-01
7.907142576963130942e-01,2.092831452917530421e-01
9.694644693815827052e-01,3.055196494755337000e-02
9.165265616535069881e-01,8.348538525014292944e-02
7.460309376145320970e-01,2.539999049361931771e-01
5.880637022625232468e-01,4.119376230926750093e-01
6.482542413423638683e-01,3.517647147616691505e-01
6.665181779193326550e-01,3.334689100775784509e-01
7.695856914222116707e-01,2.304085121716933915e-01
8.340141986057514334e-01,1.659804112446529589e-01
6.053978758277762662e-01,3.946187947308742450e-01
8.037845498849285342e-01,1.962251616236470042e-01
6.104204667321238009e-01,3.895757262747363003e-01
9.063271945654818307e-01,9.367956666273573318e-02
9.007718368089048244e-01,9.924375752280047147e-02
7.385040582855303404e-01,2.615263154427577841e-01
5.764118102922023423e-01,4.236075702240020835e-01
7.982559026406548242e-01,2.017391271386808627e-01
6.488101103354522170e-01,3.511895266469365895e-01
7.441796434303732388e-01,2.558484904739624644e-01
7.446171728218183850e-01,2.554078944929062955e-01
9.804719242659509781e-01,1.954401911897147778e-02
9.693190988406756858e-01,3.071179206532629810e-02
6.074050655602067916e-01,3.925906446297136032e-01
6.803647135896893072e-01,3.196267904861535003e-01
5.710265709901781728e-01,4.289756809205123589e-01
6.542367377434320508e-01,3.457835571224785465e-01
7.646568499769017535e-01,2.353597273673141144e-01
9.264502824415601356e-01,7.357333844641149312e-02
7.683066666290314650e-01,2.317093753435120751e-01
6.081510111124427409e-01,3.918346813904626247e-01
9.311302199384337008e-01,6.887125861450911490e-02
6.593743516843826313e-01,3.406513480538664318e-01
8.125574770315086015e-01,1.874676303692450197e-01
9.616111425993911777e-01,3.841880864281330132e-02
6.115778170215296905e-01,3.884092241346062679e-01
7.084708386353069098e-01,2.915345285811253295e-01
6.551724705831930562e-01,3.448177103647947495e-01
8.094842365993596411e-01,1.905335101735197434e-01
7.918682230547342549e-01,2.081275827436963044e-01
5.664546986991273458e-01,4.335623399760398788e-01
8.273275904923749202e-01,1.726916913300726719e-01
7.912506496259037458e-01,2.087495091053645779e-01
6.623257405827183142e-01,3.376924354472216061e-01
7.670977666559218866e-01,2.329292128749083368e-01
6.429393658612642115e-01,3.570699722216231220e-01
5.223855086467563691e-01,4.776013931854371508e-01
6.956101152382935249e-01,3.044044046940350690e-01
8.566242278366917873e-01,1.434126496603304324e-01
6.188055796014969578e-01,3.812149485338308108e-01
5.863539514029948441e-01,4.136576098094409404e-01
9.286026745764377477e-01,7.140272382267379148e-02
5.687058183965837399e-01,4.312821656380271818e-01
8.341444377080950989e-01,1.658704948562932102e-01
6.006939284527345047e-01,3.993114025169429704e-01
5.611737439183013265e-01,4.388125357129442072e-01
5.971573809871895122e-01,4.028268950320997299e-01
7.481795273999988227e-01,2.518129815783846093e-01
9.261755288385208340e-01,7.384097713796618223e-02
6.039578743515153780e-01,3.960366357295641015e-01
6.085923654501055324e-01,3.914019117654504720e-01
9.819405838704884371e-01,1.807604271432869739e-02
9.748487521487608776e-01,2.516498391740765866e-02
9.289561589974248967e-01,7.107830868432177263e-02
5.867109362964616492e-01,4.132766692467005898e-01
7.676677987399188607e-01,2.323373798388714828e-01
9.539689448655657156e-01,4.603795898118407531e-02
7.369855665636462216e-01,2.630139746447071047e-01
6.038955650938974129e-01,3.960953048864141457e-01
5.934438323807417204e-01,4.065799764069646938e-01
8.690691751925496700e-01,1.309454053681047281e-01
9.406870298513342332e-01,5.931371763082439463e-02
8.471425312327689472e-01,1.528715953185713072e-01
5.499419810300977263e-01,4.500390211063851620e-01
8.634274154884457042e-01,1.365903706235018777e-01
7.620315638113857037e-01,2.379752978173637623e-01
9.836524915711510886e-01,1.638349763076398652e-02
8.685562510154536398e-01,1.314575346113234511e-01
7.190596116846019736e-01,2.809631938060236922e-01
7.810520551323097971e-01,2.189693523784772278e-01
7.546756946069816951e-01,2.453531332538006760e-01
6.749948201552116167e-01,3.250234931248670578e-01
7.777812265022552296e-01,2.222228651006339650e-01
7.481693766665139522e-01,2.518544881554696246e-01
9.545861950791230122e-01,4.543061554007655350e-02
6.122216762197633111e-01,3.877787990197527068e-01
7.855256494532520950e-01,2.144870216382549766e-01
6.940400967072589689e-01,3.059709276030914138e-01
5.339314354485152903e-01,4.660550039783997733e-01
8.724380471139555615e-01,1.275861035063681481e-01
7.377946800347098266e-01,2.622171159341465385e-01
8.193258059742549726e-01,1.806919230876929405e-01
7.138930364751885360e-01,2.861230542028193047e-01
9.420603111829877196e-01,5.794680269125208893e-02
7.514749636285525947e-01,2.485248243697190385e-01
5.316645802219026606e-01,4.683223409553498584e-01
8.105009672971441592e-01,1.895218585464681083e-01
8.197822089182253968e-01,1.802256634244331635e-01
5.477138818251500174e-01,4.523007188795664102e-01
7.005709418048615689e-01,2.994443126073050854e-01
8.029606356872027728e-01,1.970592650580138827e-01
7.504133949628657430e-01,2.495824705892816242e-01
6.451100677761436586e-01,3.548987877529283796e-01
7.656970845092229139e-01,2.343025242823304211e-01
5.336523447477918847e-01,4.663409081322688610e-01
8.403177716286472920e-01,1.596842100531532804e-01
7.746627377260630887e-01,2.253280433499880997e-01
8.473812919600658411e-01,1.526451533875164690e-01
5.870011385698965523e-01,4.129905388668330679e-01
6.458290686550661741e-01,3.541644677924251639e-01
5.596453220613810675e-01,4.403562921756594695e-01
8.946184751157755244e-01,1.053897406742872189e-01
6.064667019159492023e-01,3.935557071565100595e-01
7.199335571098942621e-01,2.800887593077154292e-01
7.579523221194325311e-01,2.420595112696420359e-01
8.636302349351246965e-01,1.363984228435330404e-01
5.246488558688734427e-01,4.753587398803494901e-01
8.140719696152222129e-01,1.859505489079176233e-01
8.955461650760101477e-01,1.044868367871903958e-01
5.466529477809526361e-01,4.533470723559851479e-01
9.711535592239630699e-01,2.886857362092189183e-02
7.441457882275845925e-01,2.558682442502842602e-01
8.759372266452533085e-01,1.240820804250335474e-01
9.473890040867903872e-01,5.264003362781875112e-02
9.460636609149957188e-01,5.395768171172041910e-02
9.829746714803384577e-01,1.705953593460975831e-02
9.342579545335276681e-01,6.574799655187117675e-02
8.263923711681155915e-01,1.736326258242136267e-01
5.952202361474120407e-01,4.047689051500936719e-01
6.019806733914657704e-01,3.980145647263431674e-01
8.184115959628547321e-01,1.816147939075811735e-01
6.168321742604089275e-01,3.831770246827344018e-01
6.210434847380059686e-01,3.789668563613482477e-01
7.751056610992512752e-01,2.249183226232958077e-01
7.921133170903127407e-01,2.078975602116851229e-01
7.172690701688749781e-01,2.827348882148247866e-01
6.861694743728954382e-01,3.138240978273622028e-01
9.351925055221366190e-01,6.481431563385232908e-02
9.618877357704028741e-01,3.812645456869794003e-02
6.602791651295341069e-01,3.397296037009027714e-01
7.947797098531634852e-01,2.052528511162123592e-01
9.008813138024929223e-01,9.915752197803869017e-02
8.005851202131750721e-01,1.994380259740954620e-01
6.813126513462091083e-01,3.187034021623246782e-01
7.128840430597219724e-01,2.871252097987698759e-01
7.340388311058416715e-01,2.659794494594325265e-01
6.558163730659407609e-01,3.441836450034277406e-01
5.679660424504709981e-01,4.320388431067507251e-01
6.458407450801000316e-01,3.541807603908550539e-01
6.891610678851083360e-01,3.108590727311155155e-01
5.481147704580233704e-01,4.518981226047521504e-01
6.973489506011322225e-01,3.026683649165550771e-01
9.217181025701659536e-01,7.829806821669232919e-02
7.588699073992277722e-01,2.411230031846290367e-01
9.092305820478212564e-01,9.078812629109464516e-02
6.914708126273914068e-01,3.085453698950985091e-01
9.361972115055765542e-01,6.381642120623587378e-02
7.692475329708704512e-01,2.307787664387768722e-01
7.086899311425649550e-01,2.913292532022250803e-01
9.438876578234778325e-01,5.613429406814542805e-02
8.039676617255259172e-01,1.960419603008597689e-01
9.361229708673006744e-01,6.391330869901253042e-02
7.185980098920838888e-01,2.814245477821014640e-01
6.817455044306076628e-01,3.182677197688430493e-01
6.817284858198964237e-01,3.182905231873504048e-01
6.023740370319677906e-01,3.976090095895874477e-01
9.694987533421249859e-01,3.053187846012515860e-02
9.128826526113074102e-01,8.714346684527993214e-02
7.103947208824471504e-01,2.896040672616129186e-01
6.263580741045879918e-01,3.736464674121361407e-01
5.868203396564213303e-01,4.131781853795611914e-01
5.972408326885069174e-01,4.027556120638484116e-01
6.829233478746665753e-01,3.170917267243819060e-01
9.630951323535339448e-01,3.694404759492943974e-02
7.566183557555193895e-01,2.433974101874823437e-01
8.449757732226974571e-01,1.550324091249384861e-01
5.348704523924521226e-01,4.651155845033057568e-01
8.405758021914436773e-01,1.594209055144256981e-01
8.318223703190315010e-01,1.681903079340164031e-01
8.374667794922270314e-01,1.625444293268107077e-01
8.879362816510949497e-01,1.120903395014959253e-01
6.276176312369144972e-01,3.723925283194712832e-01
7.801406461736484221e-01,2.198910816576769289e-01
9.308047398124121852e-01,6.920951280498754965e-02
8.291277998493193913e-01,1.708701731344220431e-01
7.663253456281142739e-01,2.336788499019585019e-01
8.456128552315762548e-01,1.543871518173292601e-01
6.782888658425927364e-01,3.217071391858487561e-01
7.851014971336336412e-01,2.149218090740645515e-01
7.974930954734007482e-01,2.025304133407104801e-01
9.832849894425286230e-01,1.674569902407755176e-02
6.887778034891025580e-01,3.112196215006336475e-01
8.039324166904333602e-01,1.960733643940003879e-01
9.401613515088089734e-01,5.986816505329339844e-02
8.622296559571136498e-01,1.377840004314790645e-01
5.251368964938798456e-01,4.748612381160243756e-01
6.627407308374351214e-01,3.372556411845074598e-01
5.696604333430386191e-01,4.303466660387949005e-01
6.669385956747801991e-01,3.330783462713358678e-01
9.571673264671189951e-01,4.283455201129376944e-02
5.587874462296127387e-01,4.412310774580869843e-01
5.387949160998624087e-01,4.611939150322143521e-01
8.917551071130187523e-01,1.082719115830832191e-01
6.289951381355219917e-01,3.710092403624338231e-01
6.967978648855954749e-01,3.032251153160937518e-01
9.440888844653456680e-01,5.594969514734358246e-02
6.537990090107805852e-01,3.462198076960057991e-01
8.329513636167302781e-01,1.670614064169514412e-01
7.853558099721671404e-01,2.146438948991756801e-01
8.809779613375281482e-01,1.190176206112507490e-01
6.524739462952333646e-01,3.475406334127076891e-01
7.013060399457060612e-01,2.987208817040615250e-01
9.278616532057541999e-01,7.213903528619525218e-02
9.772885739361493185e-01,2.271943788329161204e-02
6.924228968039203291e-01,3.075669734384776088e-01
6.714582759719579519e-01,3.285628490360306131e-01
5.647623304184629101e-01,4.352482348312769478e-01
6.869865042968775759e-01,3.130005721331209911e-01
7.507893149004750688e-01,2.492024015130111236e-01
7.581877426584521240e-01,2.418157453246679578e-01
8.037542632318875890e-01,1.962594020323811250e-01
7.724832741769814826e-01,2.275412777302318612e-01
9.767680774179721137e-01,2.323165010233030001e-02
8.324928967226998822e-01,1.675176632380467878e-01
9.157710098288109890e-01,8.425697728035702605e-02
7.546526037539988963e-01,2.453703441236613769e-01
9.815102068639738331e-01,1.851889745735642995e-02
9.272899131323204536e-01,7.273795940852399722e-02
6.307135367118010816e-01,3.692875880634028385e-01
6.718580649754094525e-01,3.281611145550723529e-01
8.272482024271490264e-01,1.727723440399785981e-01
7.160696657703288226e-01,2.839238653042757132e-01
7.379579149052994946e-01,2.620729369812557219e-01
6.946432415117682613e-01,3.053671451118737390e-01
5.419923986339685307e-01,4.579938627498693071e-01
6.802213910531662577e-01,3.198022726398346283e-01
6.264721491791559460e-01,3.735346656590800007e-01
6.730115871918221915e-01,3.269819604048969097e-01
8.345359067247481999e-01,1.654618999572956273e-01
7.250442738773020812e-01,2.749620045606277485e-01
7.509219225206391624e-01,2.491088405668433203e-01
6.954851105363115682e-01,3.045178759299774773e-01
7.348749055340274561e-01,2.651193343568544192e-01
6.532832069912735129e-01,3.467075576330223563e-01
5.424423803840612290e-01,4.575804167962841951e-01
5.690092368089286756e-01,4.309887431367305788e-01
9.502419606039816946e-01,4.979819735321603519e-02
9.125628310928720621e-01,8.747126203141995793e-02
9.404424056185085590e-01,5.959722410291479894e-02
6.365940553915048206e-01,3.633921120529139404e-01
8.522004602026072018e-01,1.477999315502548094e-01
8.732102411191844382e-01,1.268182814257804714e-01
8.341305148344004827e-01,1.658893033884500379e-01
6.437963691756056761e-01,3.561974958330539343e-01
6.093008779394036845e-01,3.907092114015245365e-01
8.875919174641040410e-01,1.124036368022779259e-01
6.491771687875871333e-01,3.508492631375378368e-01
9.090621119550927887e-01,9.095651763695948577e-02
8.049469704574367945e-01,1.950610584818793514e-01
8.767008147653210237e-01,1.233086155492294778e-01
8.196564112729789464e-01,1.803750255579988915e-01
7.421996818315745870e-01,2.577988921403279732e-01
9.145350073910814004e-01,8.546274669545064762e-02
9.511105947682358952e-01,4.891780927432894804e-02
5.703545400738774251e-01,4.296488051736036540e-01
9.315658834932161181e-01,6.844512601297511600e-02
6.102469203145404197e-01,3.897531218472979897e-01
6.103368172605233566e-01,3.896658017480277847e-01
5.679600017370968201e-01,4.320418269090053887e-01
7.410026242489369253e-01,2.590182783226130381e-01
6.617937624233021232e-01,3.382130050701173118e-01
8.897548150751006801e-01,1.102637601213642266e-01
5.438810775153692934e-01,4.561292140267601547e-01
9.590527528235889276e-01,4.096153875303402969e-02
8.537845398019714427e-01,1.462302739834831500e-01
8.850201535693555943e-01,1.149774839291272527e-01
7.412245017111978029e-01,2.587882601113326020e-01
9.840242862099364274e-01,1.597686401930814223e-02
7.453123518573534501e-01,2.546860448009278799e-01
8.373436804996512439e-01,1.626770701636482408e-01
8.868485732912656516e-01,1.131613702751061851e-01
8.807868907399978298e-01,1.192300705433473190e-01
8.241618110670037023e-01,1.758348327221505858e-01
9.066126224228889807e-01,9.338362241875435010e-02
8.153726956422471250e-01,1.846520011946467810e-01
9.179959813957410120e-01,8.201666310529301396e-02
5.324989290564151601e-01,4.675179534595682029e-01
6.055664636047808358e-01,3.944417063543113611e-01
7.130021544884592721e-01,2.870190146103184792e-01
5.369731786070582880e-01,4.630196793644698605e-01
8.682241185940230421e-01,1.317871586196518452e-01
6.469417570596719402e-01,3.530815260606098849e-01
7.745880711413437592e-01,2.254270369098151372e-01
9.069194092628130033e-01,9.311624323866726782e-02
6.424293764555143449e-01,3.575685327085846299e-01
6.351527620469128443e-01,3.648464017999923925e-01
7.545086564161006537e-01,2.454941430065460395e-01
5.976907779094563500e-01,4.023170737977060929e-01
7.885959593288160985e-01,2.114136726569492419e-01
8.431702337532200886e-01,1.568378223453840148e-01
9.240480528590935272e-01,7.598918660183259788e-02
5.814432495847998705e-01,4.185522235347037268e-01
9.280672369790379239e-01,7.196440880347862445e-02
6.622246386844288235e-01,3.377622053675303770e-01
5.910396473744392587e-01,4.089542912033874433e-01
6.575809621484042244e-01,3.424303538361653243e-01
5.322119756646304101e-01,4.677748203722014719e-01
9.293781150008159075e-01,7.063227092972092225e-02
7.858604301341551857e-01,2.141601460707235338e-01
6.285755252277038796e-01,3.714321185008981896e-01
8.361861501674443531e-01,1.638424281205901889e-01
9.325447311230697922e-01,6.745406291355650341e-02
7.241328079076170265e-01,2.758586175162414111e-01
5.283545146355915767e-01,4.716361108844772110e-01
7.599568272124550550e-01,2.400691425267727219e-01
7.472941448997264535e-01,2.527125166877089990e-01
9.677850717899744160e-01,3.225231915979059200e-02
6.647743079605598071e-01,3.352241365723686584e-01
9.361946063882280455e-01,6.381825758585080166e-02
7.332496488334652174e-01,2.667516934351626401e-01
9.152821727078795933e-01,8.471870543027218425e-02
7.161576773937168294e-01,2.838430012372208378e-01
8.307921037849465007e-01,1.692274530263614962e-01
5.975627205919006313e-01,4.024267589120945066e-01
5.893796341320203247e-01,4.106316991286004803e-01
8.718771648816867614e-01,1.281450597467738983e-01
9.829076115665957847e-01,1.710574661278895306e-02
9.835854818152627299e-01,1.644830671261534802e-02
6.215844066679721003e-01,3.784283544893768392e-01
9.149667887507471065e-01,8.507178620404041991e-02
8.186952207192396136e-01,1.813227878425124617e-01
6.540080937379691983e-01,3.459799247632703856e-01
8.635474864758334590e-01,1.364693911607021137e-01
7.090775648031371059e-01,2.909375125863207789e-01
6.145473077717147348e-01,3.854493014676365625e-01
6.307987728492059354e-01,3.692209989479826038e-01
7.044734277388308152e-01,2.955447933336755040e-01
9.406394319223365663e-01,5.935937133898887968e-02
7.187149902734570883e-01,2.813072705423423359e-01
9.054513689947757404e-01,9.457092179405328369e-02
5.967502958965459348e-01,4.032603949688244871e-01
9.824968787890797639e-01,1.750508853447692650e-02
5.852805018690925287e-01,4.147446065750227673e-01
9.670310089932081521e-01,3.296769587299340498e-02
8.676633119466374833e-01,1.323480899013050882e-01
5.320870176750254199e-01,4.678943005032860092e-01
9.338496780068887837e-01,6.617044333324088867e-02
6.303691489558476135e-01,3.696200150525562611e-01
7.416958577323535806e-01,2.583076259620172843e-01
6.653792490927428194e-01,3.346170888297453350e-01
8.404785388051506656e-01,1.595165345270438684e-01
7.507576071256546468e-01,2.492521390365724232e-01
9.432331216218159398e-01,5.678497616832173939e-02
9.190300759233168693e-01,8.099381455365435578e-02
6.766560692464335114e-01,3.233524357699303353e-01
5.756896282172746515e-01,4.243232556529782373e-01
9.726165275047792269e-01,2.740134033598567651e-02
7.935040101306437554e-01,2.065104132535144354e-01
6.274464966826696077e-01,3.725498658504140526e-01
9.211857676242902748e-01,7.881204891860338346e-02
7.459090590045662772e-01,2.540993888007589407e-01
7.279065708689784753e-01,2.721231907484166768e-01
7.697092575885451371e-01,2.303181688742076683e-01
9.088127335749874858e-01,9.118335005105190905e-02
5.653077301736095794e-01,4.346969018601630208e-01
6.700489829953031329e-01,3.299518528647690796e-01
6.537376007734848615e-01,3.462882035775748935e-01
5.851694996664370541e-01,4.148144616742729940e-01
8.490902591772033770e-01,1.509083078538795419e-01
5.870775995175878670e-01,4.129459065413396690e-01
5.628538471887568617e-01,4.371478467135186952e-01
5.609678848261117068e-01,4.390156899659261591e-01
6.212350225598755049e-01,3.787728556526142598e-01
8.346415412945256129e-01,1.653627783617546976e-01
9.437461648218881116e-01,5.626979992801781766e-02
5.782569532338556195e-01,4.217250676590879599e-01
5.766650178432651819e-01,4.233561708027997472e-01
6.511368534158276100e-01,3.488640891691848767e-01
6.300464473128767340e-01,3.699653840015468820e-01
9.144620507600299542e-01,8.557095641579091916e-02
8.879057792069247057e-01,1.121036721179117651e-01
6.217503527866132806e-01,3.782436314203410088e-01
8.690559073171695292e-01,1.309435791225931900e-01
9.070056105735908591e-01,9.302541286341420301e-02
6.480622858241192885e-01,3.519608450136825772e-01
8.565564645561691837e-01,1.434553417500758765e-01
7.729270153917588981e-01,2.270894976911954632e-01
9.006936671918106541e-01,9.930753865282578030e-02
9.070500793892373181e-01,9.297461565910078440e-02
9.694640047592960608e-01,3.054813542054967898e-02
8.833301946616537448e-01,1.166667183602592694e-01
6.200728596419551319e-01,3.799517433116539333e-01
9.653004558849744843e-01,3.470824965976949256e-02
8.806209251165395546e-01,1.194022414322181286e-01
5.277769423091600576e-01,4.722281327152007546e-01
7.944076669568875815e-01,2.055885548639352634e-01
6.700832407946135660e-01,3.299212051831580950e-01
7.612582902878410884e-01,2.387422819653755857e-01
7.318159135528008452e-01,2.682126331177719925e-01
5.872236309093549211e-01,4.127670044336239630e-01
5.474212709213475136e-01,4.525896376758843931e-01
9.199671299506477773e-01,8.004985136630400622e-02
5.703266405023573737e-01,4.296798047824328393e-01
8.512310931641871026e-01,1.487685685011012060e-01
9.061857385383457197e-01,9.381060113667277767e-02
8.793918731095942132e-01,1.206113572555637115e-01
8.917804188520267461e-01,1.082316391854757365e-01
9.362649860278219327e-01,6.373639690365250077e-02
5.334929377366067760e-01,4.665130390227588131e-01
9.847060842556993876e-01,1.532435025006932162e-02
9.078593633527857198e-01,9.217900226426761767e-02
7.705581637634932868e-01,2.294722053456093036e-01
5.518969554687067625e-01,4.481255543691914367e-01
7.656626888870172731e-01,2.343434168796385553e-01
8.643093102516766768e-01,1.357048179839052404e-01
5.629784567046035582e-01,4.370166882513337181e-01
6.204593133116940162e-01,3.795378377114613233e-01
6.617323216216299819e-01,3.382922917628137238e-01
8.326313380361258787e-01,1.673852968743513581e-01
7.779298156171958745e-01,2.220610821295193604e-01
6.456705356075048696e-01,3.543514293681657712e-01
6.967678813073816535e-01,3.032463275526894320e-01
7.285633120831237486e-01,2.714418299479385288e-01
9.256507193700536096e-01,7.438801263855290835e-02
8.433410287367217872e-01,1.566588686781101025e-01
5.365203080718156103e-01,4.634886854881414275e-01
9.702466131529610127e-01,2.978419696542174491e-02
9.454404309027537590e-01,5.457565282743313817e-02
7.713593947945924789e-01,2.286437603260079721e-01
6.722470381588878663e-01,3.277719008214052265e-01
8.708682157742448915e-01,1.291403680416597921e-01
9.103871962728684597e-01,8.963236815717680328e-02
5.489020506948772971e-01,4.511056383957221527e-01
7.280100113987828525e-01,2.720191113881640366e-01
9.010629638423983678e-01,9.895613367118329118e-02
8.652276472635296312e-01,1.347920111851814984e-01
5.738717463782019301e-01,4.261406737256744903e-01
7.783238858201533272e-01,2.217070196096899148e-01
8.339877259276127219e-01,1.660278789188885384e-01
6.814866225106345210e-01,3.185086443892578556e-01
8.544703786389775679e-01,1.455625187468002346e-01
8.022945338323927977e-01,1.977126120321091307e-01
8.438471376524312451e-01,1.561848795420159308e-01
6.186681209503317458e-01,3.813371894006336027e-01
6.998376950887188475e-01,3.001690571558414122e-01
6.126745580131163216e-01,3.873166233971055417e-01
9.315926679460611037e-01,6.843594351187662350e-02
9.534686203473889954e-01,4.655039899653817120e-02
9.014919721017067289e-01,9.852993704897432259e-02
8.443031556818894057e-01,1.557088827353963478e-01
8.463034700502669594e-01,1.537174891570597390e-01
5.781804327573631941e-01,4.218105454766851170e-01
8.296762967226027907e-01,1.703465990915900286e-01
5.918085492428776240e-01,4.082011349565806690e-01
8.729780928828385633e-01,1.270248284355819379e-01
5.704486570127296208e-01,4.295599342961150535e-01
5.721936844567631075e-01,4.277878563983214533e-01
5.626393924445651784e-01,4.373455573024467302e-01
6.688569019737377053e-01,3.311666467372529343e-01
8.446070844034441194e-01,1.554218624842142182e-01
8.007223377584775648e-01,1.993107566800257080e-01
8.259957862912730153e-01,1.740330623137764932e-01
7.696149294137204500e-01,2.303891905734061774e-01
7.141665467108496701e-01,2.858340096834093846e-01
8.278982255809379520e-01,1.720986018781597848e-01
8.750446489322276644e-01,1.249793973713784756e-01
7.629851357036716575e-01,2.370379242922677210e-01
8.801761484234804644e-01,1.198460906423961803e-01
8.749514561680377112e-01,1.250558904919095993e-01
7.215485674917768710e-01,2.784490779428405172e-01
6.734660944848569475e-01,3.265205642969646327e-01
8.294858072779629499e-01,1.705353530724895150e-01
5.952479027558998936e-01,4.047628012457499258e-01
6.598232256338814050e-01,3.401669265885711169e-01
6.144350885753953051e-01,3.855909918600193831e-01
8.763895899396252354e-01,1.236393718763837968e-01
6.892423606537403380e-01,3.107712464125099716e-01
6.088326501188798812e-01,3.911546803679330497e-01
6.095702962079282416e-01,3.904392822426226428e-01
8.152299485067413531e-01,1.847998235077429330e-01
5.234345461582385894e-01,4.765502058740414548e-01
7.680242180539849084e-01,2.320015022998884180e-01
8.336612512811902853e-01,1.663489951063874261e-01
8.237103559802527730e-01,1.762939443193052291e-01
5.520720193983080781e-01,4.479087176673798298e-01
9.298416153473736401e-01,7.019762801334797353e-02
7.700248559491981171e-01,2.300080826331989403e-01
6.636077333657152133e-01,3.363882286570890057e-01
5.389876100951230820e-01,4.610296177665691997e-01
7.260325933853215563e-01,2.739707259952140483e-01
6.872317458924288580e-01,3.127618274615256988e-01
8.747361938347431032e-01,1.252709132174736062e-01
8.556526559110310126e-01,1.443561543256580149e-01
9.549165234566279192e-01,4.508195618938175275e-02
7.496948399358213111e-01,2.503177455976442478e-01
9.818064966593107457e-01,1.820685917122352379e-02
7.176491643567842749e-01,2.823478725515149446e-01
6.598547997757610029e-01,3.401318800884993165e-01
8.786948432561294542e-01,1.213225084722402425e-01
9.777491305025236557e-01,2.228018033171623100e-02
9.229591308684019779e-01,7.706871551420128863e-02
6.696640956092527741e-01,3.303478318179179363e-01
9.237384612974088860e-01,7.627154650538145453e-02
8.814590225307197269e-01,1.185778066345340165e-01
7.179347708733304634e-01,2.820935557506340507e-01
6.334128908319371920e-01,3.666060108650317506e-01
7.178717777686650647e-01,2.821536790545868811e-01
9.680796617178994978e-01,3.194171517550346839e-02
7.260808785418683131e-01,2.739187601195269828e-01
6.231871444368911606e-01,3.768357703440325945e-01
8.709849610339093218e-01,1.290109506828034380e-01
6.077738923120489245e-01,3.922504914004373844e-01
6.051619849847521548e-01,3.948309880564503382e-01
5.893527173741545111e-01,4.106635425861443478e-01
5.299837939704988843e-01,4.700020368868920717e-01
8.065164577272079249e-01,1.934805588961911738e-01
5.643684366727393931e-01,4.356173004598677401e-01
6.532589379572727450e-01,3.467687766610714761e-01
7.073740846439614538e-01,2.926136432587567726e-01
6.205252734674586712e-01,3.794872107967850461e-01
6.981228789543958424e-01,3.018643438179463567e-01
5.654839168408090089e-01,4.345077563846150848e-01
6.392803355840452895e-01,3.607122481664693514e-01
7.278425834625116275e-01,2.721754546360347637e-01
6.588619514121070164e-01,3.411402988498592470e-01
6.970646997498746167e-01,3.029322881444975746e-01
6.537670193324530699e-01,3.462237727885532634e-01
8.521527515399880404e-01,1.478723057258510276e-01
9.193114300608398182e-01,8.071395274421294674e-02
6.603853588014156895e-01,3.396357270139434004e-01
6.283511434421893416e-01,3.716556796744216462e-01
6.325852908270476194e-01,3.674198557280207167e-01
7.985517231305224728e-01,2.014643021099485065e-01
6.867459054563949117e-01,3.132698469525818652e-01
5.582911612826481074e-01,4.417265416119821042e-01
8.806690481237506862e-01,1.193662109347889411e-01
7.344911198942923880e-01,2.655227195903522852e-01
7.391186782296665925e-01,2.608752587523220368e-01
7.815220206157462712e-01,2.184972777977178815e-01
5.979724645383163173e-01,4.020412863689810656e-01
6.810458980168907495e-01,3.189765314391790341e-01
5.315646758224655821e-01,4.684414080319079243e-01
5.832363043768565847e-01,4.167839691608179464e-01
8.156174234215500807e-01,1.843803465214803872e-01
7.293355224128511560e-01,2.706816619448955685e-01
9.074042840115823516e-01,9.262168725590258500e-02
8.351688593586521492e-01,1.648261609343634193e-01
7.414328669718677212e-01,2.585953190528495482e-01
7.814411460365215945e-01,2.185896399055945183e-01
7.352908306253558290e-01,2.647096324626105890e-01
9.069559251963366098e-01,9.307669498265165597e-02
8.364944216117506937e-01,1.635288716262099373e-01
8.996221376082719212e-01,1.004064969372936433e-01
8.559801291486734964e-01,1.440341937646489878e-01
5.835587946652333047e-01,4.164355306719413896e-01
7.560530320309047925e-01,2.439761013113991295e-01
5.611861754703596494e-01,4.388069415420209896e-01
7.239384970735484037e-01,2.760899908925859569e-01
6.343875992598332347e-01,3.655995644643796894e-01
5.955807639670762654e-01,4.044399969644956738e-01
9.667865154763748414e-01,3.324234067129538256e-02
6.685414372691746987e-01,3.314464457306775524e-01
6.599398881025102526e-01,3.400662246147024836e-01
9.578255468284087026e-01,4.218825464322258079e-02
6.398474237878468696e-01,3.601747091741218654e-01
9.054989945431712872e-01,9.453110708268019913e-02
8.286813979719080958e-01,1.713528986974738877e-01
9.852437684245982652e-01,1.475721608898245343e-02
7.026714674409664241e-01,2.973418475338465705e-01
6.600287505490920470e-01,3.399880285223341736e-01
9.656087664578911767e-01,3.440629411017608053e-02
8.970394937835461935e-01,1.029859254371285338e-01
8.983134812493036581e-01,1.017106810137504563e-01
7.698793968684179978e-01,2.301163095367245726e-01
9.543183342723141616e-01,4.569224160766641174e-02
6.936530254210575563e-01,3.063421573980191215e-01
6.425322287163907076e-01,3.574615314856129933e-01
7.102905115630115951e-01,2.897136820282112946e-01
8.663684999739358350e-01,1.336298613473565211e-01
7.065348294300943799e-01,2.934643964450100451e-01
5.697605327543979747e-01,4.302247538656291947e-01
9.524871183337384473e-01,4.755003066764618147e-02
8.040904683229693761e-01,1.959316679992619548e-01
8.516806185577682209e-01,1.483342252981041665e-01
6.589030972613022508e-01,3.411063929665418826e-01
9.523312725789460087e-01,4.766934115260969967e-02
7.150837280054289646e-01,2.849275882829602202e-01
9.256845922965534212e-01,7.431776432031234059e-02
5.231827321099965511e-01,4.768069693448754864e-01
7.721343168400776058e-01,2.278611523434877217e-01
9.690363291308976557e-01,3.096993020578514555e-02
9.660269054972399072e-01,3.400246847414183787e-02
7.310185798615731478e-01,2.689971831792343782e-01
7.875694788916660638e-01,2.124393394765670684e-01
8.612340415437484964e-01,1.387926680137083202e-01
9.556533530046067426e-01,4.437474955132831439e-02
5.205407132906654244e-01,4.794477381043263930e-01
9.021075895194543559e-01,9.791863257205440929e-02
7.530391042862345508e-01,2.469906571314356147e-01
8.628640414799524372e-01,1.371389978672988008e-01
9.634719733335104230e-01,3.653483420917312541e-02
7.711848462732366905e-01,2.288083128398000765e-01
9.548353974865300131e-01,4.517984939826980711e-02
7.728274636529068875e-01,2.271862697406713538e-01
8.493109763780022359e-01,1.507087723179350303e-01
5.350073541787723208e-01,4.649846448469075466e-01
6.071233411927268175e-01,3.928628690260871359e-01
6.242891866247933796e-01,3.757284864461484797e-01
7.907054291766106857e-01,2.093279013903563690e-01
7.703081812620066193e-01,2.296972877481272546e-01
8.228994464363119654e-01,1.771206299914306059e-01
7.340763092842546023e-01,2.659503873481500746e-01
6.807426841524238936e-01,3.192829602483807094e-01
8.671196561055418695e-01,1.328951674373052005e-01
8.700149771828948886e-01,1.300129951948681695e-01
6.978354179322351358e-01,3.021587326845863730e-01
7.919074800984631235e-01,2.080875372375749210e-01
7.794644504584778977e-01,2.205461273202891370e-01
6.499366853886084927e-01,3.500639803159645291e-01
9.836989084041934950e-01,1.630231485216790052e-02
9.706598051502585145e-01,2.937893811996225221e-02
5.272891473922501904e-01,4.727114529676718080e-01
9.137463769449858386e-01,8.628674869244368217e-02
6.570419877010357235e-01,3.429782142325578098e-01
8.921106346327942749e-01,1.079220316172381094e-01
5.746365398534483138e-01,4.253491728017209650e-01
7.210783376055232008e-01,2.789115447629450517e-01
6.780907790048645856e-01,3.219162957052532636e-01
9.317449668736285107e-01,6.825649285817467216e-02
6.062051131634559331e-01,3.938187649472854046e-01
6.646760873044326168e-01,3.353384417496803049e-01
5.819424954232401692e-01,4.180572526138482958e-01
8.997544603918030681e-01,1.002698909144880968e-01
5.511759080762440588e-01,4.488453400146214523e-01
8.450782856729377457e-01,1.549399140640843886e-01
8.975569376131413701e-01,1.024677805025964866e-01
7.631945223713153537e-01,2.368234258058661834e-01
9.422966316976721934e-01,5.770502472112915004e-02
6.042159744669941546e-01,3.958009769802538491e-01
9.768094884183795568e-01,2.320195091530591683e-02
9.680029452485210406e-01,3.201411166692544330e-02
5.870765784498013229e-01,4.129121707077536563e-01
7.256379320878297845e-01,2.743897719914923927e-01
7.748719490137454535e-01,2.251372979338611691e-01
6.305064313466203219e-01,3.695080969673625870e-01
9.105905302734578211e-01,8.943469632131903491e-02
7.379687779093437872e-01,2.620293400501913506e-01
5.579621529857113904e-01,4.420431954890240989e-01
5.202844329833995474e-01,4.797045665919012492e-01
8.782685303196648974e-01,1.217562564554960647e-01
5.241658042176851051e-01,4.758536644289188544e-01
8.931940843868031443e-01,1.068357433068122531e-01
7.882025310354247027e-01,2.118205239868351242e-01
8.073941121318826131e-01,1.926032813909150099e-01
5.703027300957215218e-01,4.297043074302624999e-01
9.590122653529681296e-01,4.102788800367047906e-02
9.143346178011046987e-01,8.570325641508035053e-02
6.895567698040483418e-01,3.104508893879839859e-01
5.232792505643720782e-01,4.767023408662620088e-01
7.637631210082139743e-01,2.362329613764798664e-01
8.116805945741507600e-01,1.883224797781252458e-01
6.163977785566244760e-01,3.836052210912903604e-01
7.890067726271694504e-01,2.110233265658644775e-01
6.713352448814831064e-01,3.286922057878009507e-01
6.781939248019424049e-01,3.218255303202435802e-01
7.996586108597190101e-01,2.003349441727852176e-01
8.002488523462780723e-01,1.997595620695382657e-01
8.956980031284114130e-01,1.043301600850984057e-01
8.767836591413908920e-01,1.232263741377745553e-01
9.797427409604679838e-01,2.025841348703629960e-02
9.564727986199519361e-01,4.353506515521846781e-02
9.820699734784805734e-01,1.794990369600667213e-02
5.867761303755976154e-01,4.132142278390706358e-01
9.163058227174474268e-01,8.372634866548375743e-02
6.320717436007609047e-01,3.679345734003038326e-01
6.868021200361544842e-01,3.132103097517188739e-01
6.831709588270390432e-01,3.168399360486704452e-01
6.524884618929736035e-01,3.475151541810747036e-01
6.431674928940070979e-01,3.568202670474304172e-01
6.090875791714277510e-01,3.909357626647098072e-01
6.379195798288587183e-01,3.620827710497991903e-01
6.930178391678822880e-01,3.069932963086913769e-01
7.305310418331043554e-01,2.694941109153116687e-01
5.365846851334293843e-01,4.633999143844022561e-01
6.572491607214984155e-01,3.427745134169906671e-01
6.431267116776601123e-01,3.568939463893486264e-01
8.957239223742921030e-01,1.042911164379887179e-01
6.356594787378700984e-01,3.643339510417225591e-01
5.576340376029590429e-01,4.423567262548079304e-01
9.379402724217031917e-01,6.207186995875765834e-02
9.262357451373535167e-01,7.376481502033507831e-02
9.637959177414614498e-01,3.622537214214629347e-02
9.413151219609510179e-01,5.872396632526014071e-02
7.959134126539579857e-01,2.041167330772830080e-01
7.583637042499908887e-01,2.416515451861322994e-01
9.540304746029739658e-01,4.598570486803568724e-02
8.281948676818109423e-01,1.718082794351317721e-01
9.312250722659147772e-01,6.879639694369110714e-02
6.547836331639492746e-01,3.452196874820564476e-01
9.807663065444285344e-01,1.923594344567052319e-02
8.419797506612075599e-01,1.580470654790494256e-01
5.416642620322950075e-01,4.583397773149581189e-01
6.039228417451004693e-01,3.960733071095489666e-01
5.310798845749217234e-01,4.689134458829251062e-01
8.505775903273684602e-01,1.494297218406665795e-01
7.976781754387858303e-01,2.023447343757955319e-01
9.550444706903353786e-01,4.499148143352742213e-02
8.116323832598082433e-01,1.883837748795353650e-01
8.587024908073863649e-01,1.413248485212076910e-01
7.057139304430846138e-01,2.943040392142128314e-01
7.984170962687360262e-01,2.015838860581304626e-01
6.830817968790029449e-01,3.169242075683788573e-01
6.367446363412333499e-01,3.632792132826710985e-01
9.478649279673440065e-01,5.216731121306337343e-02
7.606939448980091223e-01,2.393121981390245179e-01
7.005863822658928708e-01,2.994070317555341809e-01
6.336541499089567431e-01,3.663325221193830528e-01
9.510825465530612366e-01,4.893977691931136048e-02
6.892432221786412017e-01,3.107506715524818719e-01
5.570756275576538297e-01,4.429423073050255955e-01
8.621188551581411286e-01,1.378791891320887142e-01
6.917364825312620757e-01,3.082528454716976785e-01
8.104762814329518061e-01,1.895368375785667636e-01
7.555549355323294414e-01,2.444692325946835332e-01
8.966153782299579600e-01,1.034037599295398735e-01
9.854769117554955660e-01,1.454007825367351764e-02
7.116626839307255148e-01,2.883608794545773901e-01
7.048104762045666050e-01,2.951887700319757446e-01
8.358694628264433657e-01,1.641252682725894418e-01
6.253394702691293938e-01,3.746451061850318287e-01
6.724609310414303431e-01,3.275572544784061679e-01
6.015728611140881421e-01,3.984513467926869557e-01
7.081399826660857988e-01,2.918730424556937320e-01
7.746987270262872816e-01,2.253067496307478157e-01
5.645809382577439139e-01,4.354389452977741604e-01
5.884378810354775613e-01,4.115793870465487836e-01
7.259263217614511099e-01,2.740999348259931523e-01
5.208094449984281837e-01,4.791885620781102251e-01
9.304914386450549024e-01,6.954393276157874726e-02
7.709162149182299251e-01,2.290928586959967983e-01
9.553756679717113620e-01,4.464121361574657776e-02
8.419137054594976188e-01,1.580901875209246576e-01
9.355615396012835205e-01,6.444706886628276399e-02
6.841937213720806765e-01,3.157981606085792925e-01
6.764082675709823800e-01,3.235822390421003725e-01
7.818784501867276360e-01,2.181443921431876209e-01
7.618032072981324454e-01,2.381986248629063829e-01
7.731298170765287248e-01,2.268915042111755709e-01
5.426056740708793402e-01,4.574047214969588215e-01
5.863348809794250993e-01,4.136765664655419061e-01
6.913927903282844900e-01,3.086222491427605963e-01
9.094248126707846769e-01,9.060420632784363382e-02
8.000542048250810501e-01,1.999697141382749122e-01
8.470252142581455868e-01,1.529715707634570487e-01
9.526859820675108725e-01,4.732328044918469173e-02
7.415566261235195800e-01,2.584597733616474935e-01
8.662154564967555759e-01,1.338077048461600582e-01
5.854617948894226265e-01,4.145268140920838618e-01
8.204820904499836587e-01,1.795387303515653399e-01
5.605828122848151018e-01,4.394009054977320861e-01
8.443227996954854042e-01,1.556787246433897209e-01
5.792689841336103873e-01,4.207530217360394564e-01
9.838806757339648712e-01,1.615476050093981111e-02
5.298128622079817385e-01,4.701962575874685801e-01
9.068353532200017497e-01,9.319625459563014858e-02
9.704141971300352942e-01,2.961469591222771688e-02
6.647957900453135283e-01,3.352240739347498999e-01
6.121726721111869773e-01,3.878360623668341556e-01
7.569740560166011711e-01,2.430493276922307266e-01
8.361942781649802647e-01,1.638025861484598833e-01
5.705626044552860598e-01,4.294230632258160818e-01
5.319745025771815961e-01,4.680161329225646094e-01
7.105785808691023053e-01,2.894176620253934851e-01
6.712361153699077931e-01,3.287761436623259370e-01
8.169290454587192496e-01,1.830947960348833781e-01
9.278320806919020391e-01,7.217152163763036754e-02
5.297030938178044490e-01,4.702864958873826939e-01
7.614459409068069506e-01,2.385752146173756860e-01
6.663425471771293740e-01,3.336819821618615123e-01
6.235160181817902547e-01,3.765068531947562969e-01
6.111464901269202388e-01,3.888444286328258115e-01
5.333446263493142325e-01,4.666462829545567348e-01
6.766254085317362499e-01,3.233892371742959071e-01
6.437786621350587435e-01,3.562108835022976261e-01
7.620498250034126730e-01,2.379465947429366679e-01
9.255369102726642705e-01,7.449462697901178265e-02
6.008271743596046433e-01,3.991613201382008258e-01
5.228858123755347753e-01,4.771090831936839471e-01
9.031321395845044453e-01,9.689968067454926559e-02
8.050803839788411853e-01,1.949504181277442738e-01
7.631273018439213018e-01,2.368842679826292652e-01
8.396414768036013498e-01,1.603777877297696830e-01
5.480438856221857558e-01,4.519502392646545519e-01
7.985257451355128877e-01,2.014986667916955909e-01
8.774260403240561335e-01,1.225986409363346713e-01
8.496023384529363121e-01,1.504141382130226856e-01
8.636382885866640269e-01,1.363916811189383183e-01
8.983435532797738876e-01,1.016847391316203636e-01
8.815904183071789912e-01,1.184274792794600961e-01
5.705565900761316867e-01,4.294539648257563180e-01
7.209196297972275680e-01,2.791076918185639855e-01
5.893537698179598383e-01,4.106332311678417835e-01
6.768842319339472002e-01,3.231437363151956621e-01
6.274131479779433418e-01,3.726103081148565144e-01
7.968648255717316609e-01,2.031336449336346439e-01
6.682784541738393536e-01,3.317352704673096064e-01
8.898003118366606401e-01,1.102200885206727765e-01
8.911363477928867516e-01,1.088940687730875073e-01
7.547103453631787140e-01,2.453207176972944104e-01
5.388083350877839184e-01,4.611890874737162860e-01
8.975033634483767786e-01,1.025208720467203904e-01
9.673928980389423504e-01,3.260842723557675488e-02
7.646465533622550659e-01,2.353695495431750162e-01
8.859644696029134181e-01,1.140728551576808553e-01
7.594518274816559611e-01,2.405392390161662786e-01
5.494831580572910879e-01,4.505011785798258006e-01
8.696875764031839484e-01,1.303385154121089184e-01
8.931158211799918867e-01,1.068921351140494636e-01
9.825080941204770157e-01,1.753098477106069392e-02
6.019078719349519879e-01,3.981177729308772451e-01
8.311721187064506911e-01,1.688387171666323461e-01
7.354121548634418026e-01,2.645920794790155295e-01
6.206639816810323174e-01,3.793605166400573769e-01
5.632626550544428401e-01,4.367277814605363684e-01
8.159088390890503195e-01,1.841194165553202977e-01
6.113513628727758054e-01,3.886590741717083630e-01
9.147811308882148884e-01,8.523132837085563296e-02
6.301263814495576820e-01,3.698905368177777264e-01
5.847458289217626337e-01,4.152377807041673918e-01
5.806631214026226617e-01,4.193616443285524964e-01
8.395207035353200453e-01,1.605016182900492194e-01
7.848100811093521312e-01,2.152045580112376677e-01
6.085837362448609511e-01,3.914144771641212550e-01
5.665590329245968615e-01,4.334256789035033641e-01
7.842446595681418220e-01,2.157655489716629460e-01
5.841182178393660163e-01,4.158686165906800292e-01
5.510835487541844158e-01,4.489031692014117669e-01
8.710720929032458315e-01,1.289484411898872140e-01
5.292242827029034480e-01,4.707804924881878184e-01
9.675755404601733556e-01,3.243833185769855187e-02
6.766253439145825110e-01,3.233938398980691908e-01
9.076706136497806332e-01,9.235137927089431820e-02
7.032258571289294879e-01,2.967830292258445413e-01
7.080522132751801978e-01,2.919558838827965852e-01
8.674659263879865856e-01,1.325606769250439188e-01
9.342487728818544834e-01,6.575943587183895322e-02
9.835680120439975749e-01,1.646960060892076194e-02
7.115929870825574710e-01,2.884206440250048353e-01
5.276750803828289538e-01,4.723410850037618736e-01
5.361950868952798377e-01,4.638139452272645458e-01
6.305675904058563042e-01,3.694167365875473674e-01
9.183506165623998019e-01,8.166268538023081780e-02
8.286122577858512361e-01,1.714079800732776493e-01
6.789841308886576110e-01,3.210250816624448111e-01
7.530684209388347483e-01,2.469545879413571343e-01
6.841302293733348971e-01,3.158680850723671885e-01
6.181249861945407043e-01,3.818661000828435514e-01
9.365054490091520023e-01,6.352990198223271157e-02
7.207016665682048906e-01,2.792936484426992161e-01
5.938855797449323903e-01,4.060991861379914525e-01
9.461706642200067296e-01,5.384704659748896366e-02
6.194395423452311311e-01,3.805441170705461951e-01
9.052964388876559854e-01,9.472965749089486132e-02
6.200201992651028782e-01,3.799905945936593588e-01
6.068526645251833829e-01,3.931577631046526133e-01
6.900500223112751019e-01,3.099401472765505594e-01
9.492867150791689523e-01,5.071697233779383363e-02
9.444573545602308329e-01,5.556200405698578232e-02
8.065509412260960520e-01,1.934570203427125323e-01
9.643194835537896026e-01,3.568841494616795812e-02
9.783643229713077094e-01,2.165081491949781209e-02
9.557604901667501318e-01,4.425352240997131037e-02
5.212753929919320406e-01,4.787463580199676216e-01
8.327275341815616461e-01,1.672749820021829092e-01
6.326530236916108052e-01,3.673537371103852700e-01
7.934688603516355521e-01,2.065433105158243354e-01
8.971491947682455059e-01,1.028710350423783781e-01
7.271598184187624270e-01,2.728453532958030614e-01
9.586407309852937875e-01,4.139758060270567336e-02
6.694746613490683007e-01,3.305120517083199871e-01
7.469504023169708518e-01,2.530534743038743151e-01
5.694746838038269310e-01,4.305305982091438555e-01
9.406507044781263760e-01,5.936102087347512601e-02
8.752100229051592573e-01,1.247938922688560104e-01
6.288244190787650734e-01,3.711731701204810108e-01
6.937141667874435758e-01,3.063055846437213736e-01
5.225829300945187272e-01,4.774076075113147244e-01
6.167838702421291064e-01,3.832015342749783837e-01
6.809579618128344114e-01,3.190619313040514715e-01
7.843536253023339899e-01,2.156555937265546563e-01
6.945876696053308041e-01,3.054315488743999385e-01
7.279955791639246554e-01,2.720314351699218425e-01
6.296457133129038652e-01,3.703766250306028129e-01
8.949956764452757785e-01,1.050108824685734993e-01
9.425939417459789915e-01,5.740616821634852984e-02
7.830134067984803048e-01,2.169977615830974704e-01
5.906482109237840561e-01,4.093544768395070421e-01
8.149429891424879724e-01,1.850733472152518433e-01
8.289861558346500736e-01,1.710165233662459816e-01
6.776503071295727487e-01,3.223526258781025944e-01
8.172107089582019146e-01,1.827848021783018140e-01
5.876734166566912609e-01,4.123353569256480444e-01
7.205260034666108870e-01,2.794747160726880897e-01
9.376292481314266736e-01,6.237768355289571853e-02
6.707988039863183038e-01,3.292187072882487020e-01
7.232343420280336055e-01,2.767957857191687965e-01
8.203849971584367129e-01,1.796358844662059029e-01
5.841132817989680426e-01,4.158908576107002153e-01
5.736738096543763099e-01,4.263470273514193276e-01
8.241556207485154495e-01,1.758463498747023790e-01
9.712290687231116548e-01,2.880552994250383525e-02
9.190742968097131982e-01,8.095748683487374864e-02
6.988397474817529265e-01,3.011738877216359467e-01
5.803202636002681158e-01,4.196735838775317307e-01
5.681217791517237936e-01,4.318800616768209144e-01
9.295719135338869066e-01,7.043631961929650021e-02
9.257809303603017348e-01,7.423990978514581618e-02
6.255895010639173082e-01,3.744186454650141327e-01
7.684777132895089791e-01,2.315253693329272500e-01
6.172760679634141656e-01,3.827416942426915547e-01
9.461943305518540903e-01,5.383706559816003184e-02
9.852235422122446185e-01,1.480181705544579042e-02
6.088428767111188078e-01,3.911414366747180682e-01
7.266679825144554128e-01,2.733597265629610917e-01
5.504070073111292372e-01,4.495872129395003247e-01
7.672722951966537419e-01,2.327422451116392677e-01
5.216078652327873488e-01,4.783782070304719580e-01
7.538769454536565773e-01,2.461426416385600890e-01
5.751060302061139495e-01,4.248951495976719950e-01
8.411532429111260312e-01,1.588504263927982829e-01
5.805239606361491944e-01,4.194633188571382232e-01
8.877231719645781727e-01,1.122945476553827565e-01
8.525455105587274041e-01,1.474741785833252328e-01
7.387057325432130339e-01,2.612916949506348119e-01
8.285998972289683184e-01,1.714323971756085141e-01
9.361630189713017192e-01,6.384361841324888431e-02
6.297364731146559702e-01,3.702781667847565017e-01
8.146086259172224953e-01,1.854165578685182947e-01
8.143545792095233660e-01,1.856734261392120056e-01
8.517515607815423495e-01,1.482703987630028253e-01
9.781008959641424028e-01,2.192796738859968675e-02
5.348071704644631330e-01,4.651862555153452594e-01
6.221748616207175564e-01,3.778491235998982511e-01
5.741170496313362515e-01,4.258682027194778397e-01
5.497046932527178686e-01,4.502967386871910560e-01
5.617280541755339529e-01,4.382876035715947416e-01
8.247730966791850804e-01,1.752282197166928623e-01
5.801431197296575970e-01,4.198662429066406521e-01
5.941931658926445925e-01,4.058032433364222036e-01
8.606285007687450861e-01,1.393809276105621719e-01
5.789331258041621187e-01,4.210759783117432598e-01
6.918767171013772144e-01,3.081506478844637242e-01
9.592171572548480185e-01,4.081129095267206630e-02
5.294842256395355662e-01,4.705288448853671146e-01
6.654701566727995177e-01,3.345314563970208654e-01
8.376450088885650791e-01,1.623861851616556773e-01
7.198004436725828903e-01,2.801910404127345711e-01
8.762433078533353736e-01,1.237652282007816185e-01
9.074328435413416827e-01,9.257203055489299226e-02
8.077033566542575205e-01,1.923248166644782042e-01
6.945298230484266977e-01,3.054653863548607573e-01
6.033401508958744497e-01,3.966685258175580708e-01
9.303545335248684101e-01,6.968068595178979197e-02
7.945032888536660565e-01,2.055193818032109709e-01
9.164373031021521010e-01,8.359335359193174886e-02
8.286409318169809524e-01,1.713586413640903472e-01
7.493894528607565331e-01,2.506428784580773672e-01
9.038090684997177604e-01,9.618799168331290672e-02
6.339740983230742755e-01,3.660322804138394504e-01
7.961873562043828567e-01,2.038441160791880646e-01
6.095343297265897187e-01,3.904804745191047255e-01
6.361245986761618898e-01,3.638701892455052378e-01
5.418791175068956578e-01,4.581292432956157179e-01
7.430996111827947725e-01,2.569071273461125959e-01
5.321332334148676235e-01,4.678808337246854188e-01
7.276879483736405918e-01,2.723320650911544294e-01
5.455755443522848358e-01,4.544213205037391234e-01
6.313405142265762215e-01,3.686444868005622766e-01
7.399134162790087510e-01,2.601160488673839311e-01
7.596456877541408748e-01,2.403445115266518717e-01
7.104871136771174767e-01,2.895216092577982958e-01
6.310091686723718896e-01,3.690113516913245961e-01
9.008520675580542481e-01,9.915111585686775530e-02
5.585465453340173747e-01,4.414545287715267996e-01
7.042338664719384189e-01,2.957849678428624562e-01
6.306989564677352167e-01,3.692957390624694858e-01
8.236148941874985585e-01,1.764188349814196644e-01
6.264405936924472007e-01,3.735670818503371016e-01
9.579594045208891240e-01,4.204227565448882820e-02
7.455530781827565123e-01,2.544671268428421174e-01
6.131471549232497820e-01,3.868403912289470337e-01
8.066131355747174769e-01,1.933969209266842293e-01
5.772737283250117812e-01,4.227315024786124087e-01
5.970437103733756690e-01,4.029551337678851097e-01
5.628627017724944226e-01,4.371570542400221582e-01
6.051398924496816933e-01,3.948732662110291947e-01
5.555282804798834517e-01,4.444610975325494762e-01
9.671560734466689846e-01,3.285475194392234455e-02
9.183173065155836312e-01,8.171685909057224695e-02
9.658948880725592989e-01,3.411120679784566262e-02
8.132170395024593823e-01,1.868158888620500002e-01
7.379393038722183995e-01,2.620860566218694565e-01
6.716965307350570846e-01,3.283018983634968246e-01
8.708385544667525124e-01,1.291670857061271438e-01
8.566766645692198701e-01,1.433498585769568123e-01
6.468230474894168802e-01,3.531625583617751252e-01
8.275492894200822125e-01,1.724454951040458595e-01
7.296059635867686577e-01,2.704250887823686500e-01
7.498463606755144673e-01,2.501848065719795566e-01
7.621545555684834383e-01,2.378422945284638657e-01
6.240944152663732147e-01,3.758911622830803378e-01
9.205931429468614535e-01,7.942153126908144123e-02
8.693889790792146410e-01,1.306162501555883371e-01
