6.749407038372596812e-01,7.378719286258498267e-01
6.999996935586323410e-01,7.141429447667057007e-01
3.915628496088572330e-01,9.201515263345322326e-01
5.545876782466843125e-01,8.321250361617128499e-01
5.884649163571045172e-01,8.085223969583206216e-01
3.844351264789482858e-01,9.231517228475815129e-01
5.572982638309413872e-01,8.303128011282452370e-01
6.493644803295359758e-01,7.604778934229298182e-01
7.068110028125795807e-01,7.074031169366182814e-01
5.192444161260187929e-01,8.546263214469941305e-01
7.956008816162594144e-01,6.058220015177748774e-01
6.341939651957497759e-01,7.731732501422181603e-01
5.919071194604941244e-01,8.060069174208746023e-01
4.573811461719019533e-01,8.892713515153334303e-01
7.759136930685586186e-01,6.308400968554719324e-01
7.694187525388291871e-01,6.387436416536241834e-01
5.077785878002613051e-01,8.614883793563238301e-01
3.834743073789060874e-01,9.235509024997202721e-01
7.962555775425219640e-01,6.049617272656878653e-01
5.099784032150412871e-01,8.601863084985047481e-01
7.067010431220188682e-01,7.075136988987087427e-01
7.612093209301113994e-01,6.485078259513905596e-01
6.255799083073053657e-01,7.801614579193841825e-01
5.976997690590126755e-01,8.017186815034244018e-01
4.271359241403821505e-01,9.041864674120304590e-01
5.252643425559775370e-01,8.509402943742245817e-01
7.410326299446929887e-01,6.714707450116447207e-01
5.359591484998734723e-01,8.442451771300732988e-01
4.808670778046081340e-01,8.767946441447626027e-01
7.216291883736883905e-01,6.922780370052319387e-01
5.090690365960043318e-01,8.607243942458771002e-01
4.971952255203277993e-01,8.676400090472180526e-01
5.584034338738800285e-01,8.295711161469511152e-01
4.615230872632001824e-01,8.871295687528996110e-01
5.683840434485563087e-01,8.227616301214741856e-01
6.123111792779978302e-01,7.906147024603145113e-01
7.160943884653661051e-01,6.980009266160213111e-01
4.435792629495964867e-01,8.962368905643040007e-01
5.364053720877158815e-01,8.439625928328784443e-01
6.631184444451345694e-01,7.485171849933380805e-01
5.309067836869236778e-01,8.474280198435881761e-01
4.582536099835943788e-01,8.888195697408705076e-01
5.805713141667074861e-01,8.142118464957565083e-01
5.890094572765088854e-01,8.081235850592322079e-01
5.525380676562345883e-01,8.334852215229385797e-01
4.953955453055772229e-01,8.686697270323980868e-01
7.972707286651667946e-01,6.036255718556260419e-01
5.497179243031506957e-01,8.353477515277503151e-01
7.812442069344940343e-01,6.242216397708628683e-01
4.718998290208077373e-01,8.816497703853080070e-01
4.537859330429553362e-01,8.911130526779516003e-01
7.711185929936958949e-01,6.366954965744350270e-01
5.858505810598502173e-01,8.104221205727260013e-01
7.430745300216500260e-01,6.692125522668884718e-01
5.801377837206402877e-01,8.145214526256729926e-01
7.597272395522607358e-01,6.502460958600709828e-01
4.853528828943695084e-01,8.743211095641157948e-01
4.937071176053026145e-01,8.696254000731139522e-01
7.790938890765644054e-01,6.269025671962902280e-01
6.163395000998037609e-01,7.874843539262821324e-01
7.722181910291265883e-01,6.353622793703942451e-01
7.530026348133935787e-01,6.580127337399682697e-01
4.380625041167637290e-01,8.989473271689891742e-01
4.389914768879623619e-01,8.984884032492285177e-01
5.580347908176817029e-01,8.298138805673386242e-01
5.791753882303771750e-01,8.152067762339799684e-01
3.867333866059762260e-01,9.221941322258138118e-01
6.401975782295828976e-01,7.682060390870351085e-01
5.322764907545600721e-01,8.465669582177925978e-01
5.487400184942600179e-01,8.359893250806906817e-01
5.937569811261363961e-01,8.046403610681985841e-01
5.200213428709377084e-01,8.541496010868279143e-01
4.637119944973402408e-01,8.859892671080784599e-01
7.626691073990919945e-01,6.467943566561515922e-01
5.478561021772435646e-01,8.365686112098250637e-01
5.626201181254586459e-01,8.267197756577209233e-01
6.311693349090263805e-01,7.756403189073954874e-01
5.622865884160441752e-01,8.269381738927622516e-01
5.033918252421757389e-01,8.640620736138510116e-01
4.448789609526391797e-01,8.955940851840654693e-01
4.165305482307561369e-01,9.091249344050790215e-01
6.139668040436390140e-01,7.893366420398967298e-01
6.007505402577406617e-01,7.994412999213638127e-01
5.765543532029882012e-01,8.170541423030620587e-01
5.293474511570075425e-01,8.484095751146202291e-01
7.799359134424106443e-01,6.258528377149906730e-01
7.804481715012621112e-01,6.252138682500896216e-01
4.917552154480578919e-01,8.707377395954525312e-01
6.938121083490902397e-01,7.201499537100128912e-01
5.762316473213491275e-01,8.172915423264177637e-01
4.964240533327300420e-01,8.680757247152844913e-01
4.337547181276728558e-01,9.010270803777368220e-01
5.868216231038059227e-01,8.097109235597430565e-01
5.307089573447568709e-01,8.475492979824150730e-01
5.387654961042714907e-01,8.424508305166978905e-01
6.527958030454350524e-01,7.575279047301477497e-01
4.638258290072959644e-01,8.859307311603402679e-01
5.131757196687196654e-01,8.582786351759507104e-01
4.428814396182931823e-01,8.965844470838492120e-01
7.887096253994783090e-01,6.147735529115262443e-01
4.860480439421877574e-01,8.739273186781989500e-01
5.485601878065232695e-01,8.361165171986774114e-01
4.501936872770224141e-01,8.929354168184729934e-01
4.044405964290825883e-01,9.145683182181337800e-01
5.310252667257721049e-01,8.473505645859658042e-01
6.828075664330072181e-01,7.306053055587188316e-01
4.647495938377993463e-01,8.854373395073248387e-01
7.331730359381540829e-01,6.800497345243140535e-01
5.897013888401478887e-01,8.076152503859563847e-01
5.626066338127009292e-01,8.267306886256206022e-01
4.142068443394385513e-01,9.101872092131465530e-01
7.431753764907298443e-01,6.690886344728436130e-01
5.576424071702239527e-01,8.300752029456495151e-01
5.717739270997356238e-01,8.204175026166682372e-01
6.052030828015144692e-01,7.960777970314030227e-01
7.735728909988441870e-01,6.336986620152185168e-01
5.758879614900592747e-01,8.175221720078357235e-01
7.756007559694855225e-01,6.312147962118108691e-01
5.942894614736480285e-01,8.042581951443347199e-01
6.060647014044491243e-01,7.954082220324708574e-01
7.463449239057328155e-01,6.655681543555465041e-01
5.377132245986991910e-01,8.431214572121453754e-01
6.807964610644270387e-01,7.324806801041227056e-01
5.632580688023935966e-01,8.262743880704098709e-01
5.608426863826070363e-01,8.279290244339132521e-01
7.675708379890165967e-01,6.409732442446315348e-01
5.301372165404371062e-01,8.479055340749970249e-01
7.875188623638891272e-01,6.162999881488412379e-01
5.870204416505679923e-01,8.095792145848340615e-01
4.548382932171739501e-01,8.905684848728265823e-01
4.303105990072506049e-01,9.026862700319537858e-01
7.819835174467575367e-01,6.232892513228486253e-01
5.245217723126336384e-01,8.514036983245961698e-01
4.464992398743369839e-01,8.947782438791096471e-01
4.508098104679642559e-01,8.926141639454769905e-01
4.451582928083674950e-01,8.954460966518793530e-01
7.787616602142739541e-01,6.273097587670096731e-01
5.405009953785548937e-01,8.413505066865830662e-01
7.987052580819467007e-01,6.017331947386691526e-01
6.189165423347660067e-01,7.854484293175405529e-01
4.600899615296862866e-01,8.878660631431606332e-01
7.564596057689838560e-01,6.540507337257185361e-01
5.611351150056658188e-01,8.277318802600970304e-01
4.915885348147028822e-01,8.708344013219923019e-01
5.185768080904225030e-01,8.550382450480122909e-01
5.592640537294588654e-01,8.289973734993079102e-01
4.201320953782107237e-01,9.074570748190484704e-01
7.902710543865940629e-01,6.127685814618251126e-01
7.755916920757002231e-01,6.312459232120370967e-01
4.900581123445089671e-01,8.716967856504478362e-01
7.303792051044387668e-01,6.814448929546768063e-01
5.138091293407757165e-01,8.591377565440158071e-01
5.434267140703197274e-01,8.401021500933795183e-01
4.222011718581782369e-01,9.046270097207815830e-01
7.542320190124827128e-01,6.546788062876417458e-01
7.858873172607176993e-01,6.206110013006015391e-01
3.863455115623817826e-01,9.185021870001605082e-01
7.539442460019165626e-01,6.553695457172802330e-01
5.989909358665511663e-01,8.005267833006067812e-01
7.429814029239175666e-01,6.680181509314310206e-01
5.137132048584690525e-01,8.575575659145487917e-01
7.452510957558555749e-01,6.644893994271235949e-01
7.013951815111411081e-01,7.093945310779149471e-01
4.197809323188473885e-01,9.065664866799142407e-01
7.467404566191833126e-01,6.623401117961946749e-01
5.944598089581183409e-01,8.034188283233686390e-01
6.156746667407342333e-01,7.870776220936500644e-01
4.250101995283657175e-01,9.030496294042085204e-01
5.492353685224311555e-01,8.366774910376720831e-01
4.937404528956269578e-01,8.690772536669932880e-01
6.755914666775375554e-01,7.350311733495616950e-01
5.610513898961860813e-01,8.268700408082573228e-01
7.615038084933760665e-01,6.471897352976521134e-01
5.404183761556683452e-01,8.409626706293360510e-01
6.404544372219636017e-01,7.662771951400898507e-01
5.361202491738836784e-01,8.450407083380574447e-01
7.887084202848875236e-01,6.162087730036742705e-01
6.267044808665925837e-01,7.770177338427834979e-01
4.886540016624951743e-01,8.731081550064127006e-01
4.378201575029327941e-01,8.980046710788074371e-01
6.594467530006176137e-01,7.491103942087650180e-01
4.835914185711284730e-01,8.765040625131063079e-01
5.988573138635233661e-01,8.006499930732423609e-01
3.975776169835519291e-01,9.147166443477281472e-01
5.495971495291734898e-01,8.350214231459481828e-01
5.891588852193434533e-01,8.074428847365976436e-01
3.850890901049113801e-01,9.195221366473569358e-01
7.697177183137838830e-01,6.378997664121521805e-01
7.082792323403872548e-01,7.035140614485041466e-01
7.620140046227672492e-01,6.460478462921110943e-01
5.648851402502288455e-01,8.257228575289897732e-01
7.396509813108391729e-01,6.710002417270106712e-01
7.320047099861697326e-01,6.782516176078988712e-01
4.919655564973791639e-01,8.707864576878877605e-01
7.590124368647964692e-01,6.504693650359355539e-01
7.552589697240390532e-01,6.536311891475591329e-01
7.667490434862835880e-01,6.405112837927328107e-01
7.179920045245521409e-01,6.940621248250558040e-01
6.744524425700715309e-01,7.350747186371792141e-01
6.021089447547461893e-01,7.962758623499637256e-01
5.174725813213184589e-01,8.553189674331073133e-01
6.066318475574026259e-01,7.942015358745487807e-01
7.327784135463937254e-01,6.781915868581495088e-01
7.570180799414746309e-01,6.515433132825592111e-01
5.378804149891199815e-01,8.440621063040123495e-01
7.893684398539484448e-01,6.160243522293918916e-01
5.699158339407766061e-01,8.214939589137124631e-01
6.703052981474441063e-01,7.397377106412020842e-01
5.882379047380172921e-01,8.071405617316111947e-01
5.569607159761754689e-01,8.304224454049559112e-01
6.524034797465489977e-01,7.552364465009155925e-01
6.993647644560643251e-01,7.116238221523735197e-01
6.731931784576514755e-01,7.364187630671794604e-01
4.970620700394423608e-01,8.670007486495870941e-01
5.816676191531032769e-01,8.129479792133329497e-01
6.547431960786836980e-01,7.525137510534811724e-01
6.768968382416526985e-01,7.333773189720883545e-01
5.630893158876387750e-01,8.260440733292994109e-01
7.587552400206687420e-01,6.508619145427189112e-01
5.205916545406505946e-01,8.538688117008484957e-01
5.080078370996516934e-01,8.621318669854711736e-01
4.620660886449105553e-01,8.874075282503813833e-01
7.797773279708057892e-01,6.277347516537190586e-01
5.389711884361984007e-01,8.416818008278311725e-01
5.272875686647908733e-01,8.500343871359379300e-01
4.696371803790159727e-01,8.827250110404503136e-01
4.806620328041253387e-01,8.765760129990973759e-01
7.284776924478211235e-01,6.832149234119152537e-01
6.178709306174817728e-01,7.837744873874570306e-01
6.242916466676495801e-01,7.798754904807655430e-01
6.457958447244096511e-01,7.604432315306669521e-01
4.930720710043187682e-01,8.708731534904498028e-01
6.386697371842855464e-01,7.668411550375291430e-01
5.318906810959211917e-01,8.473573056652224933e-01
7.928744079661125266e-01,6.111520705150401689e-01
4.405347084618486675e-01,8.971429507155205263e-01
4.015226335732917651e-01,9.136057012500788943e-01
4.209556605809861018e-01,9.062317988534442925e-01
5.648196285205637768e-01,8.243256110174640439e-01
5.651729478926956762e-01,8.245556167194549868e-01
4.264153106278704142e-01,9.021365121273460241e-01
5.720002956518277504e-01,8.199255564915328698e-01
5.438155934965376304e-01,8.395004231177198850e-01
6.531824170244316941e-01,7.538528821473856611e-01
6.417830055783418919e-01,7.646507497324035452e-01
5.087762414765748531e-01,8.617052237526456882e-01
5.511346076888410384e-01,8.344389980572231025e-01
7.081203793263355362e-01,7.035226979425120986e-01
4.531834794259826382e-01,8.914326579293748720e-01
3.981860605732095437e-01,9.143303808085828654e-01
4.494533046730677661e-01,8.932328843498719140e-01
5.224065611595480885e-01,8.520592285414956280e-01
4.545974071595187960e-01,8.907545849442468633e-01
5.611851229977415922e-01,8.277399283487245629e-01
4.756599874510842318e-01,8.793748341556621995e-01
7.761897542778374293e-01,6.315028621185144742e-01
4.067735313777898210e-01,9.118197855220624426e-01
4.879222204312859690e-01,8.737232223191643277e-01
6.489966864835609028e-01,7.590727309369325049e-01
3.969401598895863637e-01,9.155620356888077849e-01
3.964895417729148441e-01,9.137992045143449316e-01
6.228476823380260097e-01,7.800170787428254426e-01
4.207641824486422766e-01,9.058997907568158148e-01
4.626629033560691329e-01,8.856495339988619264e-01
5.516960075477579384e-01,8.349291446041884335e-01
5.119095522138219501e-01,8.600014082982905261e-01
6.199211125825927482e-01,7.833179165528980636e-01
6.043305376727925449e-01,7.960436712338242460e-01
6.725962544850133673e-01,7.379315173371999714e-01
4.985181449113756380e-01,8.681341796498630581e-01
7.200169544999419635e-01,6.912819039993524095e-01
4.784127372026760194e-01,8.779543194114568516e-01
5.498951656116667364e-01,8.362313199595606816e-01
6.686489961939509064e-01,7.403512431122160065e-01
5.906825869159990638e-01,8.051183004852732195e-01
7.425902075167118976e-01,6.684954079647077441e-01
5.452636896633589192e-01,8.386673831745871110e-01
5.492769893654236846e-01,8.360089437980666727e-01
4.357807488742779789e-01,8.994223420837805794e-01
6.736465812415588506e-01,7.372337451477596337e-01
4.819184867457053101e-01,8.762703300311884824e-01
6.128086705199916606e-01,7.895512822325690960e-01
7.414897519961092254e-01,6.679323840335114060e-01
6.934733452950111454e-01,7.178960458494980656e-01
4.902734626739110313e-01,8.720179351881384155e-01
7.963558795078398145e-01,6.085406822436172369e-01
7.912863096719369160e-01,6.132099543126010577e-01
7.261925861811207028e-01,6.838790741446977295e-01
4.247933087987763034e-01,9.045491282710053094e-01
3.944958496340588150e-01,9.149694116148331391e-01
4.325880641917774216e-01,9.012580472151423550e-01
7.138262532369473723e-01,6.980466226816393061e-01
6.346019106882296867e-01,7.704640479763711358e-01
7.551071105020574770e-01,6.550644274562575919e-01
6.798674583863630883e-01,7.312393268960666326e-01
6.895705951958261970e-01,7.212552485111466405e-01
4.909343538480610003e-01,8.719443786810779917e-01
6.026546487964070664e-01,7.961072482447875132e-01
6.529292217943820642e-01,7.541926280626291001e-01
6.263359541236931394e-01,7.782632349715015163e-01
5.588322651192092483e-01,8.299072042155356543e-01
5.915235821476423350e-01,8.046240866544325243e-01
7.452231208540127660e-01,6.649213677303629222e-01
6.138171758535635458e-01,7.881027826924146273e-01
7.236171599541509902e-01,6.874343400657845216e-01
3.874899101024977810e-01,9.186896194242328839e-01
7.464141568671425198e-01,6.642732898789418527e-01
7.249619323060096931e-01,6.867976302332136074e-01
4.472500260867945387e-01,8.947201245194731367e-01
7.143581724237278996e-01,6.972043263811070757e-01
5.251189854154262315e-01,8.514789905519941637e-01
7.767931604310636118e-01,6.304393657015701091e-01
6.393755337999506017e-01,7.671158524182246641e-01
6.748153806899519491e-01,7.353535878406500803e-01
4.454238659156337099e-01,8.948480764403243803e-01
7.928359797079598259e-01,6.107521946428234871e-01
4.900978970310031491e-01,8.721244727001793429e-01
4.129070125776513889e-01,9.076526184519188023e-01
4.470391296371138967e-01,8.942357807601909458e-01
7.803843422335263735e-01,6.257239711952466976e-01
7.705600380920663017e-01,6.360963223492118734e-01
7.542201609480576607e-01,6.557963501672129381e-01
5.324585738847251726e-01,8.472887797466033266e-01
6.063974457762801862e-01,7.940383894836953171e-01
5.565337745578019524e-01,8.314877630839427880e-01
7.464634964741208023e-01,6.634304943857106673e-01
7.368099814694577532e-01,6.746130536798533583e-01
4.425229929139822826e-01,8.967418339049649800e-01
6.576710206264024805e-01,7.516976656126961309e-01
6.283594118429224329e-01,7.768402604081457996e-01
6.076758369735432153e-01,7.924217668192682362e-01
7.689063007043211995e-01,6.385187311228752716e-01
5.913411702197934883e-01,8.060540183603872588e-01
7.960297817327792735e-01,6.070609375492607152e-01
3.939105472270698627e-01,9.147652511036339362e-01
3.994364736031069119e-01,9.127555792430102066e-01
6.242668666319357573e-01,7.801158786298288961e-01
4.599865678151908721e-01,8.868393173084012648e-01
6.346600101619244150e-01,7.710316237187264665e-01
6.486602223588477933e-01,7.581167820691143699e-01
6.750018193286924095e-01,7.359693569081124931e-01
7.620584843334620162e-01,6.470105608059949498e-01
7.956797733112970228e-01,6.088002448397806798e-01
7.380211158990122033e-01,6.716139205303670590e-01
6.061000178664426308e-01,7.949188090796225348e-01
6.495363467924855083e-01,7.584700527279572002e-01
5.753240164191537609e-01,8.183243827563118078e-01
7.384345893346317968e-01,6.718847309333417783e-01
7.704477328090730825e-01,6.369856137600170554e-01
5.231870130440027244e-01,8.533355387071698273e-01
4.292905946169582321e-01,9.014530107044833596e-01
6.461895387641947153e-01,7.609077007578495255e-01
7.662985206942487526e-01,6.411454235375656507e-01
6.293010448633942211e-01,7.750503759500066980e-01
7.139989070941712423e-01,6.979049780435288008e-01
4.865878259005916306e-01,8.733786255713729130e-01
7.856600042551536989e-01,6.195232963606499554e-01
4.506714486957325017e-01,8.921343857096548646e-01
7.254380733725112052e-01,6.865245396932055932e-01
5.163533228601178138e-01,8.562127841285444019e-01
6.942176425664829953e-01,7.177110345307416983e-01
4.790822514601864590e-01,8.783423400433428840e-01
6.635851617501153932e-01,7.460669388519042267e-01
4.616225394591357833e-01,8.875678062294944937e-01
6.311170168713142736e-01,7.737726887881477555e-01
4.633938463625674187e-01,8.849841680966367141e-01
6.632823862598038467e-01,7.457230662977094582e-01
5.365267058458598193e-01,8.431071657775639494e-01
5.639360628494320959e-01,8.247765168587675166e-01
3.972452841076682395e-01,9.146881997723725899e-01
4.028944434985420875e-01,9.124126499652394084e-01
5.603448619881939985e-01,8.284772657516820127e-01
4.452429610718486863e-01,8.936787141872046814e-01
6.992219819483949106e-01,7.114907653290207801e-01
3.999760250132042283e-01,9.135097685613620122e-01
5.902781724010788267e-01,8.057022664883898289e-01
6.469639586609726711e-01,7.592051957398154860e-01
7.083734144419453482e-01,7.026011201494631875e-01
4.928583272566808282e-01,8.699201314324483958e-01
4.740079723946510892e-01,8.804514303083519344e-01
3.913381790719520081e-01,9.165280815007056381e-01
5.618194863352586887e-01,8.260619428354241123e-01
4.270435402624230825e-01,9.019266597543038610e-01
6.583321087232457680e-01,7.506410246985784074e-01
6.062559471705071257e-01,7.949257707645750459e-01
5.914033885669944812e-01,8.050425467761166409e-01
4.619272307570013725e-01,8.875071226778722400e-01
4.045057571026016707e-01,9.109232961649761373e-01
5.372896023849919045e-01,8.428500785446730870e-01
7.072073859742062929e-01,7.045377875146053848e-01
5.173893911582512217e-01,8.550180235004765095e-01
7.501142222843428797e-01,6.592732441791204767e-01
4.491675876270935786e-01,8.932014189152943651e-01
7.700302681970248031e-01,6.373399326640228901e-01
4.743324152328399768e-01,8.813175337130658704e-01
6.994892899377187501e-01,7.117399759992076858e-01
4.531492321585133820e-01,8.913408722027128528e-01
3.901357107719782835e-01,9.163034098698299434e-01
7.003228437199078282e-01,7.106898983980752815e-01
5.469280999089618511e-01,8.374923256390565118e-01
5.952559053197723493e-01,8.025937840380492627e-01
5.405634484903333314e-01,8.403949007660952430e-01
7.709389526633947387e-01,6.360149458387088783e-01
6.253826095486618719e-01,7.787765114934973587e-01
6.846294543014604939e-01,7.267692195220256668e-01
6.730035851559055260e-01,7.364431103952694402e-01
4.007621796944365600e-01,9.139745956695767282e-01
7.026943781441719050e-01,7.078458441716339866e-01
5.273460532498478459e-01,8.505838410829188456e-01
5.585408089041129509e-01,8.292051828972104577e-01
5.274213588400459285e-01,8.502959249259131047e-01
4.730556479421933469e-01,8.807079736620038179e-01
4.873172704155872559e-01,8.737507784731430860e-01
6.078797618550224602e-01,7.929625186362624367e-01
7.280280452437478678e-01,6.819268866122231154e-01
4.518147865334923852e-01,8.919004440784443766e-01
4.024307596606762072e-01,9.119322689861196762e-01
7.783467505577861267e-01,6.293195176329274831e-01
7.051722605338823779e-01,7.062084810042413840e-01
4.659991595080013593e-01,8.853763575083243298e-01
6.893833724671819541e-01,7.223031909601329570e-01
6.363336216316273219e-01,7.683150607164647150e-01
6.192682412563613736e-01,7.836875798331754961e-01
7.322525691663881453e-01,6.790992877470679590e-01
5.267047966097220257e-01,8.493516521648991624e-01
7.275209639231235981e-01,6.838051936481471804e-01
7.167293658436670878e-01,6.941694550454300394e-01
7.330782622281080130e-01,6.775266876140865202e-01
6.759995274290919731e-01,7.338211057222128186e-01
4.517723833235535724e-01,8.916432502345981170e-01
4.734816881164025104e-01,8.801218124187256686e-01
7.733072801641156513e-01,6.348241874706731513e-01
7.433409429226490728e-01,6.658948436305658358e-01
7.588339363007747806e-01,6.511439142936172875e-01
5.767402563556477402e-01,8.163318132426657936e-01
7.605469120517358572e-01,6.486609425942522211e-01
4.463046323151284578e-01,8.933844510619671775e-01
4.943889409678451918e-01,8.690801373979986089e-01
7.049280223664997624e-01,7.059097476844785612e-01
4.979955760133914500e-01,8.678571826801452227e-01
7.877209850827971982e-01,6.185393533789870224e-01
3.855437690245228088e-01,9.188674290671233758e-01
6.209913738713158660e-01,7.813527931484781641e-01
5.631472757408174656e-01,8.250552731983494814e-01
5.645256142161522162e-01,8.256720616634264376e-01
7.969765527543115624e-01,6.070989232191723595e-01
4.856181614555626913e-01,8.750833326964168046e-01
6.432412847487932739e-01,7.625275832985349833e-01
6.794003192861456375e-01,7.302836487400373722e-01
5.783205050008404235e-01,8.145614671585788003e-01
4.907681217935973006e-01,8.719659557023961005e-01
7.742811165581429123e-01,6.335651055023558964e-01
7.192097268669114252e-01,6.922440496865042148e-01
5.291163623928115678e-01,8.494959957995645849e-01
4.959455085070996194e-01,8.681327201214563694e-01
6.787877446673724613e-01,7.323215924137694843e-01
4.751242661760708419e-01,8.807783055297564445e-01
7.193890024477878065e-01,6.926588215686273475e-01
7.927789327557901444e-01,6.114371751973617375e-01
6.522144324108837266e-01,7.555128057896134397e-01
4.025490028119113051e-01,9.135395273719750797e-01
4.282056701062307291e-01,9.024691207487294253e-01
7.877966476416082831e-01,6.174502453761377962e-01
5.410417597244563392e-01,8.412975958497168616e-01
3.927205820598013708e-01,9.169937081307890647e-01
4.625626019131235944e-01,8.853854748387377516e-01
7.691261669994953198e-01,6.377875078014103583e-01
6.110138911200846401e-01,7.900557137164090360e-01
7.933609536061038137e-01,6.103175973447728664e-01
7.473979459387258828e-01,6.631922500709294122e-01
7.385013111237860306e-01,6.726764201829960044e-01
7.722012968525655552e-01,6.357091039919828823e-01
7.684509336972540350e-01,6.403686283568212900e-01
4.139657561144503006e-01,9.089673219622972367e-01
7.114128592119580707e-01,7.006937295086557160e-01
5.102564173039905171e-01,8.602207454018285793e-01
6.983037314520630368e-01,7.131818273107272121e-01
4.648621432258771002e-01,8.858122559150872766e-01
7.527414792158166890e-01,6.569297394585701388e-01
6.290276219534179925e-01,7.764787781261203170e-01
7.389259784251804852e-01,6.706075502840884717e-01
5.552821999318324764e-01,8.317301645433278212e-01
7.777987072672034596e-01,6.296494589724175306e-01
4.302929920343585568e-01,9.017556229241432408e-01
5.777881591158972041e-01,8.166539546853627263e-01
7.821868463801715521e-01,6.248566934122979921e-01
6.873003533415512623e-01,7.227374325654136733e-01
6.163082916443061166e-01,7.860239595302145332e-01
4.711815241953157818e-01,8.814525157137748090e-01
5.842223968378863486e-01,8.107351463883126774e-01
4.383221912397082809e-01,8.976245898973073123e-01
5.569127007122629536e-01,8.305150670836580762e-01
6.644722599635861648e-01,7.445312809081237049e-01
7.989622832027252208e-01,6.043617937840184418e-01
6.827391381015214256e-01,7.280121794867521201e-01
5.049126612324401631e-01,8.625040451661750707e-01
4.908041637396242662e-01,8.708888775447770625e-01
5.895749618744423604e-01,8.063414471360079716e-01
4.238604101237836153e-01,9.030824582792084110e-01
4.088880185808753120e-01,9.093369295197104574e-01
