5.851357823435642258e-01,8.121248964322016484e-01
3.811024578680822783e-01,9.237336464860328444e-01
2.198133976549964119e-01,9.738182513215207781e-01
5.811958290909476910e-01,8.090295485296953304e-01
7.772012550904888739e-01,6.210892307856101802e-01
7.250192591921069685e-01,6.804562254259808318e-01
3.863045567690440718e-01,9.281071049772463555e-01
3.611158094073483316e-01,9.264061143903890017e-01
6.935410993012910419e-01,7.326983772843397302e-01
7.193901473341194341e-01,6.811495323851243233e-01
5.330129771481425527e-01,8.348206193889647908e-01
7.808574615337188218e-01,6.054301921297995381e-01
6.561082364252037724e-01,7.369424957353690742e-01
5.021525103178605676e-01,8.501181267329581681e-01
5.796093415332145282e-01,7.979861748870692439e-01
5.214871853454144945e-01,8.687948940891526695e-01
6.660052690873065062e-01,7.228137388483228953e-01
8.228219375759580068e-01,5.922850740920198032e-01
8.235294126682132232e-01,5.874335096787475230e-01
7.756363204296665703e-01,5.929234846268820469e-01
7.769986837529097023e-01,5.885366060084442630e-01
5.066160688467289397e-01,8.843971737513671716e-01
7.732161514461781682e-01,6.703543036065539029e-01
7.404911371818715393e-01,7.071329274194371184e-01
6.431453944477438789e-01,7.335698319112444743e-01
8.318571643363306123e-01,5.609760030858732538e-01
7.666384857569715772e-01,6.810132962136679069e-01
6.840924863438031522e-01,7.642246798573144595e-01
6.793547034178353261e-01,6.939188007871192054e-01
2.310905199523761722e-01,9.846154050163031801e-01
6.627676690055345210e-01,7.862683047853564755e-01
3.774578580783335413e-01,9.464999542335930105e-01
7.845664876349479622e-01,6.654583364797810319e-01
2.464959426129731401e-02,9.963034038922213842e-01
5.954162575447269345e-01,8.388607130294815084e-01
3.695965867604737998e-01,9.032691059834500047e-01
8.286431993827343412e-01,5.361896830608239295e-01
7.173257530725830611e-01,6.477316375898605205e-01
8.084008046082707954e-01,5.319248675593033493e-01
7.828181086113280562e-01,5.447681921144339467e-01
5.214534863215737337e-01,8.915921789708186607e-01
6.938901784940285644e-01,6.632592691843347543e-01
3.879747475616364127e-01,9.497071241600283376e-01
7.310047582058218918e-01,6.195495244475103247e-01
5.408976901500043288e-01,8.838258896930489827e-01
5.501677298390290627e-01,7.839466802348155072e-01
7.150834380444680560e-01,6.324502195986003716e-01
7.795551829833847757e-01,5.354126613365708387e-01
3.410071238969430985e-01,9.025874631268597792e-01
1.440829160142270693e-01,9.701406390598898977e-01
2.213624579985473684e-01,9.926052549343068465e-01
7.517722133895879955e-01,5.607391781291464206e-01
7.240754590969246118e-01,6.112245681513159834e-01
8.081051154303620088e-01,5.025645038985772084e-01
8.592403240273308596e-01,5.953377945065975174e-01
1.408824909858892305e-01,9.695635200998521386e-01
7.532834675865652807e-01,7.356844266127801069e-01
8.601771460685334603e-01,4.988688314290667947e-01
4.304999121506103421e-02,9.880714459931624338e-01
4.788399376743162073e-01,8.191302975452410262e-01
8.691213946026894455e-01,5.698352356462568213e-01
2.916184634865733871e-01,9.170806798973035745e-01
1.473289616699432480e-01,9.656776045034286549e-01
5.577508689625205740e-01,7.596502393454758195e-01
2.295141903992885535e-01,9.392633446460787461e-01
7.395150251722855117e-01,5.614008953770288635e-01
2.141413819559759846e-01,9.440716554289420026e-01
7.856233145638108484e-01,7.086605864931283527e-01
3.402457849901971976e-01,8.916602599497126524e-01
2.436973436465681431e-01,9.325765453557015583e-01
8.395018942149513608e-01,6.433829377710665876e-01
7.028108900145092486e-01,6.182729498721599715e-01
3.343589527272093909e-01,8.929186663582567851e-01
6.562580961592996420e-01,8.312407077695690427e-01
6.214928893864615222e-01,6.971272467109382864e-01
7.214082685665214045e-01,5.835260775241798425e-01
8.415653176135259317e-01,4.671429760757230820e-01
6.462039104587419258e-01,6.715319082044471921e-01
7.953422350531071938e-01,7.067861305445488629e-01
7.519180986996891747e-01,5.236851951148386863e-01
6.179151343598343615e-01,6.945011804481566742e-01
2.617471070651384846e-01,9.201568908018425974e-01
5.458176662817185720e-01,9.055333979357960139e-01
3.984985194794815611e-01,8.530020910765112596e-01
8.229040173346569009e-02,9.755458355973506412e-01
8.130888867975145651e-01,6.918631884810403365e-01
1.203985604716251157e-01,9.654521652272833876e-01
8.289369990323457449e-01,4.569892184569609439e-01
6.362395786033997469e-01,6.703804298356282887e-01
6.721673735363349333e-01,6.336947575557900780e-01
8.454830307073788465e-01,4.485408367533179064e-01
3.540022244362998061e-01,9.773216137493933031e-01
7.803642320308805669e-01,4.818200532993272001e-01
8.876526325186747668e-01,4.776247256311331180e-01
6.085627630225391993e-01,8.758192820349798291e-01
5.782427895585801059e-01,7.184463028796002071e-01
8.946884537343371413e-01,4.994855364840508072e-01
8.349111433413917149e-01,4.436591371892190105e-01
5.794840437955278700e-01,7.115689734960748414e-01
5.620049645661799875e-01,9.068321186852668081e-01
6.423390823943986305e-02,9.742980719212126495e-01
8.241226337916388589e-01,4.402682770138849344e-01
6.633144705329933055e-01,8.475169444336729807e-01
2.589522200881279046e-01,9.094571332053240642e-01
3.155196382655347520e-01,8.820866511728994164e-01
6.442045191148189076e-01,6.441552671144101794e-01
8.377613060223725316e-01,4.281612310398235088e-01
5.328662802311115998e-01,7.428518654245228614e-01
5.949299730479808979e-01,8.943922556622537767e-01
3.740578611168895451e-01,8.479952338920198063e-01
3.160147107103123965e-01,8.789154666863582266e-01
6.224966450005298135e-01,8.799553614761671527e-01
3.358604386948779164e-01,8.673319276314527260e-01
7.223588573573769267e-01,8.094214051925846531e-01
5.926910644803197181e-01,6.850813529530425106e-01
5.492658725633853267e-01,7.219111086852287862e-01
2.601078829875310694e-01,9.009187996899552520e-01
2.660536601645010490e-01,8.972703798472525527e-01
8.935919206253130076e-01,6.087003790319842622e-01
7.888697110261313483e-01,7.520800646606272677e-01
1.890259895674738511e-01,9.283802172617929838e-01
1.138246796772882652e-01,9.538864448737024437e-01
6.802413430973884845e-01,5.739411679848958059e-01
2.220860431516081812e-01,9.138743884749991331e-01
7.155184043326966448e-01,8.255959916595544401e-01
7.932015357507541387e-01,7.547490829582460536e-01
2.855240848665272502e-01,8.815997207941708158e-01
8.669105127130373178e-01,3.887958238603272942e-01
7.581132618084671648e-01,4.498418038871589975e-01
1.257141511480307505e-01,9.455762839029220324e-01
6.323797753314572834e-01,8.883471077788908099e-01
8.414566915256427304e-01,3.924470885644490981e-01
3.229856274279077066e-01,8.581307417674698401e-01
8.354039922472730195e-01,7.144830439005113165e-01
4.846697461750612002e-01,7.497310385219981832e-01
9.287989685910026383e-01,4.941896140174795171e-01
8.117656192209792287e-01,3.949991087914554999e-01
7.338183628362400235e-01,4.549571322151138020e-01
4.770511648324144982e-01,7.487133271812564939e-01
9.329722392057074876e-01,4.885538279609922263e-01
8.157390736720521174e-01,7.484340875341809474e-01
3.458224690197795326e-01,9.928823696811535093e-01
2.318879059899552342e-01,8.924753460633481073e-01
8.031216394327788111e-01,7.658526379740731027e-01
9.191292241940074437e-01,5.948082619222041512e-01
5.260389000496691336e-01,7.025218829192748649e-01
8.528814058560381106e-01,7.138624017637957841e-01
9.364387992893673518e-01,3.835856539423047051e-01
6.641315860985362862e-01,5.199661958507010295e-01
8.183062227725040882e-01,3.645051289768875824e-01
1.787176290058529737e-01,9.084844456246079503e-01
7.644356209886149500e-02,9.461648562456543843e-01
4.355515265330185404e-01,7.614944175635576240e-01
2.784611023373118055e-01,8.592173029468376244e-01
9.443000372151955091e-01,4.900010162053402007e-01
4.024350678272697879e-01,7.824074761698714964e-01
7.441616376372819364e-01,4.127382816639881824e-01
8.201233437115088565e-01,3.564198961465500082e-01
6.491163113293841880e-01,5.281151768717535777e-01
7.607410118778032970e-01,8.237506898699986646e-01
9.456287393558194809e-01,4.966823328690532779e-01
7.095012332918883002e-01,8.648119967095069249e-01
9.429912075537230098e-01,3.661956427523019864e-01
7.632381139933142045e-01,3.908811912993868098e-01
5.865917743043825849e-01,9.354904886406507636e-01
4.795969831093171987e-02,9.511964774811705325e-01
7.859672754044696452e-01,3.723229402287649981e-01
6.176330522841633197e-01,5.827078895079471632e-01
6.403962302548685814e-01,5.299823369763043690e-01
5.088283641683964964e-01,6.925407450282894395e-01
5.053315044570099168e-01,6.939117908221190678e-01
1.693036283815197995e-01,9.027929539811991866e-01
9.077293359997481437e-01,6.501768408758503703e-01
4.082037267502297562e-01,7.672850727632003487e-01
8.139055941117966375e-01,3.387496804123200089e-01
6.826079877960189446e-01,8.926842824867086135e-01
5.062502489156960328e-01,6.852657849267370649e-01
1.894775512074053925e-01,8.889295178062118774e-01
9.410814567908132311e-01,3.145458576302746501e-01
9.433893788982276041e-01,5.713703291953330377e-01
6.518916069781015565e-01,4.851771727737210771e-01
3.565185293516549558e-01,7.939781246893772293e-01
5.571196045695158139e-01,6.366588454493987692e-01
5.028476650136518566e-01,6.838879386629924673e-01
5.041797604415860778e-01,6.824338788424292312e-01
8.560917692099104803e-01,7.410773025529238112e-01
3.049341906573586058e-01,8.244901531363117986e-01
6.710908265704794706e-01,4.550825646412568481e-01
4.913922255462820354e-01,6.918254673303492197e-01
5.763358544833603325e-01,6.133689213322661704e-01
9.052153226149997067e-01,2.852325717098987967e-01
4.291009054424606006e-01,7.359263055020450750e-01
6.561191956519955015e-01,4.647340504853322285e-01
8.373189767476515444e-01,3.071255461287967226e-01
1.477586016383882761e-01,8.993630664181307965e-01
5.557850132443810098e-01,6.244970562797360625e-01
2.942697147803357005e-01,8.216042590354541986e-01
7.951425808125065497e-01,3.264875341961479549e-01
8.513869594528289397e-01,2.921269170341913579e-01
7.506791898412997766e-01,3.572881098693446722e-01
6.022047735022449944e-01,5.333028135383786061e-01
8.147609099952238809e-01,8.031293705760721435e-01
9.641612433071246047e-01,3.083542101439499250e-01
4.945176340170762685e-01,9.802811788170623375e-01
9.314760106673111162e-01,2.608880852687838203e-01
9.365509548458492706e-01,6.274721386561123992e-01
7.772911226354987102e-01,3.300834485158635756e-01
1.720257558442012114e-01,8.801020524658462740e-01
8.743589798215047892e-01,2.713138149628568918e-01
9.625409973576909417e-01,5.258018859841255832e-01
7.606349632201718780e-01,3.383049990275055485e-01
7.682386139326594643e-01,8.525402511276940487e-01
6.823809735864008186e-01,9.113204670877891322e-01
7.731210623705452312e-01,3.257683566301985412e-01
4.735841138331283728e-01,6.764559732459167751e-01
4.504138959446356560e-01,6.952757557900394181e-01
9.584887035019448165e-01,2.525365369301948437e-01
7.496124252182515546e-01,3.371075075149989608e-01
6.519092207281572682e-01,9.314764354732959495e-01
8.268756385631039763e-01,8.055596048582268631e-01
2.492504516927962488e-01,8.300986547186355313e-01
9.606475810353692912e-01,2.478523390323580378e-01
9.765138711139493832e-01,4.298083425469164665e-01
5.547516990409095961e-02,9.224608219866085035e-01
9.619700434726897731e-01,2.467749499496737497e-01
6.406055302326784107e-01,4.367268225888217836e-01
2.301089835655513172e-01,8.394699263291263147e-01
9.802192394093804939e-01,3.321245262106871099e-01
5.572997301162723183e-01,9.697432987889339495e-01
6.347535044097208923e-01,4.385803256597510247e-01
9.211452212905760772e-01,2.299128495453937049e-01
4.547062805632099414e-01,6.829619944477139937e-01
8.014948888756913137e-01,2.897683391965309996e-01
2.890937287006003498e-01,8.015892284543605362e-01
9.716157217683105696e-01,5.130570459331791344e-01
9.784986205260411962e-01,4.472027403678522361e-01
8.275215356308077697e-01,8.130420130009565760e-01
9.210465452030673905e-01,6.842830804681686585e-01
4.896776589869719087e-01,6.468407109001041988e-01
5.861264074088746723e-01,4.920384870969117808e-01
8.708747524615243485e-01,7.666837526157036509e-01
3.215953430674212132e-01,7.724104185825474422e-01
4.556313879049733728e-01,6.711813537269705199e-01
9.190173015763603015e-02,8.985245775690411385e-01
6.143085193899974206e-01,4.430583184025909116e-01
6.656121105437130536e-01,3.819709690193201501e-01
4.372047137120400606e-01,9.964863322809947022e-01
8.346377558153871279e-01,2.486201813748372125e-01
5.290844676051311701e-01,5.947522720351557934e-01
4.374391249133705584e-01,6.791036998451909223e-01
5.263859615826660399e-01,6.006101730819602968e-01
7.310842026635044899e-01,3.184630250521109929e-01
9.675333311034777228e-01,5.801499752481021899e-01
9.353099044590551525e-01,1.939264210376578923e-01
4.029935324933409113e-01,7.025664728355077715e-01
3.734799015203709160e-01,7.248046678212282101e-01
9.769378098516395825e-01,5.198014795789644982e-01
9.487768948891276422e-01,6.446658736005169699e-01
2.239072202237548659e-01,8.223198369005285668e-01
4.222635540282407840e-01,6.855422936176454041e-01
6.988232196756023473e-01,3.385388225315694166e-01
3.838316802376557924e-01,7.147466975037062298e-01
9.865906767331551475e-01,2.232657304766882955e-01
9.891756358416634587e-01,2.352415787572801342e-01
7.142826998874148847e-01,3.200717018715084627e-01
5.474997921853614891e-01,5.123488593310471240e-01
2.410180802147264822e-01,8.054905543017883973e-01
6.573395015417755616e-01,3.659099855184109185e-01
9.815443234009444406e-01,5.053858702682045845e-01
9.748157605012317539e-01,1.765579067736398056e-01
7.833345372158775355e-01,2.621668156010152906e-01
9.933239757310752260e-01,3.240604717250831213e-01
9.926064572868676938e-01,2.362301192909888048e-01
5.469364970162492456e-01,5.005259302829343504e-01
6.290927166179531849e-01,3.880333882835605985e-01
9.753398162672147764e-01,5.652954963695403512e-01
8.748376627266922778e-01,1.998289558234825902e-01
9.667204270953183576e-01,6.109548240576384570e-01
2.964669911872785946e-01,7.645972281073932786e-01
5.740112858098722626e-01,4.511784573069127502e-01
9.574933047186304780e-01,1.563008095421802857e-01
6.672797619018480120e-01,3.427503661221267262e-01
3.461911923318142792e-01,7.247515449105810248e-01
5.717601633635258640e-01,9.802018878781389999e-01
2.481320870389209787e-01,7.897420126946665953e-01
9.248436951755935054e-01,1.603453576483279130e-01
5.440981766436728817e-01,4.793360190199967841e-01
9.964796931136724600e-01,3.197226012476379609e-01
1.684202454210041999e-01,8.340822662218586592e-01
4.282628257765191959e-01,6.539102558119412878e-01
4.868807788619449184e-01,9.960560997261298510e-01
6.737234813843564485e-01,3.225455210368897152e-01
5.465590006222608155e-01,4.611459730848987970e-01
2.712349615453740759e-01,7.669049625202106757e-01
9.731368532045203690e-01,6.091745250523277200e-01
5.904064574905447671e-01,3.989565388918158151e-01
9.052756709721933026e-01,1.564197312876018930e-01
5.925792785575220156e-01,3.914803385108914791e-01
9.152028841917246860e-01,7.497403640881969977e-01
7.573176320661516581e-01,2.447172429880257738e-01
1.054785837062678366e-01,8.580603671634193796e-01
7.240427837354785900e-01,9.303393060725073660e-01
9.490967907849884311e-01,6.866872270405194323e-01
6.551217231472878932e-01,3.219475038935311062e-01
2.331860409637266374e-01,7.798858409007065617e-01
5.743936290034370451e-01,3.983515156278240044e-01
4.887479261116841611e-01,5.323156325544942113e-01
8.580794088185116353e-01,1.679694626883360131e-01
9.929978697640822194e-01,1.000588312045580519e-01
4.874086410611617737e-01,5.254857018710740180e-01
4.974961303392726464e-01,5.037166671329026402e-01
8.063869653816692074e-01,8.821614754617409515e-01
8.202582719719835325e-01,8.709771513410903276e-01
8.576136870210926411e-01,1.648225510968625018e-01
2.647064948712413157e-01,7.538780343085094149e-01
1.960816975894120739e-01,7.981818741310289234e-01
4.440009896386262200e-01,6.133366906842292465e-01
3.299506354940352493e-01,7.050394413200451460e-01
5.476066112575659339e-01,4.160169821917665267e-01
9.693699470721376388e-01,6.469191574042559845e-01
6.819553848936786844e-01,2.806276082001307737e-01
9.201506115896204152e-01,7.577850693028549411e-01
7.276323784725842181e-01,2.395665760441948455e-01
6.866101053885979022e-01,2.684600192847508282e-01
4.613969350753505116e-01,5.318823995548052075e-01
4.929475142211610095e-01,4.689908303287512181e-01
4.706734801787780809e-01,5.104609150840252463e-01
6.862242844498533945e-01,2.613309796446762201e-01
8.161304453747374454e-01,1.693256303834601573e-01
5.078513312867888319e-01,4.425619696883066334e-01
9.922579613472156668e-01,5.345634796638731867e-02
9.087410172457860424e-01,1.074266061624936652e-01
8.224657921298652585e-01,8.828993505982116741e-01
7.205384330744523114e-01,2.317031961815486651e-01
9.704603228027289807e-01,6.272241812168943831e-02
5.247131543746341720e-04,8.871293870027626705e-01
2.615003650563429982e-02,8.741343179155227627e-01
8.797769569019978642e-01,8.289370196057921358e-01
3.815677210247695461e-01,6.414572280666348547e-01
8.068015255196373525e-01,8.982620150114846158e-01
5.982833194202477056e-01,3.258634979453421954e-01
3.894411090820738552e-01,6.332568560042584060e-01
3.224375468869148387e-01,6.862726319859656643e-01
3.083725246425749189e-01,6.963394887070060157e-01
9.800704238340258723e-01,6.349360023746010162e-01
9.505546132289568462e-01,6.620137963633110356e-02
9.714533132832648965e-01,4.999562904152188292e-02
1.777854645820096113e-01,7.842934307601270305e-01
7.736565151590351075e-01,9.234781125301106952e-01
1.483529151147474634e-01,8.021752448876247055e-01
7.148450807609347812e-01,2.241030362282093735e-01
2.681725713895299901e-01,7.221448956017714194e-01
1.578658370747501039e-01,7.954707411927072203e-01
6.818143580626325750e-01,2.455593102566704378e-01
1.898458327953458369e-01,7.719690081354971811e-01
4.125692564549997554e-01,6.027628183202093926e-01
1.526011765357679906e-01,7.945572626791562731e-01
6.790015674549564340e-01,2.420472784733962435e-01
6.115345549652411172e-01,9.879117167107099862e-01
6.444210858984930068e-01,2.675845147889812647e-01
4.049014967495697670e-01,6.060730272793175555e-01
4.537540988833090871e-01,4.857613922824538522e-01
7.182618067852262200e-01,2.101479023730408180e-01
1.384428774176724719e-01,8.000352492154443329e-01
3.800305047901270106e-01,6.237756129952765072e-01
8.720121265953201251e-01,1.015713007166594295e-01
2.165249021422555042e-01,7.469111324606000357e-01
4.485545255329030923e-01,4.835694686703883027e-01
5.352744916671903219e-01,3.598653455588073369e-01
1.744709585950776631e-01,7.706442603364365151e-01
9.280128184783322798e-01,5.592256938014705803e-02
9.298225090742590071e-01,5.196906522138999840e-02
9.202476823496842373e-01,7.971709886605106155e-01
1.218850276634094731e-01,8.004206185546400842e-01
1.655519474284334880e-01,7.721732898159623382e-01
4.500072214348170840e-01,4.587647994447573430e-01
4.053439409732942922e-01,5.566699589294494821e-01
3.250877902751415638e-01,6.566278563614187380e-01
1.695244114864564722e-01,7.686676680167237041e-01
4.876114322230252762e-01,3.991236600815631919e-01
7.976137416810888947e-01,1.370671080663239394e-01
1.610762976228756749e-01,7.712715261434223146e-01
5.470111958257688478e-01,3.282937551579738766e-01
5.536535852310993100e-01,3.203873746597523109e-01
3.917001547558103258e-01,5.760763447273453686e-01
7.253883983321269824e-01,1.806934736345592318e-01
3.634621417865792070e-01,6.188234302011095256e-01
4.284528785649139859e-01,4.728346793643461998e-01
3.412885030693060262e-01,6.337996527858168472e-01
5.101323442503336025e-01,3.560348099839728553e-01
7.164715134786164841e-01,1.773113026168620099e-01
6.547848812638484839e-01,2.216005295303663525e-01
7.645856701250849374e-01,1.418653529127847923e-01
1.584520438335759174e-01,7.612751151137742145e-01
3.626618226212020568e-01,6.065954347523186962e-01
2.690376093086336295e-01,6.820028684674181996e-01
4.424392884590975239e-01,4.269431923986268806e-01
8.350997711359600117e-01,9.054020786644813024e-01
4.655161127667567511e-01,3.896841799769252823e-01
3.515337025561012796e-01,6.112812864746504093e-01
9.131010078362918891e-01,8.271908358737708467e-01
8.448966711131398188e-01,8.005264014572699427e-02
1.308998274813757412e-01,7.719692801116045944e-01
4.991494834105604239e-01,3.397077694391017477e-01
7.962470075090019028e-01,1.043871229715416238e-01
4.441408838456080144e-01,3.966306157880128413e-01
8.579646972208765376e-01,5.890692599773106330e-02
3.900743355915545774e-01,4.823120377236519429e-01
4.894559779038543113e-01,3.392243910395992268e-01
5.012310787605522844e-02,8.136939871748621878e-01
4.011594625679394399e-01,4.579496591843148501e-01
7.019435547113449525e-01,1.610184648354154868e-01
7.838397387246472947e-01,1.046624948954364420e-01
2.005713074678520114e-01,7.139940429281333989e-01
4.874781974599432521e-01,3.361760673627703921e-01
6.233360122110663815e-01,2.145808525447430171e-01
4.511251361781675184e-01,3.765229726294082591e-01
2.064789356156564448e-01,7.074407081965309319e-01
5.471098727100353054e-01,2.752632670838469631e-01
4.420038358428729497e-01,3.857967722502225749e-01
4.004334229914054966e-01,4.449432488053367551e-01
3.884316005388658288e-01,4.627342139428944900e-01
6.981722444816726991e-01,1.558382161293950796e-01
6.346593065975330017e-01,9.946951614223359384e-01
2.025383803484719358e-01,7.024724475046559835e-01
4.978640046305797817e-01,3.091895801248593090e-01
3.718691149251145411e-01,4.780823344332320035e-01
5.996500216229173619e-01,2.192930301120634695e-01
7.426070665229689283e-01,9.696929843388346626e-01
7.939785578364149110e-01,8.249260007081193891e-02
4.108695036254641497e-01,4.048080911478864063e-01
7.446181819885069331e-01,1.118486005165348907e-01
7.067982115743380866e-01,1.359252151249978890e-01
5.658046900462122553e-01,2.371730693492072328e-01
8.126220715190892729e-01,6.375606008331724528e-02
2.733528303723888886e-01,6.392734061008800150e-01
1.553403875400638512e-02,8.155492119248709537e-01
7.188126390257061349e-01,1.228976593136450468e-01
6.472542202725242166e-01,9.950036181493568943e-01
1.636714659478376577e-01,7.184761801069389220e-01
2.369013325263584768e-01,6.643584677868525912e-01
9.176393641011599822e-01,8.494543353554726561e-01
1.869661754311375823e-01,7.005712231048544236e-01
1.415531397858854623e-01,7.316023283722865589e-01
6.958493729187785748e-01,9.871247008034920167e-01
4.539752980068203492e-01,3.288653689194587226e-01
4.900296158385457623e-01,2.899771564850978089e-01
8.664960701822809197e-01,1.406445889422336393e-02
1.077406662086172195e-01,7.505631479488951152e-01
3.639764653768716718e-01,4.440961526204111331e-01
7.990250874134741110e-03,8.122563415526043995e-01
4.454136348359925002e-01,3.316439414964754695e-01
4.684262348456424974e-01,3.071227825891359453e-01
8.102210690855444764e-01,5.083635718144641213e-02
4.485891503335701636e-01,3.245285732222293884e-01
6.065397670895834592e-01,1.864304680799079295e-01
1.780668119162895913e-01,6.971475307981951364e-01
4.313595293364866912e-01,3.385049571554906711e-01
3.127464477008234933e-01,5.471661009588585367e-01
3.127746583435757621e-01,5.434830358653034432e-01
7.603412985481862174e-01,7.758141232772064466e-02
5.266349257364779657e-01,2.430372496217350076e-01
4.577391120043627915e-01,3.032117225611646871e-01
3.205974619080418364e-01,5.021196792466622316e-01
8.742071370584136858e-02,7.509943962073891699e-01
4.840840083470431265e-01,2.678653235655777953e-01
5.141069025734072984e-01,2.402285886580186602e-01
4.650943140235880291e-01,2.808663326705397312e-01
3.373062631448587867e-01,4.391189191188071828e-01
4.012709548055184428e-01,3.453253091040453526e-01
3.201378541903436847e-01,4.710763401172947118e-01
6.646822382367630899e-01,1.220531455703365298e-01
8.280025751521642441e-01,1.306621953651787571e-02
7.905649594340805608e-01,3.811874865151787528e-02
8.334175788658387818e-01,9.433227519937281702e-01
4.517901618045345735e-01,2.831932764843457795e-01
3.054323687025307654e-01,4.861843699063529423e-01
6.723047552926008086e-01,1.056164195085838031e-01
1.209420963159677509e-01,7.106644601939726691e-01
7.804818584594203079e-01,3.340739803185510670e-02
1.631415703417044005e-01,6.790224098115851259e-01
1.778283548842507500e-02,7.784322605997436861e-01
1.868170604097950660e-01,6.602478631275191523e-01
5.049540604010438472e-01,2.196300255543968127e-01
2.928912935284545549e-01,4.779042816502462321e-01
3.176418697375239519e-01,4.257741370135732506e-01
3.396318300206849772e-01,3.852319653150371170e-01
5.363497259247562710e-03,7.790029931097887106e-01
7.261634995613116539e-01,5.645712921217838076e-02
7.373499488933732415e-03,7.765897162574388890e-01
1.340606877844299216e-01,6.900979243331558655e-01
5.622895396485481090e-01,1.648047310912149621e-01
2.923578941673521392e-01,4.580388349947103199e-01
1.895511402849433535e-01,6.472712775743968416e-01
7.098593935464637683e-01,6.488325732345268104e-02
8.067589948586211257e-01,9.662658162241567483e-01
4.850738387517086192e-01,2.195678292927447650e-01
4.264146535727644238e-01,2.677700126794329005e-01
4.938096893685183231e-01,2.088133532302519635e-01
9.701198284166270280e-01,8.008001631477595916e-01
7.129506757403560879e-01,5.581027486815248739e-02
7.811465279811006246e-01,1.176056146966564242e-02
4.038548261847092480e-01,2.853556136966074464e-01
3.070077988819732706e-01,4.064329771535790670e-01
2.772700305168508406e-01,4.570058751688804710e-01
7.573693346643143309e-01,2.230364192801770340e-02
4.607041468075320223e-01,2.280467430994443934e-01
1.762360153485792447e-01,6.459415638239025537e-01
2.527252026057517087e-01,5.153277296764995352e-01
2.392033589474175104e-01,5.641215991345486236e-01
8.043624598271625903e-02,7.159602660749924130e-01
2.132960291312475665e-01,6.126491875270568821e-01
6.747281421953446046e-01,6.557972010155765918e-02
8.444191402643794753e-01,9.544513474755706994e-01
2.379691277461628562e-01,5.264765076199442451e-01
4.556176532681068814e-01,2.186654975843906890e-01
5.367893405335241175e-01,1.558529814818270243e-01
4.027033753637299096e-01,2.647266042147031762e-01
8.718606667736500393e-01,9.380074749557016922e-01
1.900600078492266087e-01,6.183874048706060611e-01
5.331097858494484587e-01,1.487696145532467762e-01
9.492292305414659070e-01,8.598478691768648430e-01
5.534540023976919354e-01,1.323405391802064957e-01
9.302480514405285783e-01,8.897683362677879515e-01
7.321479484872129850e-01,1.222731689334732863e-02
3.743549780313935038e-01,2.699291839892055123e-01
3.261116780522830272e-01,3.221853616402698961e-01
1.082287886108928010e-01,6.722709346247423001e-01
3.487627396667856150e-01,2.896107212537371023e-01
6.389841426827387316e-01,6.276669644579013774e-02
3.965471821848107759e-01,2.385437821620598475e-01
2.695687815280872757e-01,3.852019482576046761e-01
3.146866700834093367e-01,3.193167440717381567e-01
9.668603499638080967e-01,8.377847273459265720e-01
1.513597932546026925e-01,6.309681292793101193e-01
6.892495688800671649e-01,2.480876885326233072e-02
7.128400321452347255e-01,9.099881768731776788e-03
2.255386626692216234e-01,4.501477172746181088e-01
2.455810057032713489e-01,4.060914718417916180e-01
7.781548619164890823e-02,6.802237701021323080e-01
7.253720526485439857e-01,9.977820521445818214e-01
5.166694478787485778e-01,1.295191202769140348e-01
3.191640001897886325e-01,2.977798268082454403e-01
2.566703302586827995e-01,3.788655940101306463e-01
3.411069062875878855e-01,2.712688926793160871e-01
9.571581119742479382e-01,8.641386560452563037e-01
3.922147113289086162e-01,2.158819505930559268e-01
5.049909468871158769e-01,1.252370325106152427e-01
2.464201247257576943e-01,3.659009653387166328e-01
4.984257566600006628e-01,1.250095281429700611e-01
5.886376077048171007e-01,6.559822823575234274e-02
1.890557947091522362e-01,4.775486739306109563e-01
2.132102027515384579e-01,4.185654280956662143e-01
1.475582701818752840e-01,6.107743759821964158e-01
2.142882483875323540e-01,4.101038837283408345e-01
2.077472405201994388e-01,4.212026530364839649e-01
2.095954175488042859e-01,4.109757175431927312e-01
2.128225119505693375e-01,4.001884417795666948e-01
1.595863677935165370e-01,5.443260085343483157e-01
2.600806970093172410e-02,6.952885320933234192e-01
1.610941478388329129e-01,5.283876045494658724e-01
5.765245893745409855e-01,5.860010478273869339e-02
4.371812057488051462e-01,1.519079579640641997e-01
4.970262967381958719e-01,1.094600042127723549e-01
1.531021780403459820e-01,5.454980022822459862e-01
1.695487349931757981e-01,4.805930906204964881e-01
1.658654390120726241e-01,4.920750752134788186e-01
5.035687324122956054e-01,1.008721880258897086e-01
3.620631885081156964e-01,2.050621206697470500e-01
5.470025278697404625e-01,7.019922577093007376e-02
2.171966537696037314e-01,3.639881842478855933e-01
2.311803049726380843e-01,3.414199850976091799e-01
2.870253117118917174e-01,2.694183769943409024e-01
5.735795764588801360e-01,4.931217720319736042e-02
6.326286012545800919e-02,6.550181176473774958e-01
9.051994415215458556e-01,9.436139103056658817e-01
1.245319550172391265e-01,6.056423759758230441e-01
1.902633834766201959e-01,3.953148969519151290e-01
3.422335965769336408e-01,2.092794865903808699e-01
4.128512326440626490e-01,1.514400515111796741e-01
2.666532244408404972e-01,2.809788698816966246e-01
1.623363216405963039e-01,4.402347701648996470e-01
9.118365485968056294e-01,9.417829993492853324e-01
3.334466681608708738e-01,1.998899168865472253e-01
5.544069005130221051e-01,4.345577546712331429e-02
9.736390413108386710e-01,8.636397810511564632e-01
5.979906416143260239e-01,1.625407645171339510e-02
3.674608620896462341e-01,1.681931105112982605e-01
6.778924927860918714e-03,6.805494149109586610e-01
5.338356171469762490e-01,4.799361883397046391e-02
1.121970563408084542e-01,5.323750477689481730e-01
4.146882253969597087e-01,1.199220350245657762e-01
1.607193896424445878e-01,3.790693479553088885e-01
1.132186739077429838e-01,4.893490488830126717e-01
7.969615871378421534e-02,6.120631266560606631e-01
1.836937782324773449e-01,3.334781301732295811e-01
1.260351958627119462e-01,4.435921607999839811e-01
1.365501359479355248e-01,4.175425250886524164e-01
2.395125121764559717e-01,2.601630216272342588e-01
2.056061375485881415e-01,2.990631440439006639e-01
1.423212997356358978e-01,3.890188363348108247e-01
1.065702153993598467e-01,4.741155021707554873e-01
1.714599796648307306e-01,3.357865215928016456e-01
8.261260331796083101e-02,5.817583532534743584e-01
1.586871905332608579e-01,3.412983107507902014e-01
2.565297062147449125e-01,2.222016352701652320e-01
1.777561378368596179e-01,3.068932232387944214e-01
9.277561856987129874e-01,9.445151351181566568e-01
9.676969705131666100e-02,4.531853923273572171e-01
2.995589250938645032e-01,1.736165007862130460e-01
5.039705555075674193e-01,3.071132336334314594e-02
1.756248170615503090e-01,2.991277026870625688e-01
1.473105073770972773e-01,3.312562286959949143e-01
4.817432299123931561e-01,3.935954319246337541e-02
4.570311853730230078e-01,5.336123296343553424e-02
7.996927642344194842e-01,9.981506465266871686e-01
2.075753367450993148e-01,2.496558215071001952e-01
4.865737395942829613e-01,3.349550616953067550e-02
1.239635521817320507e-01,3.622318774138515440e-01
9.313336071016673490e-01,9.463335650810423827e-01
1.920790534550772533e-01,2.621351877183175638e-01
5.763669832490136979e-02,5.695975480296935345e-01
1.687276939031120415e-01,2.823354744579740228e-01
4.944245153090074396e-01,2.038665675705642055e-02
5.979983735536820166e-02,5.017269940113899818e-01
4.588378029600898023e-01,3.896774478572073708e-02
4.843718784966606350e-01,1.890055781637334231e-02
4.707197949964506689e-01,2.577396917225771578e-02
5.425136513780792757e-02,4.893266006515097910e-01
2.122342916763678700e-01,2.081244232534229521e-01
1.282986944071318192e-02,6.170114002649624840e-01
2.268379037377107332e-01,1.890748122350136562e-01
3.808625585188417650e-01,7.043815461469160599e-02
4.781114532538610629e-02,4.640896930322802039e-01
2.784082712802415926e-02,5.930565961305326317e-01
9.052526324289399406e-01,9.738372813516861237e-01
5.093211189435808972e-02,4.355469731338200701e-01
5.889779918994941799e-02,4.016360391144029318e-01
1.822632919751817626e-01,2.170812878437486937e-01
7.406536128743568259e-02,3.665428086995440315e-01
4.218691369254248258e-01,3.199920015973400922e-02
1.127934697697483557e-01,2.945246106292034316e-01
2.790965613515317134e-02,4.788232050185141642e-01
9.319551131969856517e-01,9.592212062148666174e-01
4.038511816307889246e-01,4.001538760092826497e-02
2.385269148976431053e-01,1.533663830215098445e-01
1.474877293496256181e-01,2.280864765211170209e-01
2.296689313129718357e-02,4.425873089810873351e-01
4.097833609607792749e-02,3.693770648959618930e-01
2.893358193812909374e-01,9.386539316571551606e-02
3.923815989204482158e-02,3.675150196520700074e-01
4.266448761241059540e-02,3.543594749593372839e-01
4.103018583885750248e-01,1.062894250062007551e-02
2.854317454217172312e-01,8.925735396785861031e-02
4.171907029209187545e-02,3.466244994900796739e-01
4.075700301244321588e-01,8.270281018367908743e-03
3.576573708452902567e-01,3.599982138420410038e-02
2.572975779048771727e-01,1.028558768703696780e-01
1.954669673763713700e-01,1.476771213809647820e-01
1.999072202119822617e-02,3.505192506225168758e-01
3.364803156426002806e-01,3.499177017470345152e-02
3.172933843953086308e-01,4.702504556936326630e-02
1.182890641202126725e-01,2.013794250009409703e-01
1.210009413240059617e-01,1.985506028181961424e-01
8.642296938746787394e-01,9.976508899260763119e-01
3.619069543561943547e-01,1.792487623349048320e-03
3.245737224514569919e-01,2.241388291714407899e-02
2.035911838663336804e-01,1.007334443649221534e-01
1.071312489202783658e-01,1.650027431761634800e-01
6.155857778759732390e-02,1.966482098732166284e-01
1.241663755262527591e-01,1.301018725420473032e-01
2.303537589489076387e-01,4.771376695805329415e-02
1.076670807079387338e-01,1.397566654764704763e-01
7.251063497119969448e-02,1.720857145764024265e-01
1.668445376098504074e-01,8.922320781439829762e-02
1.890695878315400424e-01,7.014867883323383513e-02
1.816066786769137131e-01,7.421291718310973895e-02
1.836216919983887363e-01,7.156017619385590667e-02
1.781820176084082386e-01,6.982677660457137225e-02
2.642781124232546075e-01,1.085022439697169716e-02
1.672703884824524589e-01,7.377569407951634073e-02
6.295087399231114045e-02,1.597033857023545389e-01
2.196488185220540901e-01,3.333979238082862562e-02
2.266574978462178036e-01,2.702648167631216403e-02
3.542391889331897303e-02,1.694521337948067252e-01
6.934126711720955960e-02,1.267698598379844999e-01
2.147430429310297484e-01,1.518290056994442416e-02
2.706974994701338844e-02,1.550643783333350845e-01
2.685221137060755936e-02,1.400669703816121991e-01
1.514992819843735683e-01,2.961664201821967435e-02
9.626574169762897037e-01,9.759236235988351105e-01
1.104639857120972568e-01,4.821153671959377274e-02
1.789439210506474920e-01,3.977892803895821672e-04
1.484009676816663292e-01,1.585412425307797246e-02
1.215970627123200698e-01,3.088212730581907373e-02
6.482643195037485206e-02,3.464992586030146704e-02
6.218030911068628264e-02,3.167546877181903753e-02
3.587253821921099206e-02,4.391576180496159498e-02
9.476030692655278420e-01,9.955510338681723415e-01
9.886573348853725518e-01,9.719199580450335052e-01
