6.772991936737489116e-01,3.227657274356184880e-01
9.517525098682894091e-01,5.108297399804251349e-02
7.122208928742497225e-01,2.847590073269792299e-01
5.511436846568399384e-01,4.455582052610858046e-01
5.671191710038627765e-01,4.367080935612831505e-01
5.797921011431309557e-01,4.275052213609212837e-01
8.085478273606512278e-01,1.993151615095769547e-01
5.434525912842386175e-01,4.470064887709727097e-01
6.355484388058282308e-01,3.545285656283885256e-01
7.814621738716451826e-01,2.289065214741227150e-01
6.866356007667764327e-01,3.262581346004829186e-01
7.109499632919713541e-01,2.761279702807575287e-01
8.764274422254632047e-01,1.103243476485670227e-01
4.884491873232859049e-01,4.930148854210107956e-01
7.290501619724163440e-01,2.559460110883844397e-01
9.889111235418727164e-01,2.741457664206936595e-02
5.063170031822268324e-01,4.764501819027102680e-01
7.177188132194047832e-01,2.998170318752204633e-01
4.702605046057988236e-01,5.253120071753329956e-01
9.221810580297670201e-01,5.849161934421531761e-02
4.842022949143787169e-01,4.886971669595839840e-01
6.599931541701617999e-01,3.610316965097070119e-01
6.137416522046568179e-01,4.076398992058931636e-01
8.129110108931432155e-01,1.634369270295289445e-01
7.894346222625011622e-01,1.857895305429024813e-01
9.341843746657828573e-01,4.042106187597582778e-02
6.737503700982310217e-01,3.007673043794529821e-01
4.516802065890197504e-01,5.333077861153334709e-01
4.987047112554462425e-01,4.735802052497108949e-01
8.516417060252636784e-01,1.756066606685184883e-01
6.892904832291960604e-01,2.807962509921059224e-01
6.382052549913559414e-01,3.946071721375431496e-01
9.540955971016888970e-01,8.000814147219392769e-02
9.516780500674985044e-01,1.402245350321862372e-02
9.078693209677891618e-01,5.589859073813452373e-02
6.354824299015913169e-01,3.270146262307083163e-01
5.784645754568129572e-01,3.833257032937078534e-01
6.883808741107559914e-01,2.725575725522467740e-01
6.609923272126655425e-01,2.968516996173335976e-01
7.684979218396994494e-01,2.737808919518867068e-01
6.337468817443283609e-01,4.094253875718675273e-01
7.713087859061560358e-01,2.741553446827840190e-01
5.391166356530204817e-01,5.063752648293371461e-01
8.539116071964399923e-01,1.930097787253380881e-01
5.728545125589686871e-01,4.741355771748593240e-01
6.674085594611008920e-01,3.806760032847832376e-01
9.092084759026328733e-01,3.833129653252664859e-02
4.033347937965163776e-01,5.704044350670106622e-01
5.823477800380262304e-01,4.728723036651549805e-01
6.846326685591673789e-01,2.596456173649729360e-01
9.171886870003549408e-01,2.616180448666349800e-02
8.238655907177911963e-01,2.346849614279574725e-01
5.633073157526264918e-01,3.763267432061557782e-01
3.800708880446409532e-01,5.517869296685650182e-01
5.428722466845179451e-01,5.197089860700127018e-01
4.054046975325688029e-01,5.887779131844523839e-01
7.871776867000042088e-01,1.467528963191978564e-01
4.026887163535236569e-01,5.020077331512020624e-01
4.712545964449406100e-01,5.804116789359399231e-01
7.398289342992995232e-01,3.339047877146884558e-01
7.181418933059099396e-01,2.060227692322662563e-01
3.678582889524463218e-01,5.268629285937915796e-01
6.315463472704074821e-01,4.453270630971720712e-01
4.977870575282281607e-01,5.781359153533840445e-01
7.817460900331214546e-01,1.374377173070457925e-01
5.955463894140948788e-01,3.230420812303989031e-01
8.770984739354270587e-01,4.145612312143165390e-02
4.200823760980353372e-01,6.134707224340750775e-01
5.574892265513174960e-01,5.272013819131929901e-01
8.760158714047070472e-01,2.093250337707015518e-01
5.764557173245727917e-01,5.089412675100870587e-01
6.851977712574766066e-01,2.289821777321504603e-01
4.125691559191267954e-01,6.178094148851345224e-01
6.635192660915386620e-01,4.236405121048525402e-01
9.339858125672136913e-01,1.541991705632161924e-01
9.082126750867758336e-01,2.924871869593892448e-03
3.500088174193078938e-01,6.232278968921468598e-01
8.051250036872510396e-01,1.055774970845533289e-01
4.951909134405633184e-01,5.922610343741374628e-01
4.816773440115943439e-01,4.190373997863535704e-01
8.842626684846061069e-01,2.278064686054670496e-02
4.412875549756296589e-01,6.178136663837807685e-01
3.331461756541871377e-01,5.363987628294467624e-01
4.089544923371790652e-01,6.308200066626532543e-01
3.090585024444513218e-01,5.734727785416736667e-01
4.802237752368909707e-01,4.123648520230255299e-01
7.450278246494385082e-01,1.559629310834192983e-01
6.815155106503137938e-01,4.198018071875276869e-01
6.553787410136547864e-01,2.427169760768083107e-01
6.665166817226533258e-01,4.354773526893392921e-01
7.215500638751658480e-01,3.819278284411756763e-01
4.688011523593240693e-01,4.118281668013207275e-01
7.118513739734982915e-01,1.829270389467693159e-01
6.663641161251224743e-01,2.264432920343916189e-01
9.735219576453820745e-01,1.349590646213758571e-01
8.662181394390816580e-01,2.431903099572557680e-01
6.711330477969423836e-01,4.385483614633099991e-01
8.230828220766411851e-01,6.702051240723427838e-02
2.783999155818217552e-01,5.972537374073961791e-01
4.398409773374237774e-01,4.221562636985216610e-01
7.256471452199448890e-01,3.879691141286774059e-01
4.809540679753703252e-01,6.228502606811797682e-01
7.067283193253778295e-01,1.792466774552329278e-01
8.739388359014389485e-01,1.156994876511474590e-02
4.673103476036775117e-01,6.297432552388363414e-01
3.794710703222493597e-01,4.627288227380763619e-01
7.003338039092024125e-01,4.147406212534185954e-01
6.333425226821264298e-01,2.514894957612300308e-01
8.797452936802300227e-01,2.367930939203489737e-01
8.135643543728120486e-01,6.665797900751357918e-02
7.046569680147344306e-01,1.745635085047306800e-01
3.068894967343394065e-01,5.234143784794964560e-01
8.219297922246239230e-01,5.639021125750631747e-02
6.904822366372036502e-01,1.869233082081586117e-01
7.572086898083255635e-01,3.666827463035169377e-01
2.679884830056017408e-01,5.690068189354576811e-01
7.246487077774504959e-01,4.016979512664513585e-01
8.192202081454574847e-01,5.408658742934657759e-02
2.780225156955528076e-01,5.494643499179030499e-01
3.231421200621857892e-01,6.796976525394757829e-01
3.448132332528011101e-01,4.736627882385496813e-01
8.626419504508925362e-01,6.891620704537637643e-03
2.370032382228497436e-01,6.369271673388352539e-01
2.344758031108075125e-01,6.340274782983283952e-01
3.688980750613579662e-01,4.494008911160536357e-01
6.335161258074137880e-01,5.001491550760106541e-01
6.009932846645780202e-01,2.635193303113142482e-01
4.899637157507471530e-01,6.408727616302707375e-01
4.242720447698627995e-01,6.727082770952922397e-01
2.339121405783886054e-01,5.889317383284817797e-01
7.520848771748576134e-01,1.071044559943201691e-01
7.842076034560672149e-01,3.585914688111733195e-01
2.240754706414054276e-01,5.998148185339090555e-01
5.909277082906803091e-01,2.654000680850782112e-01
9.350564147948388083e-01,2.092199746795547766e-01
8.070229838669680245e-01,3.378714812411931501e-01
3.292452908662664157e-01,7.025554179336608307e-01
6.751309015142823444e-01,1.796041492957078933e-01
3.752394405381476172e-01,4.284218917876111421e-01
8.752755806256968807e-01,2.755673105901557118e-01
6.873488134045588893e-01,4.637354572278526987e-01
8.434239718564811028e-01,4.338983635684523499e-03
2.241544302106074360e-01,5.698024258448326496e-01
9.591809076894888264e-01,1.957431786183390088e-01
6.777720841055845380e-01,1.672881580568332804e-01
1.926162013864903821e-01,6.247662069876721569e-01
2.343546187468308339e-01,5.492596573589880737e-01
3.693422182512521301e-01,4.203304825415956625e-01
1.869007579064386748e-01,6.863753026026615522e-01
8.216592611301476445e-01,3.394007116216217756e-01
2.258232035164690066e-01,5.523348769299167849e-01
8.174398554169037823e-01,2.089885491273602014e-02
8.148445962003015852e-01,3.468660642232002100e-01
7.788226803063691417e-01,3.832582674029626491e-01
2.514330647113105499e-01,5.192837296024510607e-01
8.021479757625074036e-01,3.605714952350480562e-01
7.155345834989814691e-01,1.216295929401878251e-01
8.004647473316959250e-01,3.658213067682158925e-02
6.382582241502936515e-01,5.256675684477067900e-01
6.841653297414153068e-01,1.509668779176429609e-01
2.273877380142190763e-01,7.320064169085110928e-01
1.834046042479444694e-01,7.108603960115980058e-01
2.858095994583175203e-01,4.776908509495901844e-01
8.786066466265493036e-01,2.898711413454507779e-01
2.492188284772924867e-01,5.106994910915687580e-01
1.601640789186092872e-01,6.742232995307760879e-01
1.692142038455183295e-01,6.190892425293554879e-01
1.749042768330099085e-01,6.033319513442322313e-01
3.024648043766404726e-01,7.417584113252261302e-01
1.938560770269273092e-01,7.356063637481194961e-01
4.931377741690216032e-01,6.773076428678342920e-01
1.548078801994203779e-01,7.046649317073320207e-01
6.152381942952088734e-01,5.618854430311913672e-01
1.452027646346074619e-01,6.742449216196572115e-01
5.020459390050554527e-01,3.190680144132090890e-01
1.797236877429834179e-01,7.433132444940425687e-01
8.908490509645198285e-01,2.904709392186074490e-01
4.253921575222491258e-01,7.154236481147240312e-01
5.502965763270045718e-01,2.670736982796668713e-01
3.390606554154708130e-01,4.159586257171739021e-01
8.988854906776657661e-01,2.851366330974685059e-01
1.983907062784299180e-01,5.422979043809624811e-01
2.735566653629875056e-01,4.653203005116248736e-01
1.720079023294386333e-01,5.748676504645645613e-01
5.972216105278813636e-01,5.903902552717904539e-01
7.712002303779667001e-01,3.936117021460450172e-02
1.802613446926053520e-01,7.623781042079599279e-01
4.949942764288461916e-01,6.928600380780001178e-01
6.135156637847792860e-01,5.774830070648717673e-01
1.187215994383701290e-01,6.738752716953795296e-01
1.276972618288336747e-01,6.405373653071926299e-01
4.549853446712026628e-01,3.320017872236625811e-01
1.602493877376207632e-01,7.612079000211117163e-01
4.023803506308125666e-01,7.378439615758184411e-01
7.143620884412378302e-01,9.038026387837505560e-02
6.811127109468947394e-01,1.233696513196537170e-01
2.779629447444408319e-01,4.481656020868659551e-01
1.480193701628160774e-01,7.650863877300095872e-01
1.085571439199959354e-01,6.590788855528958434e-01
2.888796751243390970e-01,4.358069347165973717e-01
9.051418690128845146e-01,2.948818443160966529e-01
6.304289917388208320e-01,5.700797223784861423e-01
7.210823546446443189e-01,4.817420856744349944e-01
1.145929731140861163e-01,6.291356374899161885e-01
2.714438888579575604e-01,4.457921351950429045e-01
9.984128721202167878e-02,6.614376315417369590e-01
1.927733653491455756e-01,7.877137131915398216e-01
5.971926703256450475e-01,6.071709673542292629e-01
7.547765602562558351e-01,3.996781061159404569e-02
1.143930197152648320e-01,7.649873223272330991e-01
8.442873276358011658e-01,3.618730401862637613e-01
3.964626900974398405e-01,7.516040034395580216e-01
6.168093490045131189e-01,1.740744818164476904e-01
4.515549917432668536e-01,7.320017567781905710e-01
1.100287241260949900e-01,6.173621723507475290e-01
8.495182341553191296e-01,3.605385312949346277e-01
4.130319509013949952e-01,3.369940222431624388e-01
8.771638580388196882e-02,7.538505168540354795e-01
1.876726136591890803e-01,5.129862917281490242e-01
5.415747561076452721e-01,6.705764313043259817e-01
3.156626219268927613e-01,7.848293557265977327e-01
5.724868940426409702e-01,6.414048810052360716e-01
7.215859447722861031e-02,7.139721824197350353e-01
7.411087377026381873e-02,6.915402701204999003e-01
4.393027081921548893e-01,7.426735332415691504e-01
6.529552193585878017e-01,5.615575636322085451e-01
4.176624057627076336e-01,7.536041547175054145e-01
9.186759175281444811e-02,7.780938230970269043e-01
2.351554230037669058e-01,4.571763001560290585e-01
1.495105885492481468e-01,8.097371799303372253e-01
8.519570314042634873e-02,6.292660353999770528e-01
2.602234666131164609e-01,4.319408023905534355e-01
9.533647450095006359e-02,6.085320694564256838e-01
3.097122454122749335e-01,7.973910889314249628e-01
6.012750823930124167e-02,6.772111234972918448e-01
1.839503163092545135e-01,4.986907795849021552e-01
8.227422569523883400e-01,4.021114543642420047e-01
5.760166413695122500e-02,7.634756423823185756e-01
5.731024958689123761e-02,7.668069828710789571e-01
2.055877341292923211e-01,8.186972281164365262e-01
2.995523798082917466e-01,3.973607652552687552e-01
6.223539666685508065e-01,1.512180045627229408e-01
6.334557844809365346e-01,5.940997140850118319e-01
1.207686484405958716e-01,5.604990555107259853e-01
1.176025602957797567e-01,5.633244157235378635e-01
7.290229728967756451e-01,5.025319074614325032e-01
5.923350796994459877e-01,6.395697989026033481e-01
2.778564127344849144e-01,4.069947431564001628e-01
7.930818558014880448e-01,4.394617490424699291e-01
5.716637771996423423e-01,6.614928134398972981e-01
7.310924636730762316e-01,3.573656862863494599e-02
8.669244266388009823e-02,5.973478657368245237e-01
4.509237509021918333e-01,7.581569186943775129e-01
3.051556600509504058e-01,8.114849932856875725e-01
7.846149396965007572e-02,6.000389846886590162e-01
9.786249849853057015e-01,2.598617351757178673e-01
8.900631636572459149e-01,3.484823781264472231e-01
4.597207347066977201e-01,2.820205626564485923e-01
2.214776635486237488e-02,7.321921659319795550e-01
9.285837594112906768e-01,3.107579134465099369e-01
4.682653939510932339e-01,2.767192659740418392e-01
1.995034337483140296e-01,4.613629475407410307e-01
4.317130820946832870e-01,7.732829473141129561e-01
3.666374207502820504e-02,8.035501652491952029e-01
1.377285395404559409e-02,7.614822526597678776e-01
6.803031045794544207e-01,7.530430361733708722e-02
1.083797938992059340e-02,7.407054932380482404e-01
5.297202831756310237e-01,2.254834176637439125e-01
4.717108048641167617e-01,7.585922745663711275e-01
4.240061688207285018e-01,2.960172951372926908e-01
6.768305616521397283e-02,8.317095296520363723e-01
1.359317228757652707e-01,8.461830777778759360e-01
1.648724875057154815e-01,8.465029790879340377e-01
6.087264241353808059e-01,1.459367140131959673e-01
3.867567749307493363e-01,3.175643378448402832e-01
2.387193484430051305e-01,8.400297002708088101e-01
1.034533472343871496e-01,5.512555851656920636e-01
6.921843269481098293e-02,5.892422107661506869e-01
2.608317110064899413e-01,4.000786680932362227e-01
2.142481345574054341e-02,8.143913566369113122e-01
5.860985103129977558e-01,1.625919267737875318e-01
7.078043310041465253e-01,4.074262656387994674e-02
3.884357096112678320e-02,8.327786757872578383e-01
7.760350721633562099e-01,4.761928413578134789e-01
4.063373189874108782e-02,6.222590253414017614e-01
3.198663787240774159e-02,6.314024198772686391e-01
6.943016729415797395e-01,5.612932117996091153e-01
9.277689598368998869e-01,3.279037826062388694e-01
8.324413234579105536e-01,4.238071620503618409e-01
3.971455263223153676e-01,2.993565149061583330e-01
4.454515581103121180e-01,2.712563954296095536e-01
2.520176434831378209e-02,6.372098095968737885e-01
4.129073342304755423e-01,7.979726858803818379e-01
6.513878497354138597e-01,6.074337873465777138e-01
3.786314097585385952e-01,8.133535371015799820e-01
5.651482635923792408e-01,1.748218169608323214e-01
2.208547999428337461e-01,8.597386879188388953e-01
1.336095576583357092e-01,8.711788067112696821e-01
9.133191842661370075e-02,8.696977644008428987e-01
2.022488899794669948e-01,8.656712254484419944e-01
6.256724946205871607e-02,5.718005468150789694e-01
1.750324601137231983e-01,4.543694400683889745e-01
2.065081917005128220e-01,4.268941376425997580e-01
3.465727117170531724e-01,3.228992874647093059e-01
7.774226949965953315e-01,4.891189656559780108e-01
4.268742089174842880e-01,2.715377876702126381e-01
1.054596962171981955e-01,8.782894958843401323e-01
5.665424036192104884e-01,7.026897667718015050e-01
1.907997251783813963e-01,8.771934959570992785e-01
1.054714356394842456e-01,5.112056278730583436e-01
6.310561525740460143e-01,9.567370847143619184e-02
5.091527454858246760e-01,2.170198498619039240e-01
6.807212439977491369e-01,5.934576595242203600e-01
1.599799768730614247e-01,8.855918888130586142e-01
1.094194423087202495e-02,6.193448898872584429e-01
1.989059099694627797e-01,4.200926266015470034e-01
3.156946305477380532e-01,8.520874832076369421e-01
8.649935947142706194e-01,4.111233303149439688e-01
6.789129032775311767e-01,5.982395286642112620e-01
6.745227022764715974e-01,6.036413764871707555e-01
3.478117095358879141e-02,8.876665605050074737e-01
1.667694596106908955e-01,4.419445565345878624e-01
3.497271940109100141e-01,3.053549239593544851e-01
4.232949898008813161e-01,8.161222535654049093e-01
1.169780715317711994e-01,8.986813535917826945e-01
4.744243517810587951e-01,2.303985691059617924e-01
5.596604699455572929e-01,7.240597181237293789e-01
5.246661397554794881e-01,1.904065268792853871e-01
6.668064106699209681e-01,4.823320690119747844e-02
2.848398002230106973e-01,3.435335517478954603e-01
4.581568791420076447e-02,5.545374648173797549e-01
4.608289211883056513e-01,8.043992414863961882e-01
3.966597627886836452e-02,5.601461054249140536e-01
5.506822100073520687e-01,1.618494507129014659e-01
3.057140411974224037e-01,3.265638063381949285e-01
1.988729390310584044e-03,8.933675352058638719e-01
3.973844872222991320e-01,2.673006843894897289e-01
5.585563565553508525e-02,9.079548912916849401e-01
6.279577197819763423e-01,8.213693746720507338e-02
6.396254314113106743e-01,6.510488067997010075e-01
6.212994338501295344e-01,8.732763515457953041e-02
7.845504874464469536e-01,5.068450274030855685e-01
1.587584040582311617e-01,9.069838767891686970e-01
1.430171416529757433e-02,9.056337257189891465e-01
2.419666008173377847e-01,3.660192251024488863e-01
6.024582282593349269e-01,6.911502274464966789e-01
3.006356658286502004e-02,9.112285279524596771e-01
2.768136986097333718e-01,3.386534611745611878e-01
6.003989219912632125e-01,1.032504821734444578e-01
7.001142742035979527e-01,5.974860138906343821e-01
5.930815712226163994e-01,1.091167577250079512e-01
2.409866209293317629e-01,3.588336958688007616e-01
4.931180812405802083e-01,8.039176384053201563e-01
5.758957550849717055e-01,1.233333583383814380e-01
3.561963408479912330e-01,2.794156233091514840e-01
8.531291479603392292e-01,4.480767081186008971e-01
1.371617900993694628e-01,4.393870121983751709e-01
4.691781087840237729e-01,2.132044474566674452e-01
6.323450309749357734e-01,6.360051387234533227e-02
3.997494792439811873e-01,8.502290591333032665e-01
9.823468088992530767e-01,3.242630284689124176e-01
6.796947433022890728e-01,1.295840034224160497e-02
8.494739827677976196e-01,4.584961537771744533e-01
3.937659711212380120e-01,8.566149448049797943e-01
3.081682657421003224e-01,3.027686983856148206e-01
9.006513079168863012e-01,4.081424072418180504e-01
5.756579579106880784e-01,1.147153716378148669e-01
2.063208782183902912e-01,3.740395062358595757e-01
4.665067429344349481e-02,9.379737188247901924e-01
2.136023257436950873e-01,9.189424853239906987e-01
3.011808259084469697e-01,8.938048615555395093e-01
4.361076719585101902e-01,8.416305131341598189e-01
4.425806921021713247e-02,9.400050374971326006e-01
5.423290986464964769e-01,1.451243713221261888e-01
1.142622187879038798e-01,9.395584422843087369e-01
6.617718496893121305e-01,2.490774619440616622e-02
1.139536456526196728e-01,4.459850449211887335e-01
3.224871353185062572e-01,2.874317689643209883e-01
5.925386480304565273e-01,9.292257886535904010e-02
5.762019843373168415e-01,7.387619057616245932e-01
6.449368143166549494e-01,6.711551959796073774e-01
6.100091041287379889e-01,7.386319575125832593e-02
8.261114261547009008e-02,9.465259541197185156e-01
8.560851942248559610e-02,4.679727506827614514e-01
5.079857563999494730e-01,1.743248308026734694e-01
5.684731287023795376e-01,1.132596746975855773e-01
6.425430877553501841e-01,3.759296434546044452e-02
8.682445617152922956e-03,5.395658223936969922e-01
8.320303526217125434e-01,4.891826729433595977e-01
3.220941357592073118e-01,2.800889693858348295e-01
6.902728487523375200e-01,6.318757234849351478e-01
2.187302894981789647e-01,3.507194077401277754e-01
4.517873387946571562e-01,8.461471576409093087e-01
5.413937503505034110e-01,1.339918748014324867e-01
8.604403220536793739e-03,9.599950918239018582e-01
5.891292829402654530e-01,7.376707608876917899e-01
4.610398576499832313e-01,1.930208863576285960e-01
1.954673017282848591e-01,9.426063945173797087e-01
1.981240507990720268e-01,3.591271692700335194e-01
4.579778808802931200e-01,8.493799334383467237e-01
5.798407633988040821e-01,9.080029426813340798e-02
3.678282089913207376e-01,2.428091110158082655e-01
1.769296565844207247e-01,9.506043271780192372e-01
9.382242540545755460e-01,3.962210625675002262e-01
5.962733532248903900e-01,7.400491039979427699e-01
2.039049513721756801e-01,3.441588512683322332e-01
2.712795314951699233e-01,9.328855399004207793e-01
3.752227415011338829e-01,8.954118757805646922e-01
1.595527046874031241e-01,9.644292301064372186e-01
3.881088447525549157e-01,2.195293021623950791e-01
4.239494324278014759e-02,9.827364976001552455e-01
9.297885739256991355e-01,4.124268108178733572e-01
3.139824984625837478e-01,2.624328531237911655e-01
2.585706761602581949e-01,9.428994612321309754e-01
8.434078677278633585e-03,9.869988214930137671e-01
8.027545035175953636e-02,4.363832107291476525e-01
9.219134491136847798e-01,4.235642006288504735e-01
6.987458857432582437e-02,9.857022668160251300e-01
1.263154614930195319e-02,9.889088694612002683e-01
1.803829052351660911e-01,3.528752636583719626e-01
2.591739372944491526e-01,2.958925022348444234e-01
8.176314086270997095e-01,5.289262377624391886e-01
4.908410602389176036e-01,1.579208211643953197e-01
3.166247544682190274e-01,2.572823936811960976e-01
2.963307556839586132e-01,2.697616700472649232e-01
5.518329095783006677e-01,7.962873746757944682e-01
6.125535871737934901e-01,7.361180409964170890e-01
1.518303383728457634e-01,3.717935791602209328e-01
1.063564638932991135e-01,4.082810224679215283e-01
7.996315674367679982e-01,5.498260566654885606e-01
3.422469511748876814e-01,2.382605680608863574e-01
4.275062891670975418e-01,1.866603185190310876e-01
2.754080768999660478e-01,9.453436981475322742e-01
3.377941651515841137e-01,2.380655394116507617e-01
1.816673748187810356e-01,9.737760407135588325e-01
3.855074333738366388e-01,2.090109031965298181e-01
4.221446678138310871e-01,8.911141074288634334e-01
6.205938537047495096e-01,2.285479404822809979e-02
5.822998248457476045e-01,6.046298841080566255e-02
8.821221729273854839e-01,4.777422357969564048e-01
4.270933411978762306e-01,1.782864790200537897e-01
4.208019025743073849e-01,1.812832301637480326e-01
4.994925116231074824e-02,4.433377635935105143e-01
3.801359125283307883e-01,9.165661668167496279e-01
7.626634182747882296e-01,5.993991324022562850e-01
8.808034817723594534e-01,4.827302401557838074e-01
4.478410377153342337e-01,1.633249800029031862e-01
5.282232406547945347e-01,1.062195870048903146e-01
8.136464725688145050e-01,5.526105347033620774e-01
9.432039756838054290e-01,4.236117590582092474e-01
5.609205065769828913e-02,4.271005598408045278e-01
2.855751842368602356e-01,9.608951195085666530e-01
9.472300190159211875e-01,4.231480915833599754e-01
8.144949872239152233e-01,5.562925329367559568e-01
3.453628959379471119e-01,9.433971821899437282e-01
2.492479450640661121e-02,4.473221919357172061e-01
1.719011573494042544e-01,3.250720223735261705e-01
9.781622279420009169e-01,4.042484567131969797e-01
2.811022795972231147e-01,2.420912145773045365e-01
6.193018848288056599e-02,4.042824636255454296e-01
4.441438891435214309e-01,1.448672584675660957e-01
2.901143749820788154e-01,9.749694030336889528e-01
3.806468182576714376e-01,9.397655350312512645e-01
9.759236358964467062e-01,4.095135086201077135e-01
9.679655133995466176e-01,4.186848534243792219e-01
9.738640594201501965e-01,4.134449816296287272e-01
6.044432540021802414e-01,8.127289837040474474e-03
6.069397618707922382e-01,7.820824086660485008e-01
4.926824443065639381e-01,8.934708223280739547e-01
3.490134276812034697e-01,1.927185435524232382e-01
4.703429642616787643e-01,9.053565302826694916e-01
9.535001868656423074e-02,3.678056556019596579e-01
6.861458412326388867e-01,7.074931178256025355e-01
7.741596248021302973e-01,6.199862454159071889e-01
7.363197885021123268e-01,6.579900195622577774e-01
4.257475539061834624e-01,1.429065411670404906e-01
2.381114004718982713e-01,2.571866437998888699e-01
5.183327207360867162e-01,8.460253045082677392e-02
6.489514416187502910e-01,7.488679033697822618e-01
5.913941049700903729e-01,9.808718254684878346e-03
8.005558632874466563e-01,5.993071985023321613e-01
6.828614535905026539e-01,7.173384651736364193e-01
3.116420702212314708e-01,9.832932050198924800e-01
3.086976842885865713e-01,9.854457612035365521e-01
9.541517630376437076e-01,4.478910504242092916e-01
3.273008975971704038e-01,1.922945498035241174e-01
3.668436283629894490e-02,4.000488893238030030e-01
6.156314083225837841e-01,7.892003396077426070e-01
6.288514036075487645e-01,7.773476305471507253e-01
1.133234238036391339e-01,3.335363129542575633e-01
6.453553925993862350e-01,7.636215589254378155e-01
5.884687824725725047e-01,8.230456980929773403e-01
5.664650128206796253e-01,2.093656670979104906e-02
1.227747965374362815e-01,3.208976415886031219e-01
4.346226140939545290e-01,1.201809073068160760e-01
5.726414581577021767e-01,8.413384856849782656e-01
7.282442264261406173e-01,6.872755951662197216e-01
5.261474342579145480e-01,5.832797364889152902e-02
4.532182705870632100e-01,1.079796048357624105e-01
5.456769958582705637e-01,3.804945592302988455e-02
9.936851444862920824e-01,4.230647145403290121e-01
5.139831875768297031e-01,9.056537613068063042e-01
4.519548922972919103e-01,1.050684069697700451e-01
2.319031504804353050e-01,2.340962408623948887e-01
2.027027531026313056e-01,2.525079644040265636e-01
2.275565986629423110e-01,2.352049392340941347e-01
7.885509978663849395e-01,6.370435948104015145e-01
8.709442272670628871e-01,5.549549394894380816e-01
7.018344969586503002e-01,7.243811007419252990e-01
1.082472971125358896e-02,3.928469662274138852e-01
1.587796800536277475e-01,2.761820870985219889e-01
9.275704461338079021e-01,5.036122606074592278e-01
8.079495755006134150e-01,6.233497278464256164e-01
4.634864719185098902e-01,8.734311043511744366e-02
4.535004767639543299e-01,9.559077679847929332e-01
5.150617414481628575e-01,9.188733011194414324e-01
2.081792599531510080e-01,2.359242421121360289e-01
6.035192040375971789e-01,8.387887509709071043e-01
4.209487954795135822e-01,9.866498218348096483e-02
2.826920945961630682e-01,1.790153697127303545e-01
2.480801424208174399e-01,2.010455777124716681e-01
4.248452311980543961e-02,3.487982881318946182e-01
3.458775225217626259e-01,1.393283676654646364e-01
4.532351151948973422e-01,7.930753089618858276e-02
1.257151435087167091e-02,3.710947920827698532e-01
2.877500823206436964e-01,1.719455957427943327e-01
6.676029563547480894e-02,3.249556363127582559e-01
9.917286444787729582e-01,4.600997402647143408e-01
2.104611902200537177e-01,2.165362935965832181e-01
4.420681853707717490e-01,9.807923917656932167e-01
8.334146986558863546e-01,6.198031444300902137e-01
6.542401382177412961e-01,8.009487771912867649e-01
2.282016075047743620e-02,3.475181863906989799e-01
3.813484246883217521e-01,1.050333142670445419e-01
7.380006329419126487e-01,7.231337896983809355e-01
9.220338992113322751e-01,5.393988359030256197e-01
4.651722940492812874e-01,9.795397918221857569e-01
7.842364440960865046e-01,6.804341958931702239e-01
8.861757419547918735e-01,5.784997351341409910e-01
4.509542516437563542e-01,5.988203022668103781e-02
6.500910283055546524e-01,8.201555947472068953e-01
5.962864626977749660e-01,8.744674285400839686e-01
1.508476938991548666e-01,2.369148365679614177e-01
3.394123119065904914e-01,1.157438205698093636e-01
2.651994670647217500e-01,1.603995464374710078e-01
6.972686974299246998e-01,7.761057155255527418e-01
4.019212124223782157e-01,7.805488493249534976e-02
7.528137044298199854e-02,2.890667399270191451e-01
5.902779346838439301e-01,8.833076554692501636e-01
7.758002866649618134e-01,6.981344152785413648e-01
4.937029060391107116e-02,3.077973183855707839e-01
7.505399776093191200e-02,2.882509987062729095e-01
3.241328570217205662e-02,3.185714014796670046e-01
1.858199207803801212e-02,3.287881919667678954e-01
5.425514320271049851e-01,9.349083754748576114e-01
2.218540476477695034e-01,1.810502830719111778e-01
4.017386507489079106e-01,6.814773275990282375e-02
5.463612925332862469e-01,9.411550506176434849e-01
4.908400292490902039e-01,9.954126898956181524e-01
4.426213331935028306e-01,3.817372129952822934e-02
8.860106234714077988e-01,6.054724244766693797e-01
6.548279935168215271e-01,8.372079253280572120e-01
5.137377453870555222e-01,9.787003671158370777e-01
6.744637769690411400e-01,8.185532230022788402e-01
1.986744052802036364e-02,3.089749615576520281e-01
3.697674624568774160e-01,7.566965940187730943e-02
7.241557937476643669e-01,7.705289305250230258e-01
5.011203506994054147e-01,3.181666540963079548e-03
5.654171649002858180e-01,9.304294097699067345e-01
9.022391056970870959e-01,5.962297728454658552e-01
6.722899307861237572e-01,8.268142142168261044e-01
7.741804258673948835e-01,7.253642091974482620e-01
2.284055836421043928e-01,1.512185943297686963e-01
8.936186790469757835e-02,2.427938472348840637e-01
6.055740492968925137e-01,9.033218672948478689e-01
8.213175492640663045e-01,6.907797526434169555e-01
8.244571942738758707e-01,6.927624861931225286e-01
1.519615888295419159e-01,1.860539924002482248e-01
8.449861958997444411e-01,6.734048923468900494e-01
1.912580623740942620e-01,1.594402642333175857e-01
9.742925113924227887e-01,5.465421325824563192e-01
9.373454351899547232e-01,5.900400041597181344e-01
4.552180946824058161e-02,2.510109163430246371e-01
3.727668591079673632e-01,3.584059189052946071e-02
1.527052828075270430e-01,1.672392218880847103e-01
7.454304503073707622e-01,7.908818702153549429e-01
3.439716529081841001e-01,4.675822925946970798e-02
6.216158500138762033e-01,9.161200706983296804e-01
9.508857980716874936e-01,5.894060744314901790e-01
1.388465809970939047e-01,1.703873628738088453e-01
3.080622681296056875e-01,5.988726735235305743e-02
1.607172711331047443e-01,1.516332283569497008e-01
5.989770867632354667e-01,9.462740029479571602e-01
3.927632397993434665e-01,1.045016661025655047e-02
7.480620170802240176e-01,8.022187763861385879e-01
6.634724737402364347e-02,2.110239146111331232e-01
2.622345297371896367e-01,8.047908673088854936e-02
5.812298997358542607e-01,9.721171989611581132e-01
6.681486552405889734e-01,8.857193168646088077e-01
7.835334445917495616e-01,7.719167688689321238e-01
6.225820814522469160e-01,9.337633688147430888e-01
3.909460297541547114e-01,5.953189154463967014e-04
7.943192746963669837e-01,7.633579093463047638e-01
3.362291841041050722e-01,2.803228470249896631e-02
1.577265694062837120e-01,1.350268884944140213e-01
9.695083268549743449e-01,5.940876836651296511e-01
2.747906990675021977e-01,5.901490426840116932e-02
6.145953042034641989e-01,9.531583790651979582e-01
6.957028502855093777e-01,8.770704181816034728e-01
1.722507052401485161e-01,1.126571571265486682e-01
1.539019748855831038e-01,1.240851324611674800e-01
7.592890718645625148e-01,8.168355985997574065e-01
2.552234968024243988e-01,5.921465759660882178e-02
5.885175787794556523e-01,9.912811952100716306e-01
2.318652398792524494e-01,6.906759120389793782e-02
9.076826243567315267e-01,6.732196961257688184e-01
8.518209781933386848e-01,7.296382167706051414e-01
6.865814392120809240e-01,8.986358125923442630e-01
7.866051765258663675e-01,8.017535152781074537e-01
9.501259273581144082e-01,6.415054483506269500e-01
8.605086980940833685e-01,7.313033623302648278e-01
9.578500069644482195e-01,6.365788369742179098e-01
1.891750538505101442e-01,8.100627213466049525e-02
6.086538655704489820e-01,9.871018667424951154e-01
7.590048744675144121e-01,8.404792505517790779e-01
7.766257612381021191e-01,8.255357495762475351e-01
9.467596871347794263e-03,1.921534829407443024e-01
8.011389205452169593e-01,8.091749168499881018e-01
1.081568797999588050e-01,1.170320149269922227e-01
9.071603714767628723e-02,1.271160620940805508e-01
2.674474366850753126e-01,1.425455924081886483e-02
1.705575083286732241e-01,7.024595970839220271e-02
2.564538591725260552e-01,1.565024140351811699e-02
8.187044425149557769e-01,8.003859380245292865e-01
2.388918632627845540e-02,1.665586233336323607e-01
8.195897447234115063e-01,7.999065339952133868e-01
6.837553612859796903e-01,9.358978426914593696e-01
1.447986425699595570e-01,8.284365677435012731e-02
2.504265018084032013e-01,1.639364542966881277e-02
8.367750253719985487e-02,1.216997582489733887e-01
7.542052482596260932e-01,8.699205499255122653e-01
2.456696726515625873e-01,1.420086125441999414e-02
1.350220805779253075e-01,8.133020358119014137e-02
6.640275436705674883e-01,9.643829342160289420e-01
6.593233713668205098e-01,9.705203087079624646e-01
8.687621710676448616e-01,7.622679758448718257e-01
6.610420931805494060e-02,1.223694085759462480e-01
1.495847679101162120e-01,6.410345688338692227e-02
7.660140635291333711e-01,8.698452574839259377e-01
9.607581433823192407e-01,6.789933923013776740e-01
1.363233774495242745e-01,6.566606876871494691e-02
8.141326437506486435e-01,8.327457290129167689e-01
9.464718329359274041e-01,7.051578322313595271e-01
7.020955878592007871e-01,9.528688628762894686e-01
1.891328598029770047e-01,1.409181387342617331e-02
8.623932262740618970e-02,7.877759606693102157e-02
7.150058887063618362e-01,9.470068040670013287e-01
9.302258196882170482e-01,7.319930025192499246e-01
1.242148928500828031e-01,4.725159316031968260e-02
3.908736527121314808e-03,1.278713204975310269e-01
8.221753010177205168e-01,8.474851664749418756e-01
7.160852361624242546e-01,9.537369778597162284e-01
9.320047989626156770e-02,6.504112947139406575e-02
9.145480399939575067e-01,7.583246315871929877e-01
9.609528738715480412e-01,7.127502223021077166e-01
7.027467101723205989e-02,7.562626184129372930e-02
8.276144780787739741e-01,8.508630919327743181e-01
8.202482416777788776e-01,8.629733415161365828e-01
9.758942942133158605e-01,7.085698354054543735e-01
7.788430883125615489e-01,9.113928437871869903e-01
1.575845221602825141e-01,2.673789346819832602e-04
8.662958644514946460e-01,8.271539247762432767e-01
9.646244360140008300e-01,7.296363858016267079e-01
8.506288155361479975e-01,8.448331517026421711e-01
8.373534909136667315e-01,8.606640810703770628e-01
9.063929253909894790e-01,8.009512153464697359e-01
8.556884869186626164e-01,8.565576778753414278e-01
9.836951990613452823e-01,7.304241866808039996e-01
8.819557685404211256e-03,6.422940528951492922e-02
9.942634906222308500e-01,7.330614141212954404e-01
8.236895184495202082e-01,9.057574593083591585e-01
6.876666976758505356e-02,4.103219433119864590e-03
7.538115469822551651e-01,9.943989539842948977e-01
6.235824000423906277e-02,5.010365015304385494e-04
8.822701189160837565e-01,8.687337237893920650e-01
9.360185776922990142e-01,8.153406496723193397e-01
9.991936838185688785e-01,7.535460210450806162e-01
8.391364912284385857e-01,9.226496332424357627e-01
9.531630707476436148e-01,8.271590579600608395e-01
8.209822695642841062e-01,9.619779963926002875e-01
9.249421274704667795e-01,8.583488414143127798e-01
9.258226744853040868e-01,8.907220543956917425e-01
8.325001518181782689e-01,9.865602645419045968e-01
9.746799618034533985e-01,8.581670823642981727e-01
9.438904561330971887e-01,9.061720273438608197e-01
9.631329504208554493e-01,9.057450462012019976e-01
9.426307866684576764e-01,9.280657649562142897e-01
9.246138687139576762e-01,9.924019174487778150e-01
9.640386052535400152e-01,9.928293551551036211e-01
9.870117869418079115e-01,9.723353635724880650e-01
