7.001918070235887415e-01,2.969216591989528586e-01
6.888860383791923780e-01,3.049770628225448865e-01
6.826794236839863750e-01,3.081039747533126372e-01
7.929000509229027216e-01,2.163418489689487023e-01
6.141653844689086705e-01,3.959058229500519444e-01
8.431530704680325616e-01,1.672113669784967005e-01
8.985880669093430084e-01,9.005596299886198253e-02
6.151412118572596732e-01,3.725109240414907763e-01
7.759887752570605590e-01,2.400049368426395713e-01
9.871443887855683164e-01,2.890027387385551982e-02
6.991837808510682484e-01,2.846229967416427087e-01
8.625440283278446030e-01,1.193908028217574024e-01
9.005482268580550231e-01,1.205175864267498120e-01
8.494749024885939193e-01,1.725739404069873695e-01
8.000634337622343217e-01,1.771313409248870263e-01
6.405480342593619092e-01,3.844259901302810034e-01
9.354247876575165765e-01,3.946717483741168930e-02
6.960138659599371946e-01,3.291281984706345698e-01
6.636249335237013325e-01,3.107808729031729111e-01
9.969485546195174797e-01,2.941980208757455362e-02
5.784840585529626988e-01,4.493337254111785528e-01
4.964915878379898562e-01,5.298111390883348815e-01
6.747837823313740380e-01,3.536653754717103970e-01
9.978071876392016204e-01,3.112471090621093950e-02
6.431140763217733092e-01,3.859207547208872713e-01
9.685631732718954501e-01,1.781828041950705988e-03
4.639729299083079628e-01,4.940251781748525861e-01
4.403103869262728898e-01,5.355227360759743371e-01
6.385261981278377297e-01,3.931167455520764298e-01
8.614566487997762367e-01,1.703717703211473644e-01
8.197612039133370665e-01,1.456331666976627970e-01
4.286922474733958488e-01,5.266181809944059378e-01
7.594206752123352500e-01,2.778985698485634259e-01
8.458082118370546798e-01,1.119632533227696847e-01
7.641605213932893825e-01,2.793177971246186830e-01
6.583165131702523043e-01,2.979926826725558531e-01
6.058582572385107223e-01,4.381607400107080386e-01
5.225649989333219780e-01,4.334018912644245214e-01
7.331061884667299244e-01,3.116476098761923330e-01
4.925083511505510270e-01,5.493605738921781834e-01
7.264016359571358050e-01,2.274013975783223396e-01
8.444064556243467967e-01,2.029823890926125696e-01
4.593997734541974687e-01,4.769989503793576890e-01
4.026070114147907164e-01,5.471221310324124731e-01
8.827193127815927687e-01,1.664235474928569269e-01
5.342821327773314977e-01,4.163674622862233443e-01
4.253699824477514824e-01,5.006562536141440090e-01
7.195892351173683865e-01,3.332692016628910903e-01
9.027729585382454625e-01,4.357740470911708464e-02
8.904981147264567909e-01,1.632188832164660486e-01
8.380445927890908253e-01,1.071345777656746989e-01
3.999024974423212031e-01,5.242888815049796536e-01
5.065867189589320363e-01,5.502073332054582266e-01
4.543857800539561342e-01,5.765200466775345367e-01
8.675024661496399947e-01,7.225335659860387949e-02
8.880417635729621617e-01,1.730549000217677102e-01
8.282842097112501634e-01,1.078426613593103101e-01
9.310456275694249939e-01,2.326156949150504083e-03
7.898142128921289418e-01,1.424931903295301172e-01
5.788399289751192667e-01,4.889011718905640347e-01
9.528336156913643773e-01,1.152579813128979946e-01
6.355342240525597708e-01,2.963130911030653625e-01
8.531982349729096970e-01,2.151931005786484885e-01
5.728741479657782909e-01,4.976284866209396140e-01
7.545581886319728815e-01,3.160514919610809548e-01
6.255595403334605065e-01,4.468986587269607735e-01
8.045229072632698042e-01,1.226961200755235515e-01
3.614749543440646251e-01,5.460564380855325028e-01
3.938486107359450150e-01,5.028576544803983195e-01
5.507511809094173261e-01,5.223650731223024035e-01
6.797748282446192114e-01,2.470077093649736266e-01
8.293480096762076981e-01,2.441031265222489699e-01
4.442790321844239942e-01,4.581247204410668905e-01
6.916145606277300795e-01,2.304784496457070730e-01
5.038579209045604967e-01,4.175678577344807962e-01
7.022576219744234294e-01,3.772683236831687603e-01
6.545748077698996248e-01,4.261731473682067728e-01
9.364885822894221112e-01,1.458304301882811238e-01
6.016430098978108321e-01,3.157570349543868948e-01
7.253126886489483782e-01,3.590286403164084650e-01
4.621557457373559608e-01,4.365647375834819099e-01
4.735856979467495398e-01,4.249136108650426458e-01
4.034719165246573036e-01,4.711492766225322537e-01
3.171794037642811093e-01,5.822714371119847021e-01
4.639277198556325255e-01,4.276259948611349504e-01
4.679424380781983528e-01,6.069376319144937915e-01
9.581855238758527626e-01,1.347824084649285048e-01
4.058522045676580259e-01,4.659985363694282290e-01
7.991091971668924376e-01,2.947146938903376645e-01
5.415865307030836018e-01,3.630454668556213349e-01
3.803873245101785372e-01,6.343801332215064370e-01
4.769356237938628951e-01,4.161696062225227477e-01
3.634381780020552455e-01,5.000575677966020427e-01
3.817919910162015373e-01,6.356833484005066648e-01
4.788741345080670397e-01,6.076850526448613898e-01
3.212320382640506677e-01,6.312445588226271997e-01
9.278784859409091590e-01,1.712771468849509926e-01
4.762799331062929076e-01,4.123579315182301919e-01
5.054202694495510961e-01,3.943165007938657096e-01
5.556403686414717047e-01,3.438048222234695306e-01
6.988954793116791686e-01,2.000166329797459230e-01
5.034211282331756410e-01,5.982137448892449472e-01
7.477375475645191560e-01,3.547263877990878278e-01
5.352828675968831496e-01,5.671971144838118262e-01
6.444269169783183315e-01,4.583639609071841203e-01
2.947173920908142675e-01,5.945075749495687401e-01
4.204204740653213479e-01,4.437845589591390416e-01
3.827559140415072170e-01,6.456495529208476913e-01
6.196414524725082362e-01,2.746293957114331885e-01
4.136851519946670441e-01,4.448441940242653381e-01
5.879012994955248317e-01,3.042584630254286937e-01
2.964576085153457496e-01,5.595054230774738624e-01
2.976091740786109829e-01,6.515462908278311094e-01
4.158609382911819807e-01,4.365406766140885741e-01
8.440374533385881506e-01,4.094515084837857533e-02
3.093838722066687419e-01,5.285993825210273389e-01
2.986031368551343990e-01,5.415475396812847730e-01
3.172824198540493690e-01,6.641773281523452033e-01
2.658769205815597614e-01,6.081281494968615586e-01
3.785150392830080035e-01,4.590950457768359083e-01
3.851567085008543723e-01,4.528804219998124880e-01
3.041706760344167204e-01,5.296581153171958656e-01
2.864570692022918585e-01,6.610942043053738004e-01
5.946141163949586472e-01,5.254576839002689237e-01
2.663011647867513654e-01,6.448637600093455324e-01
2.662005014606884101e-01,5.851560298319815612e-01
6.429261726820945100e-01,2.354276350579901367e-01
4.233692806594001601e-01,4.220394343994505748e-01
2.712830072565332040e-01,6.611446433233371112e-01
4.087449188715636117e-01,6.616869660315012336e-01
4.727170039556594094e-01,6.394018512860760728e-01
6.075720247273055374e-01,2.657495410318945206e-01
8.953017989671693266e-01,2.335813172820304651e-01
3.440993946579192775e-01,6.807435690367589221e-01
2.800794036646226948e-01,6.775214886276843540e-01
6.328479034429989047e-01,2.375839427277913751e-01
4.927108883858105637e-01,3.737307441925169504e-01
7.585577910481878794e-01,3.733305092085916765e-01
6.496751724801814731e-01,2.182600475496727643e-01
3.508330287624271682e-01,4.634188160698687886e-01
2.979861435747452880e-01,6.896417190467112324e-01
5.271246525538391126e-01,3.383120566787635175e-01
2.475384870582995056e-01,5.781597622030393291e-01
7.826785686796237096e-01,3.536329517225738073e-01
5.752098828904533834e-01,2.870547497774759149e-01
3.284478858380190935e-01,4.778650990145174582e-01
4.411131729185970851e-01,6.656046080732006542e-01
4.235429648719342133e-01,4.041864243651918098e-01
3.018883214531941084e-01,6.983226824178412340e-01
3.893447388465869352e-01,4.254313020189524064e-01
5.054321284539576853e-01,3.528828726122549275e-01
4.550006936356274512e-01,3.808591211999103887e-01
3.644496716552563242e-01,6.949387229934823607e-01
2.169703426683715630e-01,6.691205446845022164e-01
3.963096766281246630e-01,6.864371374677039617e-01
4.343858503017220540e-01,3.920693352227242467e-01
5.891303025202380139e-01,2.662602470623810502e-01
6.917707245630388968e-01,4.540837347588382311e-01
3.045257893597792531e-01,7.065966775165678504e-01
2.065091832873813260e-01,6.445045720442957871e-01
8.375528327305995502e-01,1.373628029046747301e-02
5.828371567050859570e-01,5.675048191867707592e-01
3.078539808328666361e-01,4.780930925130367770e-01
7.158242381877016891e-01,1.289153022455075126e-01
3.524401908029211050e-01,7.115999293503721956e-01
2.963277590813844231e-01,4.811273961022908274e-01
1.985073579801900356e-01,5.981417675541825796e-01
1.811255043720942925e-01,6.331748483182737530e-01
7.670646181488932625e-01,3.959565422150397307e-01
6.826187100716012424e-01,1.533434767453953906e-01
6.934692537252927780e-01,4.706339083997295170e-01
9.374415614511673045e-01,2.271019902333346607e-01
2.299543324387075538e-01,7.293092815799162576e-01
3.268644977444290500e-01,7.271456999037138047e-01
7.055956204855686753e-01,1.286039446773972195e-01
7.157002208249388930e-01,1.181666593697101586e-01
2.819082179368417318e-01,4.835636366494880933e-01
4.355201753216180194e-01,3.656440466022288227e-01
7.314821651583625073e-01,4.399005267589545243e-01
1.983137043361657970e-01,5.681731746521332393e-01
7.416696539773854902e-01,8.622890507627978263e-02
3.499644606337418695e-01,4.197801724572481907e-01
4.974668070742678250e-01,3.277139651967873046e-01
9.920078893715951196e-01,1.827698977712942652e-01
6.293823313097930416e-01,5.455971144303810583e-01
2.540697388890632569e-01,7.475207393177698556e-01
7.651357782763644755e-01,5.932571255114049702e-02
6.116311038529872457e-01,2.125881791320339831e-01
2.688188284475937495e-01,4.823781559130098096e-01
6.221746784090720350e-01,5.548281036530596788e-01
8.279555516287766537e-01,3.501757616357955571e-01
5.592842093004531945e-01,6.193740742969831015e-01
2.281156707456085675e-01,5.193507455592489830e-01
7.564663732775154248e-01,4.233186842245010295e-01
5.181660548190009097e-01,6.618803718549355342e-01
7.488462415908543335e-01,4.330476440577060160e-01
1.489930130111972728e-01,6.196895480021854530e-01
3.011966715166152220e-01,4.440848931246376141e-01
1.717169717397628581e-01,7.486863675363787385e-01
1.281719793168160093e-01,7.026935323936869260e-01
1.332610115787714600e-01,7.220541190543395826e-01
1.328094325306813372e-01,7.227771921833409108e-01
2.139316266617072859e-01,7.646883274309501655e-01
1.462722286890082435e-01,6.127588042412289715e-01
8.685300249679830387e-01,3.198509974121167554e-01
3.440462091697198410e-01,4.059353735362464244e-01
1.183805605094450097e-01,6.942518147198393219e-01
1.330153181121728201e-01,7.361520745148973921e-01
5.912499551037287970e-01,6.002508115336546712e-01
9.661030127761209840e-01,2.259750629533715527e-01
1.790250383421161384e-01,7.672524303488807984e-01
3.805947644717986300e-01,3.762207671297045364e-01
1.914128569611179831e-01,7.711177266836838351e-01
6.895952717250434238e-01,1.167196830050435397e-01
6.752189508652983729e-01,1.300438414692223210e-01
5.104239228013457419e-01,6.844827273610019081e-01
2.749208830907670098e-01,7.717622832511850106e-01
3.146869963821272709e-01,7.653283258775765985e-01
8.933215206684130827e-01,3.036237619172863500e-01
2.245142354787809102e-01,4.951852557428679802e-01
4.017775175340044802e-01,7.412144042630985918e-01
5.125530959619764015e-01,6.867723071219093978e-01
1.036313125640475619e-01,7.247734361870007413e-01
8.933220417207262676e-01,3.070326431037135873e-01
2.651983786063617510e-01,7.799799593376450790e-01
2.122362289158058468e-01,5.030224865856107730e-01
9.905858915123466613e-02,6.813912712424664564e-01
5.749307947506044902e-01,2.225481930218949911e-01
9.081395897856434640e-01,2.946119876832675732e-01
8.402680634540740101e-01,3.625380597213881950e-01
1.030341451384810814e-01,7.433125112317905403e-01
1.447090412250172653e-01,7.770510271202423214e-01
6.813313859746065182e-01,5.245627833047442623e-01
3.026576359310667597e-01,4.177418894803694993e-01
7.590226737327300244e-01,4.474701458706988877e-01
3.248464946253585284e-01,4.005393123233468300e-01
5.634385851691653402e-01,6.431034437212505006e-01
1.725873144830171180e-01,7.898275551215392376e-01
8.638932472759652814e-02,7.259512547479608502e-01
7.114284115286204635e-01,7.994238804402631349e-02
4.994203324121021526e-01,2.918270032282287429e-01
8.334568664701715868e-01,3.754192969390248713e-01
2.779977631495844648e-01,4.338847357919555225e-01
9.509752118575243163e-02,7.552945946743458983e-01
1.845167097563306102e-01,5.197895618740672186e-01
7.327639495007812753e-01,4.770695735860983611e-01
2.814716743731978665e-01,7.889164296339230553e-01
1.103521704252511393e-01,7.743789674749552709e-01
1.488928935751293592e-01,7.916693678602423345e-01
7.886885403037879883e-02,7.099739694848544724e-01
8.405612640036286276e-02,6.737000715147881680e-01
9.495406795152853130e-01,2.614959218294656829e-01
5.807845754866682864e-01,2.067237893256244075e-01
3.028504102556768274e-01,4.082522950260012440e-01
7.845461103006257098e-02,6.695949917339153457e-01
3.282966129973080571e-01,7.847911348151345168e-01
9.943893717678020661e-02,7.832169265987424245e-01
4.484380748762273328e-01,3.075133155146347885e-01
4.703723827377274125e-01,2.949304513039247011e-01
7.943646244615387708e-02,7.796845071348483813e-01
7.789376908916998410e-01,4.425437390832901441e-01
2.486871631476906819e-01,8.085004203744131646e-01
5.173345897907680735e-01,2.607406163827724610e-01
5.542861813938513293e-01,2.231926439283430375e-01
2.047732629946167338e-01,8.146712037201568890e-01
5.871865420430468774e-01,1.891141620558164371e-01
6.660211220321055059e-02,7.758536013451040603e-01
1.968895486997838118e-01,4.856872086313609449e-01
6.056681826664364054e-01,6.198566343051438166e-01
1.249142050773828228e-01,5.618542112919510112e-01
9.076027610405990043e-02,8.060120210248388206e-01
4.090812561424594929e-02,7.155814065397125834e-01
6.324545681621954740e-01,5.978592377590544737e-01
5.727925893770727805e-01,1.964971727044068084e-01
5.135385523858720935e-01,2.556518298591649030e-01
7.559449500388493171e-02,6.181430344868674709e-01
4.809670023777734560e-02,6.722266594881366464e-01
7.948729579107129961e-01,4.375014373320688099e-01
9.138140330234805209e-01,3.185973368440546682e-01
3.939844642831957788e-02,7.619668438695275103e-01
5.078437901010546263e-01,7.247650787843439302e-01
2.294186990051938491e-01,8.248324725700437732e-01
5.702257165259163596e-01,1.947076134586759322e-01
1.201127811226343489e-01,8.293788673420767754e-01
7.921027747744879832e-02,8.169496171654715422e-01
8.608571771330350009e-01,3.753234978436512659e-01
1.604165967932068559e-01,5.055494578309881470e-01
4.452622592311789029e-01,2.924824131860991328e-01
7.420316412714412779e-01,4.965691900845460305e-01
5.833745401241342554e-01,1.779742784707338821e-01
7.429438607938797512e-01,1.826491111045647209e-02
8.213510319084239564e-01,4.186082826961944336e-01
6.711570623088334298e-01,8.696821866912707311e-02
3.077834798808731787e-02,6.756375829784836418e-01
3.839612056638203041e-01,3.202981354642175926e-01
3.739729057433375248e-01,3.258262022921090129e-01
4.504969271472242243e-01,7.691533493294717694e-01
1.222617030655791526e-01,5.299707206643130553e-01
4.309428901251401989e-01,2.901298976595059198e-01
2.906007118545705925e-02,8.104860772597711760e-01
9.726791817254076822e-01,2.748315955487320439e-01
2.281405322243975631e-01,4.285984625685987925e-01
3.876977226524362941e-01,7.984996579927381433e-01
7.336456414422890537e-01,5.155814001194212182e-01
8.048426898701466214e-02,8.466847120428349083e-01
5.746450412100272409e-01,6.758625724046150030e-01
5.639374219214556838e-01,6.866849195773936376e-01
4.716457800110611664e-01,2.638603409757925844e-01
5.998150353754411190e-01,1.490522144898304147e-01
6.807464001032270673e-01,6.776598794538135628e-02
6.621365329094217600e-01,5.908211730293957409e-01
1.245389597832481376e-01,8.577446977805318618e-01
6.759323318458176910e-01,5.794620570761865874e-01
4.319594579970076342e-02,8.431175754782515019e-01
8.316189883773961178e-02,8.564603281745675201e-01
9.486434409191091266e-02,5.461104084542350856e-01
7.616025915093717069e-01,4.946813123887437991e-01
5.846773144127859201e-02,5.900798780336731220e-01
5.620992193452274410e-01,6.946343242641306315e-01
4.009739958113656133e-02,8.444506025956902695e-01
9.199621042705389273e-01,3.395661090024122419e-01
1.274428683447410560e-01,5.043629641347434633e-01
5.286322413250210683e-01,7.323389904061389233e-01
5.576913147290103456e-01,1.812993159361812046e-01
6.746895248057876993e-01,5.875401624493531427e-01
3.488293968143376667e-01,8.278314973246282404e-01
5.387035794363561614e-01,7.249940537093902959e-01
3.073695059908578830e-01,3.498380848264601717e-01
1.008943061720740664e-01,8.744980466113229101e-01
4.529783740097629297e-01,7.904552687355129725e-01
1.070346265123012230e-01,5.129353916867803731e-01
8.599666714293796588e-02,8.788195284461074452e-01
5.401691187035984054e-02,5.720929392909340772e-01
4.328465702904402690e-01,2.644633697290380558e-01
2.873552708776161424e-02,8.704573810961547808e-01
4.468849135494727953e-01,2.545357716648538604e-01
3.680929059991087104e-01,8.321653254354675067e-01
5.209766801412649695e-01,2.034465325521243040e-01
7.395615421923813493e-01,5.364046021277375509e-01
3.720477699747287703e-01,2.954806094833243302e-01
2.856066051171912701e-02,5.879423933636452881e-01
2.584811424347521758e-01,8.716235325586481064e-01
2.414344224826945329e-01,3.797541697937047989e-01
5.179624341964852441e-01,2.009185164555792324e-01
3.988082397483123653e-01,8.277990838732679491e-01
9.648438163143532309e-01,3.181403752718295896e-01
4.491526785832056223e-02,5.569660086794543385e-01
6.905347040032588923e-01,2.276286147001482796e-02
6.821675403287997819e-01,3.005411246956457560e-02
4.384775306128685379e-03,6.009949843222009980e-01
1.582278095176270494e-02,5.857286739481383231e-01
7.468288015114898926e-03,5.933111658255133536e-01
4.262840859860317355e-01,2.491662924695801085e-01
1.378217381942421493e-01,4.543484106825448343e-01
3.666318867894658995e-01,8.495192565350587754e-01
2.397210409188151869e-01,8.902503735180644640e-01
1.036287294759770106e-01,4.850628757181020267e-01
2.176083400061825657e-01,3.844821150076979110e-01
6.791539050416964818e-01,6.139401370020408644e-01
5.922965020473835995e-01,7.014844635596981792e-01
8.660012554578107036e-01,4.282808499438303107e-01
9.898291061345741992e-01,3.045524889693166370e-01
7.277043838305724544e-01,5.677098733612335746e-01
5.267937854873201431e-01,7.712652102770353180e-01
1.944757081742677363e-01,9.090254584345264233e-01
1.342601949441092346e-01,4.469360348035734676e-01
6.049737176678637862e-02,5.144847417974676151e-01
7.055271246550735009e-01,5.957903427933295415e-01
8.450290275728165046e-01,4.594024077357562463e-01
4.450310494949829554e-01,2.239386564820760039e-01
6.155989918884151590e-01,6.906912055859221189e-01
5.479663311139385540e-01,1.455839662233298082e-01
2.067942672190824505e-01,9.158047161283839888e-01
1.517954755296035962e-03,9.287297021988261125e-01
2.011701099093499145e-02,9.326987778454098876e-01
2.806338873327807182e-02,5.363569525945421912e-01
2.022746006145516029e-01,9.207106740925592447e-01
5.498063056964371809e-01,1.401625670480786123e-01
5.474995084144551605e-02,5.065740894445329712e-01
4.920241198655992410e-01,8.159326667859904125e-01
6.579033440613852868e-01,6.542379005355758448e-01
3.372864665522901095e-01,2.795881508271960136e-01
1.777682033307164122e-01,3.932892405482343312e-01
9.007209771785222863e-01,4.122092290569560058e-01
1.369115760841166374e-02,9.411611079565774807e-01
2.036664446999697509e-01,3.711251351531527076e-01
9.107146003813415547e-02,9.445320117706712537e-01
1.362840226857715553e-01,9.398380571071326406e-01
2.887889062897266435e-01,3.075574032674115443e-01
8.213370224158911270e-03,9.456327248285552045e-01
4.701618810379671887e-01,8.317885344344742027e-01
4.948692818921296421e-01,8.209977711167854020e-01
3.262700563348730487e-02,5.167373892937761060e-01
2.608818937940720062e-01,3.233586979697697927e-01
4.299197198997435354e-01,2.172246898537160131e-01
7.513918367117056185e-02,4.731663766509849323e-01
4.982512448587282927e-01,8.208464784301764405e-01
9.562590868496634311e-02,9.520952246609805103e-01
3.192569290521978242e-01,2.815399185730679266e-01
5.156437328826370958e-01,8.064171040262574364e-01
1.856002063487638409e-02,9.557745531236440106e-01
6.484628657234182691e-01,6.751646813829995653e-01
4.948379757041388993e-01,1.782514482456643012e-01
6.676335863289267758e-01,5.274245794039567059e-03
8.507063621057239233e-01,4.779660963575922406e-01
9.362029319440489106e-01,3.949092205732358529e-01
5.435518849989203760e-01,7.876289078082896467e-01
4.974108668863131966e-01,8.334224372476903842e-01
6.420590062156363853e-01,2.518883808707694794e-02
8.334923750001643761e-02,9.690811769111536966e-01
5.030940435957742540e-01,1.626893823875009693e-01
4.148075253457571554e-01,2.105839301566290178e-01
1.741285525909029852e-01,9.555992121556154961e-01
6.899665928709808327e-02,9.720825932872381170e-01
4.836245735739073126e-01,8.434058061291475061e-01
7.777222343935662474e-01,5.578842020677917679e-01
5.267586901165685065e-01,8.090256134022653089e-01
4.445664444315585717e-01,8.629587642584645168e-01
6.521821187372145445e-01,1.079723600923609972e-02
2.623793562421100622e-01,3.030195789139628060e-01
5.290756407907315495e-02,4.704370624839292470e-01
4.302957975609066343e-01,1.988197122356779589e-01
5.795004883605419099e-01,7.592404016630042163e-01
6.996813016909754213e-01,6.394701499710464532e-01
1.509607322413833996e-01,9.667257106730517968e-01
4.809144161068067413e-01,1.678948217132709697e-01
5.197826912405068001e-01,8.222094711145369050e-01
2.288821152961724170e-01,9.497303570211530488e-01
4.987213391095316473e-01,1.539321463775793486e-01
9.060763400352777053e-01,4.423462012206608174e-01
3.013911054748816820e-01,2.643622907526677057e-01
2.869558234841669275e-01,2.733921280239187679e-01
1.016672692806801503e-01,4.108649233248085064e-01
5.692491823046846866e-01,7.824038101074765050e-01
6.377252760080358573e-01,1.000976049709167981e-02
6.441084714532088196e-01,7.088166549375475300e-01
6.218788729058437603e-01,7.314534744383156539e-01
6.045084056210260348e-01,4.212461540981382591e-02
1.903928023977674577e-01,9.727663487947364462e-01
2.916135659319015749e-01,2.650259611115405312e-01
8.378797323425825061e-01,5.172531386527874364e-01
9.982933134115059559e-01,3.582589433615985808e-01
3.369145301261107228e-01,2.343802666941310342e-01
5.604835853364783516e-01,7.966704284021790539e-01
8.906326527770058732e-02,9.980008826509918496e-01
3.942037104551934235e-01,9.072030357456133398e-01
6.248326318937935664e-02,4.335398604096728503e-01
1.769019071384028141e-01,3.395787824266676136e-01
3.058831179317613724e-01,2.497979707900702673e-01
3.421493249816996984e-01,9.326167631922891443e-01
5.938864534113403870e-01,7.694675636678063313e-01
9.361013056279154920e-02,3.998146454428288532e-01
3.178261806422127966e-01,2.373129098270697623e-01
9.116543316742714564e-01,4.538123847975557013e-01
2.118598069628506719e-01,9.810606860480012292e-01
4.522834541305206235e-01,1.576701569528751179e-01
2.872006164148809271e-01,2.547401543396689005e-01
9.157124584560665248e-01,4.525526204738951064e-01
2.521337064538942130e-01,2.766275821410812963e-01
1.553742135200115726e-01,3.444258594927190886e-01
4.079360504537355991e-01,1.783833589854767476e-01
5.900105010595406707e-01,3.930762094315043420e-02
1.817570612306840250e-01,3.225515516154080498e-01
1.622601345901304448e-01,3.344683065390305909e-01
9.054622941793630808e-01,4.697337843130635626e-01
2.444925718423338612e-01,9.809044147868981600e-01
5.894006637076021349e-02,4.159096592202211617e-01
3.543976289155207349e-01,9.424092339659350115e-01
6.666017062308293717e-02,4.075951767150708394e-01
6.075770681870017453e-01,1.400743219659272842e-02
1.683779915904348723e-01,3.211395545127605500e-01
5.690089161181166588e-01,8.144590047429607349e-01
9.478388038258014348e-01,4.384238293741429260e-01
7.676325317695492645e-01,6.226408882397289624e-01
6.770101801902317362e-02,3.906526520382370693e-01
2.611698728351508070e-02,4.257695566148335109e-01
9.586883642588682752e-01,4.329274317330406019e-01
4.489554675105233983e-01,1.330943575857095329e-01
3.500478598884227965e-01,9.624562980398385648e-01
9.179731261053695190e-01,4.796475315738449874e-01
6.985195983005887399e-02,3.794357629309013102e-01
4.091483498311849765e-01,9.453132475994192596e-01
6.020939257517923249e-01,8.006077423985206165e-01
9.752298181936088772e-01,4.287276880776663690e-01
4.122038363468122357e-01,1.402860586376265539e-01
4.246317398344029437e-01,1.331732971840463575e-01
7.897959375911972613e-01,6.171176511921603325e-01
2.279393394321089783e-01,2.503299094138164982e-01
3.826210611937663764e-02,3.923344589503338087e-01
1.250358186728901533e-01,3.229922258511406241e-01
8.113378542563159934e-01,5.995107016325538218e-01
7.832136895223584805e-02,3.571692651036947330e-01
7.626770250210380686e-01,6.491431485629911569e-01
2.566678849954205921e-01,2.270266004051808562e-01
3.012831438034102582e-02,3.934045157233091450e-01
4.534358191565013296e-02,3.796079927926743203e-01
5.586984739154331470e-01,2.573517535406333323e-02
3.687848299650808848e-02,3.863500378097634025e-01
7.266281116428153775e-01,6.890906976538889728e-01
3.635295073663699084e-01,9.783739456298347070e-01
3.959094600656606344e-01,9.648029293855776567e-01
3.305491339342545576e-01,1.772668217998014661e-01
1.834384816752199221e-02,4.013147895238213803e-01
1.347239251265768267e-01,3.051371572314439673e-01
2.602053442269316452e-01,2.170641041400701576e-01
6.800023728575234072e-01,7.421158037297223009e-01
4.173464828377527747e-01,1.197812702086505920e-01
3.432040903155109124e-01,9.954632150103305266e-01
1.645089189202234570e-01,2.757016565494676552e-01
5.311823741400690801e-01,8.955391072495110238e-01
4.800838941491252232e-01,8.321927652029414979e-02
2.270409113416660407e-02,3.843926970439019986e-01
4.334713077354829247e-01,9.599859593589092910e-01
4.547692800017070214e-01,9.504582389027669276e-01
3.559542199248832972e-01,9.950869158661885816e-01
3.422758137131647338e-01,1.561186096610018836e-01
6.788447440617847439e-01,7.523090852560543329e-01
9.611963448827057777e-01,4.702980900856231772e-01
3.588111097199964128e-01,9.971902163737340619e-01
1.452891145936618944e-02,3.847374511134653563e-01
1.215912371231736566e-01,2.990892550867105815e-01
7.609014532017965848e-01,6.729129170590869569e-01
2.253443625803975836e-01,2.235130685638138104e-01
1.441692568370415151e-01,2.783675464002228761e-01
9.217220222945229358e-01,5.160254029026948297e-01
1.415476121698472367e-01,2.787260928328905152e-01
2.385824576201167613e-02,3.650271174742332203e-01
8.881439775335256970e-01,5.554674920055591159e-01
3.455507548612495317e-01,1.402561273854521229e-01
7.563377487413006639e-01,6.875052080839662016e-01
8.585835948890051528e-01,5.860391934758981680e-01
5.009437260074278697e-01,9.451360489810616272e-01
9.413254438063287655e-01,5.065629073548958416e-01
2.005673273100749832e-03,3.764964714342500240e-01
7.107252922280966612e-01,7.385985513968121863e-01
3.578720742866554616e-01,1.258467230300810424e-01
9.282294179397632128e-03,3.647887495681102488e-01
2.363798922717785800e-02,3.529049372533212825e-01
1.577940179597451253e-01,2.498725897897011716e-01
8.146146018815433321e-01,6.406944329042965069e-01
4.058026106906846842e-01,9.234855614578940664e-02
1.133693398973915079e-01,2.779538515753032790e-01
2.597899168828354810e-03,3.637679445344508267e-01
4.734664015336282894e-01,9.748589332908738081e-01
5.002022453783836475e-01,9.629064427849237662e-01
8.921141562997390029e-01,5.718460586041504978e-01
5.257528990572436500e-01,9.384753583266185473e-01
9.367229719381213737e-01,5.285585469116895752e-01
4.904937822466923780e-01,9.703608669333596559e-01
8.433408831649114035e-02,2.893794720653617425e-01
7.311737683240184804e-01,7.362822671841889877e-01
7.125411008585295081e-01,7.566520178230288218e-01
8.995557068803723411e-01,5.697348768829119114e-01
4.864775669962725368e-01,9.769234612305029986e-01
9.410698606202828609e-01,5.292664003640519255e-01
4.928548521007700689e-01,3.321171055160820895e-02
5.237870632244101543e-01,4.810405286748697939e-03
8.139880148690565864e-01,6.592400229387910260e-01
7.633364453756108503e-01,7.125907049254567305e-01
5.075338135964124753e-01,9.741552435063138837e-01
2.635610779460402231e-01,1.509244687849603528e-01
2.908344187623306265e-01,1.322872540637379801e-01
7.733650461370213947e-01,7.109188839118406600e-01
8.174017885063902256e-01,6.675433529819830847e-01
3.941778850251846933e-01,6.853169032171080310e-02
2.867205789373838964e-02,3.082544138343028539e-01
4.265301797214013924e-01,4.781084411535085898e-02
2.757871706480625740e-01,1.308890944121365862e-01
8.872582938247924877e-01,6.081393433686634875e-01
7.486900557935054490e-01,7.471644601880592651e-01
1.831354260530030365e-01,1.868781176681555412e-01
2.464771911537186888e-01,1.456074106640656840e-01
2.051746517637692557e-01,1.700422709757030137e-01
4.122707178936063643e-01,4.569844623377272708e-02
5.269514091200975248e-01,9.733174116550700194e-01
4.623043721118200722e-01,1.801956159251205669e-02
3.186428922335319269e-01,9.543284289743403370e-02
8.492710046276398250e-01,6.599271018478279904e-01
8.276032663208170437e-01,6.853340132634424542e-01
3.297131926715324290e-02,2.745707755441662012e-01
3.601334421042801104e-01,5.845043572566577250e-02
9.127128431441554612e-01,6.060883753767032367e-01
4.530311293555722152e-02,2.598305377663983062e-01
4.373678769335309635e-02,2.594539840842191580e-01
9.052934717959648658e-01,6.160471672717527936e-01
6.267141481582150231e-01,8.951590408266267840e-01
8.396634300783787364e-01,6.822660998806115984e-01
7.949099626568788546e-01,7.273173332038479488e-01
6.095529959242258489e-01,9.128884747948127210e-01
1.317344063421055367e-01,1.947455811336559206e-01
4.414297495020843565e-01,3.934045297065202895e-03
8.128569454155003537e-01,7.142148029144256283e-01
8.917570738147170273e-01,6.354653761446558136e-01
7.907238573696725448e-01,7.378824006744940656e-01
2.022450694256758830e-01,1.397813649050745344e-01
6.458093277908335539e-01,8.848724045247651215e-01
5.619128193793399006e-03,2.758893420183213818e-01
1.629571654835559880e-02,2.591220839409450472e-01
4.052120067198994313e-01,9.436017940019914008e-03
5.676470701950030451e-01,9.744183189886226337e-01
5.191535044506223606e-02,2.297271724388882941e-01
3.881647665307013106e-01,1.302653618476590225e-02
6.461200486184830449e-01,9.000709430522365606e-01
4.824916367120957172e-02,2.280686197233411372e-01
2.488343594487205657e-01,9.124355269908823729e-02
1.547515017361755785e-01,1.451380024083416265e-01
1.095729070168937058e-01,1.750223899522584947e-01
5.778056561305798811e-01,9.787317153279719850e-01
3.816509955141055288e-01,4.548835897732694811e-03
2.681392286843897743e-02,2.305110007676121064e-01
8.159841840511198319e-01,7.432627542947827237e-01
7.585466492365006141e-01,8.014879194732202894e-01
7.094834296550317498e-01,8.523162241231658776e-01
1.178561694060886733e-01,1.599261901611881420e-01
7.229157340487319949e-01,8.475243668483202208e-01
7.022571218023999640e-01,8.741264804998061244e-01
6.254504321332404748e-01,9.518854067628084170e-01
1.279037573835132280e-01,1.350931200867037107e-01
3.133214097372419848e-01,1.196913927318610238e-02
2.815083631059054348e-01,2.998081825700538161e-02
8.766637482942076787e-01,7.166361118599587909e-01
1.197741214222144412e-01,1.209619683722108485e-01
9.014659693931064144e-01,7.016450203788849871e-01
8.054441320207419430e-01,7.992946526101242233e-01
2.443021553285913416e-01,3.258136832377167558e-02
7.265080942086951099e-01,8.829719547633079202e-01
7.329214531654626441e-01,8.790091708351800426e-01
8.983701448721166383e-01,7.174737622481675015e-01
2.102979406528526773e-01,4.056445161937993760e-02
2.735420519572626663e-01,1.307683478881105366e-03
7.259576076218685614e-01,8.969963244436429672e-01
5.196474347469393074e-03,1.751311510561610607e-01
2.144343217331151630e-01,3.279906150532607700e-02
2.622331626077890609e-01,2.806309545163920838e-03
7.247547800728826317e-01,9.069398786848091865e-01
2.237019890764968544e-03,1.662155424683118277e-01
1.713911769597452617e-01,5.143963377295790451e-02
6.903072479014090712e-01,9.445193753151905902e-01
8.481515221782329750e-01,7.871370655082869927e-01
7.828050345779486996e-01,8.532154899934166759e-01
1.854902814538679223e-01,4.026458770035679091e-02
2.086320765844575931e-01,2.204934317100226693e-02
7.626837222656502879e-01,8.778701986797057266e-01
1.380956675476889828e-01,6.498597925332971759e-02
8.859599597716441011e-01,7.593575575802529176e-01
1.482595899853070831e-01,5.433504372748598765e-02
8.405453322657491233e-01,8.067843653266847381e-01
7.205657291729179459e-01,9.291290354392736095e-01
1.578728745415614032e-01,4.271429362826639764e-02
9.665098803406951822e-01,6.935986102227446048e-01
8.358820159214934709e-01,8.277047730575037843e-01
1.326295580119326578e-01,4.411468719553357509e-02
9.122597213643630631e-01,7.624176733345097157e-01
9.534396298484002497e-01,7.227393940308405318e-01
9.967685935439767331e-01,6.801904379432797132e-01
9.908884842047144259e-01,6.870636726811679695e-01
8.785062092822992774e-02,5.969288800374406012e-02
6.668943693022666430e-02,6.834829742643178108e-02
1.211786497255438189e-01,3.248562839236956989e-02
8.341144433880565146e-02,5.337468779242438011e-02
1.229381111848781849e-02,9.820370423740820698e-02
9.075333748032280434e-01,7.888761066204633687e-01
9.626730706595733045e-01,7.359890301794651535e-01
4.848033266965723342e-02,6.430451634983314069e-02
8.676902674021830242e-01,8.358077242294938980e-01
8.316619752495868489e-02,3.563228860420220023e-02
3.608896575400166729e-02,6.152296081364627689e-02
7.193189420668539835e-01,9.944909565394663975e-01
7.275927530973176349e-01,9.905263717525928380e-01
7.567188903048072124e-01,9.678986817443989699e-01
5.136393700966235265e-02,3.476174552630906245e-02
8.051055020354942471e-01,9.260398649193710696e-01
1.175377547335720863e-02,4.472294793199893537e-02
8.319352457026356618e-01,9.201909963389246494e-01
9.320913266797269392e-01,8.209256135473451677e-01
7.995616247334969007e-01,9.543342880644647419e-01
3.450359449523798805e-02,7.855616373141693920e-03
8.691105162510904814e-01,8.952941963381506607e-01
9.910877244585091228e-01,7.734199014981826270e-01
2.649200988966160519e-02,9.133697127698514606e-03
8.187231539111013978e-01,9.708012979736285741e-01
8.679013667671940935e-01,9.216830612860058558e-01
8.894866429660336360e-01,9.112198515374697605e-01
8.354858761361800834e-01,9.709778346420749884e-01
8.308542520142404575e-01,9.764110211883182400e-01
9.509069053779908298e-01,8.576706646336637041e-01
8.370706282166054946e-01,9.762712396812579518e-01
9.851663800764695056e-01,8.381049352521950935e-01
8.321134514083425859e-01,9.928162809618636953e-01
8.797016224015192787e-01,9.461146339071178080e-01
9.429427918563638711e-01,8.867028351790544605e-01
9.880478042945100015e-01,8.439485246572070443e-01
9.847191543285522819e-01,8.536201965989428375e-01
9.154559117682979918e-01,9.251215244898920442e-01
9.256593691236209009e-01,9.521095469873477324e-01
9.918986677633474525e-01,8.872988855131148656e-01
9.690730452101128378e-01,9.193420049318176135e-01
9.766999139488071746e-01,9.149474331350745393e-01
9.556663325068514014e-01,9.553927344711201641e-01
9.917713447136086158e-01,9.509007509631649535e-01
