4.295866458810715383e-01,5.704129416926575491e-01
2.837042739806913683e-01,7.162962630505664841e-01
4.130262620638660565e-01,5.869743972717916813e-01
6.015166785461426580e-01,3.984818289850508566e-01
4.886906312182879297e-01,5.113076479887753711e-01
2.938766534165096478e-01,7.061257763897210715e-01
5.738362669197586419e-01,4.261607731340982252e-01
5.458915202701651870e-01,4.541049047219221091e-01
4.829778242334789029e-01,5.170181704406324741e-01
1.036656358129498245e-01,8.963386527694422456e-01
4.858592842238797505e-01,5.141466170261221880e-01
3.538910494356565795e-01,6.461019019156630794e-01
4.925373406713106639e-01,5.074554088921836570e-01
3.178988054395948670e-01,6.821095272218027361e-01
1.600924406632626418e-01,8.398989926734182765e-01
1.728627859321824334e-01,8.271285874543935490e-01
6.120843842096387322e-01,3.879057218077120450e-01
2.377974869766341925e-01,7.621922634912660088e-01
3.380003430339870718e-01,6.619892943812200059e-01
5.319978624368382203e-02,9.468107796713923774e-01
9.340541749009348416e-02,9.065825170080091810e-01
4.012964990956843780e-02,9.598573066008954102e-01
5.902407514576009095e-01,4.097724384707146505e-01
2.082673681154633694e-01,7.917459037321439297e-01
3.217988436439990219e-01,6.782149476614851569e-01
2.913073186273522075e-01,7.086783231768043478e-01
5.260826533055601439e-01,4.739318644159484784e-01
4.540959878937498861e-01,5.459185628973676208e-01
1.452431944450783829e-01,8.547717291405869666e-01
4.181834558232357946e-01,5.818014991773328148e-01
4.091707899102806634e-01,5.908444287848886312e-01
2.421504418461732366e-01,7.578666258809899636e-01
4.477147919488121408e-01,5.522659760420890462e-01
1.335600422341480520e-01,8.664201704467949794e-01
4.977753707234792158e-01,5.022045770120742159e-01
5.412178507360834168e-01,4.587620102987304271e-01
5.032365324240628546e-01,4.967836390214540598e-01
5.848103423161310488e-01,4.151688989424746623e-01
9.449994372617566418e-02,9.054787292398451815e-01
3.736394418487442581e-01,6.263819335371864083e-01
1.866648729508457727e-01,8.133136895615608042e-01
7.233824865961172024e-02,9.276392237279970088e-01
4.879675716803258956e-01,5.120095086644448346e-01
1.572839384564406195e-01,8.426908675270963212e-01
5.124346102388720459e-01,4.875398781581131713e-01
1.785174084107061798e-01,8.214570315274629664e-01
1.451318003525096101e-01,8.548422108281078513e-01
4.713862844868608737e-01,5.285877196608922413e-01
2.153349894663588171e-01,7.846910538419701320e-01
5.512344266014275185e-01,4.487919378686466843e-01
4.584445883254966714e-01,5.415290005378023963e-01
5.685569741538876176e-01,4.314696999602234961e-01
3.777566115727956086e-01,6.222700877013408460e-01
5.017497555760354055e-01,4.982232863991067351e-01
4.296901607567925607e-01,5.702827966486493372e-01
3.958942055240525226e-01,6.041341067453409597e-01
6.958608481830198811e-02,9.304427424416757963e-01
7.322187846380429077e-02,9.268069836547470075e-01
1.575408452990220420e-01,8.424301707702580577e-01
6.083786244789126663e-01,3.915918773691333121e-01
3.612366928173671998e-01,6.387930439807013583e-01
3.535235174721576557e-01,6.464465871399123209e-01
4.430579481274777298e-01,5.569117733977352325e-01
7.251511098834517721e-02,9.275152132854249665e-01
3.650923562565525082e-01,6.348769692616076377e-01
4.944716911533855730e-01,5.055599035797668783e-01
5.985322619018507151e-01,4.014998092363020743e-01
4.277883647173161830e-01,5.721788997818353373e-01
5.170603604331300840e-01,4.829741473494605919e-01
2.475004969036218583e-01,7.524645322068402864e-01
3.304886119112186993e-01,6.695464813109353042e-01
3.212184780303564136e-01,6.787461574387354535e-01
7.427349025531918003e-02,9.256907472403611559e-01
5.856630459185372395e-01,4.143727268522118257e-01
6.212128710338535864e-01,3.788243782338360788e-01
3.418241620414214088e-01,6.582133780152479297e-01
3.809302989212928203e-01,6.190319990498055480e-01
5.209223718013710203e-01,4.791155840245405750e-01
5.392034803338196375e-02,9.461186835618161650e-01
4.855569704838442746e-01,5.144028300057835734e-01
1.443496018312736551e-01,8.556078973790270936e-01
5.540125828277975284e-01,4.460325468351071243e-01
6.334783053431981559e-01,3.665669198973914855e-01
3.653936323704841116e-01,6.345604768625934256e-01
4.380525332504173197e-01,5.619935765881929335e-01
2.151673498855946332e-01,7.848793686653089408e-01
2.286841724342769111e-01,7.712690933206852728e-01
6.322886817594329800e-01,3.677589280606419209e-01
3.227410176347492721e-01,6.773068858406187109e-01
3.137290870469747750e-01,6.862226987901762776e-01
5.494133366836796428e-01,4.505377181179193724e-01
5.444971358044947696e-01,4.554534716899671931e-01
6.074625065005335722e-01,3.925880479854270133e-01
5.345883955076025096e-01,4.653601874095869562e-01
4.491332257885755630e-01,5.508133232943283053e-01
2.126285295521653240e-01,7.873174359331942540e-01
3.158388693045540152e-01,6.842163891767487627e-01
3.693325619913858660e-01,6.307241900179438865e-01
6.432582910254297515e-01,3.567987581937790975e-01
1.875601155532678477e-01,8.124972928087690338e-01
3.811063496598138811e-01,6.188362048779738611e-01
4.437180574709836955e-01,5.563395523099364803e-01
4.277327210290726711e-01,5.722084548147557959e-01
3.608694935071722343e-01,6.391896311600328007e-01
5.897861207753534174e-01,4.101547145506822534e-01
2.507037780963428664e-01,7.492366659374686266e-01
6.097910999993861880e-01,3.901491877416201626e-01
2.062508162801579004e-01,7.936892011825058546e-01
6.552780221529366234e-01,3.447822741788127976e-01
6.061717280679031900e-02,9.394432814246579388e-01
2.035456211957699102e-01,7.965158753964279859e-01
4.282698742596780517e-01,5.717924843586927874e-01
5.385551592147387323e-01,4.613823550410972030e-01
5.926018626610816131e-01,4.074607641851757944e-01
8.491880408949586956e-02,9.151438534895586230e-01
1.992487435224454262e-01,8.008147614410308091e-01
5.037703019568833263e-01,4.961659772949929548e-01
2.346534662855901399e-01,7.654104290185612669e-01
3.310741883792855389e-01,6.688615617557670534e-01
3.881740435411757395e-01,6.117611827834452676e-01
6.516591125702815290e-01,3.518047835299450421e-01
4.135995495325503479e-01,5.851248847786352236e-01
5.032453946525485833e-01,4.950494500807209874e-01
4.188692725020431301e-02,9.558944383835007441e-01
1.829281234029697667e-01,8.105409243482482040e-01
4.164232843814322238e-01,5.859602055723960312e-01
9.555155871045044325e-02,9.035199495520779278e-01
3.409224405685272186e-01,6.538245103614123144e-01
8.813135266784127841e-02,9.106849012848419189e-01
2.453214970835517761e-01,7.536506738481087986e-01
6.569329373225644142e-01,3.485646079654052265e-01
1.406599866635497853e-01,8.526059672987134075e-01
5.672287722056422732e-01,4.361938864302177254e-01
4.583110967636858657e-01,5.428335010532787663e-01
2.151240143113774816e-01,7.847404052361801607e-01
9.575405029667641288e-02,9.047258837460120384e-01
1.653935222708819708e-01,8.328402136909859310e-01
5.826180592180828510e-01,4.152933806303279463e-01
5.073106105285634104e-01,4.960487705356297905e-01
5.700828415505297952e-01,4.287247956733801213e-01
1.692842725711051211e-01,8.239002236598756967e-01
2.009492332779238277e-01,7.931000852699245929e-01
1.162162710524247827e-01,8.801166332103013135e-01
2.062125499479515178e-01,7.905306455684364408e-01
8.965265650685347310e-02,9.083538842225393761e-01
2.979668383532923515e-01,6.979222823341423299e-01
4.805278219461498468e-01,5.178973098122388041e-01
5.432693445733736276e-02,9.456457936449531587e-01
8.158351300445867982e-02,9.112136890135605904e-01
6.026973195038323183e-01,3.990609514323848472e-01
3.244816490798731468e-01,6.752147558576639952e-01
6.307886423137144538e-01,3.705950781997046084e-01
2.724599064162107620e-01,7.289556440996619591e-01
6.340589659955221391e-01,3.668993461121180522e-01
2.348950048080196695e-01,7.645369270810740137e-01
6.347629272839241388e-01,3.662026915035777042e-01
2.107300362079339018e-01,7.861797881943992650e-01
2.919356477563804786e-01,7.047210495593371204e-01
3.350895756725670305e-01,6.672831550162628966e-01
3.995047826495282672e-01,6.005210462715528941e-01
4.133881566152984854e-01,5.831611284850924948e-01
5.792723950540964450e-01,4.224468203541240086e-01
3.952065915786610595e-01,6.012559773583352474e-01
2.050827957933296086e-01,7.908684172026494430e-01
4.287290268594499687e-01,5.667262659872188690e-01
3.759213715147728396e-01,6.259215256006336325e-01
5.404912049485439685e-01,4.603514944981179635e-01
2.712033671408248248e-01,7.284131681053662710e-01
4.252428129252176503e-01,5.702169316339630312e-01
9.353197349774719505e-02,9.000113007621047823e-01
1.161463744888876215e-01,8.846643832008506125e-01
5.095514640241033399e-01,4.922987892003232724e-01
5.238859736588022953e-01,4.768387298483287573e-01
4.105680949771969845e-01,5.885566992327073699e-01
4.061381804913402060e-01,5.905768790557658354e-01
3.452423115836478762e-01,6.559003055514583957e-01
1.262783503899930770e-01,8.715618089012022729e-01
1.763339617334403753e-01,8.179744745644653703e-01
1.400039884151804692e-01,8.598625324886061128e-01
7.208242879776205481e-02,9.273342064458348633e-01
6.213758473079195044e-01,3.761931501587927329e-01
6.010995579475604256e-01,3.988123501131021764e-01
4.841932557641043244e-01,5.165417106991555540e-01
2.915332713631496042e-01,7.080023013274776567e-01
5.310722437866195467e-01,4.722536281307383454e-01
2.674066493977238501e-01,7.289733571603479456e-01
6.215884206972247528e-01,3.779532557238300394e-01
1.625574692673459332e-01,8.337802860061843679e-01
6.269387151370418021e-01,3.775891523433198005e-01
3.968120071013881422e-01,6.037981138419216132e-01
4.027750750125116408e-01,5.970899819524085883e-01
3.600927489776959423e-01,6.364920864073686513e-01
3.005766947681190460e-01,7.019083544482405124e-01
3.977587897302048425e-01,6.013430748387792457e-01
1.773116048137248768e-01,8.239546135753330613e-01
6.372802987523861207e-01,3.616072968527511144e-01
4.606039478584421643e-01,5.362837320116085049e-01
4.339127296055771410e-01,5.697041068308812406e-01
5.782859142632797989e-01,4.227715222087343738e-01
5.462208402945899488e-01,4.554041572961079476e-01
