5.794156835963405472e-01,4.205843168401666721e-01
5.585997918317480160e-01,4.414002066323264306e-01
8.922324337422555818e-01,1.077675681518311113e-01
7.093559391022357108e-01,2.906440580895929826e-01
8.868290064429685815e-01,1.131709897478120619e-01
6.495369200678506871e-01,3.504630864456030892e-01
8.020471049142428033e-01,1.979528879590951584e-01
8.432989272724771279e-01,1.567010803479338965e-01
5.264372670507481144e-01,4.735627219356837725e-01
8.059034670025103653e-01,1.940965444073912971e-01
7.621163115248232867e-01,2.378837052214256842e-01
6.828802313018997872e-01,3.171197499439112333e-01
5.145892446392360542e-01,4.854107755259975399e-01
8.227241161190972374e-01,1.772758625970856650e-01
8.915780627004965542e-01,1.084219613662851384e-01
8.351409865800255572e-01,1.648590393456887127e-01
7.311151284326642408e-01,2.688848405841817724e-01
5.170248660806888719e-01,4.829750992481335881e-01
8.707902333781192272e-01,1.292098034356723990e-01
5.398630087369453712e-01,4.601369544098743436e-01
8.421472331367316766e-01,1.578527286282755682e-01
7.590797643957039043e-01,2.409201910527327406e-01
7.465089200003300896e-01,2.534911271193855398e-01
8.475968869518293314e-01,1.524031641901174849e-01
9.139487774456811486e-01,8.605127565180840932e-02
7.850757644100792021e-01,2.149242890109874793e-01
7.528667626281894121e-01,2.471331832734145195e-01
7.869880600557770389e-01,2.130119944363695061e-01
7.361380973132303218e-01,2.638618390755734233e-01
7.109380018651388911e-01,2.890620633289855967e-01
9.284721691615294148e-01,7.152789762546360453e-02
9.317563576460072827e-01,6.824371256043167133e-02
7.575831814170311818e-01,2.424168894241817418e-01
5.336751652177915695e-01,4.663247638134169759e-01
6.373455278575074212e-01,3.626543989896266473e-01
6.786191565062544839e-01,3.213809180960851553e-01
8.483189102935271286e-01,1.516810138867074609e-01
8.799092882554042649e-01,1.200907901460447486e-01
6.858605557182936296e-01,3.141395253702100043e-01
7.024723395434800954e-01,2.975275791683171800e-01
5.313008146537409049e-01,4.686990955166516759e-01
5.975709351109409484e-01,4.024291554460786569e-01
9.011423217761420634e-01,9.885776995283862556e-02
8.928702639600800683e-01,1.071296411754308203e-01
5.784993251810772730e-01,4.215005783649920512e-01
6.326360240829032033e-01,3.673638727527276382e-01
9.241124846780679469e-01,7.588762966852634351e-02
7.733939373828715436e-01,2.266061779818004662e-01
6.194381860730038269e-01,3.805616976783990912e-01
5.408204845567385899e-01,4.591793989488698879e-01
7.108874435613502518e-01,2.891126755128559656e-01
5.900895762475409922e-01,4.099105430368432113e-01
7.291576863505898620e-01,2.708421928110079091e-01
5.436163858488891609e-01,4.563837362218824412e-01
9.294904281247835520e-01,7.050944701969237560e-02
6.076184882589480418e-01,3.923813865418325220e-01
7.428557620252181914e-01,2.571443684700184806e-01
8.163724774200198375e-01,1.836273920282637528e-01
6.745935829518664439e-01,3.254062828289755460e-01
8.511574540969877312e-01,1.488424109799558193e-01
5.195732022300556530e-01,4.804269331783605490e-01
5.510911259986940314e-01,4.489087385496791649e-01
5.980028190152484324e-01,4.019970447218069731e-01
5.893645566831955396e-01,4.106353021968913164e-01
9.208350479384556087e-01,7.916509384422659723e-02
7.757457193659205164e-01,2.242541382158322605e-01
6.636866946592141492e-01,3.363131619738156664e-01
8.133560860424517980e-01,1.866440593912122026e-01
9.106342318269530223e-01,8.936562118837808322e-02
8.433861168548730802e-01,1.566137336806190106e-01
8.554565873238213491e-01,1.445432631505133014e-01
5.449995740920658971e-01,4.550002747784024359e-01
7.950428880618120031e-01,2.049569522932111199e-01
5.297921415896170716e-01,4.702080180739026671e-01
5.844737469049666734e-01,4.155264129608385870e-01
6.642321070038395003e-01,3.357677322764567873e-01
7.050562922974286106e-01,2.949438694456326115e-01
6.795665633806351469e-01,3.204335997212801601e-01
8.901106565485917832e-01,1.098891791534342827e-01
6.190626413153459406e-01,3.809371932460673404e-01
5.826940968211642424e-01,4.173060713498737972e-01
7.982684877947561208e-01,2.017316837850736400e-01
5.354558834779870047e-01,4.645439443260892531e-01
6.866695108370972633e-01,3.133306650174512153e-01
6.117721035276635355e-01,3.882280744992322452e-01
7.836125185546645167e-01,2.163873030425839672e-01
8.547793194973661857e-01,1.452205003335970690e-01
7.339154261136897617e-01,2.660847560630956177e-01
6.390093323587578977e-01,3.609908538866827832e-01
8.987779402976543430e-01,1.012218722744498006e-01
6.533786035343154275e-01,3.466215932645481113e-01
8.108004577065764940e-01,1.891993439427927526e-01
9.292853503985500918e-01,7.071484944926539895e-02
8.523760586130892936e-01,1.476237359439639685e-01
7.600483189855451460e-01,2.399518879303017549e-01
5.340094305745045622e-01,4.659903602184184424e-01
6.686422460974464910e-01,3.313575435647878042e-01
6.785960962758583737e-01,3.214041178224014694e-01
7.016061161934379342e-01,2.983940988099046954e-01
6.792175184809398081e-01,3.207822662056712404e-01
8.378544727076759902e-01,1.621750553775650194e-01
8.799236952335819373e-01,1.200924660331268573e-01
6.316903803328176581e-01,3.683358140795692792e-01
5.216507818927711426e-01,4.783595509205924023e-01
5.473773724860097056e-01,4.526099460783592487e-01
7.244723620397314212e-01,2.755335957018608117e-01
6.105197848109397141e-01,3.894673282102074641e-01
9.172754506142524189e-01,8.273266304034271323e-02
6.445469790985323133e-01,3.554465443644624356e-01
6.038146551694091313e-01,3.962016288906488604e-01
5.868414527749538090e-01,4.131833454679840201e-01
7.206976090106365085e-01,2.792911261378134280e-01
6.053026352094693641e-01,3.946856695693987671e-01
5.619667124958102056e-01,4.380205547962386925e-01
5.254440753108214901e-01,4.745561592064479473e-01
5.936148992392159540e-01,4.063742670029039106e-01
8.221746249897570191e-01,1.778255137587841372e-01
6.693225697726321588e-01,3.306797106223161586e-01
8.483013160169896594e-01,1.517261322829017711e-01
8.899506271176773620e-01,1.100821410978318482e-01
8.558336747342176754e-01,1.441709747772034200e-01
7.339368675985749046e-01,2.660720862433455514e-01
9.266600980471100257e-01,7.337359735097312430e-02
7.061337642898614098e-01,2.938858025473679580e-01
8.508205500425388701e-01,1.491945880000825619e-01
8.567636476733995199e-01,1.432515421013704493e-01
8.201205389090794329e-01,1.799018339650906850e-01
6.143335091627852851e-01,3.856537620150647938e-01
9.234244228354726580e-01,7.657814397114887095e-02
5.433282504979136673e-01,4.566761014932436136e-01
6.514124612283634930e-01,3.485957570554802376e-01
6.916766776809458728e-01,3.083516354178333918e-01
8.577597935308921562e-01,1.422344644535186164e-01
6.489811665659733775e-01,3.510160170425731807e-01
6.567275685941710295e-01,3.432959042498487934e-01
6.697613830674896684e-01,3.302638515013854303e-01
6.268984285791258104e-01,3.730861928928032034e-01
7.073178094990939524e-01,2.927070338784314996e-01
6.226258236558871451e-01,3.773945544350380543e-01
5.520037599677209972e-01,4.480097427842825719e-01
7.479228900856009776e-01,2.520696027595664135e-01
9.154414455589269251e-01,8.457874650917862613e-02
7.332094263039430349e-01,2.667907922786019737e-01
5.458364066510271728e-01,4.541551922827707921e-01
5.529468426480996790e-01,4.470686342118847523e-01
8.880205401320016012e-01,1.119801395570986929e-01
8.111650599742958878e-01,1.888651087205364398e-01
6.363165927536361677e-01,3.636743859754718589e-01
6.616358616532324044e-01,3.383507340557573295e-01
8.439768523251387489e-01,1.560174852232394382e-01
6.130736091509647601e-01,3.869153540811623992e-01
7.909161680020064811e-01,2.090997978874167551e-01
8.739572251008682624e-01,1.260665764781414566e-01
8.010716891409248586e-01,1.989289915160912248e-01
8.589574878165281424e-01,1.410533362440333505e-01
8.745706960658509166e-01,1.254335226006286774e-01
7.508269297927346875e-01,2.491676112431230883e-01
7.629904626445993543e-01,2.370108805290091492e-01
7.203401842799534993e-01,2.796696875523524972e-01
6.789040921420268493e-01,3.211198916464958475e-01
5.519201752479250267e-01,4.480803858692836150e-01
6.492256449994532330e-01,3.507998231511324505e-01
8.488918536857212871e-01,1.511136608127809644e-01
5.148321022696321636e-01,4.851675805678503095e-01
7.870046832328401187e-01,2.130111154768765669e-01
5.654331024317952314e-01,4.345764786481831621e-01
8.032549923616828513e-01,1.967780905084870191e-01
5.540929951593633884e-01,4.459191059982199334e-01
7.859882055740201601e-01,2.140256455475668396e-01
6.132047526972959073e-01,3.867978463333216488e-01
7.073452633380064025e-01,2.926655078282922040e-01
5.903775158374708898e-01,4.096290261663227406e-01
5.826493870897506699e-01,4.173397132819319788e-01
8.628603231473132018e-01,1.371526780156073766e-01
8.411361441940878869e-01,1.588971169698107089e-01
6.450291305183010193e-01,3.549844958230694569e-01
6.431877558011733775e-01,3.567971024218581921e-01
8.544882548155338098e-01,1.455121679438297899e-01
8.606194802867692673e-01,1.394088121387067059e-01
7.454996929865881361e-01,2.545250395818127176e-01
7.463836474184196712e-01,2.536086096695870373e-01
8.995482356198505336e-01,1.004624929184619042e-01
7.494320592152455829e-01,2.505951550893725788e-01
6.811720850655508253e-01,3.188347479302731657e-01
5.313896005528044864e-01,4.686183385644206445e-01
6.181795255435489356e-01,3.818109247856720234e-01
7.737417752755235689e-01,2.262502731172676140e-01
7.967842832973690559e-01,2.032253241059719662e-01
7.198850081529890588e-01,2.801327056363615009e-01
7.666697652194450763e-01,2.333399243617373109e-01
5.866979401056462429e-01,4.133087078979637563e-01
6.649239110358646787e-01,3.350913420659777930e-01
6.940411561043033917e-01,3.059464448602675080e-01
7.138193714958569469e-01,2.861901302376136380e-01
7.250527654071695638e-01,2.749374330704238423e-01
6.869721068431241529e-01,3.130510232530390735e-01
6.727642320178839341e-01,3.272575636520110298e-01
8.518504534352557833e-01,1.481643686585357444e-01
6.084047859597601082e-01,3.915819312723510248e-01
6.509468363960789761e-01,3.490422148116512080e-01
