9.076025578720363640e+00,5.949038574375937749e+00
4.936899831863900800e+00,9.071885997110305411e+00
4.756478086891291923e+00,9.144578085495968622e+00
8.890962069471520124e+00,6.121349931802402722e+00
5.612859430221332602e+00,8.543164338695152793e+00
5.066141537219887248e+00,9.002773600391018149e+00
4.846981567488394482e+00,9.186721563591104811e+00
9.925891162516952804e+00,4.928858730786950026e+00
4.410739008178348186e+00,9.318118780517639976e+00
9.879872773796812169e+00,5.254798063587915458e+00
3.832967068312063130e+00,9.924125703970180012e+00
7.006078979656168215e+00,7.549570661662986737e+00
3.805894105608549349e+00,9.734315174105773849e+00
4.199436776381450187e+00,9.444367461384002738e+00
3.786839455801231935e+00,9.965208352929305846e+00
5.598716947516702902e+00,8.446872975720610910e+00
7.045875013702317169e+00,7.495301233901830784e+00
9.493275178553764349e+00,5.669333081863846324e+00
9.949173048918332540e+00,4.817695295590084470e+00
9.947745593195408631e+00,4.818756472569572402e+00
9.945866447120701892e+00,4.820912963367065096e+00
9.943360040775079511e+00,4.822200428301917974e+00
9.947908996753474398e+00,4.816100383603565405e+00
9.942239363256335949e+00,4.823088573404285206e+00
9.942933924773839749e+00,4.822211881391321953e+00
9.942947138486978531e+00,4.820886327091377765e+00
9.938941729151611781e+00,4.825718528512945582e+00
9.947434636349573367e+00,4.814905801194244717e+00
6.642792318389034278e+00,7.733809566361050436e+00
9.937369902649283659e+00,4.827068190979849405e+00
9.947049532283475770e+00,4.814570441278595681e+00
9.940976211354087155e+00,4.821974400124128479e+00
9.945109627939329400e+00,4.816100114730778259e+00
9.934534967772281178e+00,4.829200553582669642e+00
9.943904406290366538e+00,4.817018367393129274e+00
9.947477386993462289e+00,4.812614069031575070e+00
9.932621410557391783e+00,4.830829998469117648e+00
9.931876290785368155e+00,4.831407202096180242e+00
9.932324735079172129e+00,4.830156063175212289e+00
9.948395847894284216e+00,4.809540231729010351e+00
9.937358329078072927e+00,4.823042516396021107e+00
9.938535322605371647e+00,4.821471519299136865e+00
9.930185412288501823e+00,4.832045062216834275e+00
9.936040233688505197e+00,4.824359738128160657e+00
9.946830044088413203e+00,4.810029549088564949e+00
9.925002051954900040e+00,4.837540646036158520e+00
9.939286440491855501e+00,4.818553725722718006e+00
9.946456142047489735e+00,4.809597478415925664e+00
9.941052263816729351e+00,4.816119857186656361e+00
9.945722690526118015e+00,4.810134360901245465e+00
9.932422242528657463e+00,4.826600524810080728e+00
9.935184301810496166e+00,4.822855552970675141e+00
9.944516664281977114e+00,4.811143354896946889e+00
9.940166874699055910e+00,4.816312804567157713e+00
9.926167776779424301e+00,4.834130543671085078e+00
9.938228970806971319e+00,4.818664205474934903e+00
9.938417327748556573e+00,4.818165534567811825e+00
9.948707501862227076e+00,4.805425595344780199e+00
9.922478724547229234e+00,4.838434207190385195e+00
9.937565408520892873e+00,4.818859640893953689e+00
9.946656500093546072e+00,4.807375672967994618e+00
9.929953918210760122e+00,4.828261623913387979e+00
9.924380325474661646e+00,4.835132373764293057e+00
9.936020554274696437e+00,4.820092349768736462e+00
9.927954242213203884e+00,4.830376245436156069e+00
9.928345394189117101e+00,4.829801408223656445e+00
9.921167514005208687e+00,4.839011280053568953e+00
9.943702501160835538e+00,4.810101261428575192e+00
9.936092044068780993e+00,4.819554000189973486e+00
9.940922479209140405e+00,4.813332730183137897e+00
9.939891442016591583e+00,4.814577965332850873e+00
9.926482516368574593e+00,4.831512627199836096e+00
9.933756110258281424e+00,4.821904199411208403e+00
9.916975707497691417e+00,4.843798753034021409e+00
9.929926925669516180e+00,4.825993068485361803e+00
9.923444183035012855e+00,4.834357741247320206e+00
9.920517409551059984e+00,4.838179381616030561e+00
9.921924314281675095e+00,4.836176745243122355e+00
9.931910937073865853e+00,4.822990530503533435e+00
9.925174840534250364e+00,4.831444328503773811e+00
9.933499867140220374e+00,4.820617540399702250e+00
6.207921511792406477e+00,8.283068392894636034e+00
9.918099796756358444e+00,4.840547218479520630e+00
9.915596813105786111e+00,4.843872790210944856e+00
9.944655381818668261e+00,4.806402354624498940e+00
9.927571645056135097e+00,4.827765267877758504e+00
9.943041409575142708e+00,4.807919890040514233e+00
9.927973730994441581e+00,4.826838197605534120e+00
9.942690300735620212e+00,4.808261002520932692e+00
9.935331560471613699e+00,4.817323874004073581e+00
9.916022695555735567e+00,4.842177099779213734e+00
9.911534902746014453e+00,4.848207768959731823e+00
9.947515430977077244e+00,4.801672266541268108e+00
9.912390958890075154e+00,4.846744787162465151e+00
9.924813380881637670e+00,4.830020300569540126e+00
9.927625440556461456e+00,4.826259023954539984e+00
9.924821388548545897e+00,4.829901975170951545e+00
9.941041455616055345e+00,4.809210993196948003e+00
3.407791117744583431e+00,1.000174165327702624e+01
9.940882579723004042e+00,4.809329865833752216e+00
3.371488800886544457e+00,1.003018988751087193e+01
3.363045913256407893e+00,1.003720495252786371e+01
3.379961098674800990e+00,1.002324427642484572e+01
9.919389209087075443e+00,4.836660227888942565e+00
3.364799333480529064e+00,1.003551091885284308e+01
9.921625523783514922e+00,4.833599133407628479e+00
3.414727126881102137e+00,9.996215239419823817e+00
9.930045185317656120e+00,4.822562633827433665e+00
3.388459551804397396e+00,1.001618740800412333e+01
3.361825254192445378e+00,1.003784901200596380e+01
3.405553300346134904e+00,1.000299662253191890e+01
9.911709170020314374e+00,4.846706287862808438e+00
3.400961501035084211e+00,1.000627977632491472e+01
9.925828173397446719e+00,4.827656198222863182e+00
9.941457511989447937e+00,4.807853372422575156e+00
3.402863309095547795e+00,1.000479607585996789e+01
9.913086760120902952e+00,4.844506857441979619e+00
3.352496755208445034e+00,1.004552282338331715e+01
9.908866498090798558e+00,4.850246506454935158e+00
3.411829796151188976e+00,9.997995528917106967e+00
3.394437360033169426e+00,1.001116132738659559e+01
3.365281797310406553e+00,1.003455372867518847e+01
9.926246894255983833e+00,4.826765631148201230e+00
9.928517159964357575e+00,4.823787662942507382e+00
3.400512380767550358e+00,1.000629331776256592e+01
3.399930669213850010e+00,1.000673471265410974e+01
3.401781677103837165e+00,1.000532006743405589e+01
9.946313521699746474e+00,4.801451582285939601e+00
9.925347995653279298e+00,4.827807869695041276e+00
3.382506331441212488e+00,1.002029225861565820e+01
3.368386040810609217e+00,1.003172649286495854e+01
9.933042749494866541e+00,4.817808976423799905e+00
3.403104127544525070e+00,1.000423417719160035e+01
9.922945612526804737e+00,4.830795967473121344e+00
3.375431484967011730e+00,1.002587606409661802e+01
9.942341098628018514e+00,4.806074880190251974e+00
3.349139907863913912e+00,1.004791671338554693e+01
9.927097082020530650e+00,4.825230926104103979e+00
3.407238075064173088e+00,1.000093026674824692e+01
3.360095645590704283e+00,1.003835079758731830e+01
3.396044729654446925e+00,1.000922739084940893e+01
3.413349827537418779e+00,9.996104493590237894e+00
3.369694834880544221e+00,1.003013251887791490e+01
3.383605918609892349e+00,1.001885576897316987e+01
3.383817139386532169e+00,1.001868162685575392e+01
3.416813618221258952e+00,9.993356747071237223e+00
3.373770520328994493e+00,1.002662156932598769e+01
3.363548938185060067e+00,1.003501488445531997e+01
3.413297669267190582e+00,9.995882147819788344e+00
3.450094974197416064e+00,9.968216046660254293e+00
3.338084479933630888e+00,1.005696419641030026e+01
3.406818812681000619e+00,1.000068062646475830e+01
3.361052294286352549e+00,1.003695014030050814e+01
3.438219756713580821e+00,9.977088058642165080e+00
9.908803551057822290e+00,4.848778324670401041e+00
3.378510534164832269e+00,1.002260363940405163e+01
3.594933665865317707e+00,9.859946401443872688e+00
3.446081479745496612e+00,9.971102174822535247e+00
3.386639332057406637e+00,1.001601878372693832e+01
3.370423991464258417e+00,1.002902772689799704e+01
3.348773034915828894e+00,1.004730712492573730e+01
3.357710522939034270e+00,1.003961663964068940e+01
3.389678665450268191e+00,1.001358662329055882e+01
9.936002153139591897e+00,4.812791074330478480e+00
9.921683338793066298e+00,4.831071553461085522e+00
9.911838243725433983e+00,4.844198446583727780e+00
9.944914297994809971e+00,4.801547630415855750e+00
9.913913606424735292e+00,4.841268452153692614e+00
3.352086044189443559e+00,1.004409520500993125e+01
3.449400881663052143e+00,9.968255856346946331e+00
3.433003719219608119e+00,9.980544375852982597e+00
3.332922658141955097e+00,1.006103674354268485e+01
3.377474952380662199e+00,1.002291467811244274e+01
3.376483451475859265e+00,1.002369160927920788e+01
3.403197541836762596e+00,1.000286839815965934e+01
3.390760367774734885e+00,1.001238145484987108e+01
3.336207492084952264e+00,1.005793305581474506e+01
3.370994510129442290e+00,1.002806369947396270e+01
3.342024710753638050e+00,1.005268979660778150e+01
3.394903878948567044e+00,1.000908551156525839e+01
3.333635398199291888e+00,1.006020303603983912e+01
3.406105520523010188e+00,1.000057282737850706e+01
3.423769147791182466e+00,9.987278667487258232e+00
3.431548343327894379e+00,9.981430986787975357e+00
3.439331912152637116e+00,9.975570253489753014e+00
9.904488455547005188e+00,4.853764801350829217e+00
3.432426855783579533e+00,9.980715761892762217e+00
9.904310269137370781e+00,4.853935083486015323e+00
9.941410141337314599e+00,4.805208900001020744e+00
9.927026567322297268e+00,4.823320253576103944e+00
9.920745214620700025e+00,4.831508174590851468e+00
3.435276401956297132e+00,9.978449847654880855e+00
3.362206541128535786e+00,1.003502231085862917e+01
9.913962455817653563e+00,4.840486432378096282e+00
9.920683731238300496e+00,4.831510196931209755e+00
3.360986539386483951e+00,1.003598683470024433e+01
3.444518893693011119e+00,9.971452600100368713e+00
9.922947927270591606e+00,4.828505731642777299e+00
3.374322479378633055e+00,1.002499614834228758e+01
3.392267859748701042e+00,1.001079972547190167e+01
3.473617222907415147e+00,9.949558614068529039e+00
9.934042316767177638e+00,4.814072426113881420e+00
9.935398335540568837e+00,4.812351027318100272e+00
3.399346997651334856e+00,1.000519599060054787e+01
3.418107765606767323e+00,9.991084895451402659e+00
3.336078249961511588e+00,1.005739976670583680e+01
3.345305656116291271e+00,1.004918316328026684e+01
3.335879491900063609e+00,1.005754713108332155e+01
3.477073122144145767e+00,9.946821025874779565e+00
3.330049185895079589e+00,1.006280154970823837e+01
3.369052361897740155e+00,1.002894502665984788e+01
3.403153960162156100e+00,1.000214228053793875e+01
9.926551103334629644e+00,4.823272899166430427e+00
3.438573663881499876e+00,9.975519343099030323e+00
3.414177669464309339e+00,9.993824651128274894e+00
3.453826640445291751e+00,9.964052709767912575e+00
9.927689526174095391e+00,4.821732152166809726e+00
9.916155282285597394e+00,4.836879961421688634e+00
3.441566487251513262e+00,9.973175731996265725e+00
3.441194168400785180e+00,9.973438743500770087e+00
3.350019679638040149e+00,1.004468864149708729e+01
3.450175967057502291e+00,9.966683079975453552e+00
3.408177117872280171e+00,9.998189415676971947e+00
3.349900989061800338e+00,1.004478257315506795e+01
9.910601446933105407e+00,4.844257316309689365e+00
3.408987756179285178e+00,9.997518536608179573e+00
3.410084610056629995e+00,9.996694029299360906e+00
3.410307354953699299e+00,9.996510732585907277e+00
3.452676915345079145e+00,9.964689029420128463e+00
3.342024357414799862e+00,1.005151845934639177e+01
3.440462020286962463e+00,9.973775860102147561e+00
3.462484726180804273e+00,9.957253251970522356e+00
3.422860429806531712e+00,9.986913151154189094e+00
3.461224344425422039e+00,9.958155955387002933e+00
3.400135229506302093e+00,1.000392555046386178e+01
3.362577936143163360e+00,1.003370387501723648e+01
3.363009129802952746e+00,1.003334188814417871e+01
9.949597135615048771e+00,4.793958431182074875e+00
3.471658636107144424e+00,9.950277529679198096e+00
3.434763491032974958e+00,9.977861529152225017e+00
9.918517207973311045e+00,4.832869760255806391e+00
3.461879141420508343e+00,9.957383573068540272e+00
9.937345151098973872e+00,4.808612926667660048e+00
3.455646700243689029e+00,9.961994958866833727e+00
3.485342319907199560e+00,9.939767683707723123e+00
3.407361944997770564e+00,9.998194122305060105e+00
3.477507961616650878e+00,9.945610667270297967e+00
3.477843216245583680e+00,9.945347499038456718e+00
3.326207613393544094e+00,1.006517598074007047e+01
3.375398707176059609e+00,1.002282885656492617e+01
3.385982222616778170e+00,1.001441809396597726e+01
3.323431141991793236e+00,1.006770774383364753e+01
3.344064201924930479e+00,1.004901465495212243e+01
3.434112304388462267e+00,9.977998795890199446e+00
3.442868811661020434e+00,9.971420237553195065e+00
3.372645045051235524e+00,1.002496746293166474e+01
3.372645248713395105e+00,1.002496689993788337e+01
3.343787676966033739e+00,1.004921153776863285e+01
3.331766688402340915e+00,1.005992072200316478e+01
3.449052186060691749e+00,9.966726669318569876e+00
3.317023038748127650e+00,1.007366194612725430e+01
3.412622135927638745e+00,9.994040027227420353e+00
3.475515163726191403e+00,9.946866672274827792e+00
3.502128446685019991e+00,9.926960431435110976e+00
3.502571125791753115e+00,9.926607838274902562e+00
9.917475142356224183e+00,4.833725990799977446e+00
9.940217483250677333e+00,4.804525736719892137e+00
3.343737219615980027e+00,1.004902080497721961e+01
3.430966001483239936e+00,9.980125093906604405e+00
3.453911171416150783e+00,9.962857590740389568e+00
9.902032189164867049e+00,4.854643436727808847e+00
3.347080195844120531e+00,1.004597834295255865e+01
3.322221331458078630e+00,1.006834340047298149e+01
3.346954311563637319e+00,1.004605256663262836e+01
3.316494275363057298e+00,1.007376762258070180e+01
3.495970044585726022e+00,9.931315355283215851e+00
3.385989285435077711e+00,1.001397100292293274e+01
3.323773112983348099e+00,1.006680457526494088e+01
3.413343165543164304e+00,9.993115869005556817e+00
3.502756709621761111e+00,9.926162210181640688e+00
3.498401370579190761e+00,9.929400818908360904e+00
3.320863556404873407e+00,1.006941959836764156e+01
3.471383598263144687e+00,9.949532967090949143e+00
3.380015407325063226e+00,1.001847001604231124e+01
9.945979536945850796e+00,4.796957658710867101e+00
3.460579458191332503e+00,9.957566033360949476e+00
3.439871434326867483e+00,9.973049954619614965e+00
3.386566008669083416e+00,1.001327389477120811e+01
3.486102432265313134e+00,9.938448861219574937e+00
3.323989060479495716e+00,1.006632920597451353e+01
3.450009581069175102e+00,9.965435072888221057e+00
3.321759818819738364e+00,1.006839199871308566e+01
9.945968293104733959e+00,4.796869712899638039e+00
9.950052268162606239e+00,4.791944161415290004e+00
3.368443797300694875e+00,1.002762625288134757e+01
3.451303550896183570e+00,9.964394658105739211e+00
3.319287267413972398e+00,1.007063547595027231e+01
3.323070614954978907e+00,1.006705086658151060e+01
3.475256228466892860e+00,9.946444817854802167e+00
3.492082413317354028e+00,9.933801121259060452e+00
9.903009777977743511e+00,4.852532910894787221e+00
3.498754976184172083e+00,9.928803868856732606e+00
3.316028580504377654e+00,1.007358175758942664e+01
3.423152276295132079e+00,9.985342486162256392e+00
9.929614092591400265e+00,4.816910441542104238e+00
3.485407524933751944e+00,9.938727088444624158e+00
3.375666681507840661e+00,1.002160538507777510e+01
3.454630705934641277e+00,9.961735320886411671e+00
3.355084557862749506e+00,1.003846312274758823e+01
3.493497842945826992e+00,9.932641442248231201e+00
3.321241321989477857e+00,1.006851838926374754e+01
3.372645501156797732e+00,1.002397597839036436e+01
3.400750556907591982e+00,1.000203039488710210e+01
3.341752805170814078e+00,1.004984290689225546e+01
3.481176212594538466e+00,9.941772684242627278e+00
3.390781903076448778e+00,1.000961982466762734e+01
3.406952971148740961e+00,9.997348615255353010e+00
3.470628622800284724e+00,9.949640605276472982e+00
9.907426987557924392e+00,4.846119364364033899e+00
3.345636560138173454e+00,1.004641070660713531e+01
9.914620174444495504e+00,4.836305524051727645e+00
9.941545131255605128e+00,4.801706577299711398e+00
9.930370748291867500e+00,4.815591085799708182e+00
3.436999459076859331e+00,9.974694266918694652e+00
3.317376673226481554e+00,1.007190215489512219e+01
3.327014768092369401e+00,1.006287897558223854e+01
9.941433756972960722e+00,4.801728477410854623e+00
3.396042830677790558e+00,1.000542490189491218e+01
3.497962817425079862e+00,9.929050042514106167e+00
3.381167607859715041e+00,1.001690268408207629e+01
3.378486036219321420e+00,1.001901905173089169e+01
3.462248565758787144e+00,9.955712460004539466e+00
9.905416978851638632e+00,4.848614023715800414e+00
9.927215957377956812e+00,4.819486980734987824e+00
3.383262652306023188e+00,1.001521976270774594e+01
9.924982456680705667e+00,4.822338886632350885e+00
3.341985309008697946e+00,1.004931166245680529e+01
9.902737897195461159e+00,4.852273653151724098e+00
3.337882875455090215e+00,1.005291751311956183e+01
9.935377408184688619e+00,4.809064509485289740e+00
3.314500034002577866e+00,1.007447294890160627e+01
3.439877096401395828e+00,9.972396694714010579e+00
9.932359058371597271e+00,4.812846496422820586e+00
3.441210747227132494e+00,9.971382718858430749e+00
3.312233371583647390e+00,1.007659393717612240e+01
3.317586179830886106e+00,1.007142512551165936e+01
9.910746675154273433e+00,4.841056899094736465e+00
3.355032628094355651e+00,1.003794359652754231e+01
9.924112269147846277e+00,4.823238490007434542e+00
3.444779359219245496e+00,9.968555156242393522e+00
3.363119040762161394e+00,1.003116612002258279e+01
3.476151991286338561e+00,9.945058877512089168e+00
3.492240852821098418e+00,9.933019313078618850e+00
3.513729710459117417e+00,9.916922807575934584e+00
3.358951860478811557e+00,1.003447176022300980e+01
3.508045954106379316e+00,9.921111884787739754e+00
3.440866626045046672e+00,9.971296689344061548e+00
3.495638969245148608e+00,9.930334150400842219e+00
3.508138394518369285e+00,9.920984551395093831e+00
3.305311353038480782e+00,1.008291535696185015e+01
3.393651368663188617e+00,1.000665892220271402e+01
3.310872810337836647e+00,1.007736423420441163e+01
3.378803859087417205e+00,1.001813888214327264e+01
9.909549784564042341e+00,4.842100692577282928e+00
3.512452528609420810e+00,9.917634793383911074e+00
3.396381863728679118e+00,1.000450221099919368e+01
3.512214829663912852e+00,9.917785613104388887e+00
3.519824364247150505e+00,9.912082550018800120e+00
3.514574319806622604e+00,9.915980102268873608e+00
3.421200119771936166e+00,9.985787757124590769e+00
3.351834766434208746e+00,1.004010415568618697e+01
3.532744938842825366e+00,9.902423877871076030e+00
3.477722664356367677e+00,9.943468206079444371e+00
3.513261771389052601e+00,9.916929346445433779e+00
3.407095668676918709e+00,9.996315924066115244e+00
9.912278857781158692e+00,4.838205353586094049e+00
9.911637922207479079e+00,4.839070541771310019e+00
3.490764797180617052e+00,9.933675807675770741e+00
3.312688610718036664e+00,1.007528701131328752e+01
3.391082545890840461e+00,1.000835804400496798e+01
3.332341247699492914e+00,1.005694596417575504e+01
3.425442016848311511e+00,9.982463137770929862e+00
3.504837221266160263e+00,9.923044171446646189e+00
9.902240590651047114e+00,4.851787115617412383e+00
3.433341734669913325e+00,9.976473227047945258e+00
3.359354481406983339e+00,1.003352174700391330e+01
3.444003760801506608e+00,9.968444321210741421e+00
3.397772271319382309e+00,1.000307234053513561e+01
3.303246149965827883e+00,1.008427836224318241e+01
3.405379764211688531e+00,9.997351722068199109e+00
3.398127809706771973e+00,1.000278749554598789e+01
3.324575667680850888e+00,1.006378840839673394e+01
3.491895023893727856e+00,9.932585018220246198e+00
3.357385696170310130e+00,1.003506674553912958e+01
9.902960570699864462e+00,4.850586184659950284e+00
3.461215575576580772e+00,9.955489245223120065e+00
3.388206872425727489e+00,1.001029680422078627e+01
3.430807408639754197e+00,9.978202973347446658e+00
3.431459748806847898e+00,9.977694509452243565e+00
3.463044592604938465e+00,9.954056602544266497e+00
3.463955183440727836e+00,9.953334664220498951e+00
3.464402424622970322e+00,9.952974347981889736e+00
3.362382092105972831e+00,1.003075634142628303e+01
3.376807624418172171e+00,1.001907195555477870e+01
3.312222634892451278e+00,1.007513725142875494e+01
3.459159344972023487e+00,9.956831004647231254e+00
3.479796608898533705e+00,9.941403226663995341e+00
3.301675535230297776e+00,1.008548742275722354e+01
3.506318558572880217e+00,9.921581181387578496e+00
3.451019010275883314e+00,9.962884505853551786e+00
3.327694100050275772e+00,1.006059114784826924e+01
3.481351045656737586e+00,9.940172352816281531e+00
9.931669594973103088e+00,4.812043496535409304e+00
3.349327627669048901e+00,1.004149762428446557e+01
9.914621739562209157e+00,4.834207228385006161e+00
3.526151564206825295e+00,9.906700570518125915e+00
3.477969163087366589e+00,9.942619921442009456e+00
3.503369696422963919e+00,9.923658377688198584e+00
9.931339402014593531e+00,4.812337914355385493e+00
3.528908870867922154e+00,9.904591961464543459e+00
3.361098213458561190e+00,1.003152183003196996e+01
3.342949579537665361e+00,1.004682172769041770e+01
3.528681640433723121e+00,9.904701332145160464e+00
9.938841451215324696e+00,4.802832045738396616e+00
3.543771646108302864e+00,9.893450908812402744e+00
3.380240590619534746e+00,1.001605699433954655e+01
3.537219564239908465e+00,9.898314618882025684e+00
9.909662150577812412e+00,4.840628095729457847e+00
3.358277527911828653e+00,1.003374287671970677e+01
3.434658986973509798e+00,9.974853465220293813e+00
9.922919370301800157e+00,4.822912446889549010e+00
3.466704580417442561e+00,9.950849102435698867e+00
3.387058015485681750e+00,1.001064398041088666e+01
3.396915059558733851e+00,1.000309196007079926e+01
3.387669399706821682e+00,1.001015233095124835e+01
9.923485688531734183e+00,4.822092118860896726e+00
3.505489618225695825e+00,9.921830139404930193e+00
9.895656212264317020e+00,4.860000679779298949e+00
3.327078042075589881e+00,1.006067238668839003e+01
3.534300707979803668e+00,9.900327786508112737e+00
3.445134476860837847e+00,9.966864513199237052e+00
3.313909362405840664e+00,1.007288912420007065e+01
3.461375050535933084e+00,9.954682733817588058e+00
3.511366766911666382e+00,9.917354445935945506e+00
3.423138672686486306e+00,9.983279229428331902e+00
9.904817731603309028e+00,4.846960854158242071e+00
3.407244048638325751e+00,9.995179193000332418e+00
9.937478510839920176e+00,4.804085659270117326e+00
3.296617966374110420e+00,1.008981732238040685e+01
3.378995722126316714e+00,1.001670119270621839e+01
9.928308223699158219e+00,4.815595605201971274e+00
3.524205628741058582e+00,9.907688965264915382e+00
3.372698058638076368e+00,1.002165206901113415e+01
3.493191684958823817e+00,9.930776570758466093e+00
9.935520228201673021e+00,4.806413060620867483e+00
3.301685202009732034e+00,1.008459128028881224e+01
3.511111316678904526e+00,9.917375587787404356e+00
3.367134258491984333e+00,1.002604750861209659e+01
3.495484568388908198e+00,9.928978638065933282e+00
3.482653460379169452e+00,9.938539308511700199e+00
3.457573659099138386e+00,9.957256939607889379e+00
3.338536349697128536e+00,1.005002752952520595e+01
3.496218841120491305e+00,9.928392943414221961e+00
3.482700601608137880e+00,9.938478087267984762e+00
3.438221050666059764e+00,9.971690694506365915e+00
3.483818446283184489e+00,9.937585656192686301e+00
3.415645675506748358e+00,9.988564187967680752e+00
3.424942526120367869e+00,9.981545538217735825e+00
3.529511893984163873e+00,9.903447784568601975e+00
3.376864652531923472e+00,1.001804337999267069e+01
3.384672228477891842e+00,1.001191752710673200e+01
3.530419291690812145e+00,9.902752521505977512e+00
3.375420122695248715e+00,1.001916984359018237e+01
3.297976950426444898e+00,1.008790020259821851e+01
3.386678646229415168e+00,1.001032724168218380e+01
3.441335933103203626e+00,9.969212867348183238e+00
9.905639676228975787e+00,4.845199147694166264e+00
3.462339721662879732e+00,9.953498750690096486e+00
3.418051779420669511e+00,9.986617004299912281e+00
3.551921966356784921e+00,9.886668129455388865e+00
3.386380055789714127e+00,1.001049852833165765e+01
9.946452575919977335e+00,4.792476830253724174e+00
9.927078463312064116e+00,4.816585180840156966e+00
3.353621021686312709e+00,1.003681345455822616e+01
3.419626975034676164e+00,9.985388449048878456e+00
3.546704554545860422e+00,9.890503963471759974e+00
3.518173483730752338e+00,9.911747505306054862e+00
9.930259532629493791e+00,4.812470096096410188e+00
9.907842917445929487e+00,4.842035797260765051e+00
3.387898260618516844e+00,1.000927222479276502e+01
3.363699618908805977e+00,1.002843979614894288e+01
3.473626969959110689e+00,9.944963725255828280e+00
3.482445105101984684e+00,9.938354959387540433e+00
9.949052511122228992e+00,4.789220227914191774e+00
3.390662158429577744e+00,1.000709046416804071e+01
3.490176772348102752e+00,9.932555876045730869e+00
3.345095144388652741e+00,1.004390774079680071e+01
3.444889914588038504e+00,9.966374048049878809e+00
3.344863411560250466e+00,1.004409661905759066e+01
3.513258289096428122e+00,9.915314277288295841e+00
9.944078259021155830e+00,4.795148376834752924e+00
9.943023411761259922e+00,4.796422683132015585e+00
9.937883410666051631e+00,4.802689655283747250e+00
3.382619029368611585e+00,1.001320150157845212e+01
3.383873263188828417e+00,1.001222378698694015e+01
3.355329326319798966e+00,1.003515364889021022e+01
3.297626917870132068e+00,1.008783367880032955e+01
3.294510188356675418e+00,1.009099274922664335e+01
3.366050439252760373e+00,1.002630967288315489e+01
3.536867411584215137e+00,9.897620255326849303e+00
3.462521589762647345e+00,9.953066425920590987e+00
3.412738127996512549e+00,9.990292080200712022e+00
3.298597774265420668e+00,1.008676688151086864e+01
3.502832666756418689e+00,9.922940832984181725e+00
3.297256145546037409e+00,1.008809990836516945e+01
3.292006788774538339e+00,1.009346125295643937e+01
9.904700652594220500e+00,4.845947780368806690e+00
9.938810174244482099e+00,4.801354485002053529e+00
9.913399551041319313e+00,4.834060322502402585e+00
9.893418781472073320e+00,4.861798180028531924e+00
3.458076651193559670e+00,9.956275979131579135e+00
3.319489340826784041e+00,1.006643372267688363e+01
3.546225822873261713e+00,9.890531437862760455e+00
9.901393727213619655e+00,4.850460803247861108e+00
3.321514750585445430e+00,1.006452188075446763e+01
3.291521202742065721e+00,1.009385111902560261e+01
3.571506913628019753e+00,9.871706303079593070e+00
3.571588995431583591e+00,9.871642908117282289e+00
3.292576877127209922e+00,1.009272714623496192e+01
9.913814449689173358e+00,4.833400943256664917e+00
3.443875835744945935e+00,9.966832500995201016e+00
3.340240069505641785e+00,1.004773799781523991e+01
3.311633984745050441e+00,1.007374494242058383e+01
3.291061703784167847e+00,1.009422665847848144e+01
9.901954894430630816e+00,4.849535288633799901e+00
3.550370017188517302e+00,9.887268644685866192e+00
9.892940456425314721e+00,4.862163965320829284e+00
3.522722114157817330e+00,9.907811988823967297e+00
9.906522428720149875e+00,4.842987710225188813e+00
3.564429657387870432e+00,9.876730386585943933e+00
3.545461029693535604e+00,9.890831465635198327e+00
3.428056413733373553e+00,9.978427373164311831e+00
3.510856247745755443e+00,9.916576576659061004e+00
3.582894506356518960e+00,9.862971503528997985e+00
9.900902400204426357e+00,4.850668853149343818e+00
3.305149422483217858e+00,1.007963604052389783e+01
9.913629415830140346e+00,4.833232102928969987e+00
3.444568884260542863e+00,9.966012392358015504e+00
3.458589042832474814e+00,9.955499582070100217e+00
3.452712860797765959e+00,9.959844666822085912e+00
3.343754071226761049e+00,1.004424658610944299e+01
9.905824507929976264e+00,4.843683573199741410e+00
3.292297053365538684e+00,1.009237341980505853e+01
3.447398551418178414e+00,9.963772655230128450e+00
3.301022751663314825e+00,1.008350209958458699e+01
3.535701628007922981e+00,9.897888007349028072e+00
9.893171052107151198e+00,4.861396689932272253e+00
9.906336297416133974e+00,4.842896814187774623e+00
3.515034832337205817e+00,9.913248897499872925e+00
9.943452035073123696e+00,4.794865077005078469e+00
3.563796444796055507e+00,9.876942349304002278e+00
9.909231403569430441e+00,4.838869788213768786e+00
3.587396867006045653e+00,9.859401056471387648e+00
3.339811758602253988e+00,1.004749143547179635e+01
3.412826549448704672e+00,9.989521972683231610e+00
3.484707391911338270e+00,9.935772217732214528e+00
9.910563970325458882e+00,4.836968040799556334e+00
3.464717943392827681e+00,9.950644016295843386e+00
9.939119600128011101e+00,4.799983630332712359e+00
3.519260163918525031e+00,9.909921866189606021e+00
9.934627911095365249e+00,4.805495595360979699e+00
3.294605833845840603e+00,1.008962426729285689e+01
3.391566095384679347e+00,1.000535129458853234e+01
3.372457419295998626e+00,1.002021302920681300e+01
3.566920220274643505e+00,9.874426057440844673e+00
3.349983456410486671e+00,1.003858792190039573e+01
3.496702268689761084e+00,9.926672834697191306e+00
9.927081230959760916e+00,4.814958640804798407e+00
9.903816095670483932e+00,4.845958769445898540e+00
3.370017337167531046e+00,1.002211311764320989e+01
3.367512414223187811e+00,1.002412082675484406e+01
3.332917879760414426e+00,1.005320293626470907e+01
3.347535990285027907e+00,1.004054849517546621e+01
3.316417155634336034e+00,1.006816965455242041e+01
3.363122442820152269e+00,1.002758695925566279e+01
3.543123315035936471e+00,9.891994017518902282e+00
9.923638397286932644e+00,4.819252141172556847e+00
3.577244795503220054e+00,9.866615842669620662e+00
3.334764396954843946e+00,1.005149025962998799e+01
3.536207557182886596e+00,9.897089567294074186e+00
3.553496009476327711e+00,9.884224010280235007e+00
9.915705010335516434e+00,4.829579562710480722e+00
3.421588904152466526e+00,9.982590859688839302e+00
3.333833873876803189e+00,1.005219980954053227e+01
9.936748993965034416e+00,4.802449080933910430e+00
3.389763075880977805e+00,1.000645036421211032e+01
3.299177197323976074e+00,1.008454842334238322e+01
9.903205544513301817e+00,4.846432053201137791e+00
9.939796208838137304e+00,4.798590026893449156e+00
3.445875116779983038e+00,9.964313813651454410e+00
9.895620702009809477e+00,4.857030988710046238e+00
3.392484032746884370e+00,1.000429850598374770e+01
3.568173553996509817e+00,9.873147262582422812e+00
3.495878918027335747e+00,9.926927460873862685e+00
3.379722955112732130e+00,1.001407375279696943e+01
3.490490940369566530e+00,9.930889450301584986e+00
3.469777808755506676e+00,9.946332572957322427e+00
3.304865836072140350e+00,1.007871648276988275e+01
3.463817438318664621e+00,9.950725960999115216e+00
9.891392600816423908e+00,4.862787791210694266e+00
3.428634282974460046e+00,9.976993721469245457e+00
3.535389890928750223e+00,9.897341740254967490e+00
3.357852240001351962e+00,1.003141954703579763e+01
3.536002198789028661e+00,9.896861846563057341e+00
3.301916407415729005e+00,1.008144000614147906e+01
3.516323953029889537e+00,9.911491719599682781e+00
3.522962873493961311e+00,9.906546669225892998e+00
3.596721045217848189e+00,9.851734180112577732e+00
3.431851448634728907e+00,9.974525365758088569e+00
9.930758279372081887e+00,4.809458421996903432e+00
3.437821548977388009e+00,9.970049798660884477e+00
9.909698820391028562e+00,4.837033857340404808e+00
3.415412522118276062e+00,9.986776739005767567e+00
3.292328803643035151e+00,1.009090101224504998e+01
3.519239371004569072e+00,9.909199163930201948e+00
3.434365135601674890e+00,9.972528372293000487e+00
3.489733089361007234e+00,9.931176398051144716e+00
9.938454203570252332e+00,4.799653451413948169e+00
3.503241043421092105e+00,9.921086727767052693e+00
3.476628284659742718e+00,9.940913235414976512e+00
3.282812361686100466e+00,1.010076650657451403e+01
3.513144316821613877e+00,9.913654277380315349e+00
3.371233558842071876e+00,1.002032148599305827e+01
3.570586140099366368e+00,9.870917553282156476e+00
3.470386024242135825e+00,9.945510917964105246e+00
3.463530208207385108e+00,9.950615261658965593e+00
9.912750819687403236e+00,4.832613482563624885e+00
3.485770705149633386e+00,9.933999391817279090e+00
3.360480570225317543e+00,1.002888480257561454e+01
3.299525332336204819e+00,1.008334772655455858e+01
3.383839046390944016e+00,1.001033416620354366e+01
3.499910153753337916e+00,9.923409972506181731e+00
3.286455623203108356e+00,1.009665116464732826e+01
3.399182921408735236e+00,9.998642291341264254e+00
3.506771031719156717e+00,9.918259339691855914e+00
3.308814380020250301e+00,1.007422036858695336e+01
3.495485727664714215e+00,9.926652926527614440e+00
3.539296579025265288e+00,9.894026477946685105e+00
3.399816250181161958e+00,9.998139866714581103e+00
3.460372419021376711e+00,9.952829558705758473e+00
3.294382271652860350e+00,1.008838026069947169e+01
3.438991809706559266e+00,9.968791648632885583e+00
3.574425176688206918e+00,9.867892518836672622e+00
9.946165611300033405e+00,4.789852973735505337e+00
9.909367470644474096e+00,4.836914382922739897e+00
3.355288750893116401e+00,1.003298196478053583e+01
3.300511229197346186e+00,1.008217041293506711e+01
3.541313494921910721e+00,9.892445293127655859e+00
7.526363673431006873e+00,7.162677896860928151e+00
9.891813720217909278e+00,4.861380915258173729e+00
3.576171258869608405e+00,9.866494572641242300e+00
3.498184434137899590e+00,9.924490405486679379e+00
3.324033914357801933e+00,1.005986594295675474e+01
3.478061739140118291e+00,9.939478782869889173e+00
3.370723414129077167e+00,1.002034849168153841e+01
9.892306334793177669e+00,4.860535943444055818e+00
3.427008182440211215e+00,9.977584689636529447e+00
3.413196895343087345e+00,9.987915616124283247e+00
9.912991614693449804e+00,4.831809821664863946e+00
3.307000583726183329e+00,1.007563206647607146e+01
9.905657965817827204e+00,4.841736005283157951e+00
3.529173242708995684e+00,9.901322849954153682e+00
3.604721532908317982e+00,9.845134575880344130e+00
9.897247974347589405e+00,4.853265428328650266e+00
3.423394191072712811e+00,9.980118265778580522e+00
3.432295432380111144e+00,9.973398580108078448e+00
3.483528671010273747e+00,9.935136216049459179e+00
3.441982656131018281e+00,9.966132648239081959e+00
3.333493007087238169e+00,1.005106118143594074e+01
3.282123654977667560e+00,1.010044893866151661e+01
3.464276283527518707e+00,9.949446786034375378e+00
3.306737596675858093e+00,1.007552482993868104e+01
3.608071510447605323e+00,9.842484996830492605e+00
3.292203778426209482e+00,1.008988215715745618e+01
9.930038261590219406e+00,4.809153539342291062e+00
3.526912733338248174e+00,9.902735267729132929e+00
9.921679339640203210e+00,4.819885661206685157e+00
9.896344817431508289e+00,4.854294875473409654e+00
3.507116492841291233e+00,9.917443825928435430e+00
3.420154584042995882e+00,9.982360985716608681e+00
9.890770937546978558e+00,4.862217267295818601e+00
3.494033676463572213e+00,9.927103795632220340e+00
3.620676328571772018e+00,9.833018812046843138e+00
9.917014277463621852e+00,4.825845103798331870e+00
3.298765476596314361e+00,1.008309515084772912e+01
3.318228339263441296e+00,1.006454377151243484e+01
3.318654384267351265e+00,1.006412547208837971e+01
3.530221586622888097e+00,9.900132459698918197e+00
9.937115720670199437e+00,4.800039206215304333e+00
3.516264847251823866e+00,9.910494724981303349e+00
3.544746942137937396e+00,9.889297524974747233e+00
9.913173625104130693e+00,4.830869378597082431e+00
3.598637914902083068e+00,9.849289327843367303e+00
3.438491702223552604e+00,9.968490638747068644e+00
3.313053502554046403e+00,1.006926015920152473e+01
3.430789794739208975e+00,9.974213160226170771e+00
3.583279014454592737e+00,9.860605429555107548e+00
3.325667869006062816e+00,1.005754812033093337e+01
3.568382726228431334e+00,9.871589920830970755e+00
9.947304973493306335e+00,4.787366249365154758e+00
3.620031546323223104e+00,9.833268708849555395e+00
3.433957286723586133e+00,9.971705814388535316e+00
3.577084187009250016e+00,9.865086114068533973e+00
3.442994959535445876e+00,9.964892769499492431e+00
3.324345934085422449e+00,1.005859700779230614e+01
9.920432618586172424e+00,4.820915025487588323e+00
3.494799777650235306e+00,9.926185187336701077e+00
3.486948463816796906e+00,9.932033450387987017e+00
9.946850160465569246e+00,4.787726610346304312e+00
3.295978299339674678e+00,1.008533248085096545e+01
3.404576883293160883e+00,9.993550962926656567e+00
3.617992455702891963e+00,9.834644998410025707e+00
9.946671364634754653e+00,4.787914142507029958e+00
3.366281513815406967e+00,1.002296822916850871e+01
9.932649748315492744e+00,4.805108122045584018e+00
3.366356372999665059e+00,1.002289365990639425e+01
9.917493701660388794e+00,4.824612565206442660e+00
3.529109981402128504e+00,9.900565209267846001e+00
9.935002521588039315e+00,4.802121669396042236e+00
3.623541370903711645e+00,9.830483960771969620e+00
3.546068569059026121e+00,9.887939663364122111e+00
3.619576718862466791e+00,9.833375922926682833e+00
3.359268160739683928e+00,1.002853718302272412e+01
3.470085812357026178e+00,9.944461155676618702e+00
9.894623815210948692e+00,4.855794915905294218e+00
3.333275777119943495e+00,1.005039302248312971e+01
9.934161849745143158e+00,4.803011426405168649e+00
3.505522492745303254e+00,9.918000108357555078e+00
3.596434383063690898e+00,9.850438903042091354e+00
3.531885872791990622e+00,9.898357849958511423e+00
3.282223094498315952e+00,1.009919885124734407e+01
3.314587124337994073e+00,1.006712213351137208e+01
9.947760754930158100e+00,4.786268151058118647e+00
9.891149314694240857e+00,4.860580400935739398e+00
3.549815610686163581e+00,9.884958076208569366e+00
3.592958337497942800e+00,9.852927115067869224e+00
3.533544915445808510e+00,9.897040683432820174e+00
3.296686447713716106e+00,1.008419412169438623e+01
3.280682688400713864e+00,1.010067454088307315e+01
3.570128769146877268e+00,9.869834126447649680e+00
9.945562458871796352e+00,4.788787401642897734e+00
9.930530236061960281e+00,4.807338574471924808e+00
3.502191181747136728e+00,9.920312341744349283e+00
3.544398810364218111e+00,9.888880049169095798e+00
3.288421963684278193e+00,1.009243063988592404e+01
3.274245066304134699e+00,1.010753938957338072e+01
3.495807963436951216e+00,9.924998998814604789e+00
3.440851470786971067e+00,9.965997366937427770e+00
3.360647011897644809e+00,1.002705430280700227e+01
9.899851367516347977e+00,4.848006560798244990e+00
3.579984902787383128e+00,9.862399339977830692e+00
9.925858006141858425e+00,4.813153371200044717e+00
3.619455829976453209e+00,9.833143711333901749e+00
3.469542550058435371e+00,9.944552181397867230e+00
3.607637328083298289e+00,9.841892699427264191e+00
9.889391245058121171e+00,4.862845027045644919e+00
3.607540422831360338e+00,9.841955172959282905e+00
3.278754509887613189e+00,1.010251323826836867e+01
3.484592402573351677e+00,9.933315437517933333e+00
3.636636368043638878e+00,9.820403874419087131e+00
3.315453392116808118e+00,1.006600744500286915e+01
3.286042390169868987e+00,1.009476202034631953e+01
3.568567067088175726e+00,9.870839301214806127e+00
3.512526777722217997e+00,9.912476443882610511e+00
3.424271232061412817e+00,9.978306981443969548e+00
3.631877937970631631e+00,9.823859248650592235e+00
3.327872199805847142e+00,1.005467429529346468e+01
3.499330559133886354e+00,9.922244304651529845e+00
3.473089890774158750e+00,9.941778744623876563e+00
9.893747193576130528e+00,4.856368024745252754e+00
3.284198060057811119e+00,1.009646089497575261e+01
3.474834840088541377e+00,9.940420670306032491e+00
3.343498018854024423e+00,1.004100122139678497e+01
3.482197491221611152e+00,9.934893670593121229e+00
9.908646735738948053e+00,4.835541825045198472e+00
3.496404579549183822e+00,9.924293195457675409e+00
3.572581551762822549e+00,9.867651492512422351e+00
3.453506875749838834e+00,9.956262472492989346e+00
3.490383224958408803e+00,9.928745091179123961e+00
3.550843604788402441e+00,9.883751800181363123e+00
9.886733563193905283e+00,4.866284002512011320e+00
9.901875602231392293e+00,4.844726917614619488e+00
3.558991251770317721e+00,9.877679059741440781e+00
9.901535246751887342e+00,4.845180798271532474e+00
3.538115720913983964e+00,9.893160288864763174e+00
3.317493887101373495e+00,1.006371251261203170e+01
3.504000576559971769e+00,9.918526343324844063e+00
3.393914991987609042e+00,1.000069183680469642e+01
3.297863169042130949e+00,1.008227584446459524e+01
9.907600469308235347e+00,4.836728088209883758e+00
3.533626780118865884e+00,9.896437953170885038e+00
3.323828607814702796e+00,1.005791142454883591e+01
3.505050498083535970e+00,9.917694387304688775e+00
3.297688374806019951e+00,1.008241338617120952e+01
3.327108899004863840e+00,1.005495865338805395e+01
9.915267517288771870e+00,4.826375732329199586e+00
3.306965505319923171e+00,1.007341468202867141e+01
3.323184438512158057e+00,1.005843836843159700e+01
3.464514155142924601e+00,9.947840413887403699e+00
9.925229298187121074e+00,4.813292668066823765e+00
3.304110049598072418e+00,1.007604984886724253e+01
3.581858605337117307e+00,9.860516499349518682e+00
3.458894360549264135e+00,9.951988523040094847e+00
3.629208965941745024e+00,9.825434868956540058e+00
3.623546458514395496e+00,9.829624773333527799e+00
3.623599591626182725e+00,9.829577903403469818e+00
3.387465971276933718e+00,1.000541466630522258e+01
9.928523160081580201e+00,4.808972538167007649e+00
3.606309957048232206e+00,9.842348934646471648e+00
3.407034121349122202e+00,9.990686405013489590e+00
3.371291389340286937e+00,1.001789780614187819e+01
9.933366278091650514e+00,4.802817775692628466e+00
3.636376383496545017e+00,9.820072022408762535e+00
3.435594016085460112e+00,9.969309885453411013e+00
3.368686578926511022e+00,1.001993468078766192e+01
3.294924287131705931e+00,1.008488366060541352e+01
3.281821861636319060e+00,1.009831098074214673e+01
3.389107843748270898e+00,1.000408313028310126e+01
3.549163586786223679e+00,9.884687281935791603e+00
3.335433335772890917e+00,1.004743563328150913e+01
9.930144949801997356e+00,4.806803679049092004e+00
3.390232179896120801e+00,1.000319755326238358e+01
9.887917492042525680e+00,4.864021751904076041e+00
3.624927465201094545e+00,9.828465274328756607e+00
3.462010722592144152e+00,9.949497901589111848e+00
9.895130646920041073e+00,4.853552631118471794e+00
3.615069515733798866e+00,9.835687462525804392e+00
3.356307550665863282e+00,1.002974259544954627e+01
3.304468535716054145e+00,1.007538029937003365e+01
9.926921816252377795e+00,4.810724144501518751e+00
9.917707924014335319e+00,4.822674234005741134e+00
3.519632045830792588e+00,9.906496437478230277e+00
9.914922121740657346e+00,4.826338009089626624e+00
3.486257294991199629e+00,9.931323748713083432e+00
3.621450884681495896e+00,9.830924658549857753e+00
3.283180322010777363e+00,1.009658557429956538e+01
9.947542600432106141e+00,4.785137979735496039e+00
3.650835006543655670e+00,9.809161162329074202e+00
3.315289248039458680e+00,1.006514262732369325e+01
9.899785364162834611e+00,4.846853772754796452e+00
9.942591606855508246e+00,4.791064313916263195e+00
3.308123934857210013e+00,1.007177035602209791e+01
3.465616092608204912e+00,9.946642708235446051e+00
3.588229251490754557e+00,9.855468773473440081e+00
3.274163172486793449e+00,1.010610625365200299e+01
9.883187470480621073e+00,4.870578873517334095e+00
3.489179639547333345e+00,9.929021345316847658e+00
9.895843291987187484e+00,4.852289884019861610e+00
9.934977083062593195e+00,4.800310268447498530e+00
3.304506905400401262e+00,1.007508609381141262e+01
3.280681517709183037e+00,1.009900478148959202e+01
3.436308365688922173e+00,9.968408083723639734e+00
3.631821067106679735e+00,9.823078141496774052e+00
9.906819698914024031e+00,4.836947212023931186e+00
3.292245434109400293e+00,1.008701774918067784e+01
3.408389810641947459e+00,9.989225265145179833e+00
3.345680836050255458e+00,1.003820738933074175e+01
9.882747786281750990e+00,4.871002592625318428e+00
9.919987155753197783e+00,4.819268895660568042e+00
3.469818098032797060e+00,9.943311327152644097e+00
9.941834757112795629e+00,4.791686433541834766e+00
3.525921191741855143e+00,9.901516067338592464e+00
9.949448830190441129e+00,4.782496304898820938e+00
3.607602753365536596e+00,9.840897863787077426e+00
3.607490944132291766e+00,9.840970039848496498e+00
4.589736652357613522e+00,9.451090663441464201e+00
9.920778701931919130e+00,4.818113628578053032e+00
3.478707073414155637e+00,9.936596057759942369e+00
3.327476137401843559e+00,1.005373617301442835e+01
3.410806550604615683e+00,9.987276194168115850e+00
3.272730825862387061e+00,1.010724983559613754e+01
3.410634138987311825e+00,9.987394494704796344e+00
3.343368185998704778e+00,1.004000155586159693e+01
9.902930629949015184e+00,4.841973515639408809e+00
3.311530276223047409e+00,1.006812259860733150e+01
3.629583205305745963e+00,9.824511594671864856e+00
3.622999896365101336e+00,9.829374810113026939e+00
3.442379982901873969e+00,9.963608090112320070e+00
3.620059036373749706e+00,9.831471677201864878e+00
3.390651717664564302e+00,1.000214263004821724e+01
3.370042472579418469e+00,1.001801388584252450e+01
9.912621042526613024e+00,4.828525184705075191e+00
3.369577790837206877e+00,1.001837313959787856e+01
9.894695868637422009e+00,4.853195558291352185e+00
3.644755233378238923e+00,9.813105919634097063e+00
3.545656555162346013e+00,9.886535259357989602e+00
3.616732299725053501e+00,9.833835456384855789e+00
3.454032817112525855e+00,9.954730828758865613e+00
3.375358834002166297e+00,1.001379927536190806e+01
3.494245710526294069e+00,9.924723224841400793e+00
3.506994856513068637e+00,9.915229724452201410e+00
3.377249346721417300e+00,1.001230307726751967e+01
3.345098774978072065e+00,1.003822011083756749e+01
3.426893718108192655e+00,9.974935002103833881e+00
3.526745563559874341e+00,9.900485847734080025e+00
9.888668823924726681e+00,4.861666070437524745e+00
3.566487570087277348e+00,9.870967695966928801e+00
9.914041001177071877e+00,4.826405768443301270e+00
3.442954006322385130e+00,9.962858838206457790e+00
3.548435357560193903e+00,9.884318060750501900e+00
7.395905604752210927e+00,6.841925168086218534e+00
8.061751626572384311e+00,6.314305450264091846e+00
7.000131243576769080e+00,7.155524755822728622e+00
9.643384839497706196e+00,5.061028764286775505e+00
8.932791442612376898e+00,5.624105847073809450e+00
5.839699005203868865e+00,8.075018316138219632e+00
3.312298070967214070e+00,1.007774906990767683e+01
5.136968088241290253e+00,8.631888667350624544e+00
6.465186826699812705e+00,7.579386145060669655e+00
5.339207281001388417e+00,8.471618949378196817e+00
7.192902750285719904e+00,7.002778144585915854e+00
8.991428367857071891e+00,5.577617386736429594e+00
8.276349342734993897e+00,6.144262528696649461e+00
4.755461594991462704e+00,8.934168716106199781e+00
6.513274186272800748e+00,7.541293512032551938e+00
4.731626943517122541e+00,8.953065676749947244e+00
9.393324395848335229e+00,5.259174617967086185e+00
5.018266480000204588e+00,8.725946460324164988e+00
6.406419544484178275e+00,7.625985544631077140e+00
3.491012526905842073e+00,9.936137590269318309e+00
3.736463766340562209e+00,9.741631452311088069e+00
9.674872244864138437e+00,5.036060761847050316e+00
8.619991470361393127e+00,5.871965861249472063e+00
6.760554152856895982e+00,7.345371622338941364e+00
7.224661281403742308e+00,6.977608152959994037e+00
9.890782065920490140e+00,4.864987067782696073e+00
9.079557223757714013e+00,5.507789383029757957e+00
4.963026956442114113e+00,8.769706111591442976e+00
7.812061629209414271e+00,6.512153358911448642e+00
3.814995512333175132e+00,9.679389068725138046e+00
3.574109611420800192e+00,9.870276054578537739e+00
5.864372285184096256e+00,8.055488574590933482e+00
4.761753850851990322e+00,8.929207437781435885e+00
5.624308351079134738e+00,8.245702504427699253e+00
3.846982612652090516e+00,9.654044734516658011e+00
3.752619768383977039e+00,9.728807315975526393e+00
3.494936576951159335e+00,9.933029549823034543e+00
4.557955591998830158e+00,9.090692932265348247e+00
8.170853144190793671e+00,6.227830589944230333e+00
5.667221574663047434e+00,8.211685352928833836e+00
3.991428772800212244e+00,9.539602992235558077e+00
8.546307383604835550e+00,5.930321874868108800e+00
5.254021512843910280e+00,8.539117929416031316e+00
9.896038771948333590e+00,4.860832443137111269e+00
4.007174109732207334e+00,9.527118436017316228e+00
3.591968376092092186e+00,9.856110133474260238e+00
7.195492632193497329e+00,7.000716766141263925e+00
6.204711338101388307e+00,7.785804814962554055e+00
9.921295584109257604e+00,4.840792968554509024e+00
6.338040910449135978e+00,7.680163798254135976e+00
5.436598958493723543e+00,8.394442628806256579e+00
8.131974381204816638e+00,6.258633231225020133e+00
9.432112152471912481e+00,5.228443760717714106e+00
8.112065090578717275e+00,6.274422760553062695e+00
7.406352797349767592e+00,6.833627238233272116e+00
7.271417106452537027e+00,6.940547403809557814e+00
9.039553874780470011e+00,5.539500585645444453e+00
5.203766111973560093e+00,8.578942743464050835e+00
3.740597796663245767e+00,9.738341303261144333e+00
5.123407873442497262e+00,8.642626748808757142e+00
5.189133421790022460e+00,8.590528725313840042e+00
7.859711323720453002e+00,6.474402106037143056e+00
8.453918960854776898e+00,6.003538900348606155e+00
6.764874958604247368e+00,7.341929140612015736e+00
5.089526394087823924e+00,8.669482317392889215e+00
3.758213517363658163e+00,9.724391987313712349e+00
4.018412723408127718e+00,9.518201285080561291e+00
7.512496296510758675e+00,6.749515837294919329e+00
8.130088404510747324e+00,6.260139395351007607e+00
9.847865517055907958e+00,4.898973140153810135e+00
8.520491997323363265e+00,5.950798740487114991e+00
4.254976458777783854e+00,9.330773332691217448e+00
9.097197324849306099e+00,5.493826843602163557e+00
9.560146919348397887e+00,5.126967068243962089e+00
7.442382576817868411e+00,6.805061926302017561e+00
5.532955744293376554e+00,8.318092068186855315e+00
4.638005655806328953e+00,9.027242801733235567e+00
4.505329522276521281e+00,9.132400819876115960e+00
5.347032761341937501e+00,8.465432932511559372e+00
9.387181555718488113e+00,5.264056905757197313e+00
7.655577920345967513e+00,6.636132693730935728e+00
9.434537003949429845e+00,5.226493172574389057e+00
6.506086414935982276e+00,7.547008073423740804e+00
8.449483606681438275e+00,6.007040819391495035e+00
5.696604661057135033e+00,8.188422035639145946e+00
9.922328947108795205e+00,4.839999607124791936e+00
4.579886647522621423e+00,9.073304217571202201e+00
5.954552119507347641e+00,7.984021509737011968e+00
7.243238922180605499e+00,6.962900437130263853e+00
7.326686048721163580e+00,6.896751898882448550e+00
8.221730388106578857e+00,6.187511960603039540e+00
3.539602744357456920e+00,9.897634752407943992e+00
9.571944663528121566e+00,5.117649679185294787e+00
8.896101009475033905e+00,5.653160892098008539e+00
4.680572196926403805e+00,8.993501332156393246e+00
5.303630911887854182e+00,8.499808876904527466e+00
5.902910275113994132e+00,8.024939098149491912e+00
7.044690581221194847e+00,7.120219612021199573e+00
5.422495316549978739e+00,8.405618038568805517e+00
4.671034891397648714e+00,9.001065882247999639e+00
9.830741508761674297e+00,4.912564523537906069e+00
7.713777018885175529e+00,6.590037594923317421e+00
5.236963356654190882e+00,8.552655203518668259e+00
6.703860315331763076e+00,7.390298465869025613e+00
3.896373507636854860e+00,9.614901027293118574e+00
3.546774972912669632e+00,9.891930550495874996e+00
8.336292819986143243e+00,6.096749352937330890e+00
5.364946360633481071e+00,8.451242157530757027e+00
7.878433175937955113e+00,6.459561719398778656e+00
5.686171057857386302e+00,8.196705816690620594e+00
7.088160364038770922e+00,7.085777297861061363e+00
7.843315044709850525e+00,6.487392230457586173e+00
6.938954046869143966e+00,7.203979062259937116e+00
6.237528963711527652e+00,7.759817594353672021e+00
3.685036472042486633e+00,9.782373214060179123e+00
3.778887304455157192e+00,9.708004156534562057e+00
6.949920820705031588e+00,7.195321114800788287e+00
8.154810606132221196e+00,6.240573835628389077e+00
3.474703928778139606e+00,9.949044082093854158e+00
8.695890445661035528e+00,5.811795577596063467e+00
6.307167030754316173e+00,7.704612866578919750e+00
4.796751243991659308e+00,8.901460958180518190e+00
6.713167453201723589e+00,7.382897167978355490e+00
6.473124431059278372e+00,7.573132149077156150e+00
4.090922294707523221e+00,9.460749097138492658e+00
4.115245807243628207e+00,9.441480759917110888e+00
5.689607154747474027e+00,8.193988978607084306e+00
8.716768562089683314e+00,5.795266477445756514e+00
6.511322982877731924e+00,7.542851670459167934e+00
7.291201368596841093e+00,6.924872998875189367e+00
7.339676875931699485e+00,6.886461370160540163e+00
4.803009029561535748e+00,8.896488405347446005e+00
6.528869703796289059e+00,7.528935981368635844e+00
7.308150855130223889e+00,6.911454909165584581e+00
3.468902355330284237e+00,9.953633542364002551e+00
3.433297147428085339e+00,9.981841814441706262e+00
5.118001942456112729e+00,8.646918886364085566e+00
7.608063668874484264e+00,6.673815722651982973e+00
5.306084539559117630e+00,8.497880096225687296e+00
4.659031758169507320e+00,9.010596702270404990e+00
3.376249680188795121e+00,1.002705164329241860e+01
3.722991349938282291e+00,9.752295127747794723e+00
4.765519949166192148e+00,8.926191423042162398e+00
8.274224587528820507e+00,6.145924710399644830e+00
9.039594172345385203e+00,5.539457616674870799e+00
5.308361005340489491e+00,8.496080232550923483e+00
8.728293933733219490e+00,5.786145033570718077e+00
7.066897813807441864e+00,7.102604434694099744e+00
9.614086920768851741e+00,5.084232352046112346e+00
5.311039266361442301e+00,8.493936532048126153e+00
4.810338138919068918e+00,8.890681175031668104e+00
3.722153024296413371e+00,9.752975698205604616e+00
5.930041882912997053e+00,8.003441566593505030e+00
9.744284379673144869e+00,4.981063095133754892e+00
9.808303596935747493e+00,4.930351389513869087e+00
4.145467252923324075e+00,9.417552432125633644e+00
7.574871612641285168e+00,6.700090190449821570e+00
7.589484929673758984e+00,6.688518612699491328e+00
3.675553575314620680e+00,9.789897287130191472e+00
6.896286686912715957e+00,7.237801497438418608e+00
7.948343212323064400e+00,6.404166065230586291e+00
4.889552661009956225e+00,8.827930574947414399e+00
8.062446137577376604e+00,6.313764909251140978e+00
6.468312797968486905e+00,7.576945599606343507e+00
8.280349344793318522e+00,6.141067368482377553e+00
8.861972018147266539e+00,5.680229786831889172e+00
8.319854660889795639e+00,6.109792310582406571e+00
7.632515554296494642e+00,6.654439678879217723e+00
6.129581614357878294e+00,7.845330958848690805e+00
4.610404320599068129e+00,9.049109933737488731e+00
9.681497902591932103e+00,5.030812565881080722e+00
8.907750866650129495e+00,5.643936520715505445e+00
9.864988874501374738e+00,4.885437546657414920e+00
7.968705474117397713e+00,6.388033275873364225e+00
6.085239601480764371e+00,7.880454418338738165e+00
6.635472173282265018e+00,7.444462515331587760e+00
4.743167468298135070e+00,8.943935101259681275e+00
7.048830396825605860e+00,7.116921800470971782e+00
7.135905996212196456e+00,7.047931893152260763e+00
3.408775593308389418e+00,1.000127887251326264e+01
8.093423036090401368e+00,6.289208578521276571e+00
7.863670646980707168e+00,6.471267831245744340e+00
6.019454049084863811e+00,7.932618879327341332e+00
6.935618526545187734e+00,7.206650012202161726e+00
6.718648149858534424e+00,7.378548563995857457e+00
9.586326072777225704e+00,5.106235662813348064e+00
9.206337183765793242e+00,5.407316194289559341e+00
8.221780643825617574e+00,6.187478979257201139e+00
6.942577437712646571e+00,7.201108305037683621e+00
9.282060773949805110e+00,5.347318351611083820e+00
5.007903112066199647e+00,8.734160629900065587e+00
4.841305725616749100e+00,8.866142665833020686e+00
8.026320112801840878e+00,6.342363382422341544e+00
7.903119049061491985e+00,6.440002352456605017e+00
5.713275170224084931e+00,8.175202192265240697e+00
7.528543952511757453e+00,6.736826879164314441e+00
7.250897744743317830e+00,6.956797469854669735e+00
5.232557759278288145e+00,8.556134041415440095e+00
8.304666769734570408e+00,6.121822727485179527e+00
7.516730074615117552e+00,6.746163945732173595e+00
3.488438712200593095e+00,9.938151622122518347e+00
6.503436042084135948e+00,7.549098797871153010e+00
5.249051707849527126e+00,8.543065416689895386e+00
5.684822352590716221e+00,8.197752124356313175e+00
9.247100608213969508e+00,5.375053439657748733e+00
8.442447440030242944e+00,6.012640496197360740e+00
5.911871403597080743e+00,8.017849526806383409e+00
7.002758717955973822e+00,7.153449350273089813e+00
3.996178430509153223e+00,9.535827478486705644e+00
7.811182489143949859e+00,6.512835068593725296e+00
9.039277845215714535e+00,5.539692791550809403e+00
4.557445771667874901e+00,9.091078161510282030e+00
8.449996601138821006e+00,6.006659734002575135e+00
5.420977422835191462e+00,8.406835593015482999e+00
6.213998740951412358e+00,7.778423936335899569e+00
9.509220866789060977e+00,5.167319285553813479e+00
5.052162330173783467e+00,8.699085208886195630e+00
4.600217097957806978e+00,9.057204991557531670e+00
4.624137484519680541e+00,9.038231478584716427e+00
9.269976946625499536e+00,5.356927040719051014e+00
4.545340017136175526e+00,9.100658207207802164e+00
4.415062246521039846e+00,9.203908677585447506e+00
6.971157417354302943e+00,7.178494067950579982e+00
8.418648565408858531e+00,6.031513234283525371e+00
8.629778616601988972e+00,5.864184005362775842e+00
9.460151450564804776e+00,5.206206130883884065e+00
4.065819950743754241e+00,9.480664061803057763e+00
8.674465350130628138e+00,5.828795645973015027e+00
9.521283965380927583e+00,5.157788532052074437e+00
4.065325095644318765e+00,9.481031509903431242e+00
3.846098981918660620e+00,9.654744030350517647e+00
7.361771006346481627e+00,6.868977519022239520e+00
6.670503826280450355e+00,7.416696665011662581e+00
4.374767043298464664e+00,9.235818984616125604e+00
8.971558180302885432e+00,5.593355862808990331e+00
6.189383796667787152e+00,7.797941899568330726e+00
4.470840083186500280e+00,9.159727906199277569e+00
9.579000478954814213e+00,5.112038337001215460e+00
9.948418592688266671e+00,4.819312377001215175e+00
4.161335446459107246e+00,9.404975028991108488e+00
7.358926005001415582e+00,6.871218404145054137e+00
9.947136431459906447e+00,4.820346761993715035e+00
7.845826099229771700e+00,6.485375577806316016e+00
8.389962937312404279e+00,6.054207543427144067e+00
6.672956937585356130e+00,7.414770801444290349e+00
7.125480945473640304e+00,7.056178894303046789e+00
6.157515522134991315e+00,7.823205067130849066e+00
3.401237678336291204e+00,1.000725418876896811e+01
9.143913399217092675e+00,5.456795060577841028e+00
8.555838146535219124e+00,5.922796971252790144e+00
3.784980521239214468e+00,9.703168183169456285e+00
8.151258429632127545e+00,6.243379738387572431e+00
4.870742837963217831e+00,8.842821633165437234e+00
3.678470619675221265e+00,9.787568193521819282e+00
3.892432637903636028e+00,9.618055175169200055e+00
5.142252282074034397e+00,8.627704403751927487e+00
4.012016757796702748e+00,9.523300489417321657e+00
8.692199269448639853e+00,5.814751308185754475e+00
8.751784240331538456e+00,5.767530960145271557e+00
6.300273256721585113e+00,7.710068125692798979e+00
4.882505946575533606e+00,8.833512408062327737e+00
4.005699980069320709e+00,9.528284756669174627e+00
4.841283080286569174e+00,8.866171265011601577e+00
5.909469569666775612e+00,8.019745400808906410e+00
8.804705245188097607e+00,5.725590903223399586e+00
7.599783720670381548e+00,6.680364905318831426e+00
7.071482227553553379e+00,7.098975314583966245e+00
8.903807639888333014e+00,5.647069867669253895e+00
3.959584069517494864e+00,9.564811788412244553e+00
5.861046273321376177e+00,8.058126599675118129e+00
9.526797825885921611e+00,5.153399816924907562e+00
4.556478611656416433e+00,9.091866799318870207e+00
8.169811063082631719e+00,6.228682992281871833e+00
8.497389242932600339e+00,5.969120209072499961e+00
7.466562328103384161e+00,6.785940641362680381e+00
7.738956013551757884e+00,6.570063358132467890e+00
8.501535809266954402e+00,5.965828623423873545e+00
4.575147577905452678e+00,9.077047062387821441e+00
8.331430173228129732e+00,6.100627006642989514e+00
9.883307112657369942e+00,4.870908843480875383e+00
8.326819979845323516e+00,6.104267859747227298e+00
9.565025248903904043e+00,5.123124685056761329e+00
8.830974256819960289e+00,5.704760546817684741e+00
6.839189516935226365e+00,7.283026880114594981e+00
5.327293864609058183e+00,8.481059751535466873e+00
4.070293925601204954e+00,9.477112175177177633e+00
6.691246631837925563e+00,7.400258985209385187e+00
7.072480666687138040e+00,7.098180971623317959e+00
9.737922363292774719e+00,4.986093728284135551e+00
7.748735211884376639e+00,6.562308946986696867e+00
9.120055103197751478e+00,5.475706089324043013e+00
4.560027754602176131e+00,9.089023251693946648e+00
6.279188859104755771e+00,7.726777013580946374e+00
5.664330549561384487e+00,8.213985275227049243e+00
8.940662647233448723e+00,5.617856691952186843e+00
9.214025790214598999e+00,5.401259788007480189e+00
8.425206495257560491e+00,6.026297531214876102e+00
4.413513939473974190e+00,9.205124455154241048e+00
4.144755757982798272e+00,9.418096322579868840e+00
3.291375874834605142e+00,1.009429302967044784e+01
9.262724822895453514e+00,5.362634545427280131e+00
7.635652488671941462e+00,6.651927930436682068e+00
8.041043139318199806e+00,6.330700066153421623e+00
9.807462181197514894e+00,4.931014002567799537e+00
4.452373169931751917e+00,9.174358921639967690e+00
6.926702174818863966e+00,7.213708479536454554e+00
4.293595071863163248e+00,9.300144024454986891e+00
7.929118805820249527e+00,6.419380013067820023e+00
8.174466871766455256e+00,6.224966732283529147e+00
7.121482091983768470e+00,7.059358666231124957e+00
6.164038226111143715e+00,7.818014515815042920e+00
7.187255386970345938e+00,7.007228375114838315e+00
9.641698858675058048e+00,5.062372988578385247e+00
8.133250624530186101e+00,6.257649058287600319e+00
3.678409693388212442e+00,9.787611904197060397e+00
9.558271379128743916e+00,5.128456984251254624e+00
4.802389498413578650e+00,8.897001281983291321e+00
9.226734711513774556e+00,5.391171109857063826e+00
7.192527669811335400e+00,7.003067889881376296e+00
7.974547989019780125e+00,6.383379511860867161e+00
4.202124386208771156e+00,9.372648467202580491e+00
3.631312917119883910e+00,9.824925347540997222e+00
6.180771222301135737e+00,7.804761415540506064e+00
5.374631723183405541e+00,8.443548688492173326e+00
8.895887179978654302e+00,5.653353229961197712e+00
5.237024818223780187e+00,8.552612061069741145e+00
6.692523357383439730e+00,7.399258636490535501e+00
6.161906739511913145e+00,7.819743019509633797e+00
5.288581742451823331e+00,8.511742575555988566e+00
4.838546899185963035e+00,8.868326558116887526e+00
7.397826283194667951e+00,6.840370351932608450e+00
4.483978098873292240e+00,9.149321144280323281e+00
9.465212145523139498e+00,5.202197860427340892e+00
8.982997770162493012e+00,5.584309141654999031e+00
7.837123172650485969e+00,6.492271212636261168e+00
7.177650205435556430e+00,7.014871215229800505e+00
5.312004838115023553e+00,8.493177253106166447e+00
7.424241166519141899e+00,6.819444532625825062e+00
4.205989642801092998e+00,9.369592350337731190e+00
7.548683798174409709e+00,6.720847573822969601e+00
5.045742172513151935e+00,8.704151827179192225e+00
5.536396660735686481e+00,8.315370847796616616e+00
3.413445620454035101e+00,9.997562247605861430e+00
7.086478178952979157e+00,7.087083917762992513e+00
4.626376557379175303e+00,9.036479178954429869e+00
3.986765798625689694e+00,9.543282079965178966e+00
9.077742291342712377e+00,5.509228117772925870e+00
7.179605403679045317e+00,7.013306726048560868e+00
3.871627021052757911e+00,9.634507650349934949e+00
3.513559082083892005e+00,9.918254491851651977e+00
8.073178914952123364e+00,6.305235554105454554e+00
5.788446625735351958e+00,8.115653153555204113e+00
9.094854909427876777e+00,5.495687029434555448e+00
7.985247239555040899e+00,6.374905016730743945e+00
3.706612796689836120e+00,9.765274361739585629e+00
7.531924640653527625e+00,6.734111506868800667e+00
6.013190633753481507e+00,7.937550319376449615e+00
3.717778361814856325e+00,9.756441868184881017e+00
3.486359859217156743e+00,9.939813885783191694e+00
5.108865325093121967e+00,8.654144016858175803e+00
5.137761232485944518e+00,8.631248074869647624e+00
6.643869925841985768e+00,7.437819270540257932e+00
4.783884022411311499e+00,8.911637308020491588e+00
7.899718263650354011e+00,6.442686922934194094e+00
9.304810831884164912e+00,5.329311690537196000e+00
9.805808059949935540e+00,4.932326266117095237e+00
4.128644306150099474e+00,9.430879021583885802e+00
6.504811923377267213e+00,7.548023244925947672e+00
7.743855392276345562e+00,6.566199976514617731e+00
8.815180574052224216e+00,5.717281434226825887e+00
8.627627557686754045e+00,5.865902447242923756e+00
8.312045712663753250e+00,6.115983330100033477e+00
4.965920074400917983e+00,8.767425303338617582e+00
3.612885307133200996e+00,9.839565956290805104e+00
6.112835943831768759e+00,7.858614036531886171e+00
8.553080871311568245e+00,5.924960821412502021e+00
5.776243646115982955e+00,8.125322033788762610e+00
6.931305968179602317e+00,7.210047943087801059e+00
9.220090539948024855e+00,5.396428485349707316e+00
9.495416375486588123e+00,5.178288335364293005e+00
5.000204080104966309e+00,8.740253408267015800e+00
9.774688689835663524e+00,4.956957590006799030e+00
3.392037005108015091e+00,1.001456779583647005e+01
5.115643476760423525e+00,8.648756011984746195e+00
8.661218799797502754e+00,5.839285110830037873e+00
9.337273246755842138e+00,5.303597843759193964e+00
8.579194027379932308e+00,5.904283792789276397e+00
8.754135964564209615e+00,5.765671907516417782e+00
7.552893903306102885e+00,6.717521476960464533e+00
9.938357765199985039e+00,4.827289806466858124e+00
