9.100794544576478184e-01,8.992055835226434035e-02
9.035308692132562047e-01,9.646915171055359117e-02
6.842592855651501438e-01,3.157407392480978126e-01
8.906648706546141936e-01,1.093351019577160355e-01
9.034334220205084698e-01,9.656654169111356101e-02
8.633195380215963333e-01,1.366805037216845820e-01
5.194230350522327511e-01,4.805769226445686382e-01
6.534770581951240276e-01,3.465228844350046744e-01
7.016407595515119500e-01,2.983591807799451656e-01
5.326258600235769247e-01,4.673740730856218994e-01
9.399685803634707515e-01,6.003148666375771741e-02
6.013870863864206884e-01,3.986128344986100136e-01
6.545022185169950824e-01,3.454978638278680680e-01
7.399597222696077115e-01,2.600403654754362415e-01
8.287341352696495633e-01,1.712657746335742581e-01
7.921621241891533272e-01,2.078379762045454993e-01
7.061509968533319359e-01,2.938489017116132085e-01
7.551834474523926310e-01,2.448164438774322882e-01
7.248933372317836188e-01,2.751065371795839987e-01
7.255417815007174642e-01,2.744583491543130527e-01
5.061919409832267291e-01,4.938081921399600227e-01
9.263731846970000294e-01,7.362667163519934221e-02
8.982987107870710197e-01,1.017014365646687624e-01
7.163354123982579313e-01,2.836647379373625766e-01
5.064104028030077531e-01,4.935897628362572176e-01
5.788572331109946845e-01,4.211425965263068116e-01
6.370530310569779697e-01,3.629471403607419377e-01
9.110697707662323008e-01,8.893005631216623075e-02
9.286018193029773604e-01,7.139799274777684779e-02
7.255036023820414792e-01,2.744961896839641646e-01
8.297293727962429255e-01,1.702704177691938270e-01
8.732902251917349368e-01,1.267095622675946387e-01
7.693796877708524162e-01,2.306205257158845667e-01
9.376357699817794433e-01,6.236399247918379685e-02
7.484069412019273004e-01,2.515933018280120392e-01
8.697624020263319267e-01,1.302378541705022930e-01
7.580891309047614879e-01,2.419111323929796220e-01
5.849934997001096093e-01,4.150067702588506324e-01
7.550033323789757667e-01,2.449963929946369634e-01
9.182793760116261250e-01,8.172091212357839030e-02
7.851506816011777357e-01,2.148489304848001102e-01
5.339406355974173346e-01,4.660589730561512378e-01
7.190121764141267358e-01,2.809882158310838540e-01
5.292341132244118285e-01,4.707654773955945449e-01
9.450192926669893634e-01,5.498112050790252003e-02
8.977013194605558688e-01,1.022990946595952744e-01
5.493722092624669928e-01,4.506273679823457612e-01
7.438894966198092984e-01,2.561109305440104067e-01
7.390698828441349955e-01,2.609296686275592303e-01
7.165031040278164731e-01,2.834964245093485324e-01
6.736885667089088647e-01,3.263119289053114103e-01
7.395503558099105756e-01,2.604501453285478219e-01
8.514598458165174577e-01,1.485406950814971705e-01
5.733380742446271272e-01,4.266613811664324851e-01
7.875513697368579091e-01,2.124480845817649510e-01
8.696860391242614563e-01,1.303145104905888696e-01
8.231881122466697676e-01,1.768113273163150201e-01
6.425081194594770562e-01,3.574924417802665122e-01
9.364161913458743935e-01,6.358437147489844066e-02
5.767596974311230973e-01,4.232408671168830239e-01
5.867755590039224201e-01,4.132238683893704190e-01
6.412698195772725818e-01,3.587307684313970624e-01
8.301210666333860289e-01,1.698795229712276589e-01
6.471574698425159866e-01,3.528419183628862532e-01
8.364462708769637711e-01,1.635531113286682603e-01
8.652653546443981325e-01,1.347340208117652760e-01
9.487918606295242530e-01,5.120876813957032231e-02
7.415157744743524626e-01,2.584848550714435866e-01
5.355113200847904098e-01,4.644880403930166657e-01
7.292203600137298070e-01,2.707789944173104035e-01
8.291039307045924289e-01,1.708967155494780232e-01
8.003443502784748365e-01,1.996549922202894845e-01
6.683927018059911962e-01,3.316079664574417274e-01
8.963931623876046917e-01,1.036061611803418686e-01
8.692546022809831685e-01,1.307460760551604206e-01
6.547365076375870618e-01,3.452627999271754566e-01
8.481277112793154105e-01,1.518715940543770015e-01
7.325846213551834296e-01,2.674146813881126405e-01
7.043138637377194256e-01,2.956854219695981278e-01
6.405547286846366983e-01,3.594445442071292907e-01
7.035747858875109895e-01,2.964244762668500899e-01
6.276058485178611646e-01,3.723948902967854635e-01
8.151983205287949286e-01,1.848009388199678971e-01
9.302358233868179838e-01,6.976496236352941471e-02
8.212858333317285542e-01,1.787149532962573339e-01
9.593124203267928696e-01,4.068678450140492120e-02
8.226337828668613961e-01,1.773670126259258295e-01
8.818092301981077519e-01,1.181915723228401521e-01
7.529899378796587328e-01,2.470109199444340264e-01
8.026127314165942828e-01,1.973863738578013893e-01
6.892106960505089974e-01,3.107902007140097567e-01
5.597949301151197155e-01,4.402059840852876604e-01
8.624787901650394772e-01,1.375202638892530915e-01
8.773134186188257244e-01,1.226875604016794130e-01
8.209136840639519317e-01,1.790853294089710668e-01
5.665403732180019913e-01,4.334606263457755349e-01
8.055401455087314311e-01,1.944588544214077563e-01
7.133145864159711191e-01,2.866844079647253851e-01
6.118197643650672424e-01,3.881792230060011062e-01
6.805860917043535796e-01,3.194149281453156908e-01
7.698647667773190761e-01,2.301342111511062438e-01
5.600044314839323079e-01,4.399965915147839302e-01
5.446717900800550627e-01,4.553292370750450790e-01
7.425879417898861856e-01,2.574131325092443023e-01
7.283471120791794595e-01,2.716539895331301357e-01
7.397264374219927330e-01,2.602724511761511650e-01
6.345481165562989467e-01,3.654507683139041618e-01
8.692456170476003940e-01,1.307555029589726747e-01
5.400476343294400294e-01,4.599534886526345234e-01
7.999184988365378723e-01,2.000803602747893983e-01
8.389368900236422455e-01,1.610619500956698147e-01
8.474281968524226549e-01,1.525729683060807751e-01
7.091500094310443369e-01,2.908511558827202026e-01
6.857995845024790205e-01,3.141992409909287187e-01
8.663652769752725469e-01,1.336359155146352728e-01
9.470581048506071520e-01,5.294310304525554067e-02
8.819674902993973609e-01,1.180313011018279401e-01
7.457437813237902668e-01,2.542549816944144059e-01
6.907112939540374086e-01,3.092874652322716300e-01
5.890172672161804179e-01,4.109814905445424160e-01
8.408615852445393557e-01,1.591371682383357355e-01
5.283853287339881355e-01,4.716159564234417290e-01
9.428979017822165520e-01,5.710080021022576058e-02
6.167631830108423197e-01,3.832355157930109057e-01
5.509907693920952365e-01,4.490079262153970352e-01
5.516168286530075404e-01,4.483844797577167252e-01
7.623990558382072180e-01,2.375996171825739967e-01
5.685394461129485988e-01,4.314619005433611432e-01
6.982264636730521890e-01,3.017748854451350882e-01
5.333567321734955513e-01,4.666419095537778783e-01
5.204409778511212004e-01,4.795576372210991756e-01
7.800663533797607130e-01,2.199350695466980865e-01
6.218132117736799858e-01,3.781853537928113185e-01
5.295609070721067901e-01,4.704405520696293141e-01
9.005237089218882662e-01,9.947776886768133764e-02
7.605527614432889827e-01,2.394457539505076837e-01
5.825268531521520243e-01,4.174746331823275258e-01
6.841069692954196979e-01,3.158945271628751383e-01
9.325571419476057500e-01,6.744134679501047336e-02
9.599403314695835743e-01,4.006120967652550269e-02
8.610235154155378989e-01,1.389780263056676068e-01
8.952345361953526481e-01,1.047639201499449974e-01
7.025785481044151126e-01,2.974230033509493998e-01
8.279105105556880950e-01,1.720910539331949596e-01
5.204768079124638680e-01,4.795216227397413600e-01
7.560224549056286936e-01,2.439791639325787076e-01
9.483887151788659153e-01,5.161291389095032378e-02
7.549257954523311831e-01,2.450758448889707453e-01
6.223915740635087568e-01,3.776100704276476594e-01
7.274696661481813154e-01,2.725286859971715048e-01
9.599992840443529740e-01,3.999905788715925337e-02
9.152071279962163963e-01,8.479120648794247206e-02
8.231668068820947592e-01,1.768314945966508178e-01
6.194310586846774047e-01,3.805706614160218049e-01
8.595342393921587831e-01,1.404674824561892299e-01
6.816376184019367068e-01,3.183641078319324746e-01
5.267427309385215306e-01,4.732555288783107383e-01
5.988666508687421342e-01,4.011350897997766896e-01
6.782941427636176579e-01,3.217075990446706113e-01
6.721162272696782347e-01,3.278855150738064772e-01
8.343929597612962379e-01,1.656052955091968926e-01
7.514139934009583799e-01,2.485877827944596996e-01
5.807224981827519006e-01,4.192757190389793664e-01
8.579695958716823112e-01,1.420321969716868971e-01
6.235430450636015864e-01,3.764551185707325498e-01
6.481587716636136864e-01,3.518393912749024355e-01
5.097965331819314105e-01,4.902053157007812412e-01
8.499992358384337310e-01,1.499989091633737448e-01
7.920263143694258323e-01,2.079755436564956483e-01
5.733514689656195040e-01,4.266503997292013795e-01
9.200626575356407599e-01,7.993921526010822065e-02
8.332992625963474564e-01,1.666988645231672617e-01
7.508327309958141571e-01,2.491691421402342510e-01
6.506334080418879617e-01,3.493684677590254140e-01
5.697315556025484007e-01,4.302703381961054396e-01
9.622615196831567630e-01,3.773658559322839307e-02
5.105641180622995101e-01,4.894377821852001209e-01
5.921650262343993720e-01,4.078330724398203100e-01
8.145215065540662991e-01,1.854765585082882029e-01
7.334618194607227526e-01,2.665362286978992801e-01
5.723252660623852073e-01,4.276583700077296046e-01
6.814804352718172309e-01,3.185138892164054436e-01
8.476651852957992617e-01,1.523535238550711712e-01
6.986069575945730303e-01,3.014120351093935724e-01
9.565877745861646186e-01,4.343989853451393074e-02
6.455196546765086252e-01,3.544979604214943403e-01
5.504014874869415097e-01,4.496000521329518995e-01
5.822870611055995793e-01,4.177122892113000474e-01
8.428770558717083583e-01,1.571482380455211658e-01
9.003732243626120235e-01,9.962860378897660241e-02
5.832595362065423616e-01,4.167429851335594515e-01
6.211962471594693058e-01,3.788035675188722307e-01
8.169647906092953882e-01,1.830306122228745336e-01
6.229845016549327985e-01,3.770032082751743063e-01
7.857970277048111907e-01,2.142177099331661616e-01
5.872101833247701519e-01,4.127909014653917130e-01
5.489889418424953593e-01,4.510094130846469263e-01
8.347509015104275232e-01,1.652435735800807937e-01
9.056357768005772746e-01,9.439594868708031661e-02
9.247826127910091509e-01,7.524981004817660191e-02
