8.184061410018168559e-01,1.818116782507942508e-01
6.402509711721392494e-01,3.601087804957224803e-01
9.280028295684210615e-01,7.137020682637518210e-02
7.117016696850272384e-01,2.858798847822834333e-01
8.753318986175334659e-01,1.221164309726004982e-01
9.590648485887675045e-01,3.609203236307312324e-02
5.941308824348111584e-01,4.004611388381732473e-01
8.102253851825272912e-01,1.842732805892985937e-01
5.164576832697401754e-01,4.899222859668717067e-01
4.897696095725336818e-01,5.012029078337623123e-01
6.277869821159461905e-01,3.640278975931545702e-01
8.097397802729704441e-01,1.997886976541899395e-01
6.847499788846259650e-01,3.050428435958667528e-01
9.752291459381038363e-01,1.407324994416336850e-02
6.214150899702327591e-01,3.676785914763555096e-01
8.579363821348170438e-01,1.538104344175947880e-01
4.905118235048860909e-01,4.939622214678769385e-01
8.217911196815332886e-01,1.657719976569663745e-01
5.077839456896618975e-01,4.786308786101168833e-01
7.171930761397043996e-01,2.691102234094587820e-01
5.970948795182532409e-01,4.185429661747512853e-01
6.710822540226443200e-01,3.457281580978284197e-01
9.218507164977997048e-01,9.598410151452907435e-02
7.592019073311183641e-01,2.229568574881710674e-01
7.386453346676697951e-01,2.795025460235077697e-01
8.167010491716423237e-01,1.638937388931128725e-01
9.822106476643759354e-01,3.811840616750017396e-02
8.661350290069487201e-01,1.544797305791771880e-01
7.298849538696186023e-01,2.480996969747081282e-01
8.798245690063823954e-01,9.807706408468197523e-02
7.690030595052003148e-01,2.088724500402185935e-01
7.399758953812022311e-01,2.830446124081439363e-01
8.044273118640118403e-01,1.714783629592045999e-01
6.096558315500519853e-01,3.662122532577535283e-01
4.512286592322287682e-01,5.246014137145840195e-01
4.708236308014781546e-01,4.940006360406213881e-01
5.892313878105850389e-01,4.372898522449734093e-01
4.979873364258589064e-01,5.304721982491654719e-01
5.205072767250207288e-01,4.482775925145326967e-01
4.961914431425580307e-01,5.331002518001125567e-01
5.519823494540379016e-01,4.158268125396804571e-01
7.598803635650036581e-01,2.733285507250340363e-01
7.513222163788487729e-01,2.822890027222492160e-01
6.382957504090830403e-01,3.277635605244887396e-01
4.543307636855518084e-01,4.972829180718633113e-01
8.908051619960228873e-01,7.459209636643326924e-02
6.999606605497864509e-01,3.357723865892716653e-01
9.271996145643827125e-01,1.089419091298982067e-01
7.592458310248157982e-01,2.044295813096835834e-01
8.689607411666546710e-01,9.470514489555403870e-02
8.111773353914736306e-01,1.521416853629002919e-01
5.685104934741614935e-01,3.941091890370547191e-01
9.369128250666276525e-01,2.466527454761413551e-02
9.074077973169240030e-01,1.311851676636761610e-01
5.243366011233133728e-01,5.147910179400529973e-01
8.374604834971204337e-01,2.023030451340332991e-01
7.388557509322691841e-01,2.213323140020893032e-01
8.670465636221129646e-01,1.735717055540554332e-01
8.024532395269863283e-01,2.384847097108471203e-01
9.276459060852783045e-01,3.126980037838478221e-02
5.899424285070939966e-01,4.535532368614531018e-01
5.129239435015227055e-01,4.427798474607341772e-01
4.874056732245792833e-01,4.622966294930043185e-01
4.150726898952475930e-01,5.563983730136100592e-01
5.627016261249073725e-01,4.828058817046497753e-01
4.570053869541709224e-01,5.625924077402125745e-01
4.577089522040431735e-01,4.797622568094264128e-01
5.485259916108928824e-01,4.984845323115315585e-01
5.829542271756213978e-01,4.652542785788007507e-01
5.280023645464216875e-01,5.219120907404493082e-01
6.890131609149954262e-01,3.614796319755724241e-01
4.103377025861179028e-01,5.215755011983224110e-01
4.188494860470934888e-01,5.097074128282511607e-01
6.795140785342923540e-01,3.721389352035591180e-01
9.021056044588541267e-01,4.610613930407447825e-02
4.219466940204692484e-01,5.049392400946993709e-01
5.932905719065987293e-01,3.543720900047987454e-01
8.176155984516031427e-01,2.356723408353227356e-01
6.315321982540125223e-01,3.150670905389442167e-01
4.305170205033153064e-01,5.763259434297752781e-01
4.481811247746144700e-01,5.740246622648952357e-01
7.106845708225152380e-01,2.345117144592699931e-01
4.343533339868389520e-01,4.881789092066836089e-01
7.267806758940122958e-01,3.308949005428211132e-01
9.645915218705406469e-01,9.619730217985533738e-02
7.004869831615958553e-01,3.606705906674856354e-01
5.240421734003964938e-01,4.144809361546261117e-01
7.440924841531646461e-01,3.177725857540625309e-01
8.776674679663810652e-01,5.986921534497746666e-02
9.029249904685096029e-01,3.456427839520204159e-02
5.553354368973342226e-01,3.811383156137297945e-01
5.581689411057595418e-01,3.780610702012160429e-01
4.195877288552325446e-01,5.899743207975279846e-01
3.843384629099745320e-01,5.297223113488170876e-01
4.006718204543827655e-01,5.083272192626419050e-01
6.141192458737216864e-01,4.515489155881271532e-01
8.454356947872777583e-01,2.204199062894949268e-01
5.282743637395725944e-01,4.057944240713270423e-01
4.304027112566901625e-01,4.778340009012829182e-01
6.506422729684392392e-01,2.815457137528720732e-01
5.460951372074498433e-01,5.224401460478057535e-01
7.801589755013078609e-01,1.504574974559235168e-01
7.948166920820520787e-01,2.745818090745660855e-01
4.701089555854843782e-01,5.828548913805552401e-01
8.430725260626587003e-01,2.266081761227114466e-01
6.008031785714385009e-01,4.689151920747542945e-01
4.123888710407266345e-01,5.983946845104688439e-01
5.148831662406698761e-01,5.551550634562664177e-01
4.499117355225548121e-01,4.596277404427084878e-01
8.944989728398414774e-01,3.395396288265095652e-02
3.658417935551182554e-01,5.418277269906833782e-01
7.807040349627365483e-01,1.468231826167919474e-01
7.716447444558083291e-01,3.013830910645393102e-01
8.181586844311129481e-01,1.087830682354613554e-01
8.900865352821002441e-01,3.675452464261319552e-02
3.702952138628831102e-01,5.302219689949141390e-01
8.150702596352696894e-01,1.112534597672374392e-01
9.531576860237669369e-01,1.210117155182277582e-01
5.268250970262556843e-01,3.988158973676535490e-01
9.082610861572371075e-01,1.663559507775073110e-01
7.877926625347386747e-01,2.873876661018129886e-01
6.843498421408419352e-01,2.404011103418520756e-01
5.135482733825232904e-01,4.109741388463434841e-01
4.360513908938079553e-01,4.613668073287325866e-01
7.088125462018778355e-01,3.699355581434424778e-01
3.411296140296052881e-01,5.839953594121898295e-01
6.231406757027406762e-01,2.969720694403914507e-01
9.897753563343468786e-01,9.037898094249252612e-02
4.104655360778975970e-01,6.114836788027266934e-01
4.107748931262331649e-01,4.760443060428588558e-01
6.310488268618338337e-01,4.523361972555929311e-01
7.316679807107916433e-01,3.526798781138067440e-01
3.314609830580220740e-01,5.805382554464127987e-01
6.852673477408905978e-01,2.302189924112154618e-01
3.337892220842642033e-01,5.614429951970045796e-01
6.783443344383810469e-01,4.076346990941881465e-01
9.981799707865078863e-01,8.810263570811494027e-02
5.427659129344057920e-01,3.695807881292637598e-01
5.432559462349537682e-01,5.445016254467381911e-01
8.149466620023425589e-01,2.728319332293522859e-01
4.036666328251418134e-01,6.217183070253610166e-01
6.798690665341964312e-01,4.086203995392716504e-01
4.856621225001921394e-01,5.956046038292203137e-01
8.852264283210249385e-01,2.604367686565811635e-02
8.666921892712754483e-01,4.448320871792765807e-02
5.809003386508466704e-01,3.301491922406746271e-01
4.363291945882087353e-01,4.469248710140198977e-01
3.363249943990446189e-01,5.423424613266542016e-01
4.811338803073695880e-01,6.018649356370991965e-01
7.503982448977163378e-01,1.538881608726738737e-01
3.988322082222646170e-01,6.330342199272845916e-01
8.005560952163133237e-01,2.963688475503180042e-01
4.667808266595653288e-01,4.208740157053224573e-01
7.936333374797276408e-01,1.087928673104151533e-01
3.288426217713278366e-01,5.375416006206290565e-01
5.882927877476880063e-01,5.099981876264247926e-01
6.747059599273329544e-01,4.237064075669499941e-01
4.123712487227468859e-01,6.342326175432569935e-01
6.780446059576883400e-01,2.212968231717435952e-01
7.783719820181894677e-01,1.201383147905368265e-01
3.204285279713399159e-01,5.415053635258417764e-01
3.424950487484527129e-01,6.438182222282446965e-01
7.557976583235377355e-01,1.417576908360150822e-01
7.090223626323900463e-01,1.866519728566649050e-01
5.430495879959874594e-01,5.617917856157434997e-01
6.183228261818091154e-01,2.764524031428293727e-01
7.491625012309706122e-01,3.567493831200123644e-01
9.698161151360348287e-01,1.362114716954256899e-01
3.293528624895890600e-01,6.491472620318555764e-01
9.776808535403169742e-01,1.288768449318853371e-01
4.072961430324046894e-01,6.434421252161354188e-01
5.143641693882250454e-01,5.935061107013462900e-01
4.919244631149962688e-01,6.127007328985267787e-01
4.269645078406316685e-01,4.329533486026508893e-01
3.420585558809674520e-01,6.560357773371122692e-01
4.155997760772619509e-01,6.450443626426737298e-01
8.735762635251934638e-01,1.512755702395263135e-02
9.678662754291805781e-01,1.449383974806337516e-01
4.453350247309890708e-01,6.368436292700221379e-01
3.164605334400814041e-01,6.579066093274272831e-01
6.725629050831117839e-01,2.142458658512798042e-01
6.948267005734714008e-01,1.917959344348814099e-01
2.843598398158972973e-01,6.429139853131232707e-01
2.867977246293350602e-01,6.466070321315063874e-01
2.739061276297806158e-01,5.983260985023761691e-01
4.562559743076255447e-01,4.098802785489656930e-01
2.989399184657198782e-01,6.583423466854892991e-01
8.315824174533006374e-01,2.852730056377259515e-01
6.509447257743932180e-01,4.665277242334576746e-01
6.668446945843172768e-01,2.151812023463148815e-01
3.199988359516655612e-01,5.117203700910634145e-01
5.200469652306867197e-01,3.602292961311105435e-01
3.753429562852491630e-01,6.649748976877762896e-01
2.646124220593214504e-01,5.926858247712206706e-01
5.106178556413820679e-01,3.690306215759078245e-01
6.369055110756549620e-01,4.839678507697529053e-01
7.287495855756337404e-01,1.501631794538949016e-01
7.114738355621472721e-01,1.662245621684574903e-01
5.810088808886333389e-01,2.965287234344461398e-01
2.695183188625656090e-01,5.713636833581146046e-01
3.007725765534434714e-01,6.729359817976210412e-01
8.685085852209617485e-01,2.575419426342647755e-01
3.911550299336253866e-01,4.405583625322998520e-01
5.616787315157939497e-01,3.119719787696425550e-01
3.135135455244110192e-01,6.786844090637088600e-01
5.422699135712980567e-01,5.843101642951805674e-01
6.142639132065159657e-01,5.126763298134514590e-01
2.592544613914490315e-01,5.780329944792346186e-01
7.092144839189051808e-01,4.188092452619063266e-01
2.488563132716894444e-01,5.931222686575666758e-01
7.853811380226968231e-01,3.449761695318033228e-01
2.571486020095766767e-01,5.728767550036198974e-01
6.241235634794668474e-01,2.447633329624165910e-01
3.890227251380619089e-01,6.745195772836247716e-01
3.765431838994210967e-01,4.457538344935004782e-01
3.501632408662594953e-01,6.831476645811469517e-01
2.582811450037256762e-01,5.686405717916395153e-01
8.913341308058502221e-01,2.410157492306549409e-01
7.373988614534436881e-01,3.967448153043877657e-01
6.132319579888279026e-01,2.513979156366737966e-01
6.676613361127151647e-01,1.969478536615246744e-01
5.662752417842134012e-01,2.980767564909534428e-01
6.454920591213686443e-01,4.902450671949454275e-01
3.066949426012812729e-01,6.936830232758445236e-01
7.739332645456271642e-01,3.630487892404197225e-01
3.343829731717236076e-01,4.732323428048338387e-01
8.298986162526276189e-01,3.270698328003562860e-02
2.712058716374918799e-01,5.375082787998793910e-01
6.327924436935524755e-01,5.054846018115722872e-01
9.381780899854712530e-01,2.003288186615113098e-01
4.217432928704378803e-01,4.061972893129369711e-01
4.798083749372064055e-01,3.716131993459320659e-01
2.495275342973212185e-01,5.627196720551724818e-01
2.432542355951129442e-01,5.699649099684737097e-01
4.288547963336426516e-01,6.721937421089504427e-01
9.707262466127747347e-01,1.704922307770240231e-01
2.545261805688548984e-01,6.929654000069709330e-01
4.215048125663772849e-01,4.032463469161363667e-01
3.082852008960439427e-01,4.909125053506718794e-01
8.478605991915414419e-01,2.943342864311722096e-01
4.681143014879338704e-01,6.580266796022273823e-01
6.060799757010931765e-01,2.509334559762823602e-01
4.971926920638344294e-01,3.580000983082487487e-01
7.715023216050912458e-01,8.437747331213862889e-02
2.308142340197022468e-01,6.868783151280648536e-01
5.018320288445983213e-01,3.533246070986681975e-01
3.311272115942495153e-01,4.663383802322987881e-01
6.878257779148617690e-01,4.585708180400884793e-01
9.193603948488532351e-01,2.270540353917066545e-01
7.513297143964873248e-01,3.954755507304137385e-01
2.706515865523436704e-01,5.222947734852987356e-01
5.823402183732971915e-01,5.662462085538972900e-01
2.167815366384845399e-01,5.962916978429703141e-01
3.441264084089040720e-01,4.505918964898210088e-01
7.179656147177284620e-01,4.314368730508609806e-01
9.927806074661782443e-01,1.568423078659063608e-01
5.306148974344511160e-01,3.195637059383644729e-01
2.002205879514059594e-01,6.491198849413292171e-01
4.451150431925217088e-01,6.749282852118597686e-01
2.417449943489429209e-01,7.075434287348275619e-01
5.395624208563108981e-01,6.120491460998146449e-01
9.721124499008343411e-01,1.797476010411109826e-01
6.671926378316143103e-01,1.806493001056355130e-01
4.998110331091332181e-01,3.465817139671183433e-01
5.199104521180082372e-01,6.337347755515780889e-01
2.375097794433277398e-01,7.115627507971485910e-01
5.685522005121821376e-01,2.774432861566573649e-01
4.200852288602395790e-01,6.886951580671284434e-01
4.027708386001762619e-01,6.977061766829906198e-01
3.468647501955111068e-01,7.134904604767985381e-01
4.811081136747206166e-01,3.525383451106537391e-01
3.050229403610562606e-01,7.213224971806886376e-01
4.727552318382439722e-01,6.706417476449191284e-01
3.251003116441892882e-01,4.562411269145427717e-01
4.700576863985445053e-01,6.721165825569834773e-01
6.137305267105549467e-01,5.446880963337161763e-01
3.010775797939907461e-01,4.744799519484187433e-01
3.021021485182922017e-01,4.722357420425656871e-01
1.933002565743856538e-01,7.043018721071290233e-01
6.766887959983804990e-01,1.611483928711038294e-01
1.866657650309260230e-01,6.131794928831972857e-01
4.732283728151519542e-01,6.761564284450257700e-01
2.592986330021018748e-01,5.088760344019492843e-01
1.708951348274804216e-01,6.594294561711925295e-01
4.305784435286831302e-01,3.729586494936029117e-01
4.051095060871946485e-01,3.885809839734011284e-01
1.847420505713870398e-01,7.107125516009753508e-01
8.539620488019911138e-01,3.124034605215548765e-01
5.035404984125133598e-01,3.292233855555337652e-01
1.909158314686869584e-01,5.901414754525613482e-01
4.025237462642333730e-01,7.094862885449340073e-01
9.910457612521099691e-01,1.774231975619469104e-01
1.661836690287326057e-01,6.396899747358166799e-01
7.800507517480473885e-01,4.939351903495503571e-02
1.805958264085266718e-01,7.206175223927039353e-01
4.918901413738756556e-01,6.753363675741317351e-01
9.180815054222514204e-01,2.535806670384833650e-01
3.523991960417152125e-01,7.288801379304697958e-01
4.782479130179760896e-01,6.846069416211065795e-01
1.585866745154180801e-01,6.365793073267066449e-01
1.514416231369470900e-01,6.653455400996807212e-01
6.691025764332502179e-01,1.562445655442722403e-01
7.064944267401135347e-01,1.186288809991103976e-01
4.756764355431398750e-01,6.866820185735205140e-01
1.800357156960065153e-01,5.887607257785593129e-01
4.461340932226484091e-01,7.009941597551755388e-01
1.469338833597592098e-01,6.806980221912731777e-01
6.388160666249580455e-01,1.840614241392517503e-01
1.506373532953760863e-01,7.101198648466099383e-01
1.866436770052352090e-01,7.418013095275999280e-01
1.454255665601129621e-01,6.574590099251952369e-01
5.926641390030430445e-01,5.864546164017971908e-01
4.668476225164451821e-01,6.962463536961555066e-01
4.100257100367454832e-01,3.702008527529893067e-01
5.649784658896044309e-01,6.167583517451415975e-01
6.471148928756268459e-01,5.359181596151036953e-01
5.239737040791196954e-01,2.929712808582830563e-01
8.061605558520089643e-01,1.013399566540751362e-02
3.214629692645956105e-01,4.278600186253476156e-01
1.431961340688516771e-01,7.274942775011231655e-01
1.299290738329860195e-01,6.785736895463224672e-01
5.045034976233602197e-01,6.810012196538556273e-01
7.540273620849485825e-01,4.321592826106360752e-01
6.456096653414791220e-01,1.680431666433672699e-01
7.221398928586030275e-01,9.144768990437890377e-02
4.380473381275562517e-01,7.149620566330079363e-01
7.009247338630825164e-01,4.861100797331283641e-01
3.346366192290330943e-01,4.146442617244322504e-01
1.282571061420177960e-01,6.592157122535902136e-01
6.612275942418692765e-01,1.502153919701529894e-01
9.850942136458344933e-01,2.043217114033050175e-01
2.611481627269154338e-01,7.667041909313351278e-01
4.462734022160499414e-01,3.388711897491779590e-01
5.767522555462557543e-01,2.333441832513017955e-01
3.639659381393359761e-01,3.907063979525728925e-01
8.430348199767538908e-01,3.470511533351944289e-01
1.489662726223541789e-01,6.008962151111217898e-01
2.056652791078341647e-01,7.685591022552863416e-01
4.206609687585851631e-01,3.528480445658671583e-01
1.838322139935558708e-01,5.504183515617019351e-01
6.807330747949519312e-01,1.270382790866712019e-01
2.152253513312407662e-01,7.723489347800212013e-01
7.596539687164562960e-01,4.750361772098321556e-02
6.502140243175844603e-01,1.568938927059972954e-01
1.222607893237425136e-01,7.290870501664515890e-01
5.192272907696338091e-01,6.741971922757619140e-01
3.675892590029997686e-01,3.836759833687786170e-01
6.581585985436227970e-01,1.474955785207533454e-01
5.512400624731855769e-01,2.538913912209930235e-01
3.882554567145449775e-01,7.429213865164895347e-01
9.361423604083566330e-01,2.591596700431297862e-01
7.151860523235431533e-01,4.802121646495185470e-01
2.525509669379923938e-01,7.750485537121208912e-01
3.920583056929997090e-01,7.418734131117179498e-01
4.331144314255332972e-01,7.262181062075695470e-01
1.097520240843142814e-01,7.113614758323358878e-01
3.111998983014619968e-01,7.661135910943678295e-01
1.184541876973042029e-01,6.425011956974965299e-01
1.688093961868840642e-01,5.586490198782029237e-01
2.921535703161369790e-01,7.714614137234768743e-01
6.829094851641150932e-01,1.196897189807221151e-01
6.045282654773969089e-01,1.976488496033567133e-01
7.536403392710228077e-01,4.447234694479762496e-01
8.787494267377837787e-01,3.197033151209217605e-01
1.544722078836373580e-01,5.742380317989369543e-01
3.093391367583799845e-01,4.206451278639200542e-01
7.296994401168948041e-01,7.108421009025411852e-02
1.674277860158627229e-01,7.770975130376436280e-01
4.850487636690651305e-01,7.072425776067305936e-01
2.205545741130703341e-01,7.829917011972526986e-01
1.796469443584831627e-01,5.394413362553789337e-01
1.944942340490194432e-01,5.216470351815346573e-01
1.570833149186254829e-01,5.643608812826970134e-01
9.583574934522498534e-02,6.840012505928719788e-01
1.434954977886236938e-01,7.776707620805902721e-01
3.689021541889438982e-01,3.721276345659838558e-01
4.500130315877139964e-01,7.284262545352536700e-01
7.098583657685516579e-01,4.954503646097123681e-01
2.207838047822747729e-01,7.935257627104450595e-01
3.531959076958991472e-01,3.788039148340278661e-01
1.106184996525805264e-01,6.211014067753518608e-01
7.145025476107580431e-01,7.727006393575042154e-02
1.115769969006291662e-01,6.171429280059101963e-01
1.441637323613045307e-01,7.877650837683835006e-01
8.699138121232966592e-01,3.393786465582007139e-01
1.303918029496206055e-01,7.854183756581177844e-01
6.517554737368133067e-01,5.589540330726088246e-01
7.888980203381201761e-02,7.188085085684504660e-01
4.424387953768725845e-01,7.375919582159448096e-01
1.380248351045624267e-01,5.714996487098356059e-01
6.075333280315454720e-01,1.808716798189659025e-01
7.583504877700997238e-02,7.308231533586787565e-01
5.532726449599043583e-01,2.334965736029889216e-01
9.287994011402489480e-02,6.398174109067010784e-01
6.292568053856910648e-01,1.571276325370520865e-01
6.791065158750168029e-01,5.345514813050354919e-01
7.634626913128750303e-02,6.808744061641345269e-01
1.567505385799460305e-01,7.998994969817211365e-01
4.409689335963152823e-01,3.163084103660135371e-01
3.081345221779226984e-01,7.887599136645554454e-01
4.331876925416523472e-01,7.470394146825858339e-01
7.485697665220096830e-01,4.681523696985822047e-01
3.584558666757030609e-01,7.759551621479287009e-01
1.273279754777828510e-01,7.979258443456523908e-01
2.583903996826966143e-01,8.024757254856199618e-01
6.473615666781263878e-01,1.342736581616342795e-01
6.672322391370996142e-01,1.137951022920647981e-01
3.205537755693250723e-01,7.906265756008533652e-01
1.046604121096044171e-01,6.006351583054138077e-01
3.569578706531213452e-01,7.799111012354669192e-01
5.457394884090325249e-01,2.335557525045935945e-01
5.753607280448544969e-01,2.037142500852253679e-01
9.688868458813320039e-01,2.521822608359431950e-01
8.270173458226670604e-02,6.351687518002848698e-01
4.026920136844476250e-01,7.644666960842645409e-01
1.989471406387496311e-01,4.877481534673291375e-01
6.155993077829914339e-01,1.626616768678968983e-01
9.914534217476851374e-01,2.303942357619001013e-01
7.584530034679879407e-01,4.636468997054884467e-01
5.013459057572261512e-01,2.764851931960672360e-01
5.894853484324280579e-02,7.514500219582687102e-01
7.004352432839044962e-02,6.568111491907989707e-01
6.966143099065872368e-01,5.262454409778165587e-01
6.597027053499238125e-02,7.679435855045896320e-01
4.218031145554724803e-01,7.585742689001753192e-01
4.923328609045407589e-01,2.807972017936567477e-01
5.022890040734304673e-01,2.737688241265552325e-01
6.679590250983127309e-01,5.564733552611031975e-01
8.550354707555497535e-01,3.697897980004896112e-01
5.050968144129831527e-01,2.696715739956896396e-01
3.842597596067842680e-01,7.755509787227670149e-01
7.447801650959473552e-01,4.806775921783522643e-01
8.933268200864045161e-01,3.323981045657476985e-01
5.997103811530312134e-01,6.272280703197604668e-01
7.714622760982401406e-01,4.556448934432771880e-01
2.842287873496583961e-01,4.076498938308245057e-01
7.686024020605737306e-01,4.589062102782144326e-01
6.876818083991631525e-02,6.419959757523838739e-01
3.217881912158268021e-01,3.789906260978459507e-01
4.245335515554304884e-02,7.389748371837121521e-01
4.816185047188666912e-01,7.383205101075187571e-01
8.302225123776086901e-01,3.992934127234085695e-01
1.312395393686353051e-01,8.210686225820347239e-01
7.608906124359234857e-01,9.354456631998520066e-03
2.157526284242370362e-01,4.612958151822665886e-01
7.791013509721533836e-02,6.177858770866043736e-01
4.014762600162833373e-01,3.236913155546617960e-01
4.904078488641625544e-01,7.365247941262051956e-01
1.204938066576709543e-01,8.230979812359227044e-01
7.652386422389733101e-01,4.668318651866366631e-01
5.726217046533588206e-02,6.471162327218829002e-01
3.938997017229323161e-01,7.807690665331281643e-01
7.378105755190988990e-02,8.107650391376083343e-01
6.087602016481767908e-01,6.265495567085870299e-01
2.866843080866097182e-01,3.968500066728859466e-01
3.932343993216628197e-01,7.830854652901957369e-01
7.370006806211892858e-01,2.687298221036160673e-02
6.377454402955695656e-02,6.271474942844873501e-01
8.119249691318622952e-01,4.244259209599882121e-01
6.001597259697506459e-01,6.367090022121257853e-01
2.872442750269876832e-02,7.084389097875788410e-01
1.591600390305246693e-01,8.373931579693740801e-01
2.988139487062935196e-02,7.788349097027413848e-01
3.050291558416375892e-01,3.790411603945448293e-01
2.155814358196619374e-01,4.494920614117857705e-01
3.653770012469103046e-01,3.369747713259513278e-01
1.988386008209303002e-01,8.377151290891502455e-01
3.590950904386458475e-02,6.696291523553736802e-01
2.075701322276279903e-02,7.195707696693777189e-01
8.121682091780264567e-01,4.283455374693934115e-01
6.584512522210422825e-01,1.008107335893128065e-01
7.003967553371390764e-01,5.811626697668825781e-02
6.678231459635602940e-01,9.065748519478311618e-02
8.829359131716914000e-01,3.588194709935818016e-01
3.079824018267254271e-01,8.179574215338362153e-01
6.006907512433868890e-01,1.570068517712795986e-01
5.872102494630552227e-01,1.702808970428990598e-01
5.930672413617010807e-02,8.230279077192840242e-01
3.850725313768672553e-01,3.211790000726373329e-01
4.884202413227458628e-01,7.489408926758061025e-01
1.418746213434474157e-02,7.792838940510024015e-01
2.046266877825555497e-01,4.511768984415892580e-01
5.788258155119805348e-01,1.752111736252002228e-01
4.564707204495588311e-01,7.668682688818381221e-01
7.369836620030243424e-01,5.092589640142201057e-01
4.405924826015054085e-01,7.747294313105973496e-01
6.164289809378997731e-03,7.388734168939136149e-01
2.603436527597335903e-02,8.111764203918858662e-01
4.351114810234979480e-02,6.303000792567013955e-01
1.259997020325500650e-01,5.227738985232801561e-01
5.828281836651061365e-02,6.054613792256599014e-01
1.876827657013802053e-01,8.505731488008163588e-01
9.980832899252216617e-01,2.514230096062187725e-01
7.930265627456395405e-01,4.566022092412785893e-01
5.572317163828888198e-01,1.931388247576997230e-01
8.091816984314522676e-01,4.405567919346572436e-01
8.619968890348154167e-01,3.889129258779291387e-01
4.914777179153062558e-02,8.356711016956057669e-01
8.325108419233161472e-01,4.184758657825274897e-01
4.105153953209595974e-01,7.918800733143054327e-01
6.221099524347795118e-01,1.263569400940112164e-01
7.813302698900830290e-01,4.710825872164149386e-01
5.667985397893494648e-01,1.806749355405468105e-01
3.201144609440054190e-02,8.292711462853974425e-01
6.051520631319666776e-01,6.478803009784050992e-01
1.812606935505871597e-01,8.574262088501461987e-01
6.190384432589908226e-01,1.266139130610559604e-01
7.722690409710414317e-01,4.833801794985558287e-01
3.568829909349927609e-01,3.259061199428711086e-01
3.504299214880307600e-01,3.296182951291842800e-01
9.439372880163532376e-02,8.598660696220195021e-01
7.044393468331916486e-01,5.553193264541936847e-01
3.911400068094571525e-01,3.002109368801837430e-01
3.013432000161156976e-01,3.590306445603855812e-01
1.544121476285009731e-01,4.769951167003206871e-01
6.031961094293795123e-01,6.583878497283459641e-01
6.160378904672489941e-01,1.219186157792281344e-01
7.710536438032041806e-01,4.910588970965890088e-01
5.448773598493494852e-03,6.597460253151298248e-01
3.853648549542328938e-01,3.007785459332211753e-01
9.783363190449293478e-01,2.850703601294577449e-01
6.770844406973952623e-02,5.653649923879435768e-01
3.699759226035770343e-02,8.590163776416377406e-01
2.538702600247803032e-01,8.572928680532262424e-01
2.425049671366317217e-01,3.973561723669303269e-01
1.600432234339358439e-01,8.735850403338268899e-01
9.267323766381061478e-01,3.385458463451368472e-01
1.859426845641318771e-01,4.424669982178708327e-01
9.080728093980261484e-02,5.331364298724404760e-01
6.987643795998690344e-01,5.685694772913788553e-01
8.880319246873299432e-01,3.795129680939123284e-01
2.785334730223121280e-02,6.091422914971628133e-01
6.654073202007974031e-01,6.026705941945669220e-01
2.870868232404321096e-01,8.528449203628297726e-01
1.294822348984113747e-01,8.805636178605107389e-01
2.254932494127492859e-02,6.141783401062469450e-01
7.243167794019055306e-01,5.451958908342243726e-01
1.282623564834994845e-03,6.470626971438832031e-01
3.561479848680685345e-01,3.121481431148045438e-01
9.411343700424827929e-01,3.284505424513657346e-01
4.447922373366666182e-01,7.958539535789698194e-01
7.456675972678072917e-03,8.573535493745501057e-01
2.336109279119940041e-01,3.977853071161568943e-01
5.577042558352178769e-01,7.128991810520840522e-01
4.213947653013039307e-02,5.841653216318302144e-01
1.797355331632043418e-01,8.789104507567465641e-01
2.343745565174137901e-02,8.687393697397890469e-01
2.412868104412000392e-01,3.901459713828131504e-01
2.340787950704631415e-01,8.705996753470165439e-01
1.259899451464751019e-01,8.871848474942540808e-01
1.594911362544735312e-01,4.547006470182219928e-01
7.078021843447541706e-01,1.722163820019684266e-02
3.070726257468346931e-01,3.388157218341033561e-01
1.039156393913541754e-01,5.070249694826280962e-01
6.475836846307566619e-01,7.661227275704973749e-02
1.792818028269604902e-02,8.765006478268698720e-01
5.350579734118786623e-01,7.422069076584311142e-01
5.405934512812285986e-01,1.814660593951258338e-01
9.863037766461731914e-01,2.920893945776871226e-01
5.842103509932312644e-01,1.368214562867402506e-01
2.393976537389744808e-01,8.773966887042704554e-01
9.440037132249058383e-01,3.357442849320446676e-01
2.753279724585711019e-02,8.864100022644468835e-01
1.983310483835539761e-01,8.873835852013225445e-01
5.430542568244592916e-01,7.379779722120306529e-01
3.422692691171272950e-01,3.091063865080411199e-01
8.775686726698911366e-01,4.035416805788428762e-01
7.536301331505623757e-02,8.987246678569618119e-01
3.153385166341782231e-02,8.924865177105575365e-01
9.036768040778039301e-01,3.798255755345247842e-01
4.119608342651336352e-01,2.631757330945717621e-01
2.578257293367691716e-02,8.948849956884123991e-01
5.627978335149350642e-01,1.521810300404591310e-01
2.056831653062295429e-01,4.028777433296290011e-01
5.481680011588202506e-01,7.377282589189056994e-01
8.016746250715633959e-02,9.046695045222282738e-01
3.998742250219635697e-01,2.669677561542863620e-01
6.797374988198063850e-01,3.225915385789845935e-02
3.836402043764775005e-02,5.582616959421894398e-01
5.014422181350410845e-01,2.101761440372545975e-01
1.155790148617347191e-01,9.081239274566336173e-01
2.048860509332642854e-01,3.965894410541753734e-01
1.814400109112772608e-01,4.145874028507743336e-01
2.274892500736180878e-02,5.697764325631641258e-01
9.362089631800429856e-02,4.928517378592427445e-01
7.547695148746370597e-01,5.388175434969264543e-01
4.541275148961592123e-01,2.294443391439229263e-01
1.916689584368607147e-01,9.062572308274765565e-01
5.034134165726745769e-01,2.009130326840421477e-01
1.696969880086768301e-01,4.187391376566069745e-01
5.469875795659828732e-02,9.187554982083877553e-01
3.592119716734781809e-01,2.815851213133148123e-01
4.134663971049605813e-01,2.489265931759885309e-01
6.168936139094028936e-01,8.547809913717785424e-02
5.703071778295918381e-01,7.276373577997563569e-01
6.554136474030041182e-01,6.435174731641553070e-01
8.864531701250220053e-01,4.127805292843930163e-01
3.127017472533356601e-01,8.780182233970824646e-01
6.085213681105445804e-01,9.177785614591549290e-02
4.758265892031078304e-01,8.117032630695021345e-01
8.869272226424532723e-01,4.129510211715263779e-01
6.204801909969104301e-02,9.239257806579344035e-01
7.362976459577926791e-01,5.641821748768701683e-01
5.285465901707944170e-01,7.726848296966166707e-01
4.816013134441661236e-01,2.080831569918475399e-01
7.902782538174878413e-01,5.114954546017387305e-01
6.417227191754319993e-01,5.539220587916993122e-02
8.215839124808104188e-01,4.822475142958352334e-01
1.683729964314780725e-01,4.108226559714983628e-01
7.923698660964317853e-04,9.234450827795741557e-01
7.554247109966140128e-01,5.509824828519670481e-01
7.232897895205331329e-01,5.832109193828799443e-01
2.879071041385213858e-01,8.956494567657351524e-01
1.929748440608232141e-01,9.222149049245953467e-01
1.933305027208968019e-01,3.837786831367240303e-01
5.507622204479090122e-03,9.352752557249817134e-01
1.080036297203601503e-01,4.549679651917101220e-01
6.272450231324181447e-01,6.205500645032291374e-02
2.180234209289396707e-01,3.637994349147497530e-01
8.277222307645812904e-01,4.833737226319044789e-01
5.182794940882968771e-01,7.943878114092945975e-01
4.040625551460410581e-01,2.383320051447556098e-01
3.720835039784006204e-01,8.712534654756440844e-01
7.262140305501642024e-01,5.878794016257861133e-01
1.716623605278323472e-01,3.959253196363567984e-01
2.201069091284643120e-01,3.582907850283600926e-01
1.545995061158146333e-01,9.359745281503305536e-01
1.029994931432133276e-01,4.537669738275059705e-01
2.311008112172554529e-01,9.196221806000572929e-01
5.726591569353634004e-01,7.429248739180525085e-01
9.039390851354687229e-01,4.126789133580637259e-01
2.858159476958772593e-01,3.081960804993764125e-01
4.691215566254969271e-02,5.035083047628544639e-01
6.127986659661593949e-01,6.923171797172822384e-02
1.228695740904861555e-02,9.479878256212136423e-01
8.694281517699469219e-01,4.487616667376156387e-01
5.841973450641479992e-01,7.348144336774715679e-01
4.571669715000387102e-01,2.029782001580148210e-01
1.226421072319072714e-03,9.490612430441538461e-01
3.390592109542260868e-01,2.696940045595733748e-01
9.099892657473621638e-01,4.113646242140919229e-01
6.592978233393678167e-01,1.840510034606446244e-02
2.575715308386636870e-01,3.224517277677944049e-01
5.432665878519704616e-01,7.793456560540891198e-01
4.949650234177576102e-01,1.794517038194072267e-01
6.177453511466349800e-01,7.058024322375175963e-01
8.570497285636828888e-01,4.675240613109031829e-01
3.017541992630148329e-01,9.089715897274315282e-01
1.112482798341557499e-01,9.555084225077135063e-01
1.318388868283990600e-01,9.527610026420533229e-01
2.770646539849230816e-02,5.109717728491017796e-01
8.929384657939032355e-01,4.333605853239775874e-01
1.355611980823355767e-01,4.107903226154645537e-01
5.262046683837492411e-01,8.014707926546743577e-01
9.149304086419229876e-02,4.476848913294944055e-01
4.424792703632828283e-01,2.015013797350710956e-01
6.067106970098886665e-01,6.449621853266529481e-02
6.967181610016482951e-01,6.328589436120883871e-01
6.003197606948212917e-01,6.891207443786018239e-02
4.978869510408587828e-01,1.698400186666311207e-01
5.045377626885688693e-01,8.276325193791587154e-01
5.353087989335837404e-01,1.315529163194528728e-01
3.457827043407843970e-01,9.015700663030116191e-01
3.005212506269483441e-01,9.188072133432017008e-01
2.596100770757776566e-01,3.082360036137005155e-01
6.069588498865363668e-02,4.670061448813928040e-01
4.117939968919361871e-01,8.763920231456370225e-01
4.581253595944846380e-01,1.861782946526973070e-01
6.426205386995935687e-01,6.931932249688328440e-01
3.120247748660931464e-01,9.167430346260314611e-01
4.232250297391572103e-01,8.743004251059138809e-01
8.110050442137082261e-01,5.274722232489347240e-01
3.952176703017710180e-01,2.179643133523688769e-01
2.175679173061264571e-01,3.329568522555501620e-01
4.039624538847308433e-01,2.117123034680882254e-01
1.557913521535031487e-01,9.654873544672912811e-01
3.504887653481063570e-01,9.068650585285517041e-01
3.810966920809288894e-02,4.795658986137421032e-01
2.079399104297450229e-01,9.557293547798014766e-01
5.367104782849327904e-01,1.205292565258765380e-01
5.283988284218206211e-01,1.279161971415934129e-01
5.375359250931954769e-02,4.593802107773052867e-01
4.472895412636148649e-01,8.711810958629018220e-01
1.508629279056774575e-01,3.757185509547169566e-01
5.024738467210942972e-02,9.879749640303868707e-01
2.521081086687287920e-01,9.473430699280567246e-01
9.759479518959824906e-01,3.708521870693916034e-01
1.469906238201702520e-01,3.773425409250282803e-01
1.804412427571664423e-01,9.683323232362632815e-01
6.941519364176181872e-01,6.535000337983069008e-01
7.517572387846804816e-01,5.963189720160020357e-01
4.104591337505900661e-01,1.995460486194974292e-01
3.058908313961870018e-01,2.624273791340595574e-01
5.625097449033759078e-01,8.879376691656193366e-02
9.482095946654888197e-01,4.006863969855497531e-01
1.563878009414609860e-02,4.910041469409928139e-01
3.429836879128016491e-01,2.384778967358158752e-01
5.491682279400011968e-02,9.917877920900505240e-01
6.757063893710488767e-01,6.736284719658708342e-01
2.331233731936395159e-01,9.570462251602316339e-01
4.827213662899638713e-01,1.583495153924665555e-01
6.145621325177663685e-01,3.500420094538536642e-02
3.421514924023052462e-01,2.373398836326927608e-01
3.600907872617685745e-01,9.151429842295006889e-01
2.779139788444009440e-01,2.761757676122742478e-01
1.437554395367317550e-01,9.826975448685597581e-01
1.040651060558206442e-02,4.896029859386534788e-01
7.395537532407119308e-01,6.142058848293947548e-01
3.691183569961820066e-01,9.131673911674272892e-01
4.475997486273101122e-01,1.731931887429463135e-01
5.740232357750220116e-01,7.802230251035539021e-01
3.218597230425542799e-01,2.461661552841371003e-01
5.686593392195049557e-02,4.447859042752317915e-01
1.234908259541134257e-01,9.892051998353481590e-01
7.601039253239368909e-01,5.952985684242529940e-01
6.650605188229352649e-02,4.345807635571070637e-01
4.661596888101058322e-01,1.611837704625549428e-01
5.850166190544746625e-01,5.845414913846691540e-02
6.884037650715579826e-02,9.997907454848041775e-01
9.127358374294387566e-01,4.461793739264571235e-01
9.246213993417157218e-01,4.357874036048744459e-01
1.635488743058099992e-01,3.487188035692504462e-01
1.486178964561329918e-01,3.598878617450258499e-01
4.867877555075544871e-01,1.437849473193676397e-01
9.085285853989309990e-01,4.547453083259515028e-01
3.268046610409092168e-02,4.553142550317273995e-01
2.282267016743909638e-01,2.968257597169846607e-01
2.572410280217678480e-01,2.754278280577917570e-01
3.149671062413409439e-01,2.376745170062705137e-01
2.449964400597026692e-01,2.827643717501967524e-01
3.074477092161063130e-01,2.414203022884402472e-01
1.420871088449959796e-01,3.571707527624992107e-01
2.124776983494096605e-01,3.047272859857806937e-01
9.129759005089277402e-03,4.705757262197739488e-01
1.413285635685970210e-01,3.572759435400723049e-01
5.644333008262053530e-01,8.043084224137382332e-01
3.842501616096123396e-01,1.931983079911800960e-01
5.572090928428750090e-01,8.128081999624712228e-01
6.740266539699031334e-01,6.961038405377276694e-01
2.865704912130139226e-01,2.516810060671523797e-01
4.048746003032888119e-02,4.387518393700474695e-01
8.329462989905356274e-01,5.386798751929405826e-01
1.664480414183333590e-01,9.988829428967993529e-01
3.036266247499855853e-01,2.384120974906793755e-01
2.991731354449280733e-01,9.599562296100904168e-01
8.172174526318524146e-01,5.572998724958789785e-01
7.281252809732009501e-01,6.465517079319654803e-01
1.837501460195428704e-01,3.173885073230018339e-01
1.297222632057308811e-01,3.579186931080052814e-01
7.506555097373504015e-01,6.264031509442501422e-01
6.226111916155142589e-01,7.551311183439400887e-01
7.101232269344925907e-01,6.693176463963431688e-01
4.132701293056262326e-02,4.266376658810948630e-01
1.790470747675328989e-01,3.161850523205491648e-01
5.878483856898930604e-02,4.103009734616891446e-01
5.457544282446339379e-01,7.312470840810747497e-02
2.818331105525654356e-01,2.433374483803569799e-01
6.330392138505097632e-01,7.487490231995439505e-01
9.638569931575968752e-03,4.501407312631735547e-01
5.557846022833178301e-01,6.041643421929798752e-02
9.750209971507961537e-02,3.738083531903182433e-01
7.537983120443950691e-01,6.305594841190342859e-01
2.499968170975112036e-01,2.608351435362640247e-01
5.614967732445161896e-01,5.301515449530191937e-02
2.711444719128442982e-01,9.833177945186235558e-01
1.310191627050316665e-02,4.435734786769784943e-01
4.536299182566395638e-01,1.366049126248018997e-01
5.038746133361027280e-02,4.092718056461087661e-01
3.764566694875741693e-01,1.790838860825121337e-01
5.535265216225928597e-01,8.347039958339327326e-01
6.015442354985413020e-01,9.010435575893982474e-03
2.086835237747142191e-02,4.321018099200115703e-01
8.359812749283530575e-01,5.543457906899530441e-01
1.519023195248159208e-01,3.238207506623492771e-01
6.729465352458685601e-01,7.200326849978133659e-01
5.275744032484308566e-01,8.656857674046118944e-01
6.422702355082834380e-01,7.527855233430038595e-01
2.708008010469495908e-01,9.931963563305471476e-01
3.590624135048122723e-01,1.808793230799324858e-01
6.918914558733659792e-01,7.049580912369157737e-01
5.718574019826635491e-01,3.027436334671795848e-02
7.759502534176327959e-01,6.221697707568609736e-01
1.162436625348439723e-02,4.293797506898106020e-01
2.570176407224507020e-01,2.414257594036707255e-01
4.778822521353239816e-01,1.119949380283981055e-01
4.090818566593549255e-01,1.471254255568243963e-01
3.173242813452219480e-01,2.003913665026884061e-01
4.508413047183601474e-02,3.961327238478006274e-01
7.801310851437387450e-01,6.220133635329000432e-01
3.749449079525312145e-01,9.610202640001879182e-01
5.645028541281488232e-01,8.388669024579282762e-01
3.886138405616017533e-01,1.554386412360865277e-01
2.410619111679057625e-02,4.109468363827486481e-01
1.208459361776175189e-01,3.319291578742517013e-01
6.055691760768727727e-01,7.994137914891049634e-01
6.034511047279926821e-01,8.017785236439393115e-01
6.091730657168362706e-01,7.962484706664626488e-01
8.313630103548393935e-01,5.750286487687773507e-01
1.501371276568060908e-01,3.073532457869517787e-01
7.524891775152210416e-01,6.546002080140468360e-01
9.454271167884013005e-01,4.616838486763612526e-01
7.223284324543033375e-02,3.669886091331873157e-01
6.888501119099558201e-01,7.192327976315563420e-01
8.506087939202173764e-01,5.588395482154405736e-01
4.163445040113621376e-01,9.496743679561789886e-01
3.243501611337517021e-01,9.885946801075701229e-01
8.445902232276724098e-01,5.656898255785326457e-01
5.238681281277585144e-01,6.439925081261144157e-02
3.277890657699500387e-01,1.832187076175032514e-01
9.198547107024944713e-01,4.927789685833557920e-01
9.714241997493462399e-01,4.421733176814800492e-01
8.211002581304271963e-02,3.508984073740811782e-01
1.788674141599256862e-01,2.776920972453374992e-01
4.555735867794599159e-01,9.370465361495149414e-01
6.938480358867424869e-01,7.221299496041371224e-01
5.332349021958694424e-01,5.066275511537687848e-02
3.735028165882858797e-02,3.854013396706994499e-01
7.684633373895484176e-01,6.496359176589054929e-01
6.394284779961967313e-01,7.800437647969616917e-01
3.258747079010433367e-01,9.974690677205583222e-01
3.364810869805697768e-01,9.934592751720847659e-01
4.263085499930460154e-01,1.184139436908201448e-01
9.112525030716234209e-02,3.374079592309052744e-01
2.430317780142910999e-01,2.279745494403886408e-01
3.214490064455530760e-01,1.782079299043178855e-01
7.411877823320733860e-01,6.804024628099610839e-01
8.587202954166878177e-01,5.631517002637904667e-01
1.127316041826826876e-01,3.184831485010169994e-01
5.961559336935745579e-01,8.263469410896446821e-01
6.957964770289339906e-01,7.269762740660901112e-01
7.678124446712405460e-01,6.564261566640429146e-01
4.542452504566688587e-01,9.908153391911689312e-02
1.909036234302494695e-01,2.592140149336652488e-01
2.449483356120982780e-01,2.225850544209656556e-01
6.627997222093685581e-01,7.619760799860630929e-01
6.295817630013705868e-01,7.958051889491924991e-01
5.426798867527634629e-01,3.140948585288461103e-02
3.654620809647552981e-01,9.884739315848044550e-01
4.161635630087978655e-03,3.995217897563119180e-01
4.122627293862780595e-01,1.182863465408909853e-01
5.265636179658769178e-01,9.018334515928418949e-01
9.507734480059690796e-01,4.787921756571702492e-01
7.062358859566937319e-01,7.236035189903500253e-01
4.566660360621194181e-01,9.514133895643651639e-01
2.640152491363201293e-02,3.773311354731297973e-01
2.155216443704626172e-01,2.355062619578622840e-01
3.615325400462613414e-01,9.946013817942852553e-01
5.495310286438611636e-01,1.915134774621585212e-02
6.068497425774452836e-01,8.255005715071320749e-01
6.490141080383342587e-01,7.851060710978620127e-01
6.028687150280376272e-02,3.429278792569191436e-01
1.711869190884860448e-01,2.598633249863636641e-01
6.509977401674714725e-01,7.863742137517477637e-01
9.507406999601043518e-01,4.875727553848764328e-01
6.016505647141910940e-01,8.372553348944409279e-01
8.410011262261546383e-01,5.982548986862056273e-01
8.230827387081869340e-01,6.167596364804773801e-01
8.339948046588573360e-01,6.076127009524351363e-01
3.479665613759996834e-02,3.539195502750033251e-01
4.895256527117183287e-01,6.063959498222692979e-02
3.998423219637595727e-01,1.073211671541118850e-01
5.098535575260404462e-01,9.358951672717011894e-01
5.431903374904641923e-01,1.095037720414471227e-02
6.184658885077742863e-02,3.302923518883145171e-01
4.672875683889802234e-01,6.958774398500933156e-02
3.117926390700620498e-02,3.510862011684863226e-01
9.879033402454833190e-01,4.625784434592614680e-01
1.569725215674506735e-01,2.535209272537083391e-01
1.710103479118078029e-01,2.421991378633597813e-01
7.714574660992501443e-02,3.103628564892111363e-01
4.853397059556785464e-02,3.320490477151315512e-01
3.319116522090428401e-01,1.372300475383168017e-01
5.886363988488680921e-01,8.671608967361946751e-01
4.937810545075429491e-01,4.667766669355655207e-02
1.416301677296294415e-01,2.587682531712797163e-01
7.705115521698265857e-01,6.877498071946647196e-01
2.028110670520648640e-01,2.138314719020928401e-01
2.366191739188288068e-01,1.900303958682600936e-01
1.644478697862074013e-01,2.377605951316780208e-01
7.910890070080909275e-01,6.725577537516062021e-01
6.854642904549912430e-02,3.042477485455203912e-01
8.589199078084280847e-01,6.057940334199417576e-01
5.381519629416375849e-02,3.151194601846649679e-01
7.938979052006447379e-01,6.720396252325200326e-01
5.081789698670305944e-01,9.581598157748629774e-01
8.279910650240829284e-01,6.384457828062620743e-01
5.786532315692675121e-01,8.884388371867358858e-01
6.776009152729198792e-01,7.894916006906372852e-01
6.458242070138957569e-01,8.223258981023423564e-01
5.211358288085780055e-01,9.896875248860292906e-03
7.331851911309514858e-01,7.359385289139692699e-01
5.912236258539115275e-01,8.782043559233767560e-01
5.479085263151731722e-01,9.219168784530138439e-01
9.823327994312662792e-01,4.897585391088790097e-01
6.127737294530211098e-01,8.601778790169721800e-01
7.540251299170867005e-01,7.197171751965082409e-01
2.780904055526781660e-01,1.497673911453235585e-01
5.778001431082131489e-01,8.968735168054071671e-01
4.868220442865422992e-02,3.077938950927214812e-01
8.516760968284156075e-01,6.237657214296815633e-01
5.103597717268526512e-02,3.040269058694765603e-01
7.065932667234571252e-01,7.706265896728965448e-01
2.001439016750189426e-01,1.961735935997604985e-01
7.500258162530809569e-01,7.280680508560323227e-01
2.887666540072915122e-01,1.391314802193459599e-01
8.753297414536644894e-01,6.034394289045305060e-01
3.546946018795686939e-01,9.888095481429359790e-02
5.225772934575709794e-01,9.570514761869038933e-01
3.682403139798013925e-01,9.024323624166930014e-02
6.553907057471828335e-01,8.248791144168657885e-01
3.361721894466235261e-01,1.072373068799000739e-01
1.987974595523822607e-02,3.222263836481097377e-01
6.442075164599851966e-01,8.394989747514044476e-01
9.558517188817539090e-02,2.619703028541185974e-01
4.163342262929181636e-02,3.017782280933766215e-01
6.819729459095689172e-01,8.040430593330158970e-01
5.289445271402368753e-01,9.576286073880435623e-01
2.114133731597239718e-01,1.791140152979202593e-01
1.354414008891305921e-01,2.275835497252192141e-01
9.508533489881686451e-01,5.410566919877961567e-01
1.137343943534583346e-01,2.401111397627050392e-01
8.217552819150016896e-01,6.715179579763554951e-01
4.038154618863940559e-01,5.703631721772206564e-02
9.482408567087552420e-02,2.514861089719343523e-01
9.647526478224677238e-02,2.479341662364119570e-01
5.416099939369234395e-02,2.786693018661203780e-01
9.731931565010686347e-01,5.241345250100526432e-01
7.033403995704600176e-01,7.954529677194751569e-01
6.556761367983537925e-01,8.445182480409663128e-01
4.014221780424201969e-01,5.136695049830353188e-02
9.978520802546433366e-01,5.043050961077663041e-01
8.225247401770517941e-01,6.799447365197559545e-01
1.060550754777667137e-01,2.344876497185983677e-01
8.425476577311826754e-01,6.628358556977960170e-01
1.902443474229420506e-02,2.951657610493662043e-01
4.406911587465390800e-01,2.423754809384248698e-02
3.079373976258990009e-01,9.835577640495096752e-02
2.259515213940544998e-01,1.468804087531881963e-01
5.188273439375098439e-01,9.906834879901946778e-01
9.598096650481244829e-01,5.502927036617617507e-01
7.350336879239072196e-01,7.763334975829121465e-01
2.858373082907756935e-01,1.061097777076499549e-01
9.489151985655317478e-01,5.638527911916564328e-01
9.010230367161842224e-01,6.123398487639345467e-01
5.022411932483006325e-02,2.625722865978586951e-01
4.330105772121235486e-01,1.927116518185745253e-02
8.830165569231877010e-01,6.333189393372230525e-01
9.402478887407035302e-01,5.768754936958992996e-01
8.401039632541178470e-01,6.787821700632338251e-01
5.709305192541869189e-01,9.483672287903324172e-01
7.779802047871716697e-01,7.426214903389255495e-01
9.584024734739712281e-01,5.643458695693003291e-01
9.614370418567540488e-01,5.621429719482288201e-01
1.534985219973011850e-01,1.778887564380770003e-01
2.165517875955291771e-02,2.718336997574072322e-01
3.130695621820704933e-01,7.529756102590101641e-02
9.111511355415347069e-02,2.185869915664684360e-01
7.862056516847366616e-01,7.425739275741395362e-01
6.415300658493492403e-01,8.875047918311848028e-01
2.710909999786281777e-01,9.724843638075042485e-02
1.004398048533875487e-01,2.089353442558987695e-01
2.743940958988665413e-01,9.318502805096096075e-02
2.257970349162189416e-01,1.230236357847616091e-01
9.073365775462158833e-01,6.261481988553582179e-01
9.127620371296886193e-01,6.210215806920151849e-01
1.360883270001914669e-01,1.799102153701392925e-01
5.809242577895035176e-01,9.532637501410321512e-01
1.953805928245877510e-02,2.629649609195184867e-01
8.809786462355668757e-01,6.540475975346178306e-01
1.519697257544241342e-01,1.676740908601682678e-01
7.650419129355159331e-01,7.704135036523892532e-01
3.855272561127718323e-01,2.379790752487564998e-02
5.566623756314208471e-01,9.804968877961802720e-01
1.248716875777271529e-01,1.836768979664713530e-01
6.081182008051901899e-01,9.298515335413377603e-01
6.802125100848345207e-01,8.585032247437122122e-01
8.363677246354268568e-01,7.024306700988771635e-01
9.907780484335236837e-01,5.481462951856990173e-01
1.469778214822097251e-01,1.666409407319223712e-01
3.671675345009739466e-01,3.056509876898660938e-02
3.221445941313262340e-01,5.616070638351311484e-02
2.551411419623573762e-01,9.554572542630013210e-02
3.501402907142829868e-01,3.827818547127337379e-02
1.867565185757290580e-01,1.375098618651880988e-01
8.305412087267085575e-01,7.119506103493548066e-01
7.998553010673884467e-01,7.442716029606027961e-01
2.298463689065951554e-01,1.077940280882497825e-01
7.175763906234896572e-01,8.279823664558680907e-01
9.441114163043878849e-01,6.015839840213264011e-01
1.995803993362602613e-01,1.249221938882771887e-01
5.618929366614857646e-01,9.871441710084509769e-01
1.023601505620097551e-01,1.869800296485256696e-01
8.919099295857704224e-01,6.579341128007054618e-01
8.539277254914257043e-02,1.971505747954552801e-01
7.399647068005023032e-01,8.114965028443473782e-01
9.921266274974676058e-01,5.604151605446754392e-01
8.991606986540824353e-01,6.553585983789600444e-01
2.286417033528138631e-01,9.642882898817806137e-02
3.682373024799766581e-01,1.264058995142236519e-02
7.285661686488827948e-01,8.287251472365471106e-01
3.445757083460118109e-01,2.557998285684404127e-02
3.759388751996538547e-01,5.515109383789962294e-03
7.517280428067206755e-01,8.086806575251769269e-01
8.775579243807457575e-01,6.838049673023870456e-01
8.318511277506581703e-01,7.310371316693857757e-01
1.995022076764768615e-01,1.072840338736684718e-01
3.218625386614004658e-01,3.265602917218657364e-02
5.596272276451763616e-03,2.406054506786587943e-01
6.028904236717147480e-02,1.992714773881258949e-01
9.380654633698143341e-01,6.278038365254140496e-01
1.978123349008146237e-01,1.046501304675152566e-01
7.571100805990983451e-01,8.108094518185445798e-01
8.156341210216553339e-01,7.524426902329659494e-01
3.442727281442832243e-01,1.457195887402940038e-02
6.741126409451726476e-01,8.954166332526587446e-01
2.240311161006557361e-01,8.522999451402279991e-02
3.541465473104250528e-01,4.391907565259201007e-03
2.561177782247017198e-01,6.144999010377338866e-02
7.847032490690791784e-01,7.901337137125825638e-01
7.619198657669622454e-01,8.133261687477458812e-01
1.229859553922634241e-01,1.440772657190558803e-01
8.795561894815118187e-03,2.237005369423838985e-01
1.379594546935063448e-01,1.327841488608535458e-01
6.639795564154756802e-01,9.134594260717364689e-01
7.507740431868946684e-01,8.282040413082961683e-01
6.017880427624187067e-01,9.799088731044757195e-01
9.131126262645141711e-01,6.687015869789261213e-01
7.550803438932107703e-03,2.179500739836336409e-01
3.100732349154000644e-01,1.945622963469928468e-02
2.885640683078507518e-01,3.087012321733950682e-02
3.169670413546257226e-01,1.390921139578682464e-02
5.122068495568543600e-02,1.837855784950215288e-01
2.198407857218298567e-02,2.046803217033397182e-01
6.642398568642371437e-02,1.720888534869148279e-01
8.962275971090624127e-01,6.901285156444245672e-01
1.494951721340567197e-01,1.155471428526926303e-01
8.317065689989331378e-01,7.571822018459037906e-01
8.079879174361080940e-01,7.811531937871017961e-01
5.953153455578531483e-01,9.940358408423439762e-01
6.832999774272080495e-01,9.066720928869781426e-01
7.838621869528408226e-01,8.062924953969800024e-01
2.821729797680538887e-01,2.859533689388682465e-02
8.516328644809997295e-01,7.393507781648380739e-01
7.716117028533991951e-01,8.197325668553080424e-01
1.915196657815046999e-01,8.218925001086285764e-02
6.060837541756897151e-01,9.879831321966476843e-01
8.941625773979298142e-01,7.021430596441654570e-01
2.983501967522630416e-01,9.113265533370551452e-03
7.989854858156846262e-01,8.013423258470800947e-01
6.128689907152117256e-01,9.897356191552922899e-01
9.329098423697546050e-01,6.697130478129592612e-01
9.009967001137575426e-02,1.366215713380692920e-01
1.012961250412660608e-01,1.271398371839848052e-01
2.105712484597441758e-01,5.566114234893349000e-02
6.828246172581509121e-02,1.487970832426441792e-01
8.221846956330051137e-01,7.847015359852166361e-01
6.693559414606203850e-01,9.375868605581195725e-01
4.096382611940063700e-02,1.651731811208008160e-01
6.131326648089359121e-01,9.971087710756085798e-01
2.279868313349320275e-02,1.762153829524862880e-01
7.664124793980273687e-01,8.458559698196935761e-01
7.727592982790243425e-02,1.365978263412862548e-01
7.993327821970078739e-01,8.133173522382985965e-01
9.772174958677971590e-01,6.362351672056258955e-01
9.646275002977016122e-01,6.511749602200623821e-01
1.868673256809765260e-01,5.977405196197183024e-02
9.819625535718254916e-01,6.376845332642918640e-01
1.676932731837504909e-01,6.647781908701722031e-02
2.038897562686832199e-01,4.285036142246612112e-02
1.007249907531804212e-01,1.079889790848351794e-01
7.370979244697036803e-01,8.894484272253795343e-01
8.752311573429814029e-01,7.519831417459782452e-01
8.482487968961479607e-01,7.812585937646406853e-01
5.831704252816094503e-02,1.309200551981234417e-01
6.927978495563157368e-01,9.374419150698506398e-01
1.225899759299367009e-01,8.507892841780639870e-02
9.611871061136938454e-01,6.727180332197114643e-01
9.998096543013563764e-01,6.395162059438589397e-01
6.661946414441961561e-01,9.736967109874151705e-01
7.282824278147902453e-01,9.118095472384829536e-01
7.460596817847717777e-01,8.943375392067816065e-01
8.946243942526509452e-01,7.518490840966937094e-01
8.055851490843703999e-01,8.415773137660563785e-01
9.415421179472388546e-01,7.057660404676302512e-01
6.860786763110797715e-01,9.643819940853766148e-01
9.520116257381953107e-01,6.996013708451751523e-01
3.775620795940048957e-02,1.208337403458071835e-01
9.706254648489023307e-01,6.821037196860215701e-01
7.880715263244996160e-01,8.646967686180716539e-01
8.455244873824492302e-01,8.091635222932240801e-01
9.043695051298079601e-01,7.511163806305752866e-01
1.158030124092288560e-01,6.524506018601983204e-02
7.635606311249839573e-01,8.944816361024932050e-01
8.675378786291884081e-01,7.916950974075819270e-01
6.874289024954365335e-01,9.721578496994417451e-01
9.351959718463334070e-01,7.244684035415804857e-01
2.063248511763370319e-01,3.491235751084675876e-03
9.988102053923734180e-01,6.619010327776061464e-01
9.795262971298690502e-01,6.820593981394461602e-01
1.282428302072681214e-01,5.072779755516565459e-02
9.900135734778754415e-01,6.740404046521205617e-01
7.723911206904729987e-01,8.922059196719783758e-01
7.199569872030648909e-01,9.446406733567823677e-01
7.753434319482991333e-01,8.917406185121186102e-01
1.728454048507793717e-01,1.574480252175713968e-02
8.526459017520119366e-01,8.156736315339038201e-01
6.644008195015238538e-02,8.356199505659900328e-02
8.674608737456495078e-01,8.028369136480733026e-01
9.763209048321085382e-01,6.963862500069057937e-01
8.635143631403792153e-01,8.108080246255767731e-01
7.963606595181313974e-01,8.781341075391875250e-01
8.849467905814853985e-01,7.950517918034392117e-01
5.070302354620859209e-02,8.207817454834487325e-02
9.760249141841678133e-01,7.052502467032983891e-01
1.061896299987595826e-01,4.419509315621172885e-02
1.245721144219653631e-01,3.229507893962746401e-02
7.748771365332698391e-01,9.076541332451698585e-01
7.005632020133304438e-01,9.821479432226059014e-01
1.191086608332234675e-01,3.338963218232804397e-02
8.739080269804132550e-01,8.139118853865137115e-01
4.810602218925386087e-02,7.612919713303689662e-02
7.794877373984230307e-01,9.097083615831248471e-01
9.870092902287869174e-01,7.023717421319369825e-01
8.767748323496205032e-01,8.148107613368081870e-01
8.456567939075155804e-01,8.558491436104329608e-01
7.605262465923987580e-01,9.423282545360167628e-01
5.501103743006663382e-02,5.270368803930247648e-02
8.346284772133409913e-01,8.739576068698657885e-01
7.804313207067720137e-01,9.318050491077483066e-01
8.233230692208264312e-01,8.916755046903401816e-01
8.304380322224752531e-01,8.877661362276483281e-01
7.208639422734548496e-01,9.987602853870224395e-01
9.323590549301176145e-01,7.892202510758415945e-01
6.283803467511184238e-02,2.589270831797763073e-02
7.822785524488322650e-01,9.475105997702684135e-01
7.996660927777290429e-01,9.316302840786550021e-01
7.917068607769325306e-01,9.412721614242846035e-01
7.505340002770827246e-01,9.828149777282333410e-01
2.091343041155224736e-02,4.454280193392234910e-02
1.468933218335333191e-02,4.812642013860779500e-02
7.767227360114039580e-01,9.622171199520754836e-01
7.076269343950791768e-02,7.033322706381017753e-03
8.107943527148393503e-01,9.294846086857015965e-01
7.712534158086407077e-01,9.720085756377279118e-01
9.590002114857701931e-01,7.845542764613141484e-01
3.995781875675497030e-02,2.222631823159670894e-02
9.795425891725535461e-01,7.707836384397818152e-01
9.196344784813118567e-01,8.349641972559790348e-01
8.718595786026988037e-01,8.847698159588701650e-01
8.332353202469719999e-01,9.259379110844330185e-01
8.775272538103230380e-01,8.821121714576078965e-01
9.277812431316598829e-01,8.350137165233962877e-01
9.732038228922000878e-01,7.897865920616750079e-01
8.809211543520464316e-01,8.829380878474318850e-01
7.965037533159844418e-01,9.700957668105029130e-01
8.368497937251383467e-01,9.326385505358130157e-01
8.865605364963398127e-01,8.854671676920183865e-01
8.518886737331696768e-01,9.372304428483303473e-01
9.087353244641543926e-01,8.805516733993682399e-01
9.125250680940024672e-01,8.833795109280027091e-01
9.991940667395035058e-01,7.974989346553176262e-01
9.500547927799446457e-01,8.500989154605109732e-01
9.139748104144865826e-01,8.863154353876713243e-01
9.515978235165465371e-01,8.508506656235257370e-01
9.295918766757124141e-01,8.754624856545933920e-01
8.834059063493027164e-01,9.270951823273201331e-01
9.872779087619792948e-01,8.239962044036426292e-01
8.867170634050243194e-01,9.258668524557163160e-01
9.438721813272330508e-01,8.693999705397529310e-01
9.576446321868842260e-01,8.557945596930259802e-01
8.766510636589294192e-01,9.370141472975899166e-01
8.756578600695967829e-01,9.432286500787407935e-01
8.693845452542283692e-01,9.507364582496857786e-01
9.819528142642308666e-01,8.422877633213778914e-01
8.278379896336635069e-01,9.968661272287590025e-01
9.452200743285437134e-01,8.802370660908627187e-01
9.592940997204809639e-01,8.860843458520540894e-01
8.891801894251235572e-01,9.627145954415564644e-01
8.907452039805670019e-01,9.638577454558140412e-01
9.119303838919259331e-01,9.481583135875968349e-01
9.811481194304232378e-01,8.883830561111852875e-01
9.814695550708197880e-01,8.895643979200111851e-01
9.598623381990074588e-01,9.192368108350141842e-01
9.040263703014261853e-01,9.763312573552217488e-01
9.588115450332623801e-01,9.236974753676637784e-01
9.163092263369480017e-01,9.676245197400128450e-01
9.567348715128753955e-01,9.276932766708123612e-01
9.112117920645459446e-01,9.753971630380430247e-01
9.711498783069585361e-01,9.155463310343908701e-01
9.288515568765646213e-01,9.719280309650319971e-01
9.781970402295004918e-01,9.260825936100401945e-01
9.462755024117417424e-01,9.734334231442481888e-01
9.796767539747919251e-01,9.555505479574945005e-01
9.900782618235622889e-01,9.514268572285363712e-01
9.956906687986927240e-01,9.486417799016565455e-01
9.918852818515611069e-01,9.591282993130096912e-01
9.937178253078026158e-01,9.582551126865064273e-01
9.852527674062061536e-01,9.759031409767476850e-01
9.953260871426355960e-01,9.862306406482065357e-01
9.949446876006338147e-01,9.911005702293765873e-01
