5.386196972067891497e-01,8.425490810386897511e-01
5.400094611521067955e-01,8.416590363660491070e-01
7.745100865799583456e-01,6.325613361039731375e-01
4.134485259177377858e-01,9.105273628242752659e-01
5.522401055909889056e-01,8.336852890594779186e-01
6.985762040054130928e-01,7.155359339564424381e-01
5.421243261033495964e-01,8.402985013041563978e-01
7.474499571593276048e-01,6.643185340755175528e-01
5.049229202536668071e-01,8.631647505414070665e-01
6.609413847750256199e-01,7.504371090483236140e-01
4.698814384568020808e-01,8.827292285919773329e-01
5.112856185374557993e-01,8.594104920706544526e-01
5.841130193003116755e-01,8.116719121558008121e-01
7.677725049142375413e-01,6.407219718831665967e-01
5.000185600841606792e-01,8.660150695875103999e-01
5.263698460949257640e-01,8.502561193452774502e-01
5.850876362156560706e-01,8.109705384319857435e-01
5.149692044591239748e-01,8.572082603342761065e-01
6.278097500976271839e-01,7.783673538158524252e-01
5.580326061212448341e-01,8.298194924987264409e-01
4.638935997443812131e-01,8.858913338765586065e-01
4.837731821482942340e-01,8.751938519029204278e-01
4.905119078652790954e-01,8.714340392458590490e-01
5.684490549157202866e-01,8.227179416059696715e-01
4.168877091599685336e-01,9.089576028035213362e-01
5.785527723237339215e-01,8.156443859951425512e-01
4.730988289179182682e-01,8.810088971549028258e-01
6.216316867859797979e-01,7.833102901820682140e-01
4.729355485902879686e-01,8.810965216096268149e-01
7.554117314338301137e-01,6.552496153638934784e-01
4.714579203657972006e-01,8.818880265642922156e-01
6.351104236890952048e-01,7.724205809615802831e-01
5.275494648756680061e-01,8.495249614923410242e-01
7.676998962750221089e-01,6.408085782453553092e-01
4.565866532830754609e-01,8.896783613557667225e-01
4.964269020086184980e-01,8.680791977879582788e-01
5.735550972725742547e-01,8.191677675028706807e-01
5.115314406164770400e-01,8.592652624054689658e-01
5.244619191247836820e-01,8.514346652173595542e-01
5.665488930617863517e-01,8.240273003259059870e-01
5.227272367768033279e-01,8.525007636554491341e-01
7.638333674325268330e-01,6.454146458900138494e-01
5.185145645793315383e-01,8.550680108898277565e-01
6.241092667708261210e-01,7.813380275217389759e-01
4.768389703582608941e-01,8.789914153027431620e-01
7.668690336711980748e-01,6.418023202611504718e-01
7.767289878243182066e-01,6.298362848024545713e-01
5.387158402039404770e-01,8.424884856084812190e-01
5.451047518821188209e-01,8.383669718867254872e-01
7.951739717532899654e-01,6.063827844666994649e-01
7.793217448700724415e-01,6.266225871803123848e-01
5.026399193370396645e-01,8.644967803474561396e-01
7.788988283316011785e-01,6.271510176870721542e-01
5.443112295453549354e-01,8.388823499683161211e-01
6.513569351308662325e-01,7.587726753077198572e-01
7.677159611499644321e-01,6.407888590302399656e-01
7.586468283469072205e-01,6.515035368043428088e-01
7.594552494062607462e-01,6.505609834054935092e-01
6.224517930390180975e-01,7.826569388069661848e-01
5.775493191926099890e-01,8.163569238329071442e-01
5.347490387648510257e-01,8.450098496158960915e-01
5.704014355548613358e-01,8.213649100779597534e-01
5.171612920090955523e-01,8.558890288058115248e-01
4.611261324990043597e-01,8.873336241972143990e-01
5.887939328568748687e-01,8.082844398418016496e-01
7.926792671940263713e-01,6.096405946930391062e-01
5.685194371933766089e-01,8.226684714532159770e-01
6.088064355616542578e-01,7.933173399413036009e-01
5.742925732851662524e-01,8.186515285929634178e-01
5.657168434076240704e-01,8.246009469236629252e-01
5.123917162851411300e-01,8.587530997832631963e-01
5.793538100083452935e-01,8.150775944949932850e-01
7.559597081866352708e-01,6.546200225595582012e-01
7.491246925515876454e-01,6.624271267138975849e-01
6.623085986186382224e-01,7.492294509006689474e-01
4.813054874869970856e-01,8.765516847050930371e-01
7.773768055401264476e-01,6.290372171125889755e-01
5.605065738400201170e-01,8.281485118983999971e-01
4.768977904268477674e-01,8.789600067943850181e-01
7.655346911705592783e-01,6.433926052343414970e-01
4.736987615487250891e-01,8.806881855642310075e-01
4.979635551712101593e-01,8.671966398703611079e-01
4.849265797710751169e-01,8.745535759027647238e-01
5.650263825261672146e-01,8.250713156921665181e-01
5.915413826730655522e-01,8.062762780835914800e-01
5.121528481138435396e-01,8.588957472563456541e-01
7.551575043026488299e-01,6.555412961242815806e-01
5.130645862207188213e-01,8.583485624395071900e-01
5.965253830273000712e-01,8.025925291776310200e-01
4.841990544976382260e-01,8.749592435897624032e-01
5.820785371292446220e-01,8.131309160543250814e-01
5.123186683810077025e-01,8.587939266450207443e-01
7.144165193011401405e-01,6.997227905157110683e-01
5.608889745387475312e-01,8.278893680310447367e-01
5.644573470078579902e-01,8.254639160365466743e-01
7.605678212685912376e-01,6.492562256557125044e-01
5.648624258384600250e-01,8.251833767182178425e-01
5.350970239125836247e-01,8.447889619262652916e-01
5.134860370562606136e-01,8.580963628532847220e-01
7.669228944094261813e-01,6.417416456745642650e-01
4.684071930066612266e-01,8.835141692362018517e-01
5.663477847260914855e-01,8.241681379944980623e-01
5.137959901623113668e-01,8.579140258021029641e-01
7.666131550797607996e-01,6.421068023837837035e-01
5.815136515013272778e-01,8.135385153320761065e-01
7.748427765936369838e-01,6.321514948198030392e-01
5.915170126396173123e-01,8.062905755482772108e-01
4.862614301675156625e-01,8.738117761481878354e-01
6.165443485054402650e-01,7.873181408702584205e-01
5.136838227911624255e-01,8.579812655077639905e-01
4.824994548282417473e-01,8.758946517107897289e-01
5.461819828083634976e-01,8.376683959074400221e-01
4.414993908639447406e-01,8.972630878009445476e-01
7.247934168893970241e-01,6.889687954195439223e-01
7.616006242027993922e-01,6.480440022976717840e-01
5.800153002713250849e-01,8.146076272491983294e-01
5.672032843386254353e-01,8.235758065432721153e-01
7.603156062520266545e-01,6.495565453949423418e-01
5.859915992500507320e-01,8.103192469443375456e-01
7.546916541334373063e-01,6.560769142988607250e-01
4.794534719355949548e-01,8.775655516006545254e-01
7.679180457085039713e-01,6.405453022097536975e-01
4.435223615670885744e-01,8.962616871452643297e-01
4.738359997465981799e-01,8.806113345913352264e-01
6.266490478549320287e-01,7.792991516862899370e-01
6.016026206902238549e-01,7.987978958396693141e-01
5.928170937323840040e-01,8.053347356269305868e-01
7.794017426714314745e-01,6.265276392514553816e-01
5.567014565133542314e-01,8.307103695662769738e-01
5.122171127734299612e-01,8.588581391844072321e-01
4.467173416590954904e-01,8.946770289784067298e-01
7.667917725189399292e-01,6.418926909623421384e-01
5.867513322352178040e-01,8.097696722367226929e-01
5.249821328644657115e-01,8.511154946328116644e-01
5.121806156021464496e-01,8.588755434926987897e-01
5.192244022118935876e-01,8.546403148333916455e-01
6.071937303248158280e-01,7.945510430941913338e-01
4.739726884311078470e-01,8.805417196742865160e-01
5.164091651606432798e-01,8.563443868924639490e-01
7.779994645792689401e-01,6.282612994561879161e-01
4.823156321265527624e-01,8.759997664165546372e-01
4.634801863925379073e-01,8.861094603711424655e-01
6.683774709692524851e-01,7.438190863629403626e-01
7.636751914426911370e-01,6.455970055726741874e-01
7.842019876610752949e-01,6.205018816283561778e-01
5.447722662668064153e-01,8.385814147512622441e-01
5.541525237133775317e-01,8.324179031769106674e-01
5.755807256827504270e-01,8.177420953338445653e-01
5.126519437908496624e-01,8.585990994980865487e-01
7.521546096385594016e-01,6.589828806113174897e-01
5.617695163323935814e-01,8.272909406012659561e-01
5.665870325477148084e-01,8.239990045564553611e-01
5.017798293420530076e-01,8.649927899207314752e-01
5.048459499610448153e-01,8.632068515976561995e-01
5.706508525784460550e-01,8.211957451710797384e-01
7.696019842333302607e-01,6.385198719962025260e-01
6.335559771342783586e-01,7.737001904227552851e-01
7.632592837049388956e-01,6.460882411289381455e-01
5.466675713848536677e-01,8.373526563539336331e-01
7.656302589708205986e-01,6.432850027674684723e-01
5.076802157333493160e-01,8.615483130196874839e-01
5.922705536389244463e-01,8.057423458313511810e-01
5.563510928643931042e-01,8.309503359629235586e-01
5.505276689803485501e-01,8.348139238307056287e-01
5.137748559857451269e-01,8.579222311216176955e-01
4.713131472146045997e-01,8.819633354842419948e-01
7.663433013195781740e-01,6.424269923465992793e-01
7.552421152888734168e-01,6.554416446089966763e-01
5.484019545499456694e-01,8.362179723371085949e-01
5.441986907697324849e-01,8.389532728031189324e-01
5.544013226787515292e-01,8.322462724483399299e-01
7.744437977750846525e-01,6.326382473532941031e-01
7.585015006663093917e-01,6.516669156746878189e-01
5.085974984076575556e-01,8.610014663492154829e-01
5.350647650812732081e-01,8.448079440221323289e-01
4.689102987152851121e-01,8.832430659738279566e-01
7.661744733657509521e-01,6.426281205895062465e-01
4.714438545830387239e-01,8.818988501586060291e-01
5.317963996208071586e-01,8.468753704364406776e-01
7.481061088460199127e-01,6.635835300918041524e-01
7.875159609800392868e-01,6.162989381663210864e-01
5.531458866286261822e-01,8.330810708108020712e-01
5.895552726316281023e-01,8.077244756756999378e-01
5.681236694608442495e-01,8.229466548885218113e-01
5.708189861254089337e-01,8.210794259265263850e-01
4.721163345438870174e-01,8.815391624494351985e-01
5.375269866617655712e-01,8.432432248628505267e-01
4.766957057733902103e-01,8.790713197631464526e-01
4.954309895874858816e-01,8.686442321134912881e-01
4.585465291506315988e-01,8.886732472756486700e-01
4.002580770242724073e-01,9.164049974571560897e-01
5.162724746192048908e-01,8.564211082819830345e-01
6.926045983165076692e-01,7.213218766976370322e-01
5.004161852121222775e-01,8.657817872737932907e-01
5.773596877025356511e-01,8.164861335736371961e-01
5.812419981902360311e-01,8.137269340799834216e-01
4.767761385836559729e-01,8.790216148436419408e-01
5.579773887068276705e-01,8.298524812831569175e-01
6.031185332586201930e-01,7.976555753358843814e-01
5.310790743179887308e-01,8.473186907561507386e-01
7.643672405016441740e-01,6.447759748875860897e-01
7.483613552281589421e-01,6.632861671501987244e-01
5.618809040109082886e-01,8.272142749224030700e-01
4.774887646726014845e-01,8.786411500674219388e-01
4.775043064610520749e-01,8.786327374168368953e-01
5.744168741216826302e-01,8.185588783812145497e-01
7.448175220584882794e-01,6.672734851827921698e-01
5.579614449887031480e-01,8.298708382673687378e-01
5.985043811477797071e-01,8.011237878995384198e-01
4.825788400221903696e-01,8.758490663716121949e-01
5.595204707419603185e-01,8.285569735628703913e-01
5.046419379397609761e-01,8.638448530538062053e-01
4.370103420254064508e-01,8.975716863655249789e-01
7.467092571132577516e-01,6.636876550770361982e-01
4.241995982704984125e-01,9.030465752712227845e-01
7.339116007590456014e-01,6.776872765839621060e-01
4.111171231635245560e-01,9.079855709998452262e-01
5.457012599712092182e-01,8.382613431575569596e-01
7.344181557647355696e-01,6.769096466658801603e-01
6.794698440130221284e-01,7.310791567062017160e-01
7.697738679551784369e-01,6.382360709255378017e-01
5.725194986466332070e-01,8.195851152063222678e-01
7.223908523701358941e-01,6.892991104334801333e-01
5.113488506119969745e-01,8.597362277743377801e-01
7.700297829367112046e-01,6.383629271523599824e-01
6.053084266525062818e-01,7.953432773062417693e-01
5.735050142048365718e-01,8.193918489698945873e-01
4.507530416075549717e-01,8.912231087677593422e-01
5.436417579521624077e-01,8.392173360614200162e-01
5.885867693343298512e-01,8.080129455335685051e-01
7.649012877460730220e-01,6.442385111352348925e-01
4.423005010165467210e-01,8.952114503094624753e-01
5.580954169387613018e-01,8.301073324040361134e-01
7.474011022871549503e-01,6.632356788672412184e-01
5.384286439900975996e-01,8.428921306122947321e-01
6.618265157594200865e-01,7.478176481194198644e-01
5.062873532828546796e-01,8.625322529148504724e-01
7.321263614710347145e-01,6.793495729213744339e-01
5.139168480270493999e-01,8.582400072781231071e-01
4.571605445496286779e-01,8.881562031421766923e-01
7.017171790609599835e-01,7.104071851451551067e-01
5.205298298801102064e-01,8.541672466026304367e-01
5.650349971389055925e-01,8.246775022291171764e-01
5.412742485313468688e-01,8.407016899657963060e-01
7.147782851014613525e-01,6.968494819203976398e-01
4.438540039272795834e-01,8.945959172357289546e-01
4.716167315838095120e-01,8.814847842846016412e-01
6.007696633760706284e-01,7.987464919032932764e-01
6.741509087644221854e-01,7.364159355909362104e-01
5.757149872206774877e-01,8.170870342517398965e-01
4.411515246710120963e-01,8.961009933254076021e-01
6.340568205966656823e-01,7.719637434509445395e-01
6.659178479084104652e-01,7.438774381468025165e-01
6.605335790636626125e-01,7.491849307145908021e-01
7.617197072557211346e-01,6.472400479607214319e-01
6.120498672621115244e-01,7.902167637544246226e-01
4.819309039602360789e-01,8.763457782697746667e-01
6.061373744781689554e-01,7.941674605831154921e-01
5.394327273737302697e-01,8.420515678840833074e-01
6.506837605243175338e-01,7.578903162435667307e-01
7.632415593634513939e-01,6.457226145279240104e-01
4.164389215126479971e-01,9.065489270469720973e-01
4.203124411205659827e-01,9.050598791149196964e-01
6.769075839162078667e-01,7.340369467522038782e-01
7.476409994749507737e-01,6.631483297836217039e-01
4.529952133207802434e-01,8.903078431671952453e-01
7.291646107347835581e-01,6.820863879307424993e-01
7.945222731149126361e-01,6.105012161632451528e-01
6.584031435164440227e-01,7.504565668257452415e-01
7.519285607882078004e-01,6.584468181401893494e-01
7.410214978693074883e-01,6.699931291624973140e-01
4.202333900715227166e-01,9.044034437504165913e-01
4.703381931412651262e-01,8.821119686521033953e-01
6.351718539834971811e-01,7.709797365268772351e-01
4.033427643612172431e-01,9.112883057359699723e-01
4.656128886013402579e-01,8.845183307432162856e-01
5.444896134982654123e-01,8.388071476950635930e-01
7.835543912010420886e-01,6.226450436953530065e-01
6.351625029536732692e-01,7.710413828419908633e-01
5.301018430107358181e-01,8.483680637184471962e-01
4.274017565644783745e-01,9.016474334230730747e-01
7.941114222694580782e-01,6.109457533586784006e-01
6.979594003846510963e-01,7.140053513628534798e-01
6.889471844131460632e-01,7.228322578209529503e-01
6.513933813933880934e-01,7.568701416012382222e-01
6.079494881531160022e-01,7.930995219796521667e-01
5.710877367880642375e-01,8.204076070053261116e-01
4.792789238201654034e-01,8.771705233903379639e-01
5.261609934816795509e-01,8.510780855269638456e-01
4.683303937151235274e-01,8.832091844256384494e-01
5.623785527247411320e-01,8.271465743259299730e-01
5.777314427858080137e-01,8.160591221306638943e-01
5.699118139969723273e-01,8.218298462063667875e-01
5.256980436427928227e-01,8.511018445417409817e-01
6.111824318611984719e-01,7.903843296424969411e-01
6.001114218523737609e-01,7.993019564623421447e-01
5.690360862044361312e-01,8.218842405546815666e-01
4.602398057703354639e-01,8.874525234885733971e-01
7.083838531581783116e-01,7.033115740399673577e-01
7.652173903794622367e-01,6.432708705593561671e-01
6.924759093906884821e-01,7.192482203264318752e-01
5.245908917676884720e-01,8.513173936670453967e-01
6.961173085773055824e-01,7.155561226300539701e-01
5.927133756327913616e-01,8.052617804602794083e-01
6.113187518568540257e-01,7.906897895229221263e-01
4.960073731655272877e-01,8.684887310236150126e-01
7.259389984756017267e-01,6.859839832850643804e-01
5.808345430617978256e-01,8.133843658219730433e-01
6.322056032785565716e-01,7.732765690179816964e-01
7.018720550844288475e-01,7.095688269977163953e-01
7.947791199260205719e-01,6.097963710433345064e-01
7.108862116935131814e-01,7.012956579784513922e-01
5.738506110249671499e-01,8.185096817656251078e-01
6.274686175358354934e-01,7.770612203437787802e-01
6.623700065645388158e-01,7.472582081094676365e-01
4.241856615822405252e-01,9.034201036391478201e-01
6.598197723225760480e-01,7.494696605509192366e-01
5.610141941811994659e-01,8.276769755622443991e-01
7.191556662042524195e-01,6.922871475170921940e-01
4.722753952599717531e-01,8.809869268798200537e-01
6.729714249508480517e-01,7.371787339398794270e-01
6.359840372222401728e-01,7.700610025066484399e-01
4.245004523043703903e-01,9.028069460543186597e-01
4.728193642044293821e-01,8.811466055695047483e-01
5.121751778028289515e-01,8.594321185306107447e-01
6.484570184453344321e-01,7.591744185177135007e-01
5.452634962673311714e-01,8.385768930614136973e-01
5.931300396814975784e-01,8.044620893402664175e-01
7.950495628285725314e-01,6.092179136011006690e-01
4.128357845853865005e-01,9.078499748754537135e-01
6.247789800351372103e-01,7.798191652238770644e-01
5.363530413033432698e-01,8.445551107529160051e-01
4.983294354467633358e-01,8.671062166676681837e-01
7.107934254552542575e-01,7.007377652187182226e-01
4.089744826597344063e-01,9.092107310615452631e-01
5.193737428858072880e-01,8.551095885225377113e-01
7.485009896466184864e-01,6.622593749077125835e-01
7.918848362348369641e-01,6.133907199334855953e-01
4.762253214643157317e-01,8.792806548580223147e-01
7.008952906397056815e-01,7.108963934557690489e-01
5.489378417105442720e-01,8.360782908176412898e-01
4.645587347394252165e-01,8.846962792888473093e-01
4.714739517242291234e-01,8.813604998249928713e-01
5.334277937003326642e-01,8.457908224069288217e-01
6.224699472267029021e-01,7.812013147007799141e-01
5.476670918037352953e-01,8.372293076640320297e-01
4.395274176740514571e-01,8.963723058214128070e-01
5.262910648244372158e-01,8.505030569185558775e-01
4.384136245582643254e-01,8.974793540818020166e-01
7.158639691411396999e-01,6.961512997371105405e-01
4.725647978518734971e-01,8.812622782880376038e-01
5.469930077192779461e-01,8.374928697211765360e-01
5.966887162878592443e-01,8.020875613519763414e-01
7.056396312833552731e-01,7.066144995833344433e-01
6.775856670924658154e-01,7.331501318577297033e-01
4.889852073983963487e-01,8.719722597617372006e-01
4.751627867455741061e-01,8.794972424555337343e-01
5.537878058325975683e-01,8.331747200981806101e-01
6.512243682191708460e-01,7.570670501237170003e-01
5.485557871603234936e-01,8.365455285486600445e-01
5.746735172042749529e-01,8.180841491140234956e-01
7.313264641937078370e-01,6.801374549478905740e-01
5.547524486387647169e-01,8.319689849044493712e-01
7.915098013028117885e-01,6.134384491447926191e-01
6.322117846780180850e-01,7.733398591011823031e-01
5.454210781195794056e-01,8.380025183650741116e-01
7.745164752890725257e-01,6.329418358282012935e-01
6.246248241386067601e-01,7.793047074985535172e-01
4.037503366447885988e-01,9.110114515684267777e-01
6.927203487615262167e-01,7.191010006927495146e-01
4.212999440915421445e-01,9.044549691461046814e-01
6.974322310092692101e-01,7.145570820371772713e-01
6.348928577372635607e-01,7.707149092373395405e-01
6.632787150625698569e-01,7.462053302785920383e-01
6.347077827074769640e-01,7.716667106710686230e-01
5.483769529731625791e-01,8.365174995203440433e-01
6.218089966878688202e-01,7.822189448526141176e-01
4.611364382318451915e-01,8.863716899091819146e-01
6.359219572639542850e-01,7.701794549555827096e-01
6.081714661920361031e-01,7.926669172677273112e-01
6.120538716461340067e-01,7.899219854264529772e-01
5.037026632479771893e-01,8.643714427734398020e-01
7.360909255820153874e-01,6.751984849905503516e-01
5.602659189110013038e-01,8.280538454267352133e-01
4.914826911784195840e-01,8.712612040927282253e-01
4.541823496411900307e-01,8.897241450775380533e-01
4.752603043988583575e-01,8.792216050637552405e-01
7.739811309856721167e-01,6.335145742289642889e-01
6.364563836510351846e-01,7.698376825553705505e-01
6.298654296802320696e-01,7.756460565362147674e-01
7.732708740004873293e-01,6.348211207473366535e-01
5.920172292015294380e-01,8.054648230451982860e-01
6.019317815106279834e-01,7.980750653943153861e-01
5.554114122995146285e-01,8.320419854103779933e-01
4.334236536494576186e-01,8.990122787978145347e-01
6.941018892809880381e-01,7.179047624343120049e-01
7.619625682981916448e-01,6.468732161630509347e-01
7.562625106984522949e-01,6.537893073680611788e-01
4.461720666203943808e-01,8.933648208937167157e-01
6.197164309239726609e-01,7.833040809191955667e-01
5.005287007313017345e-01,8.656914274019175126e-01
4.312943428052456452e-01,9.003802267021552286e-01
5.178046898579460322e-01,8.558634182356307241e-01
7.098073334054152417e-01,7.018980432087014165e-01
5.806409974820034847e-01,8.140011105695272864e-01
7.125440875398252327e-01,6.992892054627475318e-01
5.283338947561107002e-01,8.492568528505242131e-01
5.015965321872103422e-01,8.653666976032907687e-01
4.562813463834254346e-01,8.889372325328798174e-01
4.037999348689434997e-01,9.110109959857545237e-01
6.981864532815793556e-01,7.132467341117082471e-01
6.736610115952953448e-01,7.370168712625164709e-01
6.541837026145307377e-01,7.543476469627032888e-01
6.676325534716722743e-01,7.427704711288715123e-01
6.724592644402904718e-01,7.381414294764643280e-01
6.674032368924978087e-01,7.429339591971911849e-01
5.891818412591556253e-01,8.072256817606853208e-01
4.581151056019171497e-01,8.881948090892564096e-01
4.377755754207537375e-01,8.977908809869615814e-01
7.053802209773669674e-01,7.065267463915831936e-01
7.045375764232260085e-01,7.076985333362596498e-01
5.328298226009351435e-01,8.461215019415576633e-01
6.885850531229890104e-01,7.230652714132633774e-01
5.305221919451080792e-01,8.476210713645966344e-01
5.632762580030244992e-01,8.260330694863543544e-01
5.028861864312299534e-01,8.641567860168908322e-01
7.701106208370898099e-01,6.381058511807429223e-01
6.119910342047112373e-01,7.901686531733876917e-01
6.979782123009143913e-01,7.135837965373769132e-01
6.098011401166275602e-01,7.912982656338968246e-01
4.361551644610252021e-01,8.985164171206591055e-01
7.355008121487256467e-01,6.758182358163342673e-01
5.177821586382905794e-01,8.561218766169235161e-01
5.711466245716593226e-01,8.208447238244807043e-01
4.698578998122732164e-01,8.822795717458840059e-01
6.429755575784273924e-01,7.641788551113853911e-01
5.644981296850113406e-01,8.257409324800865091e-01
4.942211656396102160e-01,8.696819539773045227e-01
5.728805697250265450e-01,8.193366527551129153e-01
7.165391128406198851e-01,6.954964835222804398e-01
6.247901699991071922e-01,7.791780582957475998e-01
6.378173657606199809e-01,7.689396603936829999e-01
7.338155995453872205e-01,6.771596250755834712e-01
4.889105638748191818e-01,8.723740710831787704e-01
7.854509738944697173e-01,6.210619988258917479e-01
7.576925719299352213e-01,6.521465994896157303e-01
5.545524595873687623e-01,8.320188978839739846e-01
5.618728217161530480e-01,8.272375236208588944e-01
4.939322834895124026e-01,8.693223405894061617e-01
6.616925816688784545e-01,7.474558731901315145e-01
6.479596713730656488e-01,7.600215777689635077e-01
5.047128587838225489e-01,8.631389964946600823e-01
7.881405275391994980e-01,6.175029519373077536e-01
5.004950464668874721e-01,8.661151691257777951e-01
6.825902622281430077e-01,7.287711243522410065e-01
5.331520774266396145e-01,8.464593896946838170e-01
6.166918551766649159e-01,7.862868968086651478e-01
7.802564845758179768e-01,6.269289360891536766e-01
4.971323558168373458e-01,8.677434408035273883e-01
4.234187684337378244e-01,9.032262038387568470e-01
4.398620562887753938e-01,8.967088888807676073e-01
7.259957386662507783e-01,6.854706264496427393e-01
6.831188461864771133e-01,7.278037425576983077e-01
4.484001891366032888e-01,8.923850736731636646e-01
7.435652675608950268e-01,6.670840862087489276e-01
4.118335135241915079e-01,9.080848028985460951e-01
5.323590969526743599e-01,8.465559064399675870e-01
7.011319257203396660e-01,7.110788734600423933e-01
7.166635867739193921e-01,6.955504829770955411e-01
6.456770692968828440e-01,7.619538545587116740e-01
7.488905830840799638e-01,6.616824181168674546e-01
5.409117180185309959e-01,8.417150689812604725e-01
7.633242760227818557e-01,6.454871472811214428e-01
5.705105372185231838e-01,8.212639192084554285e-01
7.355812604879663485e-01,6.756698863787599096e-01
4.556483728623762497e-01,8.894162397344086424e-01
6.189206681199844740e-01,7.845352364953221969e-01
4.179635033520738840e-01,9.056240542557794093e-01
6.431150364719271373e-01,7.637206573149059041e-01
7.690078139300668969e-01,6.397247865273839595e-01
6.722378059016573815e-01,7.381641505144772575e-01
5.932501595585308873e-01,8.042694755765272818e-01
7.138389978120247559e-01,6.981731742865570078e-01
7.715771177653067969e-01,6.366873775641347377e-01
7.694695105624517195e-01,6.387720585067827583e-01
7.493741153289581458e-01,6.608184435813241331e-01
7.217633496959323658e-01,6.901853774926440810e-01
6.650124099776818509e-01,7.443851841875132047e-01
5.580003591429638643e-01,8.299593885469853660e-01
7.408777541955036128e-01,6.704392477496337044e-01
5.197357055301304873e-01,8.548490346186000677e-01
4.629057729019759870e-01,8.854450033755083549e-01
7.149862231068820906e-01,6.971845270434111619e-01
4.999242234871921209e-01,8.666304300706905162e-01
7.111679565922217616e-01,7.007649059849231366e-01
4.197653835897062757e-01,9.052272915646288887e-01
5.959338116143203523e-01,8.026118529610021257e-01
7.325639526325526951e-01,6.791028390407198856e-01
7.722153808897611604e-01,6.359202852054519628e-01
5.735405211207985632e-01,8.186466339003358739e-01
7.291661030657166087e-01,6.827748783254601328e-01
5.939251747646170365e-01,8.042020812293994014e-01
7.475197642540072351e-01,6.630211021901204482e-01
4.630985799650543244e-01,8.854201284910890868e-01
7.005928918337287481e-01,7.115636543267848113e-01
6.632195943460632570e-01,7.460227695801322501e-01
6.783944933812902089e-01,7.322091759162384639e-01
6.072857854318880477e-01,7.934025178183645721e-01
5.262287881085829788e-01,8.504447864187049122e-01
4.849985710988088949e-01,8.742999741253638657e-01
7.016651051597140309e-01,7.103998373705754377e-01
6.692151713030930482e-01,7.409347324740090945e-01
4.745540622375994944e-01,8.800711216744622201e-01
5.003536235691357081e-01,8.659477765552402451e-01
7.258231408782158667e-01,6.860771015368818393e-01
5.376849226614490718e-01,8.432067463812407127e-01
6.575510930602994630e-01,7.517984358937424005e-01
7.285614411535900059e-01,6.828384624948715675e-01
7.667857803155542218e-01,6.416490659378994987e-01
7.786219501194662218e-01,6.288552284007351556e-01
4.751005042780186982e-01,8.792712121660827274e-01
7.139179883827516671e-01,6.980804103633907465e-01
4.624990714391536972e-01,8.857889715411211284e-01
7.092166936810835320e-01,7.027653918246933307e-01
5.914425631694014696e-01,8.059185292429197345e-01
7.114819520347452908e-01,7.001606134976234852e-01
6.967591056266823069e-01,7.147682159215742459e-01
7.636281339876254126e-01,6.457747111449410049e-01
4.181190319619106921e-01,9.059985356341730967e-01
6.088370049364502101e-01,7.923317108035566880e-01
7.830250900611686049e-01,6.238068786842742020e-01
5.242930887482233349e-01,8.520852801451477276e-01
7.423761412869911425e-01,6.683646395558704434e-01
5.878803000492047737e-01,8.088467604845702708e-01
4.402271094165095544e-01,8.964749344331087721e-01
4.617196534213041659e-01,8.860367414394748620e-01
6.850288859631900040e-01,7.261403962978673077e-01
6.381687372854035756e-01,7.682998490022781013e-01
4.703625221501307463e-01,8.816900667387970181e-01
6.324561092811805674e-01,7.729670932251686555e-01
4.050541876245640216e-01,9.104227029769311752e-01
4.007909816941717107e-01,9.123155387791724857e-01
6.791289463128878934e-01,7.313976320301873724e-01
5.994461840326730240e-01,8.000837821943875827e-01
5.833900154471548527e-01,8.120125851972720410e-01
6.494793396196683055e-01,7.587248747824750783e-01
7.085351710550591431e-01,7.030159303410833393e-01
4.685898833542827546e-01,8.831397301356052054e-01
4.530776214246386435e-01,8.908769630633530667e-01
5.937798437884439506e-01,8.039252911210187369e-01
6.241843846410247698e-01,7.797066990813444898e-01
4.330055890449947542e-01,8.993355327295553536e-01
5.611053384485996665e-01,8.277107277621877923e-01
6.175735389028269573e-01,7.850250766880474407e-01
4.720441659905680876e-01,8.814615763639532808e-01
5.891907019836207793e-01,8.075906806779132863e-01
4.598475292324281649e-01,8.875153425500516002e-01
7.770461204711911485e-01,6.301169077190131862e-01
4.883411215788538429e-01,8.728831306964252024e-01
5.061683376084207264e-01,8.629034326494186002e-01
7.538210046279512078e-01,6.559575827142297699e-01
4.113205271206858971e-01,9.085670985019925761e-01
6.717123072588038202e-01,7.382376982223899375e-01
6.675572972796912641e-01,7.422117817742984736e-01
4.926763960821364252e-01,8.699806949072448337e-01
5.395582811572975368e-01,8.421244139869593637e-01
4.257806744687750444e-01,9.028301702977913346e-01
6.758522972945477658e-01,7.345057426755206009e-01
6.767695124267174567e-01,7.342399935179498849e-01
7.237997218120635345e-01,6.881063923877647204e-01
5.909130215845375123e-01,8.064765026350154686e-01
5.761867286264424903e-01,8.172769928875761591e-01
7.157648442156633317e-01,6.958108175136684670e-01
5.870430443675448418e-01,8.089880259362527415e-01
4.883195386998083753e-01,8.730086184550253092e-01
5.631135242341684943e-01,8.266070026269790594e-01
5.838284693471464948e-01,8.118182726039460118e-01
5.406754498929732256e-01,8.410972374489134040e-01
7.910331556873086978e-01,6.143074719987333676e-01
6.301395986795987891e-01,7.754256872663800593e-01
7.185798929248317091e-01,6.935883811786215380e-01
4.184364448102598777e-01,9.053277840904553342e-01
7.389094546789400919e-01,6.724937637779486721e-01
7.777370090350894660e-01,6.294936121896641534e-01
6.302380122424591224e-01,7.747410518859166872e-01
6.040387729419920415e-01,7.965546383862301960e-01
4.176915352919265412e-01,9.053924378774294013e-01
4.897689252747183808e-01,8.721212291986383258e-01
7.151393223726931758e-01,6.969689114817479991e-01
6.616973478527877761e-01,7.478397158223271113e-01
6.063724175661615590e-01,7.945494187783065376e-01
5.850561846091013596e-01,8.103808370414200546e-01
7.922179236029575078e-01,6.129644395654655353e-01
5.114125865510752433e-01,8.594472510418588174e-01
5.997070776702966288e-01,7.998296606258239461e-01
4.359834558656081049e-01,8.981106386844575074e-01
6.140911849508388087e-01,7.883671996817362970e-01
4.839189585927188286e-01,8.750489771424942997e-01
7.162219146831099170e-01,6.953972663374566876e-01
7.264080679509148375e-01,6.850860390723143567e-01
4.812784359252557653e-01,8.761027088153549025e-01
5.341636596948868831e-01,8.457038787228560173e-01
5.314181503851986843e-01,8.472422961917067674e-01
4.234665107820528851e-01,9.033287003271655013e-01
6.620015313569197479e-01,7.471661627936159178e-01
5.857526803643550162e-01,8.102670728502505693e-01
7.712316743942727593e-01,6.367379340043026748e-01
5.414484068277179984e-01,8.408996266904302797e-01
6.427301512100416225e-01,7.641317355351148199e-01
7.854909681075655792e-01,6.203673994142642201e-01
4.521008742911911682e-01,8.912789406534747938e-01
6.571253452266205830e-01,7.519210051834253061e-01
6.200269362354854374e-01,7.837181619289022017e-01
6.224749356065459871e-01,7.811044526076168504e-01
4.507787102406396462e-01,8.911501981924065952e-01
6.421649943450833398e-01,7.649373338991904969e-01
5.456674568123898172e-01,8.382346228634571794e-01
4.918477010671771787e-01,8.709550760985891316e-01
7.368038125342314393e-01,6.740549559498759669e-01
5.312494662037907656e-01,8.476870352427762212e-01
7.561975534342815219e-01,6.536215609522231240e-01
7.141903114118510754e-01,6.974758896451440648e-01
4.943615657304797351e-01,8.695258403505825573e-01
4.624107411650886790e-01,8.862542978341824140e-01
4.681295569874308615e-01,8.835041409080474084e-01
5.557838783495165913e-01,8.315413803675751891e-01
4.653452348735669375e-01,8.845316306869510647e-01
5.569985448297036790e-01,8.305167717122068360e-01
7.898620959162934163e-01,6.153386424218603157e-01
4.782937509012109012e-01,8.778792467538675259e-01
6.322533695808547627e-01,7.733424344629102887e-01
7.741881303051458829e-01,6.335350730390394425e-01
6.242444083854423731e-01,7.799723706641830123e-01
6.062173416625962208e-01,7.942447673975810973e-01
7.859809215487310041e-01,6.202140594473953827e-01
7.821552235186313151e-01,6.241950676551388799e-01
6.927097975408427200e-01,7.188042761425418314e-01
4.240180194323400209e-01,9.036124491170531847e-01
6.181721245772435758e-01,7.846902307183515335e-01
7.206938587641753546e-01,6.913705226482524946e-01
4.443112426660651426e-01,8.943197465813709224e-01
7.847097056479696020e-01,6.217448670371256148e-01
7.116940409302092707e-01,7.005326720622288006e-01
7.039904789098321292e-01,7.076306205831981444e-01
6.220579086282020942e-01,7.820695070411463057e-01
6.436856656109759545e-01,7.637864669273702889e-01
7.260423718062209986e-01,6.856108902158558616e-01
7.392943620686862616e-01,6.717480378722778811e-01
7.521252754869358625e-01,6.582584839858445225e-01
4.469977930985475911e-01,8.936223823414234380e-01
5.706246260311335083e-01,8.207910629052203033e-01
5.094815109623839211e-01,8.608335580716064417e-01
5.440953401431152248e-01,8.393022901158269100e-01
5.049001073962188224e-01,8.636152509714714043e-01
4.289531300337527941e-01,9.009306703449831977e-01
7.750364654143270249e-01,6.324788886565598789e-01
6.838114069635432557e-01,7.270459378126351568e-01
7.941496009004307410e-01,6.104696441611598967e-01
5.515547899609034577e-01,8.345240566222215106e-01
5.593079410400311202e-01,8.291360053750620462e-01
7.691510431129682246e-01,6.393393037894862241e-01
5.821134745714751091e-01,8.129096701242796152e-01
6.208266599649103767e-01,7.825841419687745715e-01
6.006114231422468031e-01,7.991418804696842626e-01
4.736305360818690025e-01,8.802089096486508391e-01
6.968276371398807179e-01,7.149062209199186224e-01
7.813922567517816997e-01,6.251742491981868710e-01
7.017216334489403406e-01,7.104917012798382947e-01
5.826379568405598564e-01,8.120114729178242730e-01
5.778216144309994418e-01,8.162438530761618738e-01
4.181413026208397055e-01,9.053365932771986202e-01
7.654705534401613498e-01,6.434904876428145792e-01
4.640276360938405675e-01,8.853275603441126407e-01
6.271273966765258390e-01,7.780023037177963285e-01
6.277569788584809185e-01,7.774155024030455774e-01
7.376385816213058000e-01,6.734785204392985669e-01
5.042329076235406715e-01,8.635236837986738356e-01
7.295903032868191751e-01,6.818546520608106398e-01
5.494553539211033399e-01,8.355850070152189835e-01
6.660273862110932530e-01,7.440525834361277902e-01
5.486830162491476148e-01,8.360763477967030344e-01
6.526819136462688187e-01,7.560707368543282403e-01
7.865946769830858276e-01,6.193589225531618281e-01
5.529263864247132565e-01,8.330011759524349468e-01
4.428641244695810109e-01,8.953688688083942804e-01
5.846921496010298869e-01,8.111364463704924255e-01
4.775895605188370530e-01,8.779945741412505944e-01
7.557019387820494982e-01,6.544125565768614816e-01
6.145556100920273046e-01,7.875866050811578534e-01
5.171239055987413291e-01,8.562109431099310664e-01
5.630615780315539887e-01,8.260810778722229575e-01
7.343026700866625012e-01,6.774147047959280243e-01
6.231361972247196901e-01,7.810659811985960488e-01
4.300439500518709601e-01,9.003967601533284792e-01
4.113776468915828488e-01,9.079842572796430478e-01
4.251896338489372096e-01,9.024062866965344432e-01
7.868113282739577219e-01,6.189781887010269434e-01
6.911946329407057110e-01,7.206289106506312825e-01
7.365775616519752989e-01,6.747136199728311912e-01
7.648204708440544675e-01,6.437888656328085712e-01
