8.786244787255926836e-01,1.213755224078354733e-01
7.209072827810923956e-01,2.790927189896429961e-01
8.758472089301743146e-01,1.241527959325058328e-01
7.539179964579016957e-01,2.460819956180117785e-01
6.352371018997284846e-01,3.647628893424480490e-01
7.689928379279101778e-01,2.310071718085476844e-01
6.454919442659603490e-01,3.545080692656403798e-01
8.661332382142168385e-01,1.338667801841659233e-01
7.425834339906783876e-01,2.574165854253011587e-01
7.832771048426792060e-01,2.167228746028742048e-01
9.306002361104898091e-01,6.939974330692207094e-02
9.320114703191434424e-01,6.798850879096990374e-02
7.119980244843961970e-01,2.880019533806120191e-01
5.197265414738558853e-01,4.802734353895746766e-01
8.685323039269612355e-01,1.314677238738609089e-01
9.501414264957060984e-01,4.985854059223119444e-02
8.552664598523828099e-01,1.447335068270741432e-01
8.759142834043512904e-01,1.240856827643970900e-01
8.589560355812364545e-01,1.410439215567245996e-01
9.025993607724616119e-01,9.740068241234432767e-02
7.007239856052037696e-01,2.992760592534428610e-01
8.264403557056345662e-01,1.735595988100040177e-01
5.973153215247520853e-01,4.026846309643491995e-01
9.182956830470407894e-01,8.170436864756018547e-02
7.192773712843135714e-01,2.807226852991509536e-01
9.135424150663076226e-01,8.645752821886763806e-02
7.579265372573772419e-01,2.420734059729458543e-01
9.124889198182157823e-01,8.751102323843222563e-02
8.859268605437377042e-01,1.140731975208436888e-01
6.804435583378204422e-01,3.195565009031624548e-01
7.886477186021646490e-01,2.113522208580793094e-01
7.186686271071264231e-01,2.813314334984701182e-01
5.309442799737934537e-01,4.690557810996239252e-01
6.902634977293053975e-01,3.097364406941843229e-01
5.668775809973933821e-01,4.331224827935356569e-01
5.676350205847315866e-01,4.323649154107871428e-01
6.620264643597304488e-01,3.379736009635377347e-01
9.131842839630341935e-01,8.681564999135991945e-02
5.055433565581469724e-01,4.944567100972642182e-01
5.298952666837044578e-01,4.701048004317960327e-01
5.372476997179737035e-01,4.627523701831914860e-01
9.560739594823007836e-01,4.392597020368065042e-02
7.613088188176668769e-01,2.386912534049233925e-01
5.213775622468135307e-01,4.786225130399890948e-01
6.178212854277161936e-01,3.821787906389786937e-01
6.074603597084268225e-01,3.925395633593765643e-01
9.826957383854844075e-01,1.730418074363329270e-02
7.717482950612735149e-01,2.282516225309197677e-01
7.991924579935150152e-01,2.008074531813079378e-01
6.414978549911213301e-01,3.585022338920830776e-01
6.223904969744959992e-01,3.776094135724279988e-01
9.618221469761873976e-01,3.817776059710182440e-02
5.888893471043035177e-01,4.111107456190618570e-01
6.155314675580891848e-01,3.844686255000623332e-01
9.595131914050565314e-01,4.048671537021861916e-02
7.822594882472043709e-01,2.177404182310306302e-01
6.873641666723823151e-01,3.126359272847924475e-01
5.544855279017936178e-01,4.455143754787946886e-01
8.027334846417490954e-01,1.972664186388314034e-01
6.170286500473759483e-01,3.829712531202715264e-01
9.537763805889922786e-01,4.622371833667641289e-02
8.644844726229636844e-01,1.355156289407703496e-01
7.672636002840370617e-01,2.327365015338737353e-01
9.575935791745620040e-01,4.240631892902736039e-02
5.364914236313286233e-01,4.635084734866637968e-01
9.101485312428742036e-01,8.985136580551141006e-02
8.958436062740295913e-01,1.041562895954919882e-01
6.453757015235928041e-01,3.546241941856624891e-01
9.130643313223714141e-01,8.693556380961531271e-02
5.945778104390120333e-01,4.054220834284087971e-01
8.941932828361485175e-01,1.058068234843227429e-01
5.548764091081617167e-01,4.451236983639690337e-01
7.386683822171840053e-01,2.613315086728734693e-01
7.543778858628015227e-01,2.456220046612637431e-01
7.476165794655017516e-01,2.523833107631590078e-01
8.706055005693009718e-01,1.293946096596364503e-01
5.515441912123554280e-01,4.484559198599140650e-01
9.127383407735918386e-01,8.726154471830392667e-02
5.723490214303836865e-01,4.276510936662764606e-01
9.509670688972141628e-01,4.903304663444660316e-02
8.997495613639887591e-01,1.002505549379743705e-01
6.448643112852081583e-01,3.551355721105556862e-01
6.457265991125696880e-01,3.542732802048835228e-01
8.624283067985769602e-01,1.375718140206632356e-01
5.235514057437992141e-01,4.764484727246541262e-01
9.292675138015663583e-01,7.073260853725579778e-02
8.505678787684063380e-01,1.494319983344263580e-01
7.278180301793160112e-01,2.721820938374795440e-01
6.855238516598142207e-01,3.144762728126090923e-01
9.500661656954649814e-01,4.993370789071040206e-02
9.578157654738274074e-01,4.218436163179468956e-02
5.919755120296612549e-01,4.080243579036382240e-01
9.306411627880557536e-01,6.935870550136641333e-02
7.527400143227771512e-01,2.472601184809202213e-01
6.943990495974066146e-01,3.056008158133977082e-01
6.239766597370290935e-01,3.760234751923807739e-01
8.214656494804264408e-01,1.785344857609695024e-01
8.014612474662337060e-01,1.985388898026958227e-01
8.193887809030201419e-01,1.806113565628248430e-01
7.302306261076456639e-01,2.697695124089661278e-01
5.607034093477644143e-01,4.392967293391225048e-01
9.786755064991936592e-01,2.132435322774111491e-02
5.320199310792050884e-01,4.679799285042407497e-01
9.082605938169250326e-01,9.173954665689901256e-02
7.145357821378617302e-01,2.854643583566687237e-01
6.317795235593586245e-01,3.682203351808523983e-01
7.847206200930036957e-01,2.152795232857176999e-01
6.638619976922933708e-01,3.361381460171255497e-01
6.387534610439205007e-01,3.612466838681048786e-01
7.380142883821159128e-01,2.619858576269349371e-01
5.670684917349838594e-01,4.329316542867476802e-01
7.443145641207671304e-01,2.556855826229131323e-01
7.237397908883600461e-01,2.762600597319089246e-01
7.900085954459865611e-01,2.099912541206706562e-01
9.515521238704016671e-01,4.844802728176738488e-02
6.541588078967393027e-01,3.458410409119780926e-01
8.296032237045238844e-01,1.703966250549495964e-01
7.258344942930015087e-01,2.741656578309960568e-01
6.911328499396824920e-01,3.088673022882258978e-01
6.021299354375980739e-01,3.978702183174556151e-01
9.321322045844382398e-01,6.786795347179934434e-02
6.601700196648254693e-01,3.398301406561113902e-01
6.871297794987147878e-01,3.128703822074453966e-01
8.625392697673246456e-01,1.374608961950781194e-01
7.104260050130154491e-01,2.895741633059183417e-01
5.225849903409063302e-01,4.774148410582708668e-01
8.069237446561037252e-01,1.930764255617051783e-01
9.261507546378682232e-01,7.384907350533918835e-02
7.394024437888252477e-01,2.605973842141966479e-01
5.264717989231862960e-01,4.735280282879248959e-01
9.261608650395634079e-01,7.383896050238480946e-02
9.090449133666920201e-01,9.095526410306783993e-02
9.216154661835320727e-01,7.838471481146712383e-02
9.139306053090148207e-01,8.606921282899614167e-02
8.363016167310051152e-01,1.636985657646679027e-01
7.276474368992829067e-01,2.723527460149651747e-01
8.260006640428312341e-01,1.739991517715860359e-01
5.261582201251597812e-01,4.738419655698758448e-01
9.291374636709635038e-01,7.086272272741650502e-02
9.102860935867531644e-01,8.971409437411925758e-02
5.607179704358207228e-01,4.392822182007974363e-01
7.929206321785822187e-01,2.070791788304115477e-01
6.762338968290630969e-01,3.237659070075416534e-01
5.594885102162874269e-01,4.405112926809615082e-01
5.210534561058154379e-01,4.789463457146462266e-01
8.032289484999288742e-01,1.967712572756113720e-01
8.034322550064603163e-01,1.965679508822879284e-01
7.249474972964627950e-01,2.750522959240648824e-01
5.139432054613086720e-01,4.860565845064855339e-01
5.100880690497933134e-01,4.899117185402742103e-01
5.159558024006419830e-01,4.840444109113425930e-01
6.137050528308852781e-01,3.862947325276411270e-01
6.057287288942412307e-01,3.942710556010247669e-01
8.055197149757180597e-01,1.944800688204286476e-01
5.344043911040465833e-01,4.655953923814593609e-01
8.879445934020896436e-01,1.120551880766743058e-01
7.326482949850714466e-01,2.673519256626547547e-01
7.106648508866044711e-01,2.893353722836166098e-01
9.839328290569484547e-01,1.606739849165352355e-02
7.948453412574381094e-01,2.051544297499856562e-01
7.776398142399850721e-01,2.223599532414857471e-01
7.487888507227071777e-01,2.512113833535687402e-01
8.332398128732898535e-01,1.667599529339817144e-01
9.252098110056568014e-01,7.478995349628868305e-02
9.835387348227508930e-01,1.646102601699315007e-02
6.641733367057041093e-01,3.358264238546153635e-01
6.250450235583189240e-01,3.749547363493818120e-01
8.999869674760687666e-01,1.000132726770817382e-01
6.912777823370939156e-01,3.087224585146541300e-01
7.900527296153976309e-01,2.099470293336026250e-01
5.365349381784577654e-01,4.634648188353645004e-01
7.074359444920276241e-01,2.925643005880889658e-01
5.969608346586915415e-01,4.030394135633674213e-01
8.749953086268273950e-01,1.250044430898638315e-01
5.950572281022366017e-01,4.049430217354875183e-01
7.087413212769042570e-01,2.912584287663473326e-01
8.598828346834035408e-01,1.401169133758142782e-01
8.975791616537580619e-01,1.024210910685280085e-01
8.890836039599143703e-01,1.109166495591189933e-01
9.512815196141981566e-01,4.871822597200357180e-02
6.087280808592369086e-01,3.912721738682943817e-01
8.087690041382269435e-01,1.912312509983594977e-01
6.783303299481198145e-01,3.216699255074623731e-01
6.879131249810567228e-01,3.120871309055281428e-01
7.690039369847365691e-01,2.309963207707433908e-01
6.956845020584232486e-01,3.043152398080598564e-01
9.194116151944904392e-01,8.058812534993610444e-02
8.314332576794051244e-01,1.685664808251886304e-01
9.543313526299959104e-01,4.566891070008048670e-02
9.743588060692873754e-01,2.564093028754860573e-02
8.682079052027549260e-01,1.317918297937043515e-01
6.565339816639321757e-01,3.434662837217125619e-01
5.382819942153944659e-01,4.617177382037456201e-01
8.307135608259985649e-01,1.692867085977973474e-01
7.787583797110485540e-01,2.212418927180531403e-01
6.361128940068554449e-01,3.638868332684395690e-01
8.256622723695505872e-01,1.743374514843248624e-01
6.633883015711616871e-01,3.366119750438294478e-01
7.953772018128504318e-01,2.046230760277481242e-01
8.343084448483120141e-01,1.656918333350350381e-01
7.359526439935984987e-01,2.640476350745301626e-01
9.408628104898603128e-01,5.913690799841717777e-02
6.436584856381103448e-01,3.563412316642103894e-01
6.085723853416007412e-01,3.914278985864640958e-01
5.448015147849037954e-01,4.551987696366587843e-01
7.508192630146809377e-01,2.491804494653642177e-01
7.379017022274010351e-01,2.620980077474168168e-01
9.035332299854542670e-01,9.646706481043744452e-02
9.472008488777179380e-01,5.279884757673864587e-02
6.454144444847775830e-01,3.545858605776009420e-01
8.821502308099395950e-01,1.178500747703642298e-01
8.363706273999477192e-01,1.636290651653218575e-01
8.069285500599676642e-01,1.930711389915154286e-01
9.343065703593560478e-01,6.569311629575455558e-02
9.781778609907305633e-01,2.182182457729976016e-02
8.995557453128746328e-01,1.004439365916157817e-01
7.910984614191278741e-01,2.089018566992942583e-01
9.772656236170771393e-01,2.273469921782259040e-02
7.653809444019772368e-01,2.346187316742706641e-01
5.900851381016718467e-01,4.099145371215129896e-01
5.696614945373857930e-01,4.303381796198542109e-01
5.577627298424743252e-01,4.422369430439047622e-01
8.747718793184637853e-01,1.252284481843116415e-01
8.404901629154564180e-01,1.595095044745257762e-01
5.950494427237722483e-01,4.049508899034600651e-01
9.403870828581082364e-01,5.961258357769688709e-02
8.329300166300243058e-01,1.670696493212894540e-01
7.125885541323176975e-01,2.874111117155409012e-01
7.398170468921057008e-01,2.601826146747750479e-01
5.237466146372512510e-01,4.762530443955194648e-01
7.061418483882149211e-01,2.938584938394036561e-01
9.174003623080888570e-01,8.259929523713613331e-02
6.934604064412700497e-01,3.065392501432711581e-01
5.895648175097382149e-01,4.104348387632000272e-01
8.408716319070457246e-01,1.591280221104192094e-01
7.606773331200883392e-01,2.393230138175723165e-01
8.402966851394257919e-01,1.597036651438853150e-01
8.147892822329461104e-01,1.852103673825549746e-01
9.024502075946669866e-01,9.755014364590713916e-02
7.842816447362539467e-01,2.157180019900096501e-01
6.310490809584794469e-01,3.689513483952294726e-01
5.980618861706155087e-01,4.019352111474021050e-01
8.395614740779293594e-01,1.604626286095717780e-01
8.214001640760505429e-01,1.786274892919713919e-01
9.031378338269592243e-01,9.687586161279505836e-02
6.736185171846328368e-01,3.264049412671730654e-01
6.715012704545532118e-01,3.284989448035425808e-01
8.381210911937853059e-01,1.618870421415235794e-01
8.829290354101914096e-01,1.171068025569429322e-01
9.763341281737237809e-01,2.368848554243819030e-02
5.088699008079776709e-01,4.911143433354623888e-01
8.149798248143120816e-01,1.850477904910771965e-01
6.437255449090348858e-01,3.562875802274886872e-01
8.916054670445300312e-01,1.084271909048781929e-01
5.320380095979041490e-01,4.679793189544476095e-01
8.514768686864153668e-01,1.485255764864990280e-01
7.134327962073474527e-01,2.865831576739363284e-01
8.923591625569815555e-01,1.076728728731597695e-01
8.449316506570447860e-01,1.550617409849524009e-01
6.256647288110067651e-01,3.743460700403384300e-01
6.573990198732851953e-01,3.425996502523097065e-01
8.110905686694768191e-01,1.889234345454926800e-01
7.319184601803495616e-01,2.680908572296283876e-01
8.516008734091471410e-01,1.484333210398042779e-01
8.962299033926466318e-01,1.037987321407095181e-01
5.972444286863951568e-01,4.027680345413708340e-01
8.338852341260766243e-01,1.661258878061210031e-01
9.830002978326526364e-01,1.703149899170121329e-02
9.426270446495123023e-01,5.740986433072789441e-02
8.790491566666200907e-01,1.209877589992098407e-01
8.386249631891040668e-01,1.613825637625932174e-01
5.448417133474687812e-01,4.551693178770548909e-01
5.741104472592462038e-01,4.259046342227369997e-01
5.704595019058985583e-01,4.295236986762995812e-01
7.400612834144361107e-01,2.599656697112146531e-01
7.796616530778128773e-01,2.203336761057849702e-01
9.651711531429796320e-01,3.486110085169922407e-02
9.115536950132201444e-01,8.846105597624764894e-02
5.521026835651107190e-01,4.479005749422524385e-01
7.527349072752471670e-01,2.472807093673699275e-01
5.067610299245975947e-01,4.932277464499875697e-01
6.458904013605597516e-01,3.541273655113156282e-01
8.262423991475942309e-01,1.737812173580514652e-01
8.618826163835164866e-01,1.381180785541531453e-01
6.737669738287408450e-01,3.262470443918460417e-01
5.532747910905184696e-01,4.467218893213190656e-01
8.820665903066664537e-01,1.179309630714550222e-01
7.775108961926606721e-01,2.225022394841943973e-01
6.488402252399866343e-01,3.511619978440921330e-01
9.427281901201658432e-01,5.726942287806616877e-02
9.807707542690752289e-01,1.924146264548536739e-02
6.159547544736974078e-01,3.840505172784845489e-01
6.421367180003298980e-01,3.578548094567999827e-01
6.315719166355466818e-01,3.684445037480449936e-01
6.265612500202170088e-01,3.734656769446362823e-01
9.546425273763625707e-01,4.537969607732690591e-02
8.071891131646992124e-01,1.928091673332358591e-01
6.851329416741310796e-01,3.148945813764300605e-01
6.169238243439865155e-01,3.830954796633523896e-01
9.388734820903710254e-01,6.113500318355464397e-02
9.102665271906669187e-01,8.976120376058711881e-02
6.404137866546752988e-01,3.596063427861453943e-01
7.281828884541048375e-01,2.718335165907551088e-01
9.415518342155064779e-01,5.847658595993551756e-02
7.417069220856061795e-01,2.583091619872445732e-01
6.636072859319773753e-01,3.364049431763032061e-01
7.632899701241103729e-01,2.367403029525447511e-01
7.237805104660746114e-01,2.762379864238281302e-01
6.215384727615730354e-01,3.784629898485461497e-01
9.130556976142754078e-01,8.697328634553486149e-02
7.636899372002856623e-01,2.363140341568232827e-01
9.635739351326032542e-01,3.642823654661717786e-02
7.930723460191184682e-01,2.069572597626055388e-01
5.127924846989464491e-01,4.872190338431669487e-01
8.488739255081700907e-01,1.511385463962540421e-01
5.627612577467820953e-01,4.372605837278807916e-01
8.130888207880351271e-01,1.869233039547331388e-01
9.401785190608775711e-01,5.982919294321989434e-02
9.202951394398648510e-01,7.973419790886838998e-02
6.538456351277104339e-01,3.461678560883627020e-01
8.576254225992587799e-01,1.424079467214709460e-01
5.550208084623265981e-01,4.449682976192275707e-01
7.183910953040900660e-01,2.816071862441081319e-01
7.316810841851406622e-01,2.683114919237886697e-01
7.296661951821665770e-01,2.703438417835037355e-01
8.982545837905699937e-01,1.017541552319930209e-01
5.891107007543390228e-01,4.108901437471524365e-01
8.257530438047807619e-01,1.742553843807660430e-01
5.977554627512049468e-01,4.022482725291878780e-01
7.398520300491728818e-01,2.601679080026489954e-01
6.227489619774619900e-01,3.772604894723189384e-01
8.959711733823232382e-01,1.040637674236240262e-01
6.192326974044839449e-01,3.807707029648687014e-01
7.900560274669876648e-01,2.099634954733534953e-01
9.541751480683304809e-01,4.583280908843353346e-02
6.881666196164121230e-01,3.118299431332817728e-01
5.610679003894295525e-01,4.389198007436448945e-01
8.875540124919294449e-01,1.124815942918738904e-01
6.841537501478114347e-01,3.158665769084587627e-01
7.812240826393965776e-01,2.188001906574118249e-01
8.925608815217482839e-01,1.074561696715188308e-01
7.890832256651547638e-01,2.109420671090140864e-01
9.664319686108182594e-01,3.357239662177460837e-02
8.934610549747519226e-01,1.065605476052492173e-01
5.456389186339073438e-01,4.543504956203390788e-01
7.878032998496726780e-01,2.122129911962573889e-01
8.702519254401479554e-01,1.297739512220066060e-01
5.809293420249901363e-01,4.190726252037648702e-01
5.988306801246376931e-01,4.011682990544390703e-01
7.180220797784591102e-01,2.819725915807929084e-01
9.468651463324497808e-01,5.313700863352039533e-02
7.492468170674315697e-01,2.507781681483950975e-01
6.217991646371676673e-01,3.781900930032258135e-01
5.498137463889756216e-01,4.502066042028135540e-01
6.822236047150129767e-01,3.177708355321112177e-01
7.047546534920509087e-01,2.952709856409596600e-01
6.357363132199087552e-01,3.642786423111090133e-01
5.230121160976778372e-01,4.769998882011877717e-01
5.313858961019765070e-01,4.686107019250708161e-01
9.514482009346612035e-01,4.856141490288080897e-02
6.337074417233281576e-01,3.663018661130545972e-01
7.411537230892086825e-01,2.588668488394548772e-01
7.225997197881175449e-01,2.773947891892681317e-01
8.106767325985361206e-01,1.893418231489351344e-01
9.809349921483019319e-01,1.907540014011207749e-02
9.498033783760264637e-01,5.020908226513405570e-02
9.424606297006969946e-01,5.756464673650392438e-02
7.042523215067275633e-01,2.957496763199108925e-01
9.173414057264257515e-01,8.267300413287601013e-02
9.298407534331334379e-01,7.016614225580054820e-02
5.659894881408988887e-01,4.340300786119917764e-01
5.516342444577952975e-01,4.483820284233876463e-01
6.564082361853644798e-01,3.436068620886713609e-01
8.894491835316531425e-01,1.105756772682688627e-01
5.336161852125564931e-01,4.663846163482669449e-01
5.792384812088700041e-01,4.207655525410458619e-01
5.462038341591108903e-01,4.538165560137350507e-01
8.287077310440408295e-01,1.712909773339699182e-01
5.567390412861676907e-01,4.432759792645978858e-01
7.347883440993429049e-01,2.652365849073101689e-01
7.724376210660153230e-01,2.275804403558260025e-01
8.501231024014159754e-01,1.498971222024288175e-01
6.063974885819152227e-01,3.936083178752425304e-01
7.836296861564496785e-01,2.163753109234278493e-01
6.686998401835853034e-01,3.312888354686406300e-01
7.825406142384874197e-01,2.174798469293214020e-01
5.290285034709691914e-01,4.709800483154838457e-01
7.337458281639812618e-01,2.662442270800743915e-01
8.264485961935241765e-01,1.735444299023491677e-01
8.693792055628423165e-01,1.306439597049744994e-01
9.467248694302061729e-01,5.331460392664243847e-02
8.767434181746545097e-01,1.232726224963667377e-01
8.491863013169074215e-01,1.508222719852622962e-01
9.055042472286215505e-01,9.452930456171793061e-02
9.730658279575390424e-01,2.697290094718386363e-02
5.976609609285246094e-01,4.023357553494140149e-01
5.557579202554916442e-01,4.442589367219719754e-01
6.741724778067810231e-01,3.258482716812945990e-01
5.525017780990770788e-01,4.474842999758312234e-01
7.242080531253842768e-01,2.758137783270411258e-01
