4.809533016445393661e-01,8.767462409318427241e-01
4.434043895998628360e-01,8.963217115212309682e-01
4.346677159880923957e-01,9.005909454754547072e-01
4.523184076789881214e-01,8.918564726216435812e-01
4.718031237866827654e-01,8.817039854156788481e-01
7.596056358442918599e-01,6.503838361168766680e-01
5.412109323833503849e-01,8.408869525828112090e-01
5.346121090339857052e-01,8.450974759712077677e-01
4.620483965750993294e-01,8.868546202233731357e-01
4.434747687174663833e-01,8.962867623880805823e-01
4.502896121314952649e-01,8.928826661103771434e-01
4.741098259202453091e-01,8.804655624280540716e-01
7.444261091362168736e-01,6.677046050174448855e-01
4.772732548123345131e-01,8.787547693177352182e-01
5.215871754470182697e-01,8.531981879701737714e-01
5.370823349619601172e-01,8.435300280248860805e-01
5.051766216882537242e-01,8.630157873405033264e-01
7.587391441530254577e-01,6.513942846624531935e-01
4.624187393283001324e-01,8.866614748210451813e-01
5.583606186041688568e-01,8.295980921946887188e-01
6.222264777752890552e-01,7.828369909912334945e-01
4.621155598506744289e-01,8.868199375786447458e-01
5.356108090104428898e-01,8.444646772045533156e-01
5.429158104043154687e-01,8.397874298444030217e-01
4.469899274457435068e-01,8.945387281944818803e-01
5.855803895714697394e-01,8.106146973630516950e-01
4.584893313020256267e-01,8.886996261722636126e-01
5.329872571451652608e-01,8.461236001820016117e-01
5.471761289746487344e-01,8.370171505120340694e-01
4.248630317027253245e-01,9.052573202114442275e-01
7.595052084776847678e-01,6.505018508019934087e-01
7.604790077290553008e-01,6.493618799945178877e-01
4.770249117885220214e-01,8.788901837435791897e-01
4.469924841730981702e-01,8.945373276807948582e-01
5.912477699118673380e-01,8.064905011784965216e-01
4.618331045213790453e-01,8.869664265781207479e-01
7.684607085374669522e-01,6.398976924278650946e-01
5.331780630167685109e-01,8.460035887460847226e-01
5.306135546866929120e-01,8.476133087376876984e-01
5.785067564469130730e-01,8.156769796900571468e-01
4.442208706504554017e-01,8.959168224000875203e-01
5.184434448924153394e-01,8.551124933637097580e-01
7.606789389505417276e-01,6.491274158287125839e-01
4.742240851988380745e-01,8.804047347998511519e-01
4.480947463641528072e-01,8.939866039731392267e-01
5.249191631711813688e-01,8.511514617510945735e-01
7.671552162981678524e-01,6.414624578701733082e-01
6.228508913555621529e-01,7.823413542462704928e-01
5.802781732078265975e-01,8.144190774516714137e-01
4.634577265362656018e-01,8.861196194081937261e-01
4.712357533786761810e-01,8.820079212369317245e-01
5.416767973826178695e-01,8.405860972529141106e-01
4.990328891819839630e-01,8.665837839827826850e-01
4.692075192283946539e-01,8.830886325541518200e-01
4.222695618929492856e-01,9.064696753924902373e-01
4.460683515499571650e-01,8.949982038304789000e-01
4.174400555045404415e-01,9.087052052252785339e-01
5.334880154698639076e-01,8.458066669255122072e-01
5.975241094787078211e-01,8.018520562839495103e-01
6.075172536193874651e-01,7.943053260817045658e-01
7.832153383426636584e-01,6.217520384724226634e-01
7.477896951153736316e-01,6.639371017500672600e-01
3.879148813011433772e-01,9.216944345284177054e-01
5.435109158511712835e-01,8.394031832696056128e-01
4.862717255776608516e-01,8.738086236770662429e-01
4.494649881466438734e-01,8.932988542772687390e-01
3.810012303599419337e-01,9.245737451823686781e-01
5.401179982733541607e-01,8.415881689839619373e-01
5.216612700153988591e-01,8.531537864201441668e-01
4.450870399691837509e-01,8.954882599951062838e-01
4.430644516247860265e-01,8.964888166579179085e-01
5.583326203511357333e-01,8.296184085566415956e-01
5.540510216911952446e-01,8.324839193496087475e-01
5.313785138287033805e-01,8.471333291304370405e-01
4.996825185506166278e-01,8.662074968161221911e-01
4.742880158486613151e-01,8.803686686446926535e-01
5.184507975613386055e-01,8.551086801774404611e-01
7.621211988363476575e-01,6.474361867159380557e-01
5.538248197223045732e-01,8.326345277053902594e-01
4.484487746877190983e-01,8.938074620942582094e-01
7.662533263153752383e-01,6.425404294700658436e-01
5.162507091873388410e-01,8.564387700362875444e-01
7.566511051835003165e-01,6.538169988904326546e-01
5.428203163758946737e-01,8.398474872781620526e-01
5.287887062303825436e-01,8.487548542774868698e-01
5.087549269898941073e-01,8.609127100649239805e-01
5.320410898021470381e-01,8.467171528612372766e-01
5.578224333448623673e-01,8.299588461641378423e-01
4.316016260574887520e-01,9.020631679043233930e-01
4.361958602113820693e-01,8.998505530372634675e-01
4.813560891300324718e-01,8.765264724074711689e-01
4.459062055244343847e-01,8.950784449717191782e-01
5.328733478601416218e-01,8.461935189333956719e-01
4.843712490829324979e-01,8.748639238333502099e-01
4.728097992576954511e-01,8.811658614099906472e-01
4.502636978867505801e-01,8.928969165629244698e-01
5.402017242298920996e-01,8.415371190561670156e-01
7.608627391830298237e-01,6.489106317171177141e-01
4.433243510014246436e-01,8.963599659575448575e-01
4.817214603269786011e-01,8.763229265415982683e-01
4.116941350656404541e-01,9.113208135029863266e-01
7.587755825825270861e-01,6.513497867466671032e-01
7.576378781059216472e-01,6.526727840994707153e-01
5.292536440294237643e-01,8.484619970930641353e-01
7.596457240616769635e-01,6.503346863069576766e-01
4.530925619970767038e-01,8.914649506745552232e-01
7.614376414469832266e-01,6.482356414206242867e-01
4.388449475381612230e-01,8.985613485409789103e-01
5.826706013846316701e-01,8.127064639019649928e-01
4.841416460686305268e-01,8.749879987775951440e-01
7.611969419148243432e-01,6.485233737848623559e-01
4.579620596429569424e-01,8.889732989896882431e-01
4.719207739732815265e-01,8.816425691243005014e-01
4.556648057080509573e-01,8.901498809309662530e-01
5.297485357267323058e-01,8.481529032938178725e-01
4.634378751331867941e-01,8.861311704219261287e-01
5.116252307634765462e-01,8.592106954328850854e-01
5.365147831386342103e-01,8.438888382295324231e-01
4.507396371929741075e-01,8.926572156076786335e-01
4.913236797488985674e-01,8.709790095567634394e-01
6.078620292726801821e-01,7.940402269094019028e-01
5.420087386927214812e-01,8.403750464842711931e-01
4.913036730713573053e-01,8.709863287920551755e-01
3.736172921223698262e-01,9.275813818595644022e-01
7.584961017668097050e-01,6.516807505622710384e-01
4.645521974639070795e-01,8.855476940750909298e-01
5.290402882649682947e-01,8.485944797456999034e-01
5.323243531847033916e-01,8.465382327342294566e-01
4.963588756735854979e-01,8.681195367640509586e-01
5.633253540552785044e-01,8.262327670379242539e-01
4.726665860709283740e-01,8.812392928360812672e-01
5.156622331892979361e-01,8.567897262462395025e-01
4.444217185248748869e-01,8.958196234620288134e-01
5.823284182052947955e-01,8.129510975583763566e-01
4.659003899708195617e-01,8.848351408293981812e-01
4.660904102504725977e-01,8.847350578369002072e-01
5.273340054388904186e-01,8.496603867574353819e-01
5.355350927621790325e-01,8.445105993185428872e-01
4.243139344444173400e-01,9.055132563050495298e-01
5.330158986370105989e-01,8.461028384810997949e-01
7.636853900809252860e-01,6.455851645196728494e-01
5.228799546407171261e-01,8.524039756269365942e-01
4.778236253912370168e-01,8.784536330769741053e-01
5.055572117199520488e-01,8.627907179860619946e-01
7.559877439055902038e-01,6.545893180915739462e-01
7.631358847608586959e-01,6.462416761318192648e-01
5.424948377174323433e-01,8.400617161577715875e-01
5.000667128620344126e-01,8.659892678228053864e-01
5.491615421970508226e-01,8.357188674894014957e-01
4.724144988490104335e-01,8.813742242176504371e-01
5.333470009488745500e-01,8.458939603983937072e-01
5.468696684650520279e-01,8.372150765364803071e-01
4.532532554359832155e-01,8.913794914695258864e-01
5.331363549118041112e-01,8.460266243810118381e-01
4.613082427256437468e-01,8.872375803811383133e-01
5.247230429632279147e-01,8.512757091010695332e-01
5.411733741923515639e-01,8.409138324010024812e-01
5.338132750516821901e-01,8.456051693463155772e-01
5.287777714307864141e-01,8.487630782118420480e-01
5.354363576350362752e-01,8.445784004839602677e-01
4.542395030445157689e-01,8.908820014561983358e-01
4.505091823513671101e-01,8.927741719683274235e-01
6.760231377067859038e-01,7.368767799500174354e-01
4.422485510883640281e-01,8.968949244524887510e-01
5.620193488914596580e-01,8.271210015113811265e-01
5.398704851081244094e-01,8.417510595425762299e-01
4.037075085158166043e-01,9.148903552676023176e-01
5.347586347767754322e-01,8.450018725572708833e-01
4.714148777370625876e-01,8.819142407378961490e-01
5.371928678068028651e-01,8.434563809234253418e-01
5.413967365447421853e-01,8.407703398981447585e-01
4.915611779023983940e-01,8.708458512372472260e-01
5.291563798065636037e-01,8.485212846362595318e-01
4.754472966539454726e-01,8.797469444053167553e-01
4.928788112761434137e-01,8.701008369863915126e-01
5.199877634049281383e-01,8.541706744612936886e-01
4.576930653972296481e-01,8.891129387439096199e-01
4.562300441776024895e-01,8.898591911863446002e-01
5.420660721965648854e-01,8.403326424384888194e-01
5.882358608651201415e-01,8.086859100253739330e-01
5.834705815652507788e-01,8.121377674129247604e-01
4.820102008167767571e-01,8.761685164484389610e-01
5.358718465948728582e-01,8.443025729194639784e-01
7.638696959409189136e-01,6.453751809862900979e-01
4.467956643259877181e-01,8.946332926038458311e-01
5.505139848891840160e-01,8.348293313289206763e-01
4.716422099211713403e-01,8.817929312139187736e-01
5.410477823578234702e-01,8.409885013780263874e-01
4.947309150875329742e-01,8.690492986193856240e-01
4.558849949259634049e-01,8.900415525953045970e-01
7.437047089514174925e-01,6.685036003506740210e-01
5.302947900234250556e-01,8.478099766353252020e-01
4.399462811144978502e-01,8.980268765055891000e-01
5.719136087802666468e-01,8.203175101619714082e-01
4.578314231698643599e-01,8.890360990655002960e-01
4.444833299886489231e-01,8.957899711547964161e-01
4.432053841458211130e-01,8.964229617161217911e-01
4.442775930850020316e-01,8.958862777064898752e-01
5.256644575981082035e-01,8.506954368999541938e-01
7.592794712134753876e-01,6.507597132015897623e-01
4.495077277927559400e-01,8.932734645274682528e-01
4.435555419387046672e-01,8.962438902157323639e-01
5.645270560662073445e-01,8.254107476086612882e-01
5.439566631951207043e-01,8.391169931530603199e-01
4.405127996504407117e-01,8.977433474991851625e-01
5.383729045426896009e-01,8.427103735717973443e-01
5.471703530026069684e-01,8.370175357599803911e-01
7.573621088770228216e-01,6.530003287705955506e-01
5.444783610501943150e-01,8.387786333363118629e-01
5.087208947269572512e-01,8.609279983793273194e-01
7.617280547295168791e-01,6.479021297508854582e-01
4.475168806103875241e-01,8.942785684554923620e-01
5.130085193076749928e-01,8.583870588792914536e-01
5.367104285000112718e-01,8.437627976466663959e-01
7.610199818563740948e-01,6.487337411970838241e-01
4.682291303533644422e-01,8.836104492324723392e-01
4.763933995685915024e-01,8.792287952244502991e-01
4.470115736108888349e-01,8.945249305975216947e-01
5.113601564981283820e-01,8.593702244445134975e-01
4.481541438078195938e-01,8.939595722746604967e-01
5.401526457165028994e-01,8.415631152655078662e-01
4.073587877226954035e-01,9.132712103768522161e-01
5.378136194791189872e-01,8.430677736589258231e-01
5.363519969022584322e-01,8.439984179536315079e-01
4.381917197060775648e-01,8.988848282542483137e-01
5.360816576638717246e-01,8.441701601355167117e-01
4.933139405032372915e-01,8.698550572777743461e-01
5.111229518808907413e-01,8.595115048035985028e-01
4.610464262814992220e-01,8.873795449094727950e-01
7.653924662929307843e-01,6.435697183779426345e-01
5.327110904974254879e-01,8.462930226364351327e-01
5.329847200131360152e-01,8.461207142531164127e-01
5.928380159243702430e-01,8.053265290230444684e-01
5.939101430598091591e-01,8.045361982076653096e-01
4.782588196633523747e-01,8.782228250281353121e-01
4.548194240681201483e-01,8.905873933005622467e-01
4.960686236665077242e-01,8.682873944569258207e-01
4.709629011430741530e-01,8.821491376208315804e-01
5.333227754364993078e-01,8.459162497066211595e-01
5.430127436368489269e-01,8.397289650927634019e-01
4.540339769240758772e-01,8.909881547148010839e-01
5.538935084526468433e-01,8.325921527723648685e-01
5.285607818159203664e-01,8.488910306491057600e-01
4.688389398121025620e-01,8.832876197002630381e-01
5.098778795612667336e-01,8.602510926480854136e-01
5.548094789115096681e-01,8.319821527036629361e-01
4.528549304586347857e-01,8.915803498388988890e-01
5.979008674632148024e-01,8.015751605870538032e-01
4.530808748829163735e-01,8.914732870958333999e-01
7.666919448120446123e-01,6.420217117485456093e-01
5.386247151118829235e-01,8.425504000230390478e-01
4.487613826186683808e-01,8.936554626527862810e-01
7.662730302565619045e-01,6.425085300998046867e-01
4.947730523299511685e-01,8.690265109572341551e-01
4.639177719696933044e-01,8.858823108068062391e-01
5.293905496697598467e-01,8.483736174766580707e-01
4.094420631098315555e-01,9.123397169404849905e-01
4.773735418536864117e-01,8.786962651918259759e-01
7.742915711749310814e-01,6.328358333142448666e-01
7.690417148869723718e-01,6.392053647983761966e-01
5.572410180613345254e-01,8.303557594767284611e-01
5.034498458836107471e-01,8.640199335389632251e-01
5.598847642324323859e-01,8.285654032658742452e-01
5.447054043247955279e-01,8.386224640410320230e-01
7.625804296013598549e-01,6.468863885206750375e-01
5.345035789896734890e-01,8.451711742344865108e-01
4.795800918302976501e-01,8.775025882418843182e-01
7.230644701038969613e-01,6.907737625812448989e-01
7.779246869748878135e-01,6.283501758967384720e-01
6.480643919476848369e-01,7.615793649008779642e-01
4.498129311420500098e-01,8.931184929241214876e-01
5.346836648563808581e-01,8.450471751874479853e-01
5.485460576568228497e-01,8.361256004220589677e-01
4.641343181457610600e-01,8.857603717806596944e-01
5.292064487828861408e-01,8.484880118618446376e-01
4.703327410712142553e-01,8.824846146093575650e-01
5.128987979133976527e-01,8.584441247813562326e-01
4.463345418261673858e-01,8.948705069613375196e-01
7.611878630294850456e-01,6.485388570611042569e-01
5.931466600616943641e-01,8.051002803978797306e-01
5.420937517323325405e-01,8.403126612774827198e-01
4.419277910775422091e-01,8.970462339237994520e-01
7.745566100917491426e-01,6.324968809744273557e-01
6.809673846795400998e-01,7.323069614211578093e-01
4.461965902035098241e-01,8.949304953849708255e-01
7.628890109159495170e-01,6.465371255446725751e-01
4.606100078349142368e-01,8.876072541451147657e-01
4.586875413162820880e-01,8.885930147167111492e-01
5.362654589852744458e-01,8.440439745473271582e-01
7.581210933860041967e-01,6.521061208220564342e-01
5.091487439668210824e-01,8.606733327622240193e-01
5.008973021571074824e-01,8.655015964344067170e-01
5.341487274601197655e-01,8.453960053780533723e-01
5.141232195157968698e-01,8.577216495679340635e-01
5.305021290333191697e-01,8.476891662770633662e-01
4.011177072635139229e-01,9.160222835067585168e-01
5.196952678967573513e-01,8.543461792168357549e-01
5.864078612374734600e-01,8.100221775630828125e-01
4.546589846993832063e-01,8.906607475544161545e-01
4.581763603307317245e-01,8.888564137086428785e-01
4.496372772364938819e-01,8.931873347420716813e-01
4.493164006587971882e-01,8.934449491484538486e-01
4.475835582328737683e-01,8.941903857409623235e-01
7.745761233315104910e-01,6.338261841764023519e-01
7.746560633860464229e-01,6.338343529436420987e-01
3.760426284759236237e-01,9.235508178764820775e-01
5.500118769660304885e-01,8.348701509937672682e-01
4.293280878806983725e-01,9.026837261966283998e-01
6.705965120490662290e-01,7.391944229069224992e-01
4.803147876236749658e-01,8.775468131635641988e-01
6.596691138988131087e-01,7.490275015935552450e-01
4.507557523598140770e-01,8.926346714709644248e-01
5.936398072250761437e-01,8.035329165400870721e-01
5.181010906851383213e-01,8.555612429717817102e-01
4.645561669130872096e-01,8.857353284445477204e-01
5.122641275670555272e-01,8.591280354628204607e-01
5.539952261395245658e-01,8.323344919328431457e-01
5.657474717569953571e-01,8.241280204477179350e-01
5.331515507708970425e-01,8.461725823384356193e-01
6.052049888312149850e-01,7.945225152489562293e-01
3.814792520454756142e-01,9.215689743077205565e-01
6.743045289038023249e-01,7.357839058956668898e-01
3.797052971569399582e-01,9.222089328646336792e-01
7.275875034653265239e-01,6.840060632804432217e-01
7.275821616089430677e-01,6.839841189757459583e-01
7.441655251844374597e-01,6.668456505657979205e-01
3.758769113881313406e-01,9.236326490497618336e-01
4.226723642159134209e-01,9.056348167627756851e-01
3.995587213458758336e-01,9.150343305193777699e-01
4.610583882113854504e-01,8.875625483471770716e-01
7.808172989337414105e-01,6.268843799019785390e-01
5.431609757038797781e-01,8.396013079109430066e-01
4.001257687863237211e-01,9.147728833706326723e-01
5.495167470204459503e-01,8.352541727694617890e-01
4.574782490093158849e-01,8.893343828281004004e-01
6.585252241500072490e-01,7.499814090358147833e-01
5.586793515489393291e-01,8.289331783943616472e-01
6.037087282825666090e-01,7.958050867564008257e-01
7.413814034615180404e-01,6.697833078416634001e-01
4.907491284207989302e-01,8.716375776730723723e-01
3.827048335814635105e-01,9.212079412167918369e-01
5.429601725536661316e-01,8.397410702298097052e-01
7.784607494078623624e-01,6.295812566271716815e-01
6.252419670762308090e-01,7.784946483565065023e-01
4.458872296535612567e-01,8.950812614053691441e-01
3.972147152833579997e-01,9.158737096902643815e-01
7.485341531434080986e-01,6.622652419273038493e-01
6.563908531414879288e-01,7.519450615891205558e-01
6.159010290177039382e-01,7.860540277663395914e-01
4.333057928425395611e-01,9.008505426309161290e-01
5.068842413703729122e-01,8.623776259631056318e-01
7.230260799756978995e-01,6.886748406222715779e-01
3.804653627239195646e-01,9.219555542569396467e-01
4.647636272129851420e-01,8.856959127732219050e-01
7.199327083122546433e-01,6.918339860995983415e-01
3.754344754498816217e-01,9.238064076880964093e-01
6.847181972193130406e-01,7.260261181951958021e-01
7.711035080186083857e-01,6.376929758760494504e-01
6.906929082192467817e-01,7.203862632968823787e-01
4.435335161833094397e-01,8.961752450999532771e-01
4.418710967089909403e-01,8.969806028504850870e-01
4.353252525850921373e-01,8.999150759697304158e-01
4.055770243045584977e-01,9.125646971450310785e-01
7.483525309532361725e-01,6.624598654216166116e-01
7.570861975882889894e-01,6.529486060159410687e-01
7.652248669304317907e-01,6.441266553776150428e-01
3.739225118814190063e-01,9.243167699753747080e-01
3.750569338217443760e-01,9.237822280225028715e-01
4.917317823806651722e-01,8.711432331256880879e-01
6.558963717516836933e-01,7.522464966936944775e-01
6.932111049247604573e-01,7.180898081498019447e-01
4.842441747106658312e-01,8.753702402059490018e-01
4.969968608561250445e-01,8.681968838164576541e-01
7.417061488520108048e-01,6.693955913755864628e-01
4.462773851092893818e-01,8.949063297724600963e-01
7.519701561558068681e-01,6.585414217712599605e-01
5.484178357399657200e-01,8.360141685348699836e-01
4.302094339161300907e-01,9.023004916872046088e-01
7.013170356831652796e-01,7.101248516744540495e-01
3.815900107524115015e-01,9.216368699666113162e-01
5.276598659697120386e-01,8.496719865292100549e-01
6.626008246166994464e-01,7.463524641050560682e-01
4.524461641281934954e-01,8.919496650932987603e-01
6.498843211638754003e-01,7.575715533686636638e-01
4.924443463621476225e-01,8.708525325130898054e-01
3.786703269321965992e-01,9.225449674719007342e-01
4.344575426953083408e-01,9.004026983218470503e-01
4.967015104146128013e-01,8.682785371959239606e-01
5.067978931362023820e-01,8.624903215339878582e-01
4.963346499760812325e-01,8.686176977017452394e-01
5.294246518751490882e-01,8.485754082101886198e-01
3.945852236708152772e-01,9.168674448157784207e-01
6.297766751994250400e-01,7.748070278797091204e-01
7.707156969686776993e-01,6.380643982983934537e-01
3.947855132937936329e-01,9.168305717512902353e-01
7.357323179598587171e-01,6.756172877811460475e-01
5.108310387270128539e-01,8.599996790147056425e-01
5.892118723241964728e-01,8.068326336564369816e-01
4.147984302937961498e-01,9.088374046177508658e-01
6.249658466751184527e-01,7.787377213212395288e-01
4.365605191715408728e-01,8.993925517449758988e-01
4.327551253868423542e-01,9.012031868403299617e-01
4.007497998760383706e-01,9.144941447871457463e-01
6.503703683631296695e-01,7.572698296936256623e-01
5.958133218430194944e-01,8.019202008887376110e-01
7.029472959026253909e-01,7.086996542408043886e-01
6.014303853162474844e-01,7.974947815764761305e-01
4.327615443633721082e-01,9.011410700588139422e-01
4.935486767945712061e-01,8.701757010464238329e-01
5.006406292838508909e-01,8.660615101135076266e-01
6.305479670707710982e-01,7.741649950987666839e-01
4.973251742199548686e-01,8.678991282189081335e-01
4.275414384365076037e-01,9.035083655305626849e-01
5.830558311736920851e-01,8.114581146820075697e-01
4.390046528587883690e-01,8.982800864917735995e-01
4.728681183293250156e-01,8.813928277364703190e-01
5.367406081786583183e-01,8.438423859216224177e-01
6.418942381014040022e-01,7.645297134965138852e-01
6.462894102682926745e-01,7.607569400968979823e-01
3.933822572951159446e-01,9.172905753965290288e-01
7.358217468811431017e-01,6.755735684971200250e-01
4.018896910973738801e-01,9.140737021460534351e-01
5.979429140572596335e-01,8.001605820604000829e-01
4.414550107055075223e-01,8.970482769484063867e-01
7.542623889394064474e-01,6.560446700037723122e-01
5.921756031152113353e-01,8.045668497198457114e-01
3.859618825374226958e-01,9.201247499583381506e-01
5.900179704127199720e-01,8.062827121658737717e-01
7.237844646555522399e-01,6.878389772846169592e-01
6.621347337689146295e-01,7.468634199897802306e-01
5.478290100980820476e-01,8.363445414276939882e-01
5.856440667146507462e-01,8.095293716061777722e-01
3.903895908909489898e-01,9.183624267128207563e-01
6.897812461664114547e-01,7.212507618199639481e-01
4.308717009133110620e-01,9.019064317093600236e-01
4.853227228128648152e-01,8.747405344267557004e-01
6.636300759776925240e-01,7.454607521541521953e-01
6.332933096345143564e-01,7.718587220874297827e-01
5.044986656410267445e-01,8.637669340469361634e-01
6.270462539257419810e-01,7.769962158470229419e-01
6.011635208145920117e-01,7.978112140084823167e-01
6.433708530164883310e-01,7.631422363967992339e-01
3.787677618521049783e-01,9.225362753910448799e-01
5.297779377934350720e-01,8.482767301583338249e-01
6.092398581919726830e-01,7.915056666690697407e-01
4.773623012638505414e-01,8.790154657091446833e-01
6.928809564142904831e-01,7.183732853344919622e-01
5.963709704273819634e-01,8.014823930451587808e-01
7.123793560712797790e-01,6.993520039258408483e-01
5.500756574432267287e-01,8.349963502085927525e-01
5.530806148892720708e-01,8.328615182995317001e-01
6.803539163702032599e-01,7.301254229487360581e-01
7.193146381692185898e-01,6.924506223447206565e-01
5.958554321002713650e-01,8.018459853943328275e-01
6.561262846050268660e-01,7.520913884007085493e-01
3.946045248794068372e-01,9.168733035154725819e-01
4.333063772190170471e-01,9.007702667176725742e-01
5.262702550430402582e-01,8.506001318560958424e-01
5.655808907395711849e-01,8.241262887619251742e-01
6.679775779898905474e-01,7.415796900934908953e-01
6.640334541099635057e-01,7.450469442842929668e-01
5.835927715992735854e-01,8.111059665640224514e-01
6.362301203769100688e-01,7.693868202309085413e-01
3.955665834657999258e-01,9.165210661087297428e-01
4.839355480019745803e-01,8.755464831005782544e-01
4.576086139678806619e-01,8.893023636122282527e-01
3.959037358425793185e-01,9.164009023125295750e-01
7.433561711784835158e-01,6.675941600129047249e-01
4.234481134390983281e-01,9.051827570256907318e-01
5.097773888158612099e-01,8.606517677020937285e-01
5.052679071200860683e-01,8.634083444378580774e-01
5.298661948857064097e-01,8.482206527193646428e-01
4.335664430714122330e-01,9.007011104876753160e-01
7.782895168221173332e-01,6.297029162350937792e-01
7.002851277549193565e-01,7.111745794321049363e-01
4.500067470520259238e-01,8.930872479743441339e-01
4.135896188503830895e-01,9.094531834392091119e-01
4.511931611793524866e-01,8.923986261867039582e-01
5.425489634540130446e-01,8.400145255505778730e-01
7.271380212407213550e-01,6.845868538426538308e-01
7.343198816933365070e-01,6.770971453271845686e-01
4.285382176482542271e-01,9.029074150770668439e-01
7.581561198837802884e-01,6.518590733395818182e-01
7.668535800410747338e-01,6.423586825101841313e-01
4.319296305273245262e-01,9.015443201432644660e-01
4.895552393696467330e-01,8.723972616444338746e-01
5.573972563344282705e-01,8.298625651694613303e-01
5.485554384312696374e-01,8.359254712663968245e-01
6.427641849667500296e-01,7.637204519434099836e-01
5.988407715831547407e-01,7.995494508758486107e-01
4.217314035168066022e-01,9.059283260823625117e-01
5.386661502397727119e-01,8.426014087839395206e-01
4.907467248121606951e-01,8.717849793516473378e-01
6.373923029270101015e-01,7.682512415746146628e-01
6.779531985674516203e-01,7.324149288857855211e-01
4.577794950317656264e-01,8.892004276086162839e-01
3.812410797182054778e-01,9.217853190328048063e-01
7.663732424382663222e-01,6.429868294602540946e-01
5.074612285550895718e-01,8.620594400682153324e-01
7.298880762497685915e-01,6.817207279237821327e-01
6.450244427991107532e-01,7.618055554137460605e-01
7.209067331964118530e-01,6.907856417932505266e-01
4.607630109190065104e-01,8.877390330112818750e-01
4.997340141900224464e-01,8.666364846401386490e-01
6.871744203719385435e-01,7.238471073461312244e-01
6.623573963208504445e-01,7.466514953701079982e-01
6.117485743127929476e-01,7.894072732290884353e-01
6.453371325881966936e-01,7.615988995575151410e-01
5.951833814592734084e-01,8.022833121705214010e-01
4.444244363862280278e-01,8.957596221071355558e-01
3.782978503142205851e-01,9.227717601698715022e-01
6.261000242982108777e-01,7.776981167113554694e-01
4.313705083700517529e-01,9.017586273479731851e-01
4.621712224903021804e-01,8.870373164401182953e-01
4.688626356937993789e-01,8.836133029470704114e-01
5.416842913101419521e-01,8.406019654171406064e-01
5.169112533000208565e-01,8.563816866923857907e-01
3.988840260209123301e-01,9.151898920227415912e-01
6.415054735484854165e-01,7.647445438694834285e-01
4.394659829056688505e-01,8.979563240369627941e-01
4.305717568677177587e-01,9.020717888838674092e-01
5.217762005724253527e-01,8.533320035578476626e-01
3.771368175586857774e-01,9.231858197733049387e-01
6.681463279785178067e-01,7.414245708584417116e-01
4.399652193335023553e-01,8.978864720116951359e-01
4.823755317847118196e-01,8.763774339152020643e-01
6.073283802384850105e-01,7.928759750036062925e-01
7.499304710268399621e-01,6.606830190618226961e-01
7.289339163346998385e-01,6.826949838113869351e-01
7.694118221008154901e-01,6.396085496976446905e-01
5.506375872811629657e-01,8.345487982122468118e-01
7.130363251558120563e-01,6.987396686335898277e-01
4.546529070481330481e-01,8.907150732752655564e-01
7.355302112095839506e-01,6.759313924921435124e-01
5.566847937413228475e-01,8.303751237118142114e-01
6.023647517277040953e-01,7.968346231316952855e-01
4.174290716175516058e-01,9.078762179357362516e-01
7.614449692939053715e-01,6.483839223559517695e-01
6.407725607367853460e-01,7.653846621605816525e-01
5.534729833664622234e-01,8.326504190175829656e-01
5.888195851250341839e-01,8.071777284800214503e-01
7.195933714184261643e-01,6.922238468478378870e-01
6.191142432384654226e-01,7.835179662870304096e-01
6.416587961031844367e-01,7.647736892587981838e-01
6.849310398985948289e-01,7.257947096537998855e-01
6.089457021573760898e-01,7.915983898792009477e-01
3.817579837929604980e-01,9.215966642675049725e-01
7.636471390299992557e-01,6.459839782295693222e-01
5.806042563489410835e-01,8.132696459990410576e-01
7.569874812182872947e-01,6.531019954501666724e-01
4.276011070492438670e-01,9.033339772856723293e-01
7.773650550987101226e-01,6.307840874574049961e-01
5.309989817301221660e-01,8.474310622224563438e-01
5.506001068992777414e-01,8.345024214809965146e-01
3.936561588532872524e-01,9.171888127919783917e-01
5.486260477832566318e-01,8.359793280024442330e-01
5.436101699781611396e-01,8.392065282709108009e-01
6.669507970870851565e-01,7.424333073921695059e-01
4.730541123008584758e-01,8.813884916121033086e-01
5.250063688685479013e-01,8.513391070749858347e-01
5.368075835062182666e-01,8.437964322561550823e-01
4.966717942825800702e-01,8.683679625377034306e-01
4.028274578787682247e-01,9.137311744899023758e-01
3.833757883886894091e-01,9.210287716341314379e-01
5.603774152717426738e-01,8.279228289847794242e-01
4.016075977357827509e-01,9.142496290965824723e-01
4.794650113285562898e-01,8.779775438800458964e-01
4.108203176114157973e-01,9.105841790191763208e-01
5.183967255450243616e-01,8.553674313685368791e-01
7.786629183721047731e-01,6.292536800233378136e-01
6.535612026903365734e-01,7.543578361374325691e-01
4.959203219761595949e-01,8.688763979716950248e-01
6.844816804401695487e-01,7.263220358563021728e-01
5.332251961777665361e-01,8.459958058420887772e-01
3.913710310974579665e-01,9.180627951114744834e-01
3.762188581544913535e-01,9.233839110656466564e-01
5.218420681909408110e-01,8.533131992486568951e-01
5.836705025233905886e-01,8.111391229472394437e-01
5.758109712418461035e-01,8.168291756051621055e-01
4.666397910632812396e-01,8.846804750447919696e-01
7.567560759663856107e-01,6.533239620323021413e-01
4.413366044588039605e-01,8.971490126720104152e-01
5.121085063766905865e-01,8.593442472857745207e-01
5.506514066303374033e-01,8.344531648620221453e-01
7.758426084975423853e-01,6.325260193702904044e-01
7.592855976189818445e-01,6.505911462039970505e-01
3.926690494339238335e-01,9.176971485999867451e-01
5.503911142728279415e-01,8.346582899594288119e-01
7.770394037783487917e-01,6.310929152479050064e-01
7.649292930610294139e-01,6.445444558037159988e-01
5.779962707241124154e-01,8.153146716011124839e-01
4.570141257753412845e-01,8.895980330594603913e-01
7.055803025342017865e-01,7.059679163829672977e-01
4.073460422345799303e-01,9.119085332348145778e-01
4.955858059524463344e-01,8.689716380640766236e-01
3.799452913638236007e-01,9.221162063182667401e-01
7.568251036620077254e-01,6.532914125200792732e-01
7.517525400401808833e-01,6.588302249892349360e-01
6.998906934074740072e-01,7.116388612148701887e-01
6.164694213763880493e-01,7.855404276690490795e-01
