5.317048036070777250e-01,8.469297452515704983e-01
4.024070920158980824e-01,9.154608194340166927e-01
5.306657477555234426e-01,8.475811641722873491e-01
4.030225295427263266e-01,9.151900775523553744e-01
5.259595947254620540e-01,8.505095855236204372e-01
5.591345033336787562e-01,8.290769144232645882e-01
5.153968544423875864e-01,8.569516664011997964e-01
4.222680795515160179e-01,9.064710410272882601e-01
2.519071579683448414e-01,9.677513710294098903e-01
4.297909720820917157e-01,9.029283507360245098e-01
5.275451250978513418e-01,8.495270918223188916e-01
6.238143193318830271e-01,7.815724790872384808e-01
5.301390082906085599e-01,8.479108315410667229e-01
4.100830579516981933e-01,9.120481072562413027e-01
5.169285765002153976e-01,8.560286380832556885e-01
5.628819452157500791e-01,8.265371871838405049e-01
4.124546266596534894e-01,9.109782315531009811e-01
7.772938415785479727e-01,6.291375613845238135e-01
4.036881022772608185e-01,9.148967865009829392e-01
5.684469273858526739e-01,8.227197646530901576e-01
7.817466125012823008e-01,6.235959369492366511e-01
4.826564455028661271e-01,8.758099470875309045e-01
5.494189137044760418e-01,8.355472434951737304e-01
3.210337615875051842e-01,9.470678731500957737e-01
5.255305101636258414e-01,8.507749565666828939e-01
4.813299525727993688e-01,8.765397145760793762e-01
5.124477736534811534e-01,8.587186401247531853e-01
7.667319721596741466e-01,6.419677362995817038e-01
5.343625958884190563e-01,8.452550554273621231e-01
5.092900598046923299e-01,8.605946352754156869e-01
5.372674483095607467e-01,8.434116068315028469e-01
7.561321010663537567e-01,6.544194742714987134e-01
4.000385449371802737e-01,9.164980660053990702e-01
4.243870498197505059e-01,9.054806191730780940e-01
3.986234539623595419e-01,9.171149453027590548e-01
5.324077848775183863e-01,8.464876574616094773e-01
4.919331964858051354e-01,8.706326040319586346e-01
3.994601585679015687e-01,9.167502757502040689e-01
6.354190054542087074e-01,7.721679908029308592e-01
5.489527329510763831e-01,8.358529605479297908e-01
4.005060160212379206e-01,9.162938041095106678e-01
7.608872309008534174e-01,6.488847895054152826e-01
4.067664692574898266e-01,9.135325277843301395e-01
6.313164647269093877e-01,7.755247606056299148e-01
5.418107864154982911e-01,8.405009723516108089e-01
4.086022219501460606e-01,9.127129367139954486e-01
7.610069909944919830e-01,6.487443865673694354e-01
5.472573985602087188e-01,8.369648860768070797e-01
4.293356449816425613e-01,9.031445893038667627e-01
5.306777674588250004e-01,8.475741804452147088e-01
4.078886052013761532e-01,9.130321128190852509e-01
7.626715820704197402e-01,6.467851348972575298e-01
5.284387696569552428e-01,8.489719938125305232e-01
6.103938528742189895e-01,7.920987526034017900e-01
3.993655227482025283e-01,9.167922399980501513e-01
7.045636210998571514e-01,7.096416356144167326e-01
4.211110449874582717e-01,9.070095799788754354e-01
4.255264072802684150e-01,9.049465179068487686e-01
7.644243321686847725e-01,6.447143732537797822e-01
3.997155939792853552e-01,9.166387145590915164e-01
3.949944040324949723e-01,9.186840247660632564e-01
4.008841321651966383e-01,9.161282511200136147e-01
4.778462526770037577e-01,8.784441027619895870e-01
5.298642873103441842e-01,8.480831617293285163e-01
5.329373469216215353e-01,8.461554261062503857e-01
4.631594704796251905e-01,8.862743285203135146e-01
7.639082879816614380e-01,6.453258796891387927e-01
5.273924654163328896e-01,8.496225243632125057e-01
5.791809458348464723e-01,8.151998569874951972e-01
7.611898054825336768e-01,6.485303057269685700e-01
5.220941557817651013e-01,8.528886362845217173e-01
4.028356017650869259e-01,9.152729625032119953e-01
3.865807234040027907e-01,9.222549820236335405e-01
4.197741652999289474e-01,9.076292297890595773e-01
4.259653438621754384e-01,9.047388115463087521e-01
5.129050934600456468e-01,8.584445044026950411e-01
7.652171204017383932e-01,6.437735102257385877e-01
5.262378627452333202e-01,8.503382636477770928e-01
7.681692806587121503e-01,6.402455364396457682e-01
4.508900611336749686e-01,8.925787560650894070e-01
5.294082892936340379e-01,8.483663058447104000e-01
4.278418205117452411e-01,9.038543283469442358e-01
4.207758048330109135e-01,9.071639665110521333e-01
4.547859371135786755e-01,8.906015365617788726e-01
5.294615658918644385e-01,8.483348059434817623e-01
5.516810588725737929e-01,8.340560816827365942e-01
6.460902853490377851e-01,7.632620734322832501e-01
5.327324619089772728e-01,8.462846072225319594e-01
4.774430616902404778e-01,8.786634985031959166e-01
4.011666172151572285e-01,9.160044181610337288e-01
5.312245123253790391e-01,8.472320080894677474e-01
5.345231662347158519e-01,8.451547574647541028e-01
5.282937527722219029e-01,8.490625936275526531e-01
4.098887222568692867e-01,9.121362586709962361e-01
4.031424308614992569e-01,9.151379717926482193e-01
5.386808376374330187e-01,8.425089415939875925e-01
4.706096792726466305e-01,8.823423643146748319e-01
5.297079401833809653e-01,8.481791180879636460e-01
6.511846806271244237e-01,7.589205269174699175e-01
4.616109853434351429e-01,8.870815801581193316e-01
5.298436885225186188e-01,8.480963463677528846e-01
5.338626911713872936e-01,8.455701369017286639e-01
7.615339129680747110e-01,6.481235529093988257e-01
3.300341068334743944e-01,9.439696657235583377e-01
5.435928156941191025e-01,8.393501472876777614e-01
5.276676301070772901e-01,8.494519952830107412e-01
4.006376531318333045e-01,9.162357632517005301e-01
3.956870111489583786e-01,9.183845920178389521e-01
3.982162248442965291e-01,9.172907309378030005e-01
5.374452738562445209e-01,8.432974798789464321e-01
6.677476037868602665e-01,7.443892093669297605e-01
7.145733973720810317e-01,6.995589133575871310e-01
5.258511954680155087e-01,8.505777360914318352e-01
7.615021209380009592e-01,6.481607420566954936e-01
5.735641494098709936e-01,8.191593841210214055e-01
5.540311711987720988e-01,8.324971632168335356e-01
5.109839826977360389e-01,8.595890874490946798e-01
4.062889252631523007e-01,9.137455747307327014e-01
5.311137781557648818e-01,8.472992946418240745e-01
7.401864081897382430e-01,6.724000294017797863e-01
7.637576163965437148e-01,6.455013844148023150e-01
5.107454259268114916e-01,8.597308070795021129e-01
4.009164270381214701e-01,9.161155793955696458e-01
7.646456094470830411e-01,6.444491792997185664e-01
5.300994354434174216e-01,8.479342140293808505e-01
5.292918454630248792e-01,8.484411124055232234e-01
4.175324375744919880e-01,9.086630407563296430e-01
7.649257839385505964e-01,6.441203050078166958e-01
5.307659146544406736e-01,8.475197726131252773e-01
5.254532669560234570e-01,8.508237796019524346e-01
5.284927145818281158e-01,8.489365049075893177e-01
7.608480846161184141e-01,6.489319590350672851e-01
7.693086841802132536e-01,6.388792268761235293e-01
5.291392086310751086e-01,8.485364184109579488e-01
5.051498204175370876e-01,8.630303169133718422e-01
5.314692413168786711e-01,8.470761588849197166e-01
6.676874692108695220e-01,7.444398817213099262e-01
5.263376046552220577e-01,8.502771255588634780e-01
5.315740496811011129e-01,8.470103550328108577e-01
4.095664420065165401e-01,9.122814456438725905e-01
4.132063626826645852e-01,9.106385863519026458e-01
4.694166346929634637e-01,8.829754588515169589e-01
4.036780184478683808e-01,9.148999681927213468e-01
7.768711969656649785e-01,6.296572979974378592e-01
7.619853929367885748e-01,6.475919707120335600e-01
5.300587994967155270e-01,8.479624585006874105e-01
4.042691628921679659e-01,9.146388629856690988e-01
4.443618616836971791e-01,8.958460616641211738e-01
4.340556621455888275e-01,9.008873763984507343e-01
5.308951830932522320e-01,8.474391107284234836e-01
5.292586987462856163e-01,8.484588670154202816e-01
7.601261411762706421e-01,6.497779355714715654e-01
4.143506392613535150e-01,9.101159926870582284e-01
5.134480697594443477e-01,8.581223199989496120e-01
4.976061848010122635e-01,8.674014673312027135e-01
7.642851014240032992e-01,6.448760218079460094e-01
4.452336462997552591e-01,8.954158763017702194e-01
5.003098192247883436e-01,8.658448288250619740e-01
5.091566621243062141e-01,8.606722017639910627e-01
7.624072255959142286e-01,6.471000299862103011e-01
5.303916984861068995e-01,8.477544477822184232e-01
5.837263511704993135e-01,8.119523810820781229e-01
7.694428430715177791e-01,6.387131385513671322e-01
5.068941602959682324e-01,8.620099714275690772e-01
5.030679312783769008e-01,8.642485343934828146e-01
7.599656129517893266e-01,6.499658036131477079e-01
7.805103861710827040e-01,6.251401735459515274e-01
4.440004764585567809e-01,8.960280514471259394e-01
4.013801609879290577e-01,9.159129194148060149e-01
7.947035286757109240e-01,6.069950646227663116e-01
5.253616516145470650e-01,8.508772219344967747e-01
7.819023767910250333e-01,6.234035998949983837e-01
5.366488033829379667e-01,8.438075740600422536e-01
5.299254270698235958e-01,8.480423903012376252e-01
4.033746318912503348e-01,9.150335052712983419e-01
5.139049395895660677e-01,8.578453254605155065e-01
5.252576483216029324e-01,8.509451044217323235e-01
4.105819679802261146e-01,9.118222266372749685e-01
5.265056423731410140e-01,8.501735174131719308e-01
3.997474794671915799e-01,9.166267386760248437e-01
5.285653810817565468e-01,8.488944932095596752e-01
7.602590854540911547e-01,6.496172452908550721e-01
4.514842973008289517e-01,8.922774264078516815e-01
3.860355412264286912e-01,9.224824946684733185e-01
5.292754344198575822e-01,8.484481217277740628e-01
7.424158661133376524e-01,6.699420445393677870e-01
5.670645414118073990e-01,8.236712386099708239e-01
4.039435035895426740e-01,9.147824211176316389e-01
4.140805710551819230e-01,9.102417847954874519e-01
5.326402700505958876e-01,8.463437630608259266e-01
5.295807054053081053e-01,8.482575455579240975e-01
7.607186679771702487e-01,6.490846450202711893e-01
5.603601115710343805e-01,8.282469437998158934e-01
7.619741322308829501e-01,6.476045240341641307e-01
7.555636135426119226e-01,6.550723597242510410e-01
5.310822399368133606e-01,8.473182138538633001e-01
5.305106864814823631e-01,8.476803124753342633e-01
4.085775773194910698e-01,9.127252180726223019e-01
5.300616021421631352e-01,8.479570304938435221e-01
5.287526048960100589e-01,8.487738852120944033e-01
4.491135722032445488e-01,8.934764793767483448e-01
5.703221517568007881e-01,8.214188043995314104e-01
4.096561422131945185e-01,9.122383548464643166e-01
5.289159429933996126e-01,8.486763826344200234e-01
5.285949968008920585e-01,8.488719384887433161e-01
4.023876246816624480e-01,9.154676923005787836e-01
7.591292828982858509e-01,6.509431117808076594e-01
4.084276491269893672e-01,9.127924507525880804e-01
7.630039070181744432e-01,6.463905862796864854e-01
3.860923268764194782e-01,9.224584768850977445e-01
4.452919095031627195e-01,8.953835069825429871e-01
5.230288097435651373e-01,8.523172998939687606e-01
5.282763328477571019e-01,8.490701803185691787e-01
4.837196254050198374e-01,8.752208862534390788e-01
3.974075694473249709e-01,9.176439583857469717e-01
5.325827633018676011e-01,8.463755659530454167e-01
4.366595179649505609e-01,8.996248943666346198e-01
4.130850814593958753e-01,9.106905868420801520e-01
5.282349603739362465e-01,8.491006232768809614e-01
7.608209075880337791e-01,6.489653321844485179e-01
5.606339669489390776e-01,8.280662736659459844e-01
7.324788702990885358e-01,6.807930916062395754e-01
3.994113715803148112e-01,9.167699984473670627e-01
7.175330830111169567e-01,6.965276864300842252e-01
5.003715436176899845e-01,8.658085006950596574e-01
5.388630535138814182e-01,8.423958503256593344e-01
7.339829723427018227e-01,6.791712349887814026e-01
4.989820157860375693e-01,8.666100481484015905e-01
5.409412765243237775e-01,8.410578666720615049e-01
7.608292620793624117e-01,6.489485734908335690e-01
4.802843589616093700e-01,8.771106096323091350e-01
5.989045238265073845e-01,8.008176544931038254e-01
4.060065893942989002e-01,9.138682629774695920e-01
7.113529868661704336e-01,7.028382351993044397e-01
7.627757898175637763e-01,6.466666113096183333e-01
5.323172210121217551e-01,8.465474550604595860e-01
5.323498055607672752e-01,8.465269916379654092e-01
5.392241881036003992e-01,8.421597032786887205e-01
4.229100887248193885e-01,9.061696202068787453e-01
3.598731849742934363e-01,9.330029567727019524e-01
5.265679063568939888e-01,8.501305345152376791e-01
5.284066691776521107e-01,8.489939488118845023e-01
3.992846534461423902e-01,9.168250711779188933e-01
5.153016709693594155e-01,8.570063487044908834e-01
5.297997561610159334e-01,8.481253474905844358e-01
4.058008189035975377e-01,9.139635268203119001e-01
4.353659200919006156e-01,9.002514509659323982e-01
4.720000776521167118e-01,8.816008322488543270e-01
5.114280893352591839e-01,8.593286071202245191e-01
5.312906298350464906e-01,8.471869886459755250e-01
5.292794820095666486e-01,8.484501818131571227e-01
7.607479401903065597e-01,6.490512480570247433e-01
3.896678998324706322e-01,9.209534868797971674e-01
5.297195722710472676e-01,8.481701753959723922e-01
5.447236870690284061e-01,8.386183356122557386e-01
4.097583214777456018e-01,9.121961926185671032e-01
7.324112909064383059e-01,6.808661760993408585e-01
6.888558684073383676e-01,7.249018441031710447e-01
7.188180443867246971e-01,6.951945817660023508e-01
7.970074938824831534e-01,6.039653122419001985e-01
5.217497461526379166e-01,8.531012749750205293e-01
4.138355605003475324e-01,9.103495143962017089e-01
4.086492030210236437e-01,9.126936418071018853e-01
5.284071337913276434e-01,8.489938439543600612e-01
4.728888004729337458e-01,8.811245724140829294e-01
4.893759297688751730e-01,8.720754933467815828e-01
4.397220520468013150e-01,8.981362113981121720e-01
4.980261746854495741e-01,8.671593864170284993e-01
5.175205217601791530e-01,8.556735089789248017e-01
3.832024818570821667e-01,9.236623515233745030e-01
4.570214312391691069e-01,8.894532816381566231e-01
7.602537514714602374e-01,6.496302321356369758e-01
5.293103428075762729e-01,8.484310884576744538e-01
4.792488321097484461e-01,8.776816159924493155e-01
5.021227368343477160e-01,8.647990443225170853e-01
5.257835657201854751e-01,8.506155834670169336e-01
5.200745424871501266e-01,8.541180849817527898e-01
5.341609397139704951e-01,8.453799257666945177e-01
4.074474570278931451e-01,9.132308649699725223e-01
5.369911216642908602e-01,8.435849651600945132e-01
4.297625488568766472e-01,9.029443038473405903e-01
4.090617018945363337e-01,9.125044762128007303e-01
4.746345839949216439e-01,8.801855551094618368e-01
5.295178074376307720e-01,8.482958788399985739e-01
5.262258470065184213e-01,8.503477757703635787e-01
6.994973363629712892e-01,7.146391397010598556e-01
5.283579300924627908e-01,8.490187561121265158e-01
4.074103409595459802e-01,9.132475055857038893e-01
5.425648673092754448e-01,8.400108465085258658e-01
5.186684054098704699e-01,8.549784278155980743e-01
7.608199072958726772e-01,6.489673942788632965e-01
5.170383856620897056e-01,8.559651588127155097e-01
4.013660868185527919e-01,9.159154227587117392e-01
4.162705504753521080e-01,9.092384174573179267e-01
5.350279314239589912e-01,8.448374305167911658e-01
5.286757877941835604e-01,8.488208119034142962e-01
7.494819274391354424e-01,6.620291018690180884e-01
5.283108378819638684e-01,8.490479948793787646e-01
4.094130750533610530e-01,9.123467633308997016e-01
5.280421190645011587e-01,8.492212714663424089e-01
3.989043664743852635e-01,9.169948726911000270e-01
4.023940970257705585e-01,9.154641754829165867e-01
5.153744294280249161e-01,8.569681445585705104e-01
5.014422963410237744e-01,8.651881366128808537e-01
4.380958580339194830e-01,8.989256757271570919e-01
7.592678802748713540e-01,6.507737343633327454e-01
5.282676311537282121e-01,8.490747981670336841e-01
4.037779065262878664e-01,9.148594245223929944e-01
5.435691626579794988e-01,8.393611698484974015e-01
6.477125983591809355e-01,7.618885976994025366e-01
5.300643390446262426e-01,8.479542774461643617e-01
6.049432879750329395e-01,7.962649620087878244e-01
5.302318802814574017e-01,8.478495152472104168e-01
7.648752353500462009e-01,6.441738880130282174e-01
5.314431176790803679e-01,8.470971505832347592e-01
5.301529356323746445e-01,8.478988706244592333e-01
4.142474178532341011e-01,9.101667953163893321e-01
4.011375947666816488e-01,9.160153591703764642e-01
7.395235962546097275e-01,6.731261095827386631e-01
5.167956512688176574e-01,8.561056052269616634e-01
5.076403032575595997e-01,8.615659559357494723e-01
5.303765030383809087e-01,8.477655433474188262e-01
4.017723592568157032e-01,9.157421037829662769e-01
7.643640685182928607e-01,6.447800787755103569e-01
5.737268370751391622e-01,8.190430793711284130e-01
4.119687383064298825e-01,9.111953602189696300e-01
4.336600012775156943e-01,9.010793502398000143e-01
3.985112341710004280e-01,9.171608947615915719e-01
5.271744196282303063e-01,8.497604944196166521e-01
7.636502500207169586e-01,6.456350787386723189e-01
5.330262562764283008e-01,8.461021380817236315e-01
5.214982020819901587e-01,8.532490159152481546e-01
5.355822482231032966e-01,8.444865320006315068e-01
4.454601514440209575e-01,8.953046523615514340e-01
5.309412099415611319e-01,8.474052023709072179e-01
5.251411321768011398e-01,8.510185716571891934e-01
4.043729974313202691e-01,9.145967946394120140e-01
5.299895311000453191e-01,8.480076408758672191e-01
3.976907582996961343e-01,9.175169203227252490e-01
5.340172344397408066e-01,8.454700855808888749e-01
5.214202813599323472e-01,8.532965761451477560e-01
5.204208555184197671e-01,8.539064784706311695e-01
7.665106872900343538e-01,6.422366218251716052e-01
5.464280005794081019e-01,8.375024470701175616e-01
5.302205349525750400e-01,8.478632965028060076e-01
5.277156602478560998e-01,8.494175542552396818e-01
5.330869409324285879e-01,8.460568856816818029e-01
7.594440501355886886e-01,6.505675072439380813e-01
7.458660249934659925e-01,6.661010186895582885e-01
3.979771342842851611e-01,9.173980194343893668e-01
5.618212739860732885e-01,8.272548260619220217e-01
4.058977973680638618e-01,9.139157064307600331e-01
4.083509878864850506e-01,9.128222072664264886e-01
5.246231820247719835e-01,8.513309574398395529e-01
7.586363429406510761e-01,6.515195233666712937e-01
4.271009338518299003e-01,9.042010154902809793e-01
7.584429324514890824e-01,6.517342175676138494e-01
5.306759596930383793e-01,8.475711081629323518e-01
5.295357422390781776e-01,8.482839471260408271e-01
5.303218296018052946e-01,8.478001023904777611e-01
3.059992454471509027e-01,9.467093602091261051e-01
5.966428217129792211e-01,8.006995942867903837e-01
6.674497544671769145e-01,7.414613320362809512e-01
6.258409464234822028e-01,7.773932486199932601e-01
4.948559254641203831e-01,8.696123341950718899e-01
3.796195334705139146e-01,9.245168301140719302e-01
4.870263537205719029e-01,8.741301229644604653e-01
7.883986882496898385e-01,6.188231469191958212e-01
3.275833409999520662e-01,9.412433863487535968e-01
3.780244847840686373e-01,9.250910126153496504e-01
2.615918191076835320e-01,9.552779984300724392e-01
5.266019487426178980e-01,8.501857450335246202e-01
5.130029321690334765e-01,8.587220356596156901e-01
4.063986302562740960e-01,9.139221207168312100e-01
4.945294545423326582e-01,8.698015039567049689e-01
2.980846976719481178e-01,9.485013289832453509e-01
5.815625849916596923e-01,8.120989760269197166e-01
3.175405762827454570e-01,9.438974951996940144e-01
6.438799480651271612e-01,7.622033813237423239e-01
5.774251551983018427e-01,8.151807067313029398e-01
7.278321129289913038e-01,6.836132403864412233e-01
4.947867054936304632e-01,8.696696317916320362e-01
5.931155835471706439e-01,8.034266237860139270e-01
7.819696605384536259e-01,6.260263292495077403e-01
3.813760566549056485e-01,9.238534334926871150e-01
3.358401980340021131e-01,9.388964236022001586e-01
2.707766981576339993e-01,9.537670717489692418e-01
2.673167072299401648e-01,9.543568806794170412e-01
4.122083699516125299e-01,9.114844153901091595e-01
3.431272950313068448e-01,9.367635771421054525e-01
3.181092584270457380e-01,9.437490341274069605e-01
6.920430947312699033e-01,7.187050317981031888e-01
5.398058540483489098e-01,8.415466003249894023e-01
3.156489329175965475e-01,9.443455331273508113e-01
4.181536821263845405e-01,9.088887215992402790e-01
5.163068664724382861e-01,8.566807031106346004e-01
5.123891434184191240e-01,8.590944935431198415e-01
6.233178406008468286e-01,7.794497881976923948e-01
3.937758281720352693e-01,9.190969314404934254e-01
2.554711353982915822e-01,9.561321518507495121e-01
7.336787009656764447e-01,6.776755890049831477e-01
4.607212406677239080e-01,8.884253487583001485e-01
6.744156070980037443e-01,7.351128504255465268e-01
4.583286394875797365e-01,8.896542333607957431e-01
6.006460245586684454e-01,7.975780006302122249e-01
3.314818789802946308e-01,9.401744313498672234e-01
4.897527235973963000e-01,8.725667646180710335e-01
7.186869974195744248e-01,6.928010213917914495e-01
6.887145880133480613e-01,7.218507555942489384e-01
6.917954103031367374e-01,7.189317521465523608e-01
7.550087099515814248e-01,6.553802370538284183e-01
3.606068782984641619e-01,9.312124422822474212e-01
2.597780136730353240e-01,9.555205256624214050e-01
7.140528104065014814e-01,6.974239402944940602e-01
7.830540894303925636e-01,6.248163450610474401e-01
5.100219006369186570e-01,8.605710163101836230e-01
3.947669773373898572e-01,9.186898958315488084e-01
5.889234062534159930e-01,8.065917214348482522e-01
3.019286084586781937e-01,9.476508433323735936e-01
7.733751923209228885e-01,6.355175259491081530e-01
6.466364628395375735e-01,7.598435260740544761e-01
7.759102414613840981e-01,6.327577596848149577e-01
6.591946514586013439e-01,7.488354795066080039e-01
5.222982191776616157e-01,8.529273807879680369e-01
6.660264198680936332e-01,7.427540175544294909e-01
5.658918926796739912e-01,8.235286530490824042e-01
5.853930569580627630e-01,8.092691030705975175e-01
3.330887274149110233e-01,9.396860216949373124e-01
5.737989946601200764e-01,8.178482131186586290e-01
6.779044670927352190e-01,7.319290652253359619e-01
5.696405603467500356e-01,8.208491406173168414e-01
4.725103259579200299e-01,8.821699505578027845e-01
3.131846166469471893e-01,9.449861832407288054e-01
7.209622657906897825e-01,6.905567483909479387e-01
4.911026462712118623e-01,8.717888791090396827e-01
6.703888640948935107e-01,7.388019352366818060e-01
6.540013208503776543e-01,7.534210621691349585e-01
6.611729514833486476e-01,7.470838927875932400e-01
7.600457823477890784e-01,6.500216490715895468e-01
3.750115948412140465e-01,9.261725518168776317e-01
3.203058270079844894e-01,9.431888855840468988e-01
7.783956852159579221e-01,6.300154849948769176e-01
5.500008228998434223e-01,8.346528078313074639e-01
6.436931699394292661e-01,7.623883952611312242e-01
3.781626730505452949e-01,9.250511041813844759e-01
4.120006551906917336e-01,9.115717994248770939e-01
5.335881066217896818e-01,8.456375810141212312e-01
2.911401351882612065e-01,9.499747067761675767e-01
2.917413675410617802e-01,9.498437589636241629e-01
5.528265809414867338e-01,8.327224112607285456e-01
3.180696192467157846e-01,9.437725410539691273e-01
4.203833780767692874e-01,9.078762330309043671e-01
6.009625371497242519e-01,7.973629760899217933e-01
6.654364107139905116e-01,7.432924994002685359e-01
5.613959560005978844e-01,8.267286253418875130e-01
4.029387326659431556e-01,9.153596637334382446e-01
5.319169920427699871e-01,8.467573693491804443e-01
5.694927790886181729e-01,8.209367582321311918e-01
3.511822893396104872e-01,9.342739386451006656e-01
3.985818278538144632e-01,9.171708993833588286e-01
7.465126185883069754e-01,6.643757491877809729e-01
7.105331128392411433e-01,7.008978430485288680e-01
3.859837230182874279e-01,9.221078524957658784e-01
5.815006911284633651e-01,8.121483140507257392e-01
6.086083579086022377e-01,7.913586981258242670e-01
6.208849636797280080e-01,7.814509577071251378e-01
3.983825068943730452e-01,9.172177520504420922e-01
6.729687661455449055e-01,7.364526894815266456e-01
4.578659324711161771e-01,8.898843208710331965e-01
6.345125452655032694e-01,7.701737915580167959e-01
7.655519763364058150e-01,6.440777672990070091e-01
6.246212202385035273e-01,7.783784266354146775e-01
5.898934146429366532e-01,8.058575092186368583e-01
7.000308796409084877e-01,7.110829778650767929e-01
5.372127289176962250e-01,8.432692658495832827e-01
2.529830480372079471e-01,9.564832952167726665e-01
6.964022574390773546e-01,7.145615779310356963e-01
6.714036569310342095e-01,7.378805057989991090e-01
3.470247058801707030e-01,9.355624514386646773e-01
4.599461220639881054e-01,8.888211960700960201e-01
6.394492949284178440e-01,7.659829746086270763e-01
5.534587037521767616e-01,8.322730450019576454e-01
5.693638461976512355e-01,8.210520943146015771e-01
3.695029982767065180e-01,9.281583986543180398e-01
7.838711748503401910e-01,6.239232895972717241e-01
7.624202785457727671e-01,6.474391051661851915e-01
6.441740626891747645e-01,7.619481174290035908e-01
2.546620880365962347e-01,9.562631614583806394e-01
5.145265952212424443e-01,8.577855122679941546e-01
5.255633464421685108e-01,8.508391310812009056e-01
7.689799144782181184e-01,6.403525046117940489e-01
3.616795337218253747e-01,9.308132252011117602e-01
4.277227125934210950e-01,9.045646980294833606e-01
5.671498033026061147e-01,8.226529335678260946e-01
2.989534536205125659e-01,9.483274030576368530e-01
6.825253141955570646e-01,7.276690583670976098e-01
3.784645993957545529e-01,9.249278640861534617e-01
6.406850917718582838e-01,7.649534144139290559e-01
5.503728602095465661e-01,8.344205211256019439e-01
3.105893747445739317e-01,9.456176825850064471e-01
2.675500170004238565e-01,9.543384069470884912e-01
5.545260233669553340e-01,8.315144032236420069e-01
3.877578233452345646e-01,9.214296378000556009e-01
7.348919601102132937e-01,6.764090718428253934e-01
4.809605635307383498e-01,8.775495654648379773e-01
4.977785672803262118e-01,8.679038831725600645e-01
3.716659967697927280e-01,9.273841235100199754e-01
6.202283604666316563e-01,7.819890206336559402e-01
3.975039213179300535e-01,9.175995951721704902e-01
4.577912315508866903e-01,8.899494002821253247e-01
7.647146588969280234e-01,6.449879322681015825e-01
4.752641841380115251e-01,8.806697450327075627e-01
4.040999091683921129e-01,9.148904951018439480e-01
2.821525476350182360e-01,9.517696796074135435e-01
4.028371978771999040e-01,9.153977969040544282e-01
5.099797207606292515e-01,8.605768177518771100e-01
6.129907855015217510e-01,7.878481350422217311e-01
3.483594359640057592e-01,9.351645198749488630e-01
6.130490333209384080e-01,7.877791650738551477e-01
4.677671262961924925e-01,8.847223561588802854e-01
2.585733213564679889e-01,9.556987868860971069e-01
5.409566532270597694e-01,8.407698758892743207e-01
4.912388492424989428e-01,8.716983694539606198e-01
3.905304933677656853e-01,9.203536740902382718e-01
3.431793368253269749e-01,9.367424502044061629e-01
6.805567609927158923e-01,7.294978218022942773e-01
3.800938050656804679e-01,9.243314244888142239e-01
7.092966009655596871e-01,7.021068045966988302e-01
6.076023756949500143e-01,7.921267486079064390e-01
2.921504159525524225e-01,9.497469989448594774e-01
5.897920917129857443e-01,8.059483486612097902e-01
6.493735315345252612e-01,7.574759717454331298e-01
3.237513572978728549e-01,9.422604655811942509e-01
5.749420254228674310e-01,8.169997332789383782e-01
5.786279461976784333e-01,8.142882767836377989e-01
7.518917044124493465e-01,6.586880596251072362e-01
5.395441084322860625e-01,8.417325764124010679e-01
4.127670307519444304e-01,9.112138454701744772e-01
3.702767197614874051e-01,9.278820513835902561e-01
6.683826555226568544e-01,7.406166376399621054e-01
6.853346542653132589e-01,7.250363144981756269e-01
4.358288356385269235e-01,9.008051124694765877e-01
5.659226736569917815e-01,8.235108008924243439e-01
6.698739835681161159e-01,7.392864560553140674e-01
3.163644892363774441e-01,9.441768682407871704e-01
2.596890403892548882e-01,9.555558379009500003e-01
2.708325804479715937e-01,9.537952429836042967e-01
5.053284973523395340e-01,8.633952458484387416e-01
2.598175337250766548e-01,9.555105107247036100e-01
2.747557611391710508e-01,9.531148795638220150e-01
3.664188369578145754e-01,9.292035651736860746e-01
6.670461519974558717e-01,7.418258089843579040e-01
6.983207519714006439e-01,7.127118276553546794e-01
6.936588595341632857e-01,7.171840230755200940e-01
7.943495426534559201e-01,6.120920576215890252e-01
7.873394804757978260e-01,6.200099356715944587e-01
2.931117051566494713e-01,9.495706910859538219e-01
3.875269711593980482e-01,9.215176798434842054e-01
4.979159450124114872e-01,8.678240264924075298e-01
7.384358686960968976e-01,6.727862124112772291e-01
6.895069197765295588e-01,7.211168091465111063e-01
7.445727622525730727e-01,6.663849878990496522e-01
5.378189121148810869e-01,8.428772275471917430e-01
4.544837773014064886e-01,8.916291850215540826e-01
4.110512436836387673e-01,9.119713710926642403e-01
6.274141960995626155e-01,7.761116789911000069e-01
3.324463839016075228e-01,9.398650037209568264e-01
5.072940828722715123e-01,8.621984726995315373e-01
4.137246179166028659e-01,9.108169737557751944e-01
5.339236009600617505e-01,8.454215711745363127e-01
4.610165986950588435e-01,8.882789394404475569e-01
3.953348068647803415e-01,9.184789714654163495e-01
2.863208064674904185e-01,9.509470692556516447e-01
4.822720971310335836e-01,8.768160896179887365e-01
6.964547522173277772e-01,7.145228983995960403e-01
5.872144103138964288e-01,8.078949327348582399e-01
7.317728383945618642e-01,6.796207035368115879e-01
5.328429328748538474e-01,8.461268612280730128e-01
7.337266042684356115e-01,6.776068294544206339e-01
3.811615769778937679e-01,9.239239958876527270e-01
7.409653131518105784e-01,6.701642569424697271e-01
2.953199204889850882e-01,9.490955916130126013e-01
4.450358434346898262e-01,8.963611035575602681e-01
2.616032305729165675e-01,9.552401658739312351e-01
4.784662277517628404e-01,8.789271014410038330e-01
2.943393023894657068e-01,9.492842438484149215e-01
2.693535842454231055e-01,9.540126774081431060e-01
6.372970649063069981e-01,7.678082801759850140e-01
7.123298243124100981e-01,6.991313446251230523e-01
3.752306185010615414e-01,9.261099610948776428e-01
6.950921690720788249e-01,7.158066050413675052e-01
7.043903234376026612e-01,7.068742582673056551e-01
6.638438162413168309e-01,7.446958894383990391e-01
3.884013834592922598e-01,9.211802529799434369e-01
6.737399979630084301e-01,7.357673712738456162e-01
5.657130132693479752e-01,8.236535619839602251e-01
3.161219024501346619e-01,9.442514252098918037e-01
3.081596165749765359e-01,9.461945454445523929e-01
3.308249440452798451e-01,9.403177152835148211e-01
3.327426692108753636e-01,9.398093197453607495e-01
3.698976968239162666e-01,9.279838944457713401e-01
2.652784393411865560e-01,9.546952114339528617e-01
3.659151341456574613e-01,9.293779639225965283e-01
6.696652685556863105e-01,7.394551556769048961e-01
7.406881242396714526e-01,6.704290439859040829e-01
5.497995635037375983e-01,8.347804840180388375e-01
4.989276201550262302e-01,8.672046157825106238e-01
2.774812838703688000e-01,9.526081680198987822e-01
7.729764358443682593e-01,6.359639746008876049e-01
4.055343330924173761e-01,9.142948996790863925e-01
4.844391401284972032e-01,8.755702573755467233e-01
6.429658553098256402e-01,7.630023519362516549e-01
3.130796340441481806e-01,9.450216734342501423e-01
6.970065645249008401e-01,7.139992494637041887e-01
7.109756441964096840e-01,7.004260819955760997e-01
4.262206649691776539e-01,9.052626241731914769e-01
6.300705387022358384e-01,7.738878046359199958e-01
7.650138963617461041e-01,6.446435389345449574e-01
3.960468564666916880e-01,9.181774511026242758e-01
4.796633986180776077e-01,8.782416550204146244e-01
3.008233365101450896e-01,9.478782672026588862e-01
2.757109155972618519e-01,9.529267988932939026e-01
3.343262888777737696e-01,9.393551528626390423e-01
5.329942109576781828e-01,8.460484221728262755e-01
6.807580905294590146e-01,7.292731930658491457e-01
4.008065620917334870e-01,9.162443944138666252e-01
2.793102312275912436e-01,9.522986755678226611e-01
4.269403739354118432e-01,9.049428938301806724e-01
3.842337724532642884e-01,9.227533477508853554e-01
3.250702049883423816e-01,9.419201598864469505e-01
5.929012684634843433e-01,8.035498618736471865e-01
6.236636245516925525e-01,7.792005614854373707e-01
6.884419861411071873e-01,7.221270543699181976e-01
5.480210024598679563e-01,8.360089391533638281e-01
6.072331528022176794e-01,7.924321222872287018e-01
2.777022260124036301e-01,9.525599509120024067e-01
4.304080601134554485e-01,9.033153860935959623e-01
3.977823049274471501e-01,9.174720296518810159e-01
3.939501918874200870e-01,9.190071128176521276e-01
6.452948188134741692e-01,7.609809839890847583e-01
6.615483404356932162e-01,7.467712174321659013e-01
5.137415851916045106e-01,8.582499874849182087e-01
7.721867362019148029e-01,6.368390570691787600e-01
6.309332677641124043e-01,7.731629821749814724e-01
4.194206026462256043e-01,9.083244589952164105e-01
6.206198248779168924e-01,7.816967812918150793e-01
4.922464657600755245e-01,8.711299165833554792e-01
3.189452780674900678e-01,9.435486357615305852e-01
2.942574917619736330e-01,9.493139793168584584e-01
4.416722436604479385e-01,8.980124780629930026e-01
4.377285742436173854e-01,8.998691958562656801e-01
5.756976889304794565e-01,8.164609983033693785e-01
3.549412230895498399e-01,9.330482187102477898e-01
7.902624790036050229e-01,6.167038087307106231e-01
4.982699672928205814e-01,8.676077698337570920e-01
4.912449490516500039e-01,8.716925459879756310e-01
7.276190010344574244e-01,6.838513049100395369e-01
4.385434471548780300e-01,8.995210123064216745e-01
7.446793086782683702e-01,6.662876179938443943e-01
7.804809219261454878e-01,6.276701003347895380e-01
2.620359793928652148e-01,9.551678158393018814e-01
7.471496577074012713e-01,6.636710679875003072e-01
6.191843151369667009e-01,7.828263860887358927e-01
3.566254237369175795e-01,9.325227948615953943e-01
2.994421933571941308e-01,9.482086770591220404e-01
5.046940896349664252e-01,8.637644325921250976e-01
3.895769860709196175e-01,9.207384764310395653e-01
4.152015558862001132e-01,9.101749406494713535e-01
4.683046644192878638e-01,8.844310624254896336e-01
7.874918636207954847e-01,6.198634082662641820e-01
4.945708656055881614e-01,8.697938953833299625e-01
5.513126503007360624e-01,8.337561791088525798e-01
6.103958128955508933e-01,7.899070593155607112e-01
7.077360124271321329e-01,7.036159701030334501e-01
7.842791805596744936e-01,6.234674867000158383e-01
6.690748462543525399e-01,7.400114102958187390e-01
7.346483260981493402e-01,6.766805443581208612e-01
6.133832886612455848e-01,7.875276427419581893e-01
2.994427108181241248e-01,9.482182966729114648e-01
5.487202103529746910e-01,8.355312090047195550e-01
5.506106698611211714e-01,8.342568140978839919e-01
4.104377260061027322e-01,9.122370280748887117e-01
3.230686649545965183e-01,9.424300549228602497e-01
6.339115972240132457e-01,7.706566371580064745e-01
6.226390025432514408e-01,7.800381919985762691e-01
7.247672239341773626e-01,6.866976613755737535e-01
7.457746116100225642e-01,6.651202661816558726e-01
6.206211823762017854e-01,7.816668315233934461e-01
3.423712742492870387e-01,9.369859980086608919e-01
3.515900886425117333e-01,9.341209732520624476e-01
5.053309104847177879e-01,8.633961145655184577e-01
3.384133198216091598e-01,9.381672609842514055e-01
5.353769011574210923e-01,8.444913270224538859e-01
7.268529069791092034e-01,6.846114624066534926e-01
5.080304915528714993e-01,8.617675814658232181e-01
2.824137688582509242e-01,9.516875493251598650e-01
7.161689849063983537e-01,6.953142814773192182e-01
4.970026667230658668e-01,8.683324830511309766e-01
5.358555583377522247e-01,8.441751861932154100e-01
5.922485850421359554e-01,8.040730449533063373e-01
3.345867615164518361e-01,9.392645535598797002e-01
4.469538367040524207e-01,8.953894251101007784e-01
4.412503928060761416e-01,8.982011670614382659e-01
6.873360752747402769e-01,7.231687203394904229e-01
5.692067326939200811e-01,8.211493251528834136e-01
6.175764908978258472e-01,7.841539377729228599e-01
6.736705438756718234e-01,7.357986727864584964e-01
5.044688015000680092e-01,8.639344020606799512e-01
6.925913666939180757e-01,7.181781032179640478e-01
5.803041378528217553e-01,8.130311794254184710e-01
5.071908863844427628e-01,8.622637573673725964e-01
6.438436833649191504e-01,7.622489114447787983e-01
4.539430635432687433e-01,8.918985192259617500e-01
4.807621981343532802e-01,8.776312138696092946e-01
3.894091372717679578e-01,9.207766912519226299e-01
6.601698342215261972e-01,7.479789691662221962e-01
3.521805573417952084e-01,9.339629684742267735e-01
4.417676994297281001e-01,8.979386378521253542e-01
4.727577203169307518e-01,8.820545852186916225e-01
5.319810979405350526e-01,8.466929343709028721e-01
6.175093973609426801e-01,7.841899927628231959e-01
4.209089646472922719e-01,9.076525282011769225e-01
6.433336139143652765e-01,7.626909803221033624e-01
4.951522362987320069e-01,8.694569316660473168e-01
6.956459493385599435e-01,7.152837259921344115e-01
7.288274917577024503e-01,6.826207597424341911e-01
5.483854806268795290e-01,8.357745088383118359e-01
4.077802007176485333e-01,9.133482179629583975e-01
3.436817174671609187e-01,9.365806214730671986e-01
7.855731614667953444e-01,6.220051300037393593e-01
4.775802230423588646e-01,8.794059008128276567e-01
2.759494902847482445e-01,9.528754098282019580e-01
4.154049798523197223e-01,9.100830560173078787e-01
6.817037379912020967e-01,7.283950234180692762e-01
4.941770366413387738e-01,8.699853555940710859e-01
4.638155419997708195e-01,8.868302577593693004e-01
6.570081360899693301e-01,7.507703383314402457e-01
2.836316689214743447e-01,9.514834658032571557e-01
4.720414688293023686e-01,8.824284996268116910e-01
4.608264993563553902e-01,8.883931762614163397e-01
4.020604487518473213e-01,9.157350417447047697e-01
2.727858509721972635e-01,9.534559854007886859e-01
3.385538508129840585e-01,9.381160963495592808e-01
7.949705311504502436e-01,6.113905760236956199e-01
4.214135352567003334e-01,9.074098892745455780e-01
5.974945621529552664e-01,8.000258014887597913e-01
5.418677189997350707e-01,8.401790525982852920e-01
4.692589569278591277e-01,8.839335605900580095e-01
7.957738159197749184e-01,6.104900597157889575e-01
5.734064943771809419e-01,8.181145633643062132e-01
3.837160256009668480e-01,9.229471907008867104e-01
3.250667629331891462e-01,9.419075637525188283e-01
3.671911788015576050e-01,9.289649050982762279e-01
3.272868557644557086e-01,9.413049432941229533e-01
2.699794846117211655e-01,9.539030270644529574e-01
7.048802467085220069e-01,7.063920573049534690e-01
7.028818193340315990e-01,7.083478739786978062e-01
6.938104678611449749e-01,7.170270374124912971e-01
6.650040225453974774e-01,7.436725100925039023e-01
5.398433702042164661e-01,8.415099381244847132e-01
5.994728562215170253e-01,7.984886722942846626e-01
3.854128665717855839e-01,9.223034058873152974e-01
6.670312279261861876e-01,7.418357680944416277e-01
7.954228341558415849e-01,6.108658375001688734e-01
2.652245771503231597e-01,9.547011572768634435e-01
4.768259420417252925e-01,8.798024231704317799e-01
5.254990331741830056e-01,8.508803670857165713e-01
2.835345684526052179e-01,9.515041006481722574e-01
7.114814325338830736e-01,6.999286635017060165e-01
5.052637017320126267e-01,8.634249151889281659e-01
3.207970184458380225e-01,9.430512798384252937e-01
3.448465766091658447e-01,9.362451232173062410e-01
7.205974046945601286e-01,6.908902594377399620e-01
4.938428214313254072e-01,8.702193507586170051e-01
2.795413104533470694e-01,9.522224573948399051e-01
4.977002663113932468e-01,8.679430855247802779e-01
6.963323995647512366e-01,7.146456934872008615e-01
7.886149817011052221e-01,6.186028261083397206e-01
6.346695967622659751e-01,7.700235674511451966e-01
4.648257966238844574e-01,8.862841719672654994e-01
4.392981186886430467e-01,8.991572223662079866e-01
6.643817959675115681e-01,7.442166140542975095e-01
2.866797113199786029e-01,9.508610710896203688e-01
7.747977330446733646e-01,6.339735692525957367e-01
2.622952316692978014e-01,9.551532662060179257e-01
5.439164108590845981e-01,8.388069891051543880e-01
5.423030609393710844e-01,8.398669214764871160e-01
5.686035323367980565e-01,8.215765356235680272e-01
5.106158577921590114e-01,8.601880676904333223e-01
7.098414747728276630e-01,7.015649541987072357e-01
3.078160250317890090e-01,9.462895314562771443e-01
5.361243745726049781e-01,8.439862634802383079e-01
4.441166949092759664e-01,8.967917424293696538e-01
6.874178173572853545e-01,7.230988997396832207e-01
4.109488631004452053e-01,9.119909674763142515e-01
4.187567897643292292e-01,9.086059157198242975e-01
3.403878187398050592e-01,9.375678125426254450e-01
4.895655905776993833e-01,8.726464503621474966e-01
4.679340618966769672e-01,8.846311628233284319e-01
6.433120397004103985e-01,7.627058226371056238e-01
4.301835966962225255e-01,9.034241941227452166e-01
5.159530392633380202e-01,8.568816907275458306e-01
3.024068518720645637e-01,9.475129096083875213e-01
4.201598476765496804e-01,9.079865787852049452e-01
4.922613233693914347e-01,8.711079124375250560e-01
4.728910729039665917e-01,8.819739894250280265e-01
7.019936502470935924e-01,7.091944584581790778e-01
6.549644031401791189e-01,7.525593720842650436e-01
3.538009885699396895e-01,9.334221186716412655e-01
5.509878972757461524e-01,8.339801594887742420e-01
5.175321757656557997e-01,8.559237632027668630e-01
7.152700420337207987e-01,6.962245505346127405e-01
4.308061196364145751e-01,9.031632973044346757e-01
7.278865953104018960e-01,6.835541150706377911e-01
7.268555729662860010e-01,6.846276951453112991e-01
5.694602643639852246e-01,8.209614381423523399e-01
2.840684872458695831e-01,9.513914816922719453e-01
5.955990533584278879e-01,8.014831191886750972e-01
6.193144840888020752e-01,7.827606678990117750e-01
7.330982325508750286e-01,6.782631270802310652e-01
7.500659419012907225e-01,6.606323944778113022e-01
6.920771063472659357e-01,7.187010674913788533e-01
7.192559915727825270e-01,6.922339306185331109e-01
6.460062571393863085e-01,7.603609873006238473e-01
3.511427818614494822e-01,9.342894023594996433e-01
3.308108668261697249e-01,9.403557969739005928e-01
7.613947634603495107e-01,6.485632010150775839e-01
2.856293758844550834e-01,9.510991400083033120e-01
3.563898551923905256e-01,9.326066447593072128e-01
4.697306795027147430e-01,8.836892706369813277e-01
4.065166507224063919e-01,9.138946175844122610e-01
4.263676784346868143e-01,9.051853256946550408e-01
6.610533013566701754e-01,7.472069171471116267e-01
5.414799251037257788e-01,8.404274280894332705e-01
6.077713524513541632e-01,7.920220159338402510e-01
5.044128791764481701e-01,8.639425529617862365e-01
6.423067898280711008e-01,7.635680509291661311e-01
4.893191184654719361e-01,8.727964974791136976e-01
6.592970911683772028e-01,7.487560278123572832e-01
3.724892221394833780e-01,9.270829848848022303e-01
3.336535657000405108e-01,9.395367323123835490e-01
6.196914016099486222e-01,7.824417714869756901e-01
7.130804295439006069e-01,6.983604117610813233e-01
3.392644934228266074e-01,9.379090041715295589e-01
7.580936017176036490e-01,6.521137597167591116e-01
4.294691939987644314e-01,9.037783048903679228e-01
5.751472304811346969e-01,8.168381883814678224e-01
4.609685323768780707e-01,8.882923539360493281e-01
7.373089576723400596e-01,6.739076124971528081e-01
4.950372811873248180e-01,8.695148766967231158e-01
5.025485209529563235e-01,8.650828313693366134e-01
4.144212017249745972e-01,9.105069340359928098e-01
3.912666366805097606e-01,9.200636348239246143e-01
5.765845638164716069e-01,8.157843277746550381e-01
2.936302445240424608e-01,9.494439453991214695e-01
3.329687994003383000e-01,9.397553913853510243e-01
7.613873277523299787e-01,6.485777600967358447e-01
5.009636387142538672e-01,8.660340047156177556e-01
2.536262163084339050e-01,9.564230195329573858e-01
4.249503164934141930e-01,9.058465840134793945e-01
6.185422934657112126e-01,7.833786216322384810e-01
6.116174548911628150e-01,7.889466197580483620e-01
2.954525265064076311e-01,9.490473307581794860e-01
5.858668969711697816e-01,8.088952787743055595e-01
2.990459255080895051e-01,9.483054345914072591e-01
7.964460482634194705e-01,6.097235708117835218e-01
5.820111267335208449e-01,8.117679468955455446e-01
4.406677728329378985e-01,8.984767303713898645e-01
6.268634679672303589e-01,7.765293867963238839e-01
6.884773881794552519e-01,7.220692068578291600e-01
6.543930890294370473e-01,7.530816778277933388e-01
7.478167966622403240e-01,6.629809329085104563e-01
4.195970982404221283e-01,9.082450146672854663e-01
2.904004770613309860e-01,9.501280238984939341e-01
6.704824952668644311e-01,7.387114363897803182e-01
4.241643678944815310e-01,9.061983116242314784e-01
3.541008000792373878e-01,9.333228803735267309e-01
6.458886221509290149e-01,7.604816305564982004e-01
7.815615204920325354e-01,6.264657005487649366e-01
6.751401572363406878e-01,7.344811578822397768e-01
7.052108355266764050e-01,7.060675587565596878e-01
3.900039426902649486e-01,9.205746104637816396e-01
3.859146939727373105e-01,9.221352719906232842e-01
7.094676972290159256e-01,7.019394497685869094e-01
2.567593535936140703e-01,9.559853473772685906e-01
3.118737482266367156e-01,9.453002243329642340e-01
3.705904789070240124e-01,9.277409745904575677e-01
5.238427106224425867e-01,8.519395265307421194e-01
4.498414455347924390e-01,8.939588634258515132e-01
6.035321949025852506e-01,7.953577582215181074e-01
5.357681692679653329e-01,8.441981029698920613e-01
5.896503446371288426e-01,8.060295580551641859e-01
7.782687275850157516e-01,6.301163306469464986e-01
4.930370159067758440e-01,8.706809238186326017e-01
3.374235384313870600e-01,9.384719705322721595e-01
4.611955240743628170e-01,8.881689154694302202e-01
7.733966068057833709e-01,6.355183051190368415e-01
4.306066434098412832e-01,9.032495528207233892e-01
5.334689377589636461e-01,8.457410751879090860e-01
4.477883784957491509e-01,8.950003331929211603e-01
