5.838528132307148066e-01,4.146255918832695286e-01
8.826589671986426744e-01,1.155057960642347226e-01
9.368190781410840051e-01,6.120542956947239155e-02
6.750897274463900644e-01,3.272227382207827384e-01
9.813621685715969711e-01,2.125947331480870783e-02
7.545294820798784663e-01,2.492136170315467636e-01
8.233897039565131193e-01,1.815678370730530178e-01
8.307158563679722940e-01,1.747185513148238334e-01
6.960799757024475065e-01,3.134620555979223955e-01
7.628506315623185818e-01,2.258720037641130940e-01
5.847196208937931461e-01,4.312965746842397641e-01
5.232169613502118954e-01,4.597959189165060634e-01
7.404179254022869028e-01,2.767318189343922485e-01
7.856759108411229819e-01,1.925856395736218474e-01
9.399617437001855924e-01,8.292215205997321981e-02
7.213753865690980538e-01,2.555068761301912961e-01
9.073089543745426200e-01,1.160504066248592148e-01
9.630942578051518987e-01,6.071520552801401571e-02
9.120796361455322243e-01,6.319274776132433047e-02
5.114949913895981970e-01,4.630108310258114201e-01
4.758278348993304485e-01,5.377962977434217473e-01
4.531505431371946058e-01,5.053608048608984049e-01
4.696503799538407353e-01,4.887890941860267846e-01
5.457459144239323878e-01,4.862790760064016338e-01
7.377276402354063789e-01,2.253157897742248394e-01
6.597016819212978556e-01,3.007553434067171683e-01
4.276812166195502751e-01,5.531259847458345202e-01
8.800346728575990651e-01,7.691639246310877365e-02
4.419024316003704600e-01,5.636033203239678713e-01
5.014681205252409235e-01,5.457332741480753757e-01
5.244036945845874653e-01,4.275925932713086075e-01
6.351530089857309047e-01,3.155982654398402643e-01
4.612668397491720418e-01,4.734939980411549953e-01
7.268911065882721623e-01,3.233385208818903012e-01
9.405087791051347512e-01,1.108396890274395696e-01
5.065029525673686583e-01,5.458285679025072223e-01
8.401110313891342329e-01,2.128753825562901270e-01
3.932281303215375834e-01,5.425852848162412423e-01
4.226735349110501971e-01,5.787877483727900119e-01
7.277687117596005617e-01,3.306315046655244894e-01
3.898182337492182015e-01,5.348250725302410302e-01
8.680363499244574399e-01,7.323248367888213206e-02
4.312463845177143540e-01,4.810258193431671270e-01
7.824504618554773971e-01,1.530560520850654527e-01
5.674559035393189621e-01,3.674954413696961408e-01
9.193063171955881963e-01,1.331924186367694496e-02
3.647079090540227275e-01,5.631669319867406154e-01
5.597464664968678782e-01,5.105630810430971112e-01
5.567854090751183094e-01,5.136565445874874403e-01
8.100255588068792090e-01,1.179917901704011785e-01
7.639940383507425326e-01,3.084776135710642908e-01
8.938858112175025461e-01,1.802147246021734706e-01
8.954985456232593677e-01,1.798947654261148221e-01
3.496844224944798407e-01,5.488234903339129778e-01
6.870104513671426716e-01,2.322214653540746188e-01
3.980241405147665334e-01,4.878014175625894344e-01
8.906267397866639568e-01,2.708465487679478922e-02
3.363579014107298537e-01,5.661829650013451287e-01
7.621056734869624538e-01,3.214834541309241622e-01
3.438428159105114679e-01,5.465430322236051186e-01
8.853845571104975720e-01,2.793802192058425504e-02
5.503248150553896600e-01,5.376745010701524663e-01
3.807250524002750991e-01,4.943753278306067811e-01
4.056006948335649787e-01,6.243721764459639889e-01
4.959424125506000092e-01,4.112430490580515352e-01
6.966224105443750148e-01,2.115573057378740129e-01
5.422470128792395982e-01,3.653518263989585790e-01
6.428010236641177322e-01,4.558590886181671520e-01
8.482079067614762824e-01,2.515225098792790437e-01
6.686734909633109680e-01,4.320677289200661741e-01
3.189509117640416669e-01,5.417111985393644469e-01
5.238699715340123797e-01,3.687286871676245248e-01
7.411525548853958867e-01,3.671080102519804766e-01
5.930510449728368938e-01,5.163543488372649426e-01
4.750693474377575276e-01,4.023296893677260622e-01
5.005082301785591659e-01,6.119827550803310645e-01
8.781091945368845186e-01,9.228323180846431661e-03
4.839719829408067886e-01,6.220135308599673563e-01
7.171572448680092471e-01,1.682706813820555869e-01
5.248106243738783760e-01,5.906164074807699338e-01
5.672216840435471141e-01,3.163953066735649688e-01
4.054034856449151292e-01,6.552375213491277162e-01
4.453136759130847944e-01,4.103139295221334137e-01
2.584864245738064392e-01,6.174285413586593219e-01
2.605585463643894650e-01,6.021245516630576722e-01
2.580710718813182813e-01,6.031181431389850411e-01
4.258049297139258060e-01,4.194657405084527557e-01
7.231210905083301776e-01,4.016518458793112423e-01
7.158621900186502574e-01,1.591776523337565807e-01
2.498266126140139542e-01,6.345300978349535104e-01
3.429424445353492779e-01,6.769413015253180621e-01
6.462298932520130768e-01,4.797138003113445848e-01
2.499652238364752366e-01,6.426060310716137369e-01
6.665654691269278231e-01,4.602803501464823865e-01
9.809399222212996650e-01,1.469562356400123670e-01
7.634009265349334106e-01,1.076589218016739125e-01
6.684802949086849910e-01,2.023624040695887194e-01
2.401526385681657105e-01,6.502350887885502972e-01
9.709986489195593373e-01,1.610626866042368377e-01
5.674147446935235983e-01,2.998298933177788728e-01
5.734693928663034956e-01,5.593601044702732894e-01
3.976603650183031524e-01,6.741154149198557155e-01
6.847868557618183027e-01,1.806845050032434008e-01
4.801168038376486535e-01,6.452792128173111541e-01
7.457591308432449662e-01,1.179405275489550098e-01
2.242047305928207557e-01,6.237127879027808408e-01
9.640088175619362376e-01,1.751468900278538854e-01
8.310620444480095736e-01,2.975711237109035512e-02
4.361957470837650730e-01,6.674678225741370596e-01
2.745781984086786975e-01,5.308928882120556025e-01
4.780359348442949630e-01,6.502589313341662347e-01
2.916932893833829032e-01,6.976646959889074573e-01
3.561579005380036689e-01,6.949972931385689501e-01
6.803763149513828434e-01,4.622928744514276378e-01
5.275840828089842782e-01,3.296379708028118749e-01
2.120315789665883077e-01,6.144344117818907325e-01
4.979227186883812273e-01,3.513772570883587631e-01
3.936938076279917764e-01,4.128915803390712513e-01
2.786262116809461453e-01,5.059654513044199442e-01
6.116782706913453938e-01,2.358755351344689055e-01
7.962921924101236115e-01,3.563801751392090544e-01
8.036352310392912424e-01,3.492612817337165110e-01
2.021992732473418819e-01,6.882521181246675779e-01
8.823547529183423110e-01,2.719926665000952370e-01
6.943075664806312997e-01,1.506233827264438219e-01
6.678061199817866278e-01,1.761019126431992987e-01
4.664492084687272833e-01,6.727457953487258058e-01
8.353134186634103564e-01,3.218330150289829827e-01
7.706251744078537191e-01,7.088704760748598677e-02
3.959597028156603971e-01,4.016318201063947546e-01
8.969160506857685178e-01,2.635969741960866308e-01
3.427219908835480444e-01,7.191599770405294745e-01
2.573087990255048529e-01,7.327715116750567192e-01
6.416234958591531257e-01,5.237934934455560354e-01
5.934126183615615613e-01,5.729759158873414249e-01
6.818897973428357240e-01,4.845433489691380879e-01
6.803885909631949280e-01,4.864280906353855016e-01
4.873021060234946633e-01,3.389056759468814795e-01
4.570738587922734686e-01,6.878949198134349796e-01
3.040336029766902426e-01,4.613806135668652164e-01
3.944404220649362358e-01,7.126191687576742817e-01
3.030783376429139198e-01,7.373722773073548842e-01
1.856792182416918680e-01,5.866053538381131860e-01
2.421618115192964993e-01,5.131360398582291982e-01
2.832801371644880772e-01,7.436530514085600840e-01
2.599804025739392843e-01,7.475511082161736542e-01
1.705999524129093725e-01,7.295959852934998935e-01
9.211665032627260885e-01,2.561988715018884699e-01
3.261372105645071739e-01,7.463266068621489113e-01
2.380936527733437114e-01,7.576231273580482650e-01
2.560096912408288405e-01,7.595890028938081517e-01
6.838437882972824289e-01,1.309244106376201700e-01
5.472894707854867313e-01,6.397255078159015396e-01
2.856592628059434480e-01,4.538378729413019563e-01
7.802848630649892314e-01,3.128950193056201368e-02
7.094741184302463255e-01,1.010457780041346121e-01
3.619289668535159432e-01,7.462100211682198836e-01
9.646807106841714941e-01,2.267363099843243690e-01
5.182755259697272576e-01,2.884736929358240332e-01
8.718269775621579898e-01,3.260710118337935004e-01
4.440718028128669559e-01,3.310701403701336032e-01
2.961138891391681405e-01,4.296358328514070513e-01
1.841099658125708860e-01,7.815702120930515528e-01
1.402685058609981494e-01,7.689543509316104641e-01
4.422485173658746715e-01,3.297076065200416073e-01
2.911851290289119154e-01,4.316584613339713439e-01
1.004974108500336083e-01,7.456322835939515059e-01
6.502102313245807785e-01,5.575101580378013510e-01
8.991861118394247621e-01,3.099959669699239306e-01
2.349533840999454837e-01,7.945034750421696712e-01
1.482194736362932863e-01,7.909195257802250634e-01
2.401455953697291257e-01,4.643034980452803717e-01
4.029660225258340223e-01,3.411234639981242101e-01
8.639704274590320754e-02,7.632205795647756252e-01
7.461571987021174968e-01,4.691962166596230777e-01
5.943240568413323821e-01,1.897515223219971015e-01
7.173689856073450777e-02,7.432167849093658241e-01
3.179403300895861095e-01,7.885485965798184615e-01
3.949916574081010490e-01,7.663761514856006762e-01
1.379849407328549438e-01,8.067852687913444898e-01
3.199923236487419720e-01,3.872087952586331649e-01
1.366946910776175583e-01,8.096061853530781560e-01
4.152217496690184806e-01,3.194984240517588781e-01
5.139441307278644899e-01,2.587085924182195296e-01
2.676969086784833918e-01,4.174829544663182235e-01
2.037838019911573095e-01,4.711229823044773557e-01
2.568703275585376700e-01,4.233677361524074145e-01
8.306839307208724321e-01,4.046992875533179657e-01
4.088073254061080908e-01,7.777043453081075031e-01
9.269416599403499379e-01,3.101635551372818878e-01
4.039633352115190590e-02,7.932744363789209219e-01
7.880188926295986773e-01,4.506287159084274574e-01
3.464144311124618403e-01,3.490866295387428098e-01
2.950867556633252065e-02,8.007390818386098674e-01
2.073331181210551488e-01,8.422504004024269353e-01
6.058946170707968371e-02,6.106505635860147718e-01
9.083629062191622694e-03,7.546533435433689929e-01
2.653931370478804785e-01,4.010717185423335884e-01
1.923520607197714005e-01,4.603806045167393446e-01
7.052544178673499919e-01,5.432290109568199687e-01
1.694813759488490446e-01,8.566039793488440246e-01
2.340552484620161966e-02,8.253823826744125514e-01
4.450633776733142755e-01,2.747020219273634822e-01
1.637195909698689889e-01,8.594644437920648805e-01
2.782583291707596551e-02,6.288047991445581131e-01
4.038214242784915475e-01,8.040065690462507852e-01
1.747548496614658164e-01,4.573747878341165585e-01
8.976627516265889284e-02,8.698777962187829171e-01
6.435250888912280587e-03,8.402027923439931989e-01
9.197660185999751992e-01,3.446778471667630850e-01
1.593288111629588277e-01,8.730725953806458550e-01
4.608050101524613362e-01,2.537709878690925791e-01
6.581021071458499350e-01,7.449361797166043075e-02
2.029623029053490013e-01,8.709220228568954614e-01
6.645758501249883210e-01,6.563898974460513625e-02
6.644201260278592702e-01,6.055387972702753752e-01
2.150637684979358477e-01,8.727626550733563748e-01
3.678459366500775873e-01,3.028806113840875058e-01
5.394910670117492035e-01,1.879335888408035782e-01
1.386381325899238570e-01,8.848349627928430161e-01
9.636273201167977476e-02,8.870785815629214088e-01
5.067806912377859074e-01,2.191677757828920381e-01
5.790644447327876199e-01,1.442749763724591183e-01
3.845155788450626000e-01,2.870475287562584965e-01
1.732394954274405485e-01,4.368770191151575277e-01
2.385060542586256993e-01,3.826621519394688420e-01
4.127614076035690527e-01,2.659425520887594985e-01
4.334239204308965032e-02,5.636521256485134135e-01
3.051516009622210479e-01,3.333008039127044464e-01
7.326856830441652590e-01,5.491936907056004236e-01
4.420246355057074750e-01,2.485358944884995536e-01
8.689522660915970365e-01,4.132457528833194393e-01
1.685132598809047089e-02,8.943359709870606356e-01
8.434358911543282655e-02,5.076191338540073650e-01
2.358221385992635977e-01,3.719670524268494649e-01
1.067949511658974338e-01,9.134560941225360331e-01
2.300125369403551723e-01,3.750339663685868796e-01
1.371129175830976266e-02,9.095946469222974118e-01
9.972785142061268981e-02,4.836482540922518725e-01
3.844921239498905186e-01,2.665448048294148942e-01
3.035739068329836865e-01,8.786287970150961080e-01
8.278501980602644972e-01,4.703955353072422074e-01
1.573974423705402081e-01,9.176870232537343020e-01
1.237878631192053103e-01,4.538084694563230270e-01
4.292664069234638502e-01,8.349391555888917571e-01
4.718911035579648194e-01,8.160568785201548492e-01
1.670940287282227654e-01,4.130016960851726759e-01
3.185981668590928129e-01,8.802803399820057217e-01
4.673301930703923635e-01,2.120447012911917950e-01
1.725762246588148363e-01,9.215991527217194390e-01
1.766188680692657442e-01,9.211332079313766519e-01
9.232368868377662796e-01,3.827016834205656526e-01
8.253990366284413849e-02,4.822212008790365267e-01
9.031554183693035753e-02,9.358396760044134233e-01
9.968712906676124863e-02,9.368113963449143933e-01
7.506339957515595351e-02,4.851041377483135131e-01
9.133425923914630928e-01,4.002283054422206554e-01
1.913153872189935489e-01,9.273191043079536122e-01
5.775887905041123815e-01,1.087384609702534144e-01
1.771882245998266381e-01,9.319576166106124937e-01
1.090398817828878153e-01,4.478017312838444841e-01
6.196887309072606209e-01,6.969130398255020120e-01
1.398308834191352990e-02,9.465321411089968606e-01
4.065751241032699026e-01,8.622949886642470307e-01
9.188361256812671574e-02,4.588315997554921477e-01
9.011646977634922839e-01,4.229148820744383919e-01
5.467467787154058900e-01,1.290325486833715507e-01
3.262611392969748669e-01,2.744719108823967524e-01
4.021067419363130169e-01,2.238527696470452577e-01
7.972430996327817265e-02,9.656483592584729214e-01
6.092239703176408616e-01,7.225120880149062952e-01
6.085715248700962476e-02,4.684609928045392335e-01
1.624701632384067951e-01,3.806064930534606150e-01
1.213684145360001132e-01,4.129001642157734686e-01
2.200987693535112477e-01,9.449776829819226398e-01
7.487740470669046466e-02,9.744326654951499522e-01
1.470759679897662986e-01,3.882121285967323754e-01
2.512530620192251485e-01,9.395292560786908664e-01
5.407877659338322651e-02,9.785189780766260226e-01
2.251518486871622038e-01,3.267858562398433531e-01
9.505311724663410011e-01,3.892460540387440160e-01
9.079751055543254790e-01,4.335864700230322999e-01
6.001880711392829637e-01,5.704536569302920412e-02
4.230858817017788542e-01,8.792283419532173072e-01
6.052849526534885838e-01,7.398452916685270830e-01
3.281982029768973907e-01,2.494207103620607047e-01
4.777482742895672319e-01,1.630426961042065193e-01
1.027050849730304360e-01,4.124509981808661685e-01
5.208180154640317250e-01,8.292713911555429362e-01
7.105326985813552598e-01,6.419628796382267355e-01
3.222894558269854270e-01,2.465024876564567702e-01
1.792892346680343696e-01,3.431594199387637545e-01
5.746396364552383007e-01,7.827651248157367903e-01
5.767267990593671900e-01,6.440359202816436923e-02
5.554758258067415966e-01,8.551615358225939101e-02
9.473732912104511072e-01,4.118628457650727048e-01
2.532487872145374741e-01,9.610286418510012307e-01
3.647631351185955939e-01,2.118460881251057470e-01
4.497062021791989883e-01,1.635184309265895752e-01
3.039969817196180868e-01,2.466075213758613938e-01
9.861817437193783897e-01,3.793400710104326556e-01
4.543995132174659668e-01,1.567378740221374578e-01
4.120532233071231287e-01,1.795894817404799504e-01
3.008687701311124618e-01,2.449877371696131956e-01
2.118794743136366288e-01,9.842787413083765591e-01
9.409938411855102158e-01,4.294412663219038251e-01
5.615909139470971478e-01,6.537052615338245776e-02
2.996920463888933517e-01,9.624644053822375422e-01
1.594830958796401577e-01,3.320152304504896401e-01
2.810157739461915938e-02,4.393824444785580097e-01
9.605376993686862708e-01,4.190248671583823858e-01
8.496095162520824751e-01,5.299954719859243379e-01
2.816235002588046710e-01,9.732540946580410246e-01
1.833870825361837431e-01,3.114010481601213742e-01
6.737049081322467048e-01,7.078141567217820507e-01
7.172821077161561920e-01,6.647314458220175970e-01
2.618392286806695557e-01,9.837625417851956211e-01
2.441725770461752321e-01,2.659620098770228980e-01
7.790809357073383845e-01,6.048714004692526958e-01
2.672287464935215739e-01,9.822856996782980410e-01
3.700492913145281282e-02,4.221409350281459805e-01
3.258251715852166219e-01,9.636633502269227325e-01
8.224606349282160833e-01,5.646860313941807208e-01
7.583447120869687419e-01,6.310407528683267264e-01
3.836030682954292281e-01,1.719162234112016074e-01
8.847088653697972038e-01,5.062218314096874616e-01
3.193013208235750966e-01,9.710152690387796603e-01
5.805017579899798275e-01,2.784704652705816130e-02
7.314332010519907223e-01,6.607706743501214897e-01
5.724538922129990270e-01,8.200361607256340113e-01
6.581719272307942070e-01,7.350765575251002604e-01
3.342351531356088090e-01,1.966699138819827386e-01
8.058936302977325328e-01,5.900898876722088238e-01
4.327219691403936253e-01,9.293742782067974106e-01
3.298311956504382803e-01,1.958900447743867623e-01
5.691880091320771218e-01,3.164697718643305624e-02
1.182159650770759907e-01,3.343950457480031613e-01
8.760426526857588714e-01,5.283543385157895012e-01
6.810149105596371433e-01,7.233906297152009612e-01
8.826541210703697793e-02,3.562191605418488782e-01
9.600074012937105383e-01,4.474070294366313538e-01
5.203682273611305309e-01,7.140288874408595721e-02
4.193368509294026492e-01,1.312886676382495343e-01
4.372516642474948423e-01,1.212504836770039729e-01
5.466268058470173941e-01,4.074686899644863747e-02
2.833411558744589609e-01,2.100446869804565297e-01
2.533696530118764167e-01,2.282791231579210933e-01
6.411606535199494417e-01,7.738423953004143208e-01
3.938837860470612018e-01,9.650475931323073686e-01
1.716772680487903546e-01,2.824157140471960092e-01
7.292841643970907617e-01,6.864040158503610378e-01
9.367814883714875585e-01,4.809635759593898774e-01
1.258613762586862084e-01,3.130447491395663695e-01
2.906346705435933764e-01,1.997852704480305164e-01
5.844881496923879372e-01,8.339414114505525610e-01
4.713891905609870481e-01,9.350254565002895646e-01
7.898215283520815255e-02,3.452601383615991892e-01
1.469621074165202712e-01,2.923848657248957483e-01
1.726024028811230515e-01,2.731661067841407720e-01
2.581991198036910351e-01,2.142542088904704212e-01
5.191411592109380635e-01,9.060343599831854888e-01
3.711153292527814562e-01,9.858207725059598969e-01
5.500743873046427534e-01,2.159805350064225582e-02
1.753222215516671012e-01,2.644044910719035579e-01
1.297520590097089865e-01,2.971373780321497904e-01
5.827257860895687092e-01,8.486252280121419078e-01
8.888805542140476579e-02,3.227440448308014354e-01
8.125414001009559906e-01,6.225044488062155823e-01
1.515582315883012843e-02,3.806269245450237815e-01
3.416316875040126266e-02,3.640573864405453053e-01
2.951343003000316267e-01,1.742158800591038226e-01
1.590620708352165069e-01,2.637323316653884531e-01
6.784003323378837713e-01,7.643484009549126323e-01
3.922659582059380146e-01,9.941110113275483107e-01
3.358254660393519275e-01,1.459313032928488685e-01
7.830389927694791918e-02,3.181749849145110165e-01
4.788732732852398755e-01,6.040867976742725354e-02
7.182819486534752773e-01,7.330167686478031852e-01
9.701499337770225218e-01,4.846999048261965148e-01
5.075861961856752425e-01,3.547671548745701120e-02
7.072578835182141699e-02,3.097221312991881303e-01
5.228028125505197465e-01,9.362269856142197977e-01
2.829629415637328060e-01,1.622245132957952363e-01
7.078242035852884140e-01,7.522639000843591717e-01
3.644013758385297175e-01,1.120359050754137220e-01
4.619611135747715425e-01,5.511179153779122153e-02
3.439850000123749751e-01,1.196136324456045230e-01
8.759597073923194310e-01,5.896597789727812122e-01
6.510475372303823338e-01,8.188734837354981755e-01
7.549922627793215213e-02,2.901736308831648348e-01
2.645969004381925060e-01,1.599741281224023037e-01
9.467687636049293420e-01,5.299145310872384051e-01
4.837201178804643176e-01,2.869835731845349347e-02
8.832036666646293499e-01,6.009569182437822787e-01
2.931378327629140523e-01,1.288309536656958576e-01
1.009111431653527680e-01,2.553771365028624230e-01
6.640299023541540446e-02,2.776158798577674780e-01
3.980735999282435378e-01,6.374038339670384801e-02
5.503456963004224045e-01,9.397729010605796462e-01
1.954612295179203318e-01,1.850619340178029093e-01
1.394340308762024305e-01,2.199943043223137051e-01
7.444682887318451181e-01,7.517773714800368712e-01
9.613138400129366268e-01,5.369271170002070104e-01
7.222371891441895508e-01,7.762102212952610714e-01
6.382533782534157707e-01,8.636709476338226832e-01
5.629864791686105541e-01,9.424837579762997963e-01
1.531029896184551431e-01,1.957637170632644530e-01
9.624762694287813947e-02,2.341835217050451945e-01
3.399503267718566590e-01,7.389641447270045571e-02
8.444661106284956364e-01,6.735318427385615925e-01
7.490901683687246626e-01,7.696900083567810302e-01
1.661864013470192303e-01,1.752179074294450967e-01
3.603544716041819918e-01,5.525133181698593798e-02
8.837928688046243764e-01,6.355362059304602296e-01
7.783664641539553841e-01,7.424229621433451332e-01
1.402745138159668947e-01,1.906785405173672121e-01
6.180185104231824544e-01,9.057860494060062662e-01
8.048005623290119814e-01,7.207395549600492668e-01
8.528728460572503334e-01,6.749632495514970021e-01
8.907620512715561656e-01,6.386304077887817732e-01
8.524817540302096486e-01,6.807318364191472515e-01
7.810847020959243991e-03,2.708068544134539790e-01
2.575368630689733873e-01,9.951147723701314618e-02
8.276812576424389389e-01,7.081386737085987315e-01
1.823506979044796639e-01,1.440097541041286400e-01
6.377067695315448148e-01,9.039627885548893182e-01
7.593082648491721320e-01,7.880948212493654736e-01
1.082557113759856637e-01,1.833831744810461295e-01
2.296774263895251522e-02,2.430268560777373299e-01
9.605533435544184595e-01,5.897660341831054698e-01
9.972055715153224087e-01,5.559706638697509140e-01
2.565539204924126571e-01,7.925186290336860839e-02
5.662376599521204978e-01,9.907265724680152097e-01
8.357678930550048735e-01,7.237268808644660156e-01
8.257275937713765002e-01,7.350554136779929859e-01
2.451964750879853661e-01,8.038977253622414665e-02
9.748400730789018587e-01,5.890386488500642947e-01
1.298795422173376624e-01,1.500606283806170671e-01
6.416046397183150507e-02,1.892886984928993099e-01
6.395736326799749127e-01,9.335487640913193719e-01
7.004407703105762772e-01,8.781210007026254427e-01
9.777643925760514110e-01,6.025155539333856280e-01
7.076631413203723353e-01,8.726449022143336620e-01
5.928584047725428130e-01,9.892998881204690953e-01
3.198245532161426707e-01,1.459980492922163808e-02
2.978378117947322323e-02,1.986954619245741016e-01
9.413046077666447076e-01,6.460645526469189770e-01
6.665869469858092256e-01,9.211158049529711844e-01
6.666372559434416978e-01,9.251765687803560345e-01
2.790311116536825509e-01,2.647085997352083275e-02
2.431776499334492581e-02,1.880636072744598097e-01
6.073115328053010353e-01,9.930905205387760004e-01
8.890943734354209704e-01,7.131417848495772427e-01
2.684804000114408007e-01,2.438873411930153612e-02
9.499744182656089109e-02,1.342011906780172792e-01
9.160612799937865036e-01,6.912493088248452544e-01
8.897621162159286001e-02,1.336341135726882845e-01
6.125651835744870821e-01,9.982658751625239635e-01
6.177929954987468886e-01,9.942695766633550258e-01
7.443354549875337289e-01,8.692016834052467278e-01
6.709902221821777424e-01,9.441712735478579033e-01
4.912472778270560170e-03,1.812006767403332441e-01
8.955954640410080936e-01,7.244776558160358482e-01
7.591606395314268729e-01,8.626474856675623304e-01
6.925101022475643742e-02,1.149018604733629267e-01
4.865976375812430810e-03,1.560167216537712287e-01
9.916841871012023191e-01,6.524980303571364937e-01
7.896561521603543410e-01,8.556439773408655025e-01
8.143464910108749732e-01,8.357796352280674190e-01
9.470910014082400963e-01,7.054138982666247060e-01
1.282390792770229382e-01,5.881119301760195928e-02
7.532761820908671080e-01,9.033575617438687200e-01
7.584511032244090067e-01,9.015504527815364488e-01
8.030825919137274393e-01,8.584129830815802054e-01
9.773140879262577352e-01,6.886351262519846417e-01
7.567648071750487926e-02,7.829180564470927806e-02
7.451831020619249513e-01,9.256363404169538622e-01
6.767595978173832627e-01,9.948858186277537152e-01
8.811026009826371519e-01,8.055450587059119760e-01
9.709239488900355264e-01,7.224773731286514566e-01
7.297941732217528843e-01,9.662649057371088812e-01
9.483383408000726211e-01,7.492864959364836652e-01
9.746882404398704569e-02,3.150083205264220254e-02
7.108627180669649936e-01,9.911134543615324199e-01
4.739128303494044570e-02,5.844239697511421916e-02
7.308108913933781814e-01,9.749196762358788293e-01
8.032135121464690775e-01,9.057360145085431302e-01
7.599748496610566617e-01,9.499930119963715391e-01
8.197373085339580978e-01,8.935190884434202063e-01
1.135895425934073666e-01,1.732776967764748655e-03
9.525046548427557047e-01,8.094305220053549244e-01
8.307376224153302235e-01,9.374644392361073386e-01
8.853209022995556232e-01,8.969603081466082095e-01
9.311258851927879387e-01,8.610043200987368417e-01
9.928489787524400478e-01,8.445684017366025254e-01
8.949152699130116240e-01,9.484095503522109727e-01
8.743473990646360994e-01,9.826512995053185984e-01
9.772142910168177821e-01,9.230567714964568182e-01
9.646292742677453624e-01,9.515655944953141931e-01
9.932991232390362413e-01,9.980108222087761272e-01
