4.323778140765212052e-01,9.016925263449153682e-01
5.353594828341081691e-01,8.446242675137378697e-01
5.323265649317332482e-01,8.465390240724511850e-01
4.747867236651160394e-01,8.801009860848572064e-01
7.584799475518024803e-01,6.516965940714155581e-01
5.512093521936540785e-01,8.343667951694523355e-01
4.275265625307699269e-01,9.040026072392091105e-01
4.551140581190276091e-01,8.904333429023200130e-01
7.615500029451771624e-01,6.481065055954771115e-01
5.047547561768419566e-01,8.632625449898587711e-01
4.268843590949831235e-01,9.043064591621899906e-01
4.718026534667929539e-01,8.817044688892118343e-01
5.336941838515056880e-01,8.456771883155917990e-01
4.417587548417208909e-01,8.971342135128372863e-01
7.601080072745368676e-01,6.497973696749187456e-01
4.284527543449750953e-01,9.035638167032197243e-01
5.348163310995297515e-01,8.449678743965580718e-01
5.173492458768936819e-01,8.557738551078528655e-01
4.337109704205124872e-01,9.010525045573398728e-01
4.245810689756411294e-01,9.053893674313034934e-01
4.264364076932664060e-01,9.045181311164613991e-01
5.277954865765179804e-01,8.493722189730026351e-01
4.284880780236879905e-01,9.035480400774063003e-01
5.495649406473166465e-01,8.354502127565348601e-01
5.200389402510362524e-01,8.541418003931382508e-01
4.260526305544717340e-01,9.046990085286268357e-01
4.368170672142334676e-01,8.995497052366268065e-01
5.375574668776872400e-01,8.432280038087363039e-01
4.366757556173709864e-01,8.996197472053288902e-01
5.353088726240586848e-01,8.446573658842686516e-01
5.508410153418310529e-01,8.346091623868696630e-01
2.807258165278267992e-01,9.597885401414585349e-01
4.335716815489896736e-01,9.011199212752336596e-01
7.600282400051192599e-01,6.498915250301060542e-01
6.363597462314295461e-01,7.713910466909416064e-01
7.607870554441631405e-01,6.489998063885245028e-01
5.280960990198555471e-01,8.491833556017189810e-01
5.322422307775400707e-01,8.465933901493841729e-01
4.565808910589554959e-01,8.896807978454129850e-01
7.392441038642298956e-01,6.734357553927716733e-01
7.584501965612888696e-01,6.517290711798180425e-01
5.343590218638110123e-01,8.452562352232690923e-01
5.374793369814545585e-01,8.432783148432014819e-01
3.777526345754465553e-01,9.259055534257786269e-01
4.296069375851242489e-01,9.030171391472638920e-01
4.272003918688659918e-01,9.041558243275672480e-01
5.359091968267895023e-01,8.442770655650427836e-01
4.666120016238061718e-01,8.844633758555092706e-01
4.908053869013784265e-01,8.712679059845189755e-01
7.590985333426523152e-01,6.509735605360574828e-01
5.369519738651820084e-01,8.436112525145375018e-01
5.257094866254610199e-01,8.506657597283694416e-01
7.741687038739593074e-01,6.329768055034956653e-01
7.583536800614898432e-01,6.518408033602089979e-01
5.363673327994906703e-01,8.439864621426325098e-01
5.170717963553596030e-01,8.559438406306993929e-01
4.316044704366406304e-01,9.020644777222782684e-01
5.312954797507187799e-01,8.471847118871437265e-01
5.366691017098614847e-01,8.437908779087801570e-01
4.287827225623874194e-01,9.034092066241062868e-01
5.377060817204335486e-01,8.431343586404478341e-01
4.099753826940151225e-01,9.120982243106474652e-01
5.584220591849835547e-01,8.295592336890782459e-01
5.168319400948272468e-01,8.560889766086773323e-01
7.584996599088589253e-01,6.516702529547863110e-01
5.305947832688289179e-01,8.476233843575302629e-01
7.587667047123785036e-01,6.513592844034720164e-01
4.793217995024449118e-01,8.776372012103834663e-01
7.297653603896713248e-01,6.837007717758973868e-01
5.046014540873499099e-01,8.633545673436148205e-01
5.317638485088485023e-01,8.468949641787124616e-01
5.337900459205917603e-01,8.456147331264018963e-01
4.262421295340600436e-01,9.046109908878833261e-01
5.346549134927348623e-01,8.450679931591322802e-01
4.364097533262895623e-01,8.997500878524747892e-01
5.341614343456305702e-01,8.453799519066390600e-01
5.158992574113447915e-01,8.566518023177314145e-01
7.646607892165093734e-01,6.444290757353871024e-01
5.355683000922404347e-01,8.444890821280881532e-01
5.360993461748223554e-01,8.441520476362993630e-01
7.577680621725200183e-01,6.525199493538998974e-01
5.744160187035463050e-01,8.185604302968683132e-01
5.370216885859595557e-01,8.435655443360997596e-01
4.323822923696826193e-01,9.016880377518849965e-01
5.333996021597955384e-01,8.458604621328053019e-01
7.748672280774249188e-01,6.321196741823621457e-01
4.261956616952587984e-01,9.046285888285878762e-01
5.371445260636975583e-01,8.434933193035382137e-01
6.125611804886978984e-01,7.904267644396523185e-01
5.376563082823988537e-01,8.431672941370346175e-01
5.729784478697040884e-01,8.195738553688745043e-01
5.355693937095018509e-01,8.444879690768052338e-01
5.711713503754853871e-01,8.208343418928137902e-01
7.682398365246044802e-01,6.401669708725711283e-01
5.594127935593435907e-01,8.288856434444664689e-01
4.251445231207670594e-01,9.051227505460077705e-01
5.422846302865125256e-01,8.401913581028246369e-01
7.593442995570465204e-01,6.506940210242645461e-01
4.302302344273956081e-01,9.027163621792003712e-01
4.340012110657404110e-01,9.009152267292188654e-01
5.360631583607207151e-01,8.441815410291695354e-01
5.371159308171147284e-01,8.435047046393768788e-01
7.432002335949010607e-01,6.690743812244825950e-01
4.999694540132443299e-01,8.660394027568397712e-01
4.311441731071524730e-01,9.022862629021467518e-01
5.140605821416450727e-01,8.577577509613769635e-01
5.360809467061045108e-01,8.441706398131596512e-01
4.295696432656724850e-01,9.030370541661070227e-01
4.546013643422767148e-01,8.906914837656214612e-01
5.365680186369206073e-01,8.438527854321691279e-01
7.670109412528318682e-01,6.416278532101581389e-01
6.891396312126579771e-01,7.246229697545008008e-01
5.298003370112440713e-01,8.481267449620583099e-01
7.499983678950080668e-01,6.614333976112064528e-01
5.472697054769728453e-01,8.369609858757612875e-01
4.251715482481362995e-01,9.051164882169371317e-01
4.296748308022017016e-01,9.029799334541463995e-01
4.816037622188935607e-01,8.763848509098552952e-01
4.101873288664498185e-01,9.120049153217001381e-01
4.404908965988560410e-01,8.977531196779037215e-01
5.647684580766074713e-01,8.252442290619802501e-01
5.216407531044718882e-01,8.531604057177654132e-01
4.448726033954567560e-01,8.955980340176097343e-01
5.372396147633877739e-01,8.434246208367665032e-01
7.579754516491149507e-01,6.522901962976407342e-01
4.285408309605837629e-01,9.035183723275083123e-01
5.369495900518511666e-01,8.436092497485898623e-01
4.784346593158229632e-01,8.781277469566238780e-01
7.614016796967191247e-01,6.482729734635009899e-01
4.265530516543303841e-01,9.044583682461808660e-01
5.011172810851693971e-01,8.653843859418175466e-01
5.356590668420264656e-01,8.444289714653467893e-01
5.291499617738765204e-01,8.485229978199831935e-01
7.666143851494946482e-01,6.421154985657689940e-01
5.602329848608524898e-01,8.283294033073149709e-01
4.970513337815299915e-01,8.677160874455167594e-01
4.302232541857041181e-01,9.027268979857304698e-01
5.337627956514248151e-01,8.456287586265860412e-01
5.192583112524374878e-01,8.546226891455767083e-01
5.313867636483129431e-01,8.471348041291659747e-01
5.356878666902427089e-01,8.444216075293325963e-01
5.133400981048454881e-01,8.581798658362831400e-01
7.585606813006927629e-01,6.515943665443824084e-01
4.273692504247890156e-01,9.040817040814999039e-01
5.262449046402120079e-01,8.503386927408771445e-01
4.282308569930806663e-01,9.036647597836969803e-01
4.577875665634414393e-01,8.890566290088264267e-01
4.681719194543855211e-01,8.836322368502818048e-01
5.346036620147305296e-01,8.451089456132028221e-01
4.348840313477684849e-01,9.004815135913966095e-01
5.312512175109266321e-01,8.472203991275134571e-01
6.140229371966096084e-01,7.892811509691285421e-01
7.871264958843660065e-01,6.168006130880708815e-01
7.596545731271182600e-01,6.503355185465056199e-01
6.677205909920167493e-01,7.444042231440149981e-01
4.289119107944008302e-01,9.033412156014590799e-01
7.965475318511401337e-01,6.045663585122015293e-01
5.378901281055081807e-01,8.430084921994029923e-01
7.593163163296703377e-01,6.507309083609401634e-01
5.280635100501410717e-01,8.492113053592305061e-01
5.372560206126617555e-01,8.434126627896491035e-01
5.367864366573822377e-01,8.437115345708494640e-01
5.325940883148265748e-01,8.463641255505879313e-01
5.397054705800726770e-01,8.418607274741075619e-01
5.353683161703262083e-01,8.446254995409390176e-01
4.303897361342258199e-01,9.026486211213985422e-01
7.590250311520316817e-01,6.510517983516936891e-01
5.463382750210479255e-01,8.375715989342601420e-01
5.657374023525691964e-01,8.245782213900614277e-01
5.432488049271290143e-01,8.395647727319339726e-01
4.500824693539503540e-01,8.929927970030606676e-01
5.386929618454707747e-01,8.424952117559325604e-01
5.164337295817557072e-01,8.563338230861083922e-01
4.345363868623518533e-01,9.006486516230006734e-01
5.340656332417508256e-01,8.454499749805015618e-01
4.814143718927250681e-01,8.764868461385741938e-01
6.745520781140078581e-01,7.382361143971022388e-01
4.370090382024020004e-01,8.994628508687224633e-01
5.237742478335565277e-01,8.518502107091633357e-01
4.307005036689730559e-01,9.025007374631525137e-01
5.348868375073408954e-01,8.449310658763197202e-01
5.408817712746476492e-01,8.410911318214727705e-01
5.293286435659741995e-01,8.484095210158579814e-01
7.673808875555586662e-01,6.412024411231559418e-01
5.191601711217904702e-01,8.546843816018552253e-01
7.591352671415267928e-01,6.509437904837289679e-01
4.904645941720970903e-01,8.714540765198151018e-01
5.363659972307628365e-01,8.439932644928256344e-01
5.304756011479577760e-01,8.477078930194188455e-01
4.623964886838755062e-01,8.866800185383719723e-01
4.300878929965865627e-01,9.027806864093280703e-01
7.718413112769303419e-01,6.358037891836954003e-01
5.307963431015831901e-01,8.475072689196202491e-01
4.364529476221208348e-01,8.997336537154512204e-01
4.377047546076598961e-01,8.991121622991073981e-01
4.463548105196630256e-01,8.948628640490321473e-01
5.065517239766446078e-01,8.622173035691284015e-01
4.274015905557377315e-01,9.040553010250391708e-01
5.330082224684410397e-01,8.461182830435586277e-01
4.626631508556641181e-01,8.865270027681124709e-01
7.836854546681284450e-01,6.211457310018071443e-01
5.346038472927527874e-01,8.450944950496992458e-01
5.158468342864708234e-01,8.566889147636466140e-01
6.646249532955318395e-01,7.471666758756055904e-01
7.562872517882319734e-01,6.542516505167281782e-01
5.376998500131449088e-01,8.431448258777506366e-01
5.380504446866023471e-01,8.429212053917027880e-01
5.299473214817923550e-01,8.480390715349680475e-01
5.360276442026796762e-01,8.442090417498909760e-01
7.589875316799236105e-01,6.510929064318574655e-01
4.943606860350872045e-01,8.692649112283477031e-01
4.148120313406085669e-01,9.099138983643803025e-01
4.402864372953997352e-01,8.978645715587748599e-01
4.303031301843960321e-01,9.026771350338470556e-01
4.281219003021176639e-01,9.037282972390443536e-01
6.513165776560515541e-01,7.587949777352646086e-01
4.257946706256326985e-01,9.048271314017967137e-01
7.573926419267285048e-01,6.529465681408469502e-01
5.219458250467167160e-01,8.529694908476408433e-01
5.357713290971221065e-01,8.443725568237341328e-01
5.342984991171286779e-01,8.452864175469850805e-01
7.588375185425866309e-01,6.512665217646118609e-01
5.323400645755913541e-01,8.465400864644828660e-01
5.485009869746682032e-01,8.361596958927660639e-01
3.770594364869471193e-01,9.261822611671534089e-01
7.579807986644062634e-01,6.522631748740082003e-01
6.544525982675917231e-01,7.561148788875764470e-01
4.390585669917901335e-01,8.984504823249176431e-01
5.303287135713943279e-01,8.477824684913857212e-01
5.202077081763649691e-01,8.540302963894601529e-01
5.464942254932130261e-01,8.374728309894110545e-01
4.315324066739554820e-01,9.021053149072205679e-01
7.541463689000513781e-01,6.567201491448126927e-01
7.554071271687002875e-01,6.552697211684279655e-01
7.670370194339952707e-01,6.415886278560060108e-01
4.377238159229240866e-01,8.991013518501477231e-01
4.628007971929926634e-01,8.864535468619968439e-01
4.253623013938448993e-01,9.050150893853874390e-01
5.011259000694973098e-01,8.653648691840687412e-01
4.279044924095527502e-01,9.038158192561415172e-01
7.577460144391697794e-01,6.525350605232117518e-01
4.254750095926045361e-01,9.049619473231621525e-01
4.413203505224855827e-01,8.973410752902359899e-01
7.614985718890863176e-01,6.481517673116150569e-01
7.630101359204426448e-01,6.464016727149670682e-01
4.343392526854523705e-01,9.007579888476886509e-01
4.240501554180027277e-01,9.056471473537877070e-01
4.259492193036317209e-01,9.047555666316955403e-01
5.897411110480489382e-01,8.076041393820091452e-01
5.476268251036823242e-01,8.367336545132040282e-01
3.749986415813125751e-01,9.270178457532511906e-01
4.419154878805516273e-01,8.970655788808915565e-01
5.389563058780801885e-01,8.423227617400284029e-01
5.372167882627491009e-01,8.434331780313758520e-01
3.185030587136710722e-01,9.479283739757540239e-01
7.606040141127530241e-01,6.492003823779282090e-01
4.344083015996182406e-01,9.007070778534251865e-01
5.127021112846845696e-01,8.585559350139047030e-01
5.344834797510689128e-01,8.451678403873947865e-01
5.250290199683570469e-01,8.510952197936979546e-01
5.194119729877625380e-01,8.545347827524646389e-01
5.351945401327868890e-01,8.447176822993146539e-01
7.587595161159030877e-01,6.513868543152923074e-01
4.361134556650057004e-01,8.998824961484016560e-01
4.260104011703957361e-01,9.047091420475199541e-01
4.915290667346529641e-01,8.708506057820557533e-01
5.358876578515769928e-01,8.443009313247256120e-01
5.359416087578267041e-01,8.442666924281949647e-01
5.530137666857419809e-01,8.331841327703635169e-01
7.641082592526317052e-01,6.451047189829042239e-01
4.387693255442536300e-01,8.985901435354470834e-01
4.611799909112060947e-01,8.873167023272144904e-01
5.368897039867646104e-01,8.436406712278532449e-01
5.369780061464920484e-01,8.435844435743646841e-01
5.546629175928665667e-01,8.320873351978539390e-01
7.681152712706715846e-01,6.403285214837589612e-01
5.278395046874312380e-01,8.493557747807989333e-01
7.459678495584265434e-01,6.659654660050003949e-01
7.487091777568664064e-01,6.628820297069213385e-01
7.608502196420298125e-01,6.489106593253052280e-01
5.372966215984822380e-01,8.433813086583044072e-01
5.400412463665866802e-01,8.416506603217246418e-01
5.319545455567196157e-01,8.467609718655577655e-01
4.471424546148848878e-01,8.944526848609419822e-01
4.273160411859959762e-01,9.041120182948843009e-01
5.469700796648648833e-01,8.371645908674376635e-01
5.183524284846476871e-01,8.551790523601581206e-01
5.346077147401832041e-01,8.451126841072414964e-01
5.362200760750688300e-01,8.440658214700215156e-01
5.358079886389646163e-01,8.443522811188367561e-01
5.351340481871507126e-01,8.447547416495134742e-01
4.272250396102588166e-01,9.041552538192924038e-01
7.589336245697668737e-01,6.511502253028014220e-01
5.364687324359044274e-01,8.439075653716006098e-01
5.328126230680650943e-01,8.462457971021761782e-01
5.324071444945881471e-01,8.465009719568965529e-01
5.304708356016358817e-01,8.476906480469879046e-01
7.585056821702552687e-01,6.516845510033495437e-01
5.225233135524481876e-01,8.526375126386052106e-01
4.144430285584875806e-01,9.100653114001105992e-01
4.272735875222922752e-01,9.041121251341579512e-01
4.459203055760250223e-01,8.950834153672414528e-01
5.323773119179381341e-01,8.465200329906684695e-01
4.278281805194404375e-01,9.038704320916502999e-01
5.337336400347625354e-01,8.456655856306940500e-01
7.613600392600696765e-01,6.483477924145742977e-01
5.332199085495866742e-01,8.459896650851118638e-01
5.495908909377023033e-01,8.354205360410700276e-01
3.147562613905962037e-01,9.491648480566183821e-01
5.358446006902020109e-01,8.443034590943626627e-01
4.293891312231349899e-01,9.031301794204872335e-01
5.451216211115761379e-01,8.383704487569028085e-01
5.360244232434274725e-01,8.442157784955499622e-01
4.339243055288312667e-01,9.009601032426447498e-01
4.707226124550828450e-01,8.822695675013048078e-01
5.354450051470315275e-01,8.445834171385506739e-01
4.270851912146620410e-01,9.042007299030810907e-01
4.439545723664978238e-01,8.960381882135556308e-01
4.381821669344032610e-01,8.988971767324980267e-01
5.347580233200059929e-01,8.450187015687569136e-01
7.652143399237092414e-01,6.437949660889720205e-01
4.220987591935421168e-01,9.065391523960044662e-01
5.416406177921129217e-01,8.406238956663795170e-01
4.885339376627266805e-01,8.725572839388162638e-01
4.300578154266183062e-01,9.028122710367098014e-01
4.943254165638815145e-01,8.692895048331958918e-01
7.146334948348170846e-01,6.995173064547921538e-01
5.992856364518297507e-01,8.005507002596090604e-01
5.447824898519424419e-01,8.385633514009933620e-01
5.347427510231883563e-01,8.450287574878339036e-01
5.027803722875245906e-01,8.644272216941486509e-01
4.288036352093000936e-01,9.034088344093765821e-01
4.329019402838086839e-01,9.014522826098809727e-01
5.348782726239675878e-01,8.449430536506513656e-01
5.217866553392386253e-01,8.530624230227982219e-01
4.272757402420589989e-01,9.041101782844578327e-01
7.608174253536272857e-01,6.489459618073784020e-01
4.132324041510496704e-01,9.106364982028553046e-01
4.269183762185703168e-01,9.043014440009699006e-01
4.265384118288249038e-01,9.044581474732448223e-01
5.592293623230131239e-01,8.289980763022423149e-01
5.013211958933585510e-01,8.652746383608640457e-01
7.595595265840490162e-01,6.504174673898386327e-01
7.672083022218234571e-01,6.413774765889017626e-01
5.184439339662326729e-01,8.550976287455476221e-01
4.268700497978493158e-01,9.043245046473832316e-01
7.590951380893922185e-01,6.510002111829449323e-01
5.337469306984887751e-01,8.456587162595642360e-01
5.370888835455975840e-01,8.435110340889194758e-01
6.186225577315390689e-01,7.856714037496824732e-01
4.385446997583066775e-01,8.987214829841778663e-01
5.390068356942447902e-01,8.422864357461122831e-01
7.682820729412735972e-01,6.401327557662249701e-01
5.050639251245645500e-01,8.630679171814846784e-01
5.377985262582389847e-01,8.430584624889183587e-01
5.401965811579430010e-01,8.415238466784121796e-01
5.238844203642581965e-01,8.518039315921386301e-01
4.610227185371745251e-01,8.873755083361216656e-01
7.579173220036701242e-01,6.523717059827177644e-01
4.953987427238268904e-01,8.686795039408221619e-01
4.652959290393144931e-01,8.851421912753892896e-01
4.293062532642145102e-01,9.031469896507958728e-01
5.357525494737165328e-01,8.443600591868067884e-01
4.902399396505724982e-01,8.715738016357562623e-01
4.280225650260571779e-01,9.037560697956668054e-01
4.438813732285943336e-01,8.960980284755273306e-01
7.604232650637239299e-01,6.494491985364678754e-01
4.806716342672071041e-01,8.769142462907826285e-01
4.312804621453016907e-01,9.022057052711806024e-01
4.269592401604080378e-01,9.042829890251397051e-01
4.530268999431366073e-01,8.915097074825182322e-01
5.353103806104677620e-01,8.446401753825784064e-01
5.344963909628991372e-01,8.451554755119450313e-01
4.416958232181421029e-01,8.971775543524159735e-01
5.362711792239747144e-01,8.440302479087111731e-01
5.377384888437354293e-01,8.430961248641628547e-01
5.407370185906508198e-01,8.411760161766111965e-01
4.854337045542870266e-01,8.742593820254100923e-01
4.257622556120861934e-01,9.048474509638663177e-01
5.287376383886686071e-01,8.488007511617272627e-01
5.539478616751610796e-01,8.325675636191762763e-01
7.107437965483279774e-01,7.034718122123978512e-01
4.243390453314589972e-01,9.055159614029490989e-01
5.990328367936349485e-01,8.007066067277879284e-01
5.431011124161417847e-01,8.396510881361445300e-01
5.351483098678972983e-01,8.447741260572300126e-01
7.499780166706486728e-01,6.614402436945213681e-01
7.855032962773548233e-01,6.188338814186084003e-01
4.993962160007444639e-01,8.663887678979507179e-01
6.247842722214999034e-01,7.807785188285191191e-01
7.417158213975121317e-01,6.706917774295511059e-01
4.327934564809392537e-01,9.015062681846084391e-01
5.401071301960485016e-01,8.416127138598430424e-01
4.266474936205791879e-01,9.044050051331139484e-01
4.284165814253926285e-01,9.035943884648178770e-01
4.309159284154139291e-01,9.023789421301097180e-01
4.415162255728378726e-01,8.972397657477150235e-01
5.376621942385853004e-01,8.431438196331633161e-01
3.529179570499039187e-01,9.356431942980866223e-01
4.250838334394294593e-01,9.051406361524522159e-01
5.513393345309598459e-01,8.342984370511847825e-01
3.586762973956977296e-01,9.334733144436836438e-01
5.324790445865362765e-01,8.464600104568980043e-01
7.554723442440964831e-01,6.551566259038386075e-01
4.388292339288263344e-01,8.985844647040539535e-01
5.341085644451265546e-01,8.454329388371416565e-01
5.459907221594413329e-01,8.378087431167948740e-01
7.536133602291454903e-01,6.572937082274381559e-01
4.275088044974165169e-01,9.039974059859302580e-01
4.279549024661289947e-01,9.037862629154435057e-01
7.646925822162304875e-01,6.444199842325375460e-01
4.518752454490500003e-01,8.920665097217171935e-01
4.853602097609990285e-01,8.743300330313009683e-01
5.375415157178812242e-01,8.432547303952717677e-01
6.997506186568717146e-01,7.143644798300740062e-01
5.147067326732353010e-01,8.573495616300347288e-01
5.342682555817823697e-01,8.453323991466344944e-01
5.356819183756267311e-01,8.444373944367303819e-01
5.018452174978080826e-01,8.649738917062328447e-01
5.576133342800742021e-01,8.301192712980671740e-01
4.447151794500361355e-01,8.956573099600595445e-01
5.466396223745497718e-01,8.373498596188292398e-01
5.378107653789797604e-01,8.430834120866985693e-01
5.357376711228405419e-01,8.444022514480162833e-01
5.054278439201410622e-01,8.628857400561970037e-01
7.714456924447146147e-01,6.363210194882654713e-01
5.362938874034810510e-01,8.440133234685698316e-01
4.786324873820583248e-01,8.780314034317276972e-01
5.336135328254824062e-01,8.457463810375419611e-01
5.835680891417293070e-01,8.120445930829085501e-01
5.741497191532509703e-01,8.187698234914472240e-01
7.351323598382724089e-01,6.779485903154347515e-01
5.350304378058772237e-01,8.448509782916174826e-01
5.370812731855942879e-01,8.435122329790107898e-01
4.834185538060441489e-01,8.753728731379406547e-01
5.136423071173294996e-01,8.580219430164863770e-01
4.252865650356628668e-01,9.050442319518403611e-01
5.147689504187515919e-01,8.573113648225553218e-01
4.880343244518073886e-01,8.728411380295161281e-01
4.643175433353061154e-01,8.856529024385636495e-01
4.319371743632915983e-01,9.018889034363345436e-01
4.286634394181290109e-01,9.034495582087584964e-01
5.379800812918711372e-01,8.429390882829989051e-01
5.369048610906387298e-01,8.436612897590987092e-01
7.662379127856662198e-01,6.425304380085110623e-01
4.325093885186646614e-01,9.016143889153409585e-01
4.890282606903553764e-01,8.722849958995236852e-01
4.267218801712433507e-01,9.043977976392335583e-01
4.354724486829303354e-01,9.001868537851814844e-01
4.164337305179339199e-01,9.091806217726373651e-01
4.513861549017251229e-01,8.923445321524822171e-01
4.820054748218695617e-01,8.761512899237631213e-01
4.278328311156393005e-01,9.038729076343456903e-01
5.336504844222027533e-01,8.457239078883975747e-01
4.313310951237424584e-01,9.022090007153488189e-01
5.345801043722047119e-01,8.451368529254664752e-01
5.369594375607782410e-01,8.436271958961946149e-01
4.277740408306364150e-01,9.038704283385152749e-01
4.686137810740043097e-01,8.834199529355478697e-01
5.253498427872661525e-01,8.508674795853103934e-01
4.279522637831507659e-01,9.038167601863242862e-01
5.360956569164269103e-01,8.441765688456771555e-01
5.390700496832872002e-01,8.422804735680903265e-01
4.255322247133543900e-01,9.049278201651411724e-01
4.391738200501416611e-01,8.983861435550353214e-01
5.297973939132112342e-01,8.481049239474959256e-01
5.287089730433708334e-01,8.487838761319512759e-01
4.274925809982428326e-01,9.040344705581460083e-01
5.659639549973032313e-01,8.244092165521466065e-01
7.607548141537335828e-01,6.490113925132027228e-01
5.218619770832515492e-01,8.530491433189307804e-01
5.207065479314094691e-01,8.537548956153012680e-01
5.203772016372896214e-01,8.539173152290377988e-01
4.368278471498525106e-01,8.995612419279744865e-01
5.271163524516582211e-01,8.497736686554586694e-01
4.631218396755018007e-01,8.863117155368960276e-01
7.128919321706026491e-01,7.013003710684212466e-01
7.540025718938641042e-01,6.568434491995850388e-01
6.455701875874522155e-01,7.637249313254240723e-01
4.262499296787188308e-01,9.045895923381329640e-01
4.436556240602425039e-01,8.962138662066595485e-01
5.282626618706391941e-01,8.491007168387585402e-01
5.366557822151463153e-01,8.437811747695421749e-01
5.584790699833070970e-01,8.294976964108731199e-01
4.318984686587516442e-01,9.019384520551179119e-01
4.563197771458983310e-01,8.898330627471914278e-01
4.271179314832921348e-01,9.041797762628357438e-01
5.568269510537027234e-01,8.306074506628480236e-01
4.283334975377413034e-01,9.036370736235740386e-01
4.269707604959819269e-01,9.042491331773527818e-01
7.583626636467044602e-01,6.518037607818371049e-01
4.304180998804678637e-01,9.026461603449437154e-01
5.379168347304217335e-01,8.430185681448623125e-01
4.303162061064652599e-01,9.026947940471247156e-01
5.057047616673364665e-01,8.627261763000347861e-01
5.380034604413330701e-01,8.429217791728081943e-01
5.394188569623963314e-01,8.420165878257772629e-01
5.275669736209139815e-01,8.494928763151520235e-01
4.628525173523892478e-01,8.864172477284595342e-01
7.585805344579295006e-01,6.515496187829226127e-01
5.304462638748583814e-01,8.477393114614278913e-01
4.553265800636233651e-01,8.903423723708399073e-01
4.270932599101623373e-01,9.042243894533434911e-01
5.381148747873504279e-01,8.428926991356658904e-01
5.464618789093892426e-01,8.374623112878056830e-01
5.299179327311771548e-01,8.480701139498594276e-01
4.798217498423825167e-01,8.773467892334319007e-01
7.925177512855468009e-01,6.098169275676423862e-01
7.586661061107475845e-01,6.515102563489871823e-01
5.353637384940314048e-01,8.446432338750132773e-01
4.259416800675281389e-01,9.047334135665016097e-01
5.374120669163642283e-01,8.432980639043567983e-01
5.348348401049982659e-01,8.449783372624132260e-01
4.306296002574810933e-01,9.025462394970141800e-01
5.958423739394617114e-01,8.030770633105730472e-01
4.607089168435878346e-01,8.875324545207667892e-01
4.269227598015450376e-01,9.042705969140034661e-01
4.200157740139849882e-01,9.074995824564263680e-01
5.398924717047549615e-01,8.417117273532971344e-01
4.278353554540109682e-01,9.038743391073843503e-01
6.486558243949992475e-01,7.611086494313394901e-01
4.280895911343493565e-01,9.037540717961933812e-01
5.370109222093364387e-01,8.435529918341024835e-01
5.022459329045261267e-01,8.647037499612073574e-01
5.338476271847107935e-01,8.456031117099167549e-01
4.382525312352324454e-01,8.988702974482425390e-01
4.858121446184450187e-01,8.740427758564869309e-01
5.350201594840520158e-01,8.448166698185383128e-01
5.423939584906252165e-01,8.401012578372365480e-01
4.239245306009928882e-01,9.056795123912939616e-01
7.597111048179026049e-01,6.502284327871570291e-01
5.313411818127108388e-01,8.471805824342351077e-01
7.587673931669201011e-01,6.513940686357051479e-01
4.297672860593595989e-01,9.029580693667996760e-01
5.155715400029272644e-01,8.568244659142948416e-01
5.191972115190756076e-01,8.546322178287109050e-01
5.332789308968612918e-01,8.459623824454340912e-01
4.935666069052754290e-01,8.696866649160627238e-01
7.753432303531697656e-01,6.315065111714365242e-01
5.475672000966979036e-01,8.367379944649216972e-01
4.261250673786889376e-01,9.046457460722981958e-01
4.251374105286908067e-01,9.051102376799864402e-01
4.768756376529430518e-01,8.789916512390972825e-01
7.577703506981221526e-01,6.524880859495932883e-01
4.751638624092927587e-01,8.799181903213426637e-01
4.351777083377418309e-01,9.003637144497497191e-01
5.358841544515184907e-01,8.442679110233253237e-01
7.669894840887703236e-01,6.416935653880924129e-01
5.333341868922187867e-01,8.459282052828216436e-01
5.331773163235258295e-01,8.460270915234938682e-01
4.406611685397052725e-01,8.976540213723775974e-01
7.590244122381655245e-01,6.510285915518745359e-01
5.227682824735637723e-01,8.524979505119117951e-01
4.369757007599898158e-01,8.994926458932330782e-01
5.426728379232037547e-01,8.399682168345299349e-01
5.354039224999807001e-01,8.446199173473326605e-01
5.349366349478645866e-01,8.449159698052196577e-01
6.260291179218226976e-01,7.797718067435069900e-01
7.534782909147592633e-01,6.575064091252026399e-01
7.578773172894666121e-01,6.523632746854217679e-01
4.327117285457219298e-01,9.015516852076783660e-01
7.583400910260713612e-01,6.518251696551096153e-01
4.159641072861838262e-01,9.093623816871866383e-01
5.381669614119981571e-01,8.428140990093632157e-01
4.265411823664699842e-01,9.044489857889287387e-01
5.129628781009581973e-01,8.584338328153857667e-01
4.911771315523383308e-01,8.710376438031786073e-01
4.267128603791427444e-01,9.043679830495305882e-01
5.363936615469557800e-01,8.439437628768101662e-01
5.322231192574444769e-01,8.466280935046733847e-01
5.152810019293573296e-01,8.569980792337781317e-01
5.346781653747926244e-01,8.450798778035440995e-01
4.239818761410102388e-01,9.056897905091488843e-01
5.371068145337776212e-01,8.434899731052071248e-01
4.929352164762504929e-01,8.700437207643009208e-01
7.593781772120109519e-01,6.506151585391998227e-01
4.654225137293647729e-01,8.850674831535193521e-01
5.419139545421700621e-01,8.404092205947505390e-01
4.552667355080740608e-01,8.903342663757137787e-01
4.409655313759077711e-01,8.975038587425704373e-01
5.362766240823311215e-01,8.440175198493451436e-01
4.303169762302357926e-01,9.026977256295656282e-01
7.049812133068972253e-01,7.091933200988348451e-01
5.369257901715145387e-01,8.436045703949200947e-01
4.820552656897489907e-01,8.761184487304457535e-01
4.443442141708713322e-01,8.958354548336109335e-01
5.335396415134814330e-01,8.457998987556639703e-01
4.370257240051670378e-01,8.994694076226747992e-01
4.458830508304062468e-01,8.950704019924862198e-01
4.417061945781941557e-01,8.971391202964089651e-01
4.297613831354343272e-01,9.029223586160508574e-01
5.327992373416725602e-01,8.462165955740660328e-01
5.347313237178616951e-01,8.450473301450734942e-01
5.420022913900456318e-01,8.403513960616852962e-01
5.691062647023250598e-01,8.222908806106383750e-01
5.375515030495521263e-01,8.432054755275266711e-01
4.488614457917015632e-01,8.935798976835302998e-01
4.263352480323152616e-01,9.045448086414645816e-01
7.259429851270242651e-01,6.877201019151197858e-01
7.585964501211783784e-01,6.515971402774398680e-01
5.148470009876456865e-01,8.572573592575308821e-01
5.329657488122047093e-01,8.461624811210890496e-01
5.194495018388598506e-01,8.544761165933864033e-01
4.283189571474030899e-01,9.036069706721846506e-01
4.285382862271767124e-01,9.035442798911806905e-01
5.046152511963372111e-01,8.633200076289135882e-01
7.569175937314938096e-01,6.534738272916960078e-01
5.562742592645195661e-01,8.310257103561451419e-01
5.359301433246150825e-01,8.442363120975621138e-01
4.728678916801900556e-01,8.811563289457203796e-01
5.349110239846477377e-01,8.448823764779925805e-01
4.409778552028026377e-01,8.975394718887242940e-01
4.940333711247381077e-01,8.694670386480145563e-01
3.613922008273398045e-01,9.323962583689685557e-01
5.100939926688439208e-01,8.600937307857275949e-01
4.267698845947501818e-01,9.043393572213335174e-01
4.298526162114451044e-01,9.029201700440955269e-01
5.538524416141967777e-01,8.326421042854507126e-01
7.596501633395000841e-01,6.503694218276001582e-01
5.263686782419265686e-01,8.502304607005076731e-01
7.164140738359652261e-01,6.977107076532003127e-01
7.866704166458695635e-01,6.173343264223069005e-01
5.034539557301731527e-01,8.640469317550670825e-01
4.548417778084772323e-01,8.905947776456434317e-01
5.295054864365875691e-01,8.482802368353929978e-01
4.456617120714841396e-01,8.952235657979895622e-01
4.303213994384439411e-01,9.026970996794269064e-01
7.596819722487330173e-01,6.502568918029826284e-01
4.175615017962079900e-01,9.086278170525744491e-01
5.350014532359588237e-01,8.448779317604397932e-01
5.046690125929778059e-01,8.632875827107328037e-01
7.582983042426174602e-01,6.519459373220061194e-01
5.087782938773492969e-01,8.609232307806220508e-01
5.311636809157693762e-01,8.472960235963494791e-01
4.297621412495451487e-01,9.029638655150717952e-01
5.042841143595816478e-01,8.635122911079203822e-01
4.344737184478161263e-01,9.006624992158140941e-01
5.342544032264640030e-01,8.452966400980972406e-01
4.943377364983971844e-01,8.692950551235816281e-01
5.274236769271301029e-01,8.496292668673499637e-01
5.383038011754632812e-01,8.427783356722409192e-01
5.409820269851499663e-01,8.410065113284579397e-01
7.625568321459156307e-01,6.468822649363287214e-01
7.418814157024500311e-01,6.704931611501168121e-01
4.070273417899532564e-01,9.133951354523883737e-01
5.281616803535325033e-01,8.491167769695582290e-01
5.342638039200107158e-01,8.453451882553854047e-01
4.280337107698858334e-01,9.037407252885564235e-01
5.210584107225657569e-01,8.535478948186946413e-01
4.256918378571361017e-01,9.048462308310626367e-01
5.813883756703365213e-01,8.136561956071071133e-01
7.576828989422719207e-01,6.526621176735888374e-01
5.253820888435557501e-01,8.508391985795458190e-01
4.211177500632516946e-01,9.070278964393243548e-01
4.976039487092077662e-01,8.673782544381367643e-01
5.578927182310730037e-01,8.298836979234099909e-01
4.306820281753977464e-01,9.024810358996792070e-01
4.943196091192919583e-01,8.692541282017839377e-01
4.306672552380808594e-01,9.024880128863735917e-01
7.012800111191281882e-01,7.128487500223197326e-01
4.329678915961295838e-01,9.014323046730489120e-01
7.594672471892761623e-01,6.505052377282708465e-01
4.275874795667923278e-01,9.039512793279241842e-01
4.934804200214041314e-01,8.697830964035656587e-01
4.308323203544055513e-01,9.024548726184502545e-01
4.828012197715756404e-01,8.757043301688316461e-01
5.373952329166088449e-01,8.433591009797432037e-01
7.262233620646194598e-01,6.874975037439990944e-01
5.585962240637263321e-01,8.294098671267566836e-01
5.209883568367903450e-01,8.535916305314841246e-01
5.340960964728111993e-01,8.454523449667742385e-01
4.600758044035003769e-01,8.879042586091200340e-01
5.416587876566872906e-01,8.405694216271095698e-01
4.585594209615808658e-01,8.886391488541419692e-01
7.669695724932439340e-01,6.417246262984610539e-01
5.309930760483068113e-01,8.474046598155813292e-01
4.600818317562624382e-01,8.878517237164172959e-01
6.023440380544857753e-01,7.982040949674006347e-01
4.237519128539928293e-01,9.057553930626612848e-01
4.589972543323637133e-01,8.884625085104190800e-01
4.311992311154709823e-01,9.022800620265807314e-01
4.767433063791385872e-01,8.790684196541370676e-01
7.591643823731986096e-01,6.509402090171868549e-01
5.351355450546251280e-01,8.447952969781669097e-01
5.428261769115017010e-01,8.398155426418715264e-01
5.145697008651227700e-01,8.574765836563734700e-01
5.690036569753663676e-01,8.223039878245108625e-01
7.589987962673749866e-01,6.510505435315444567e-01
4.438758826882699404e-01,8.960639371917091811e-01
4.292714800054864277e-01,9.031991182546624808e-01
6.025589578268711888e-01,7.980411568058862759e-01
5.380413535214103593e-01,8.428887636472981448e-01
5.384781071356710136e-01,8.426097742022155002e-01
4.384981034452034021e-01,8.987564050145222527e-01
5.374254836265865976e-01,8.432814164786189837e-01
4.863761894136907626e-01,8.737765609361420882e-01
7.190057758051419112e-01,6.950441024228897202e-01
4.279463988199196933e-01,9.038279403902546028e-01
4.842897836997236416e-01,8.748806567019105085e-01
5.333681348617870244e-01,8.459130139069981347e-01
6.975770174719712058e-01,7.164708362954119725e-01
5.524012805472099386e-01,8.335474194413995397e-01
5.421987507483840840e-01,8.402806055189019352e-01
5.297440441338963080e-01,8.481872004994044367e-01
4.272352705718815979e-01,9.041165748902244559e-01
5.173345320913189660e-01,8.558122542619284179e-01
4.482696100051060117e-01,8.939235340268611996e-01
5.318824105844018879e-01,8.468480895699833644e-01
7.563056394769533952e-01,6.542610018089543011e-01
5.236408975043267411e-01,8.519686057140694047e-01
5.418403771518708334e-01,8.404508465906002090e-01
7.586822092869983658e-01,6.514180303831332841e-01
5.341639099599347906e-01,8.453507335720769067e-01
4.837555976163925853e-01,8.752305140777084658e-01
5.549793762710379941e-01,8.318326307553308707e-01
5.217799526313167124e-01,8.531097084572469846e-01
4.341839119030018734e-01,9.008488913475524162e-01
4.305281544676909933e-01,9.026015878511740587e-01
5.355043443564286854e-01,8.445020382324912589e-01
4.785185601021894053e-01,8.781047002447214256e-01
7.071083226553067647e-01,7.071455331633071939e-01
5.326567755056701436e-01,8.463617325848811213e-01
4.432336830328006405e-01,8.963808061624964907e-01
5.034419508404510690e-01,8.640578194129524547e-01
5.349775442223210220e-01,8.448968896428296071e-01
4.016712283491489233e-01,9.157609314821967272e-01
4.291072953456539496e-01,9.032781242048372183e-01
7.082786287947315795e-01,7.059736215957403971e-01
5.658680686327473008e-01,8.245283659921038844e-01
4.269478472863630913e-01,9.042515965201038952e-01
4.660640745425286835e-01,8.847778995851831585e-01
4.389601514067438259e-01,8.984811419125320331e-01
7.580507298265493077e-01,6.521516407414111871e-01
5.478861166433536267e-01,8.365211513287159617e-01
4.280220038369362268e-01,9.037434231988475952e-01
6.478494077000147566e-01,7.618061201311675523e-01
4.151446772197701085e-01,9.097795632338795402e-01
5.431626575107150190e-01,8.396591356745025658e-01
5.346211384398997790e-01,8.450606973866314764e-01
5.475883287035533398e-01,8.367798471573523189e-01
6.122912561800254450e-01,7.905964841521175845e-01
5.278222369272376202e-01,8.493857537302422767e-01
6.587920563026921084e-01,7.522864744023090022e-01
5.370241643654392050e-01,8.435353546911013023e-01
4.323414150231271735e-01,9.017354052565934586e-01
5.321000577135807097e-01,8.466501724349775326e-01
7.587297390487258708e-01,6.514502359682005084e-01
4.973734493286168235e-01,8.675658856356799342e-01
5.368578341366732065e-01,8.436409489368558168e-01
7.475177685123198801e-01,6.642860898155583671e-01
7.743367869854148600e-01,6.328196558965785146e-01
7.602314115890991264e-01,6.496072100275592787e-01
7.598217560145723581e-01,6.501766305068231722e-01
5.352431871651824880e-01,8.446661548696027255e-01
5.358695202283112469e-01,8.443327586536809592e-01
7.574144973602303654e-01,6.528891966573021621e-01
4.816609544398716691e-01,8.763288576076871950e-01
4.326504106322515697e-01,9.015359000677559687e-01
4.815025342191094904e-01,8.764158313180232529e-01
4.296805521817189111e-01,9.030067795263455599e-01
5.336787735620185380e-01,8.457193733697191407e-01
7.665084942109072763e-01,6.422804429686136407e-01
4.244354908942127858e-01,9.054325412452456368e-01
5.354685283257207828e-01,8.445875333495752590e-01
4.221762995953724507e-01,9.064882119591581855e-01
5.333251045750435626e-01,8.459426374868569409e-01
5.377150877708429810e-01,8.430940117982425042e-01
4.244977394397552728e-01,9.054032293641695039e-01
5.147805118764352539e-01,8.573532568661562658e-01
5.395303674117071235e-01,8.419989352505302671e-01
5.190605501408479538e-01,8.547059054986229087e-01
7.589160038566130639e-01,6.511423020118385363e-01
3.945726392457845622e-01,9.188888084540571821e-01
4.494936921542488362e-01,8.932560012743955280e-01
4.273588058574671056e-01,9.041082981388455231e-01
7.585950488248727197e-01,6.516089123250342618e-01
7.795450098572153097e-01,6.262982939890545664e-01
7.581546650236287155e-01,6.520280807081231256e-01
5.364440227480811174e-01,8.439027949379289684e-01
4.256662568564168470e-01,9.048539357938345518e-01
5.516633791388623198e-01,8.340327617761507106e-01
5.353847928332767792e-01,8.445751594073327428e-01
7.165230761272638471e-01,6.976077012570837121e-01
5.130002785276828181e-01,8.583566834721175764e-01
5.381008468530292799e-01,8.429139152543628777e-01
7.584169369567292929e-01,6.517225269880654315e-01
5.324332496002583959e-01,8.465052100963911252e-01
5.390188875200081497e-01,8.422600446160433130e-01
5.315862662742371070e-01,8.470374379152406652e-01
5.365731122990566870e-01,8.438201831926336327e-01
5.380450756979167082e-01,8.429499470655275051e-01
7.564293811017257507e-01,6.540276535139593062e-01
7.580665225994493994e-01,6.521293105144096991e-01
5.573333882401524386e-01,8.302535578763164947e-01
5.360392979811294811e-01,8.441590730979460222e-01
4.268836017930590643e-01,9.042794411971306623e-01
5.343774962416822927e-01,8.452119584540154218e-01
5.336811886734127430e-01,8.456517984288870471e-01
4.708016008233277816e-01,8.822091584229652117e-01
4.166721411416233201e-01,9.090833679870106154e-01
7.622785140460341946e-01,6.472977748346818716e-01
5.804901864456517568e-01,8.142301767937647483e-01
4.481749825923243558e-01,8.939172290991008740e-01
4.430092757325464481e-01,8.964886944959217230e-01
5.400163439049919800e-01,8.416199897213856307e-01
4.410500849822861502e-01,8.975107321728266196e-01
5.094109320373889638e-01,8.604907655358562391e-01
4.257967779841745903e-01,9.047915499902681180e-01
5.674760619061136602e-01,8.233534740486720960e-01
5.274485092943249631e-01,8.496208733992279827e-01
4.387778801937466389e-01,8.985672485022634381e-01
5.085265265202835172e-01,8.610134979753203410e-01
4.460299465922985540e-01,8.950469131776332965e-01
5.328581063181506705e-01,8.461700967451707411e-01
4.460516340538273061e-01,8.950361338302796899e-01
4.823307359638394631e-01,8.759579245645622292e-01
4.359238627476978989e-01,8.999552781212151187e-01
5.330322380805603277e-01,8.461295087040676677e-01
7.293690629642656242e-01,6.840730743724824370e-01
4.374230465565553949e-01,8.992842483160173872e-01
5.081681082795862503e-01,8.612909151797371043e-01
4.296753523308237677e-01,9.030113759907779647e-01
5.523594130582230033e-01,8.335698275981134886e-01
7.592613350563142127e-01,6.508356990355418370e-01
6.798192890984848802e-01,7.333349064419154573e-01
5.392869835596665329e-01,8.420865423445488274e-01
5.324230341117093257e-01,8.464433177552421750e-01
3.697007734968463799e-01,9.291264692608618425e-01
5.423391814703055758e-01,8.401238195939447762e-01
4.329575005969159562e-01,9.014430574850879063e-01
4.682497142107537869e-01,8.836272623160712492e-01
4.479704292369970364e-01,8.940781529443749820e-01
5.352335449800240674e-01,8.447397099389916120e-01
5.623374240226155507e-01,8.268703221569271289e-01
5.164052617723153826e-01,8.563788114923028827e-01
5.226564361747717546e-01,8.525084593362617369e-01
4.377666409118842195e-01,8.991178993758355276e-01
4.338529718726938933e-01,9.009546735084741353e-01
5.267677026406099028e-01,8.500445514801054925e-01
5.728594412062103514e-01,8.196919878198287712e-01
7.699641705437605399e-01,6.380354697823288346e-01
4.323663862503566158e-01,9.017270970985318268e-01
5.316201525381865078e-01,8.469471030655166821e-01
4.694341952365597148e-01,8.829357797172388000e-01
5.327616896074436337e-01,8.462293554764332981e-01
5.304369598752689541e-01,8.477602813793839731e-01
4.641429766695164827e-01,8.857917420431710154e-01
5.583845548434540618e-01,8.296200766587427111e-01
7.592476374144938589e-01,6.508533744713442815e-01
4.770287956350425240e-01,8.788552534418045958e-01
5.120913938274613830e-01,8.589657685512057661e-01
4.252116566475562243e-01,9.050649577484692898e-01
5.496042976097326171e-01,8.353874739496397472e-01
6.384704473508976408e-01,7.696025414139475718e-01
5.423068458028936778e-01,8.402177347098188642e-01
4.485439919201142933e-01,8.937298937677305988e-01
7.681940694562675587e-01,6.402699038099548545e-01
5.341353373776722702e-01,8.453622133989093790e-01
4.268246172251600745e-01,9.043048930181137868e-01
5.112824820765133893e-01,8.593773359673797518e-01
7.587699039066628792e-01,6.513061995776395774e-01
7.591218732550362169e-01,6.508959255698902879e-01
5.308079897199433628e-01,8.474553239145987682e-01
4.726179233136701408e-01,8.812346173672089833e-01
4.554614114618297238e-01,8.902238052595669027e-01
5.246711723358187252e-01,8.512684325227997117e-01
5.381887435477596959e-01,8.427868265511275769e-01
5.352721830987187124e-01,8.446422530395020223e-01
4.282489964782402181e-01,9.036906916873342910e-01
5.249839909893608825e-01,8.511488513859397642e-01
4.286001130416747795e-01,9.034642832479753416e-01
5.350846117820140524e-01,8.448359523799062742e-01
5.314995528366278643e-01,8.470958431284584256e-01
5.374800842888067809e-01,8.432387452252694260e-01
5.318466981612854916e-01,8.468032650104336811e-01
4.488813640333850219e-01,8.935597847387836135e-01
7.122732700133168615e-01,7.018521114645838166e-01
4.301897444734664178e-01,9.027687831137488628e-01
4.356158864784888118e-01,9.001018961547039288e-01
4.396915740499445224e-01,8.981799435042474578e-01
5.379078221185982223e-01,8.429655921006080632e-01
5.343774559543637004e-01,8.452080603667277980e-01
5.284886923715064189e-01,8.489028379435797911e-01
5.261084046837559702e-01,8.504548436499973496e-01
4.334572220537340481e-01,9.012049068675465069e-01
5.338010204196161901e-01,8.455721360513891449e-01
5.009810673067507381e-01,8.654939218954946778e-01
5.632212924552355560e-01,8.262659433449327517e-01
4.292250912978716193e-01,9.031668672178986279e-01
5.363686351601377744e-01,8.439454134052694068e-01
4.618819449425543011e-01,8.869744807670250086e-01
5.741740034478894916e-01,8.186920827481642959e-01
7.020947375696016124e-01,7.120330690070846291e-01
4.337279691641484636e-01,9.010750512254132039e-01
5.347009243165123937e-01,8.450798331008161357e-01
5.967379354928893376e-01,8.023932463587410968e-01
5.357375355417475227e-01,8.443459432282407473e-01
4.283627382936982531e-01,9.036377738953226268e-01
7.596279173391031758e-01,6.504128116503218315e-01
4.108914942903570955e-01,9.117139507425094935e-01
5.430124866474306256e-01,8.396853696616793927e-01
4.257286852417830891e-01,9.048200591739757881e-01
7.577522583832143610e-01,6.524874670037097424e-01
7.538005562230246648e-01,6.570486004049682638e-01
7.650747066728142975e-01,6.439970336619952329e-01
4.322465642082717885e-01,9.017240731679564414e-01
5.243683335749739216e-01,8.515298312123421587e-01
4.801086408225293534e-01,8.772440950197932796e-01
7.638772140216210094e-01,6.454176234990259831e-01
7.598647330869739980e-01,6.501370886080087841e-01
5.386960675653100772e-01,8.424604614362497523e-01
7.510886810893518950e-01,6.601458236431625437e-01
4.463778337807956520e-01,8.948775964422185369e-01
5.040093478067892985e-01,8.636608846296661701e-01
4.100010404615218595e-01,9.121154040449213074e-01
7.626743552889752031e-01,6.467261025127543084e-01
4.349422402120593500e-01,9.004907158879946749e-01
4.860091392936919386e-01,8.739898996232973172e-01
5.433754759550490920e-01,8.394492963698317878e-01
5.376590784676249513e-01,8.431222229884659525e-01
5.328961337900336437e-01,8.461408481274228510e-01
4.268402434829809966e-01,9.042950743238763467e-01
4.332504013422543432e-01,9.012411302974216998e-01
7.689865018325809931e-01,6.393226448046223087e-01
5.318532604653245510e-01,8.468764427391684002e-01
5.288377578730303341e-01,8.486832190529559616e-01
4.451297885547828015e-01,8.954995008166506398e-01
4.256025792342489900e-01,9.048782027123380978e-01
5.291646831128399286e-01,8.485589158970963108e-01
7.547317275929886771e-01,6.560903789430391209e-01
4.316685077256904313e-01,9.019997974322502277e-01
5.316193516608131997e-01,8.470234498864739336e-01
5.835634909983138385e-01,8.121114903041561917e-01
6.138617292157396710e-01,7.893672740503107077e-01
5.211857165542801429e-01,8.534826074460387657e-01
7.572011100467254119e-01,6.531246785742909067e-01
5.346025365997266743e-01,8.451439845202962653e-01
4.455737072186939374e-01,8.952789422842714062e-01
5.141783331030271853e-01,8.576444062276488145e-01
4.385646921736224835e-01,8.986663932220626538e-01
7.960637929556657610e-01,6.052730305710420922e-01
4.378678138573485201e-01,8.990726075759638558e-01
5.299928215104914297e-01,8.479618839697790067e-01
7.590593858971907970e-01,6.510790252929916644e-01
7.591664758208874764e-01,6.509541542863599428e-01
4.482307205602920619e-01,8.939519563432027915e-01
5.609796468875318798e-01,8.278722139145893166e-01
5.288886489013208125e-01,8.487314087868805812e-01
4.308483790007228142e-01,9.023915702066389599e-01
4.956273488276927708e-01,8.685730417598100939e-01
5.160481880372000951e-01,8.565988764408996037e-01
5.320807638177831311e-01,8.467341526168730148e-01
5.810506157581534215e-01,8.138231113870190159e-01
5.295910837780344327e-01,8.482934923962131002e-01
5.277731030118528732e-01,8.494257425283191498e-01
7.817909173437459502e-01,6.234808648123491004e-01
7.580585374178019364e-01,6.521284701688868646e-01
6.109201775645223265e-01,7.917390215586740387e-01
7.918554098097726479e-01,6.106479054653651817e-01
4.141458170596297172e-01,9.102423326974649065e-01
4.860007340952976485e-01,8.739957007704782788e-01
5.300428758257695883e-01,8.480115581300347039e-01
4.130705746246122745e-01,9.107307583726603761e-01
4.314945546842839930e-01,9.021486989347390351e-01
7.592666276889352694e-01,6.507212326603878383e-01
5.099925295237653922e-01,8.601393151455229980e-01
7.594177983195025128e-01,6.506621102458708394e-01
5.382900762610902667e-01,8.427179100061444883e-01
4.279874282006400077e-01,9.038178707571294934e-01
4.358290011862972491e-01,9.000632837595161639e-01
4.495477342074144511e-01,8.932214305690904244e-01
5.367627228825896379e-01,8.436915456530319490e-01
7.573479634765767354e-01,6.530703994877165020e-01
5.351828717613551500e-01,8.446945007310407982e-01
4.296810711720463472e-01,9.030142307622762710e-01
4.300030204556152813e-01,9.027938993180306682e-01
5.583367255183235844e-01,8.295708491656208494e-01
5.296758531804626191e-01,8.481587733768106707e-01
3.714646351324123463e-01,9.284761190098418382e-01
7.466779208703162585e-01,6.651273417156902124e-01
5.049999022654492187e-01,8.630798573451170519e-01
6.709018485339546256e-01,7.414934953663459005e-01
7.472864243102649295e-01,6.644433415381835184e-01
5.296218767455709298e-01,8.482754830097709586e-01
4.291617426530880408e-01,9.031938998388955309e-01
5.490610040266774572e-01,8.358254757041541083e-01
7.998989127147958511e-01,6.000717786700417999e-01
7.568668510045400977e-01,6.535093802985194600e-01
5.471315682171498107e-01,8.370898289525137148e-01
5.387833583669607851e-01,8.424869248683731771e-01
4.751291806703950016e-01,8.805559359580569234e-01
6.488710618880060288e-01,7.582648228992082684e-01
7.635086047245183138e-01,6.462410037403654162e-01
5.997491835890058631e-01,7.986551692158944116e-01
7.944992529905854362e-01,6.116838676105534889e-01
3.939152408181875176e-01,9.180579524025448412e-01
7.399518790839699767e-01,6.713110153733270469e-01
7.038530271438092623e-01,7.076624689092171350e-01
3.664016318166579134e-01,9.279150386761533253e-01
4.429196068097639438e-01,8.969044584835377254e-01
7.462045007773503436e-01,6.647473008243357517e-01
7.837121067445436129e-01,6.239064281296322623e-01
7.420191349591677143e-01,6.691529749296208918e-01
7.049232726776186730e-01,7.066140473037947345e-01
7.399176619595131399e-01,6.713187771666635495e-01
3.358359071602451951e-01,9.372342988518156393e-01
4.791588068485970742e-01,8.783468389234672102e-01
7.196205664700451310e-01,6.920857661818998752e-01
4.238949452312498201e-01,9.056820412211559201e-01
3.917334998889672182e-01,9.189056810862793467e-01
3.680287491304949921e-01,9.273826286105800731e-01
7.625222317090915025e-01,6.473054504183221036e-01
3.518077321664262458e-01,9.325760471868256296e-01
7.108837760536924621e-01,7.007616815485739892e-01
6.544169914397330867e-01,7.534016483485281857e-01
7.237703352917546074e-01,6.878822116939889986e-01
7.621196913026243580e-01,6.477386960560381768e-01
5.047192375367163253e-01,8.637631181206143482e-01
3.272860400146979654e-01,9.395149544717721346e-01
5.196415172626005496e-01,8.546674249486266861e-01
3.033936680337828706e-01,9.451604300859267616e-01
4.916110272503845247e-01,8.714112850001094479e-01
7.217011492035976250e-01,6.899646188795161006e-01
5.908645149099065463e-01,8.054426129088388953e-01
7.236081461438088613e-01,6.880772833851952486e-01
3.914604000726046307e-01,9.189918602967105388e-01
2.822396573196970238e-01,9.492403770660363671e-01
6.912575759800422270e-01,7.197612496728680309e-01
6.950537866239275830e-01,7.161164223028141373e-01
7.106945004846130232e-01,7.009244564190597604e-01
2.903326996944981531e-01,9.477747610019385816e-01
3.285729169748606293e-01,9.391475406903683210e-01
4.884044977680318533e-01,8.732172803026937435e-01
3.355363902611454008e-01,9.372897805476775313e-01
5.848645268934405950e-01,8.099741020311143069e-01
6.915194224861299643e-01,7.195174170516546175e-01
5.445858285644822327e-01,8.385211836162104193e-01
5.298598333385372561e-01,8.481998838427547982e-01
7.356392131867492967e-01,6.757640168702777617e-01
3.036450824663308179e-01,9.450867287976475462e-01
6.474258422698107029e-01,7.594967548964046689e-01
7.852745273290486772e-01,6.221465295111507920e-01
6.290656358818926819e-01,7.750862517432033361e-01
3.861927416804336044e-01,9.209685524120960753e-01
4.768020984123609862e-01,8.796262820246205649e-01
4.023110826959548358e-01,9.147767542231980409e-01
6.007445392504671133e-01,7.978647827098287459e-01
6.937273555204770403e-01,7.173908407835596357e-01
6.464262174610133638e-01,7.603653019407632385e-01
6.247110246671709888e-01,7.786982573856545686e-01
5.628210028966028622e-01,8.259755900602657741e-01
3.024196414248270792e-01,9.453381547840803423e-01
4.151085617072868827e-01,9.094792847123259749e-01
7.853184842293210455e-01,6.220833707772702725e-01
5.983013615790752082e-01,7.997488748805696712e-01
5.176421417128884706e-01,8.559177692494501777e-01
3.136668285344861307e-01,9.428282289429195107e-01
4.653432643685531667e-01,8.857372572429106361e-01
3.150263207988520664e-01,9.425125417267319339e-01
5.635613811365272063e-01,8.254652531969000062e-01
5.612130885851289719e-01,8.271149794699748092e-01
5.025961750522711657e-01,8.650098226307951776e-01
7.395420451150247487e-01,6.716991025573976204e-01
7.609222813056426560e-01,6.490329240836217872e-01
6.155769966921768033e-01,7.861424116971982290e-01
6.323803151356615082e-01,7.723384947267294409e-01
6.849419922632935531e-01,7.256917255840573677e-01
6.032211912217254612e-01,7.959404746645019069e-01
3.313091112510995195e-01,9.384380349574243940e-01
3.524621579314226594e-01,9.323795328886184119e-01
4.027301364428929054e-01,9.146061773731769540e-01
7.147983898154024462e-01,6.968714425463031770e-01
4.644502533127882193e-01,8.862083574289442156e-01
5.452434922443344378e-01,8.380719230501850747e-01
6.241851667801429082e-01,7.791454856310930932e-01
4.664659020425515057e-01,8.851372840827049782e-01
2.866392121997249354e-01,9.484606121723857530e-01
3.428635380125575893e-01,9.352288084063377083e-01
5.764371603858453597e-01,8.162212432752957714e-01
5.382693110553986582e-01,8.427210136267637708e-01
4.455788173204880409e-01,8.956235019479410475e-01
3.590506870287969998e-01,9.303094634746069680e-01
6.862225647558510833e-01,7.244985380323369917e-01
7.314664559342335393e-01,6.800430307518595674e-01
5.382659182477798065e-01,8.427265660773404221e-01
7.680379178408450747e-01,6.413124617950087814e-01
5.286417331357293747e-01,8.490005071987154484e-01
5.090237624245911308e-01,8.611657825770624441e-01
4.849702691054579295e-01,8.751232775204591530e-01
3.164530434116972768e-01,9.422120085309755311e-01
6.519871478053663738e-01,7.555455245110556106e-01
3.432566313838218419e-01,9.351368046880284002e-01
3.719024425707568859e-01,9.260607746186475531e-01
7.788591782582426903e-01,6.293577790552584705e-01
5.285190401530878157e-01,8.490371123230314732e-01
3.437959589042540731e-01,9.349955360214275979e-01
3.304949196169370551e-01,9.386723672058046031e-01
3.558227549279024404e-01,9.313682581204911770e-01
5.907287530940612541e-01,8.055499685270255394e-01
5.348816562476499392e-01,8.449625615218073760e-01
