5.781627251749225094e-01,4.218372749482852679e-01
6.332410662957705938e-01,3.667589326993416776e-01
5.135240696952507733e-01,4.864759276915084363e-01
7.557487081018472441e-01,2.442512875796948313e-01
5.773711096193182568e-01,4.226288846747491834e-01
5.718366324799463163e-01,4.281633608308366146e-01
6.432503881137481283e-01,3.567496041839406939e-01
7.639160582407968914e-01,2.360839336027629465e-01
6.461750873779027460e-01,3.538249038693915272e-01
8.055810642115039943e-01,1.944189264223314950e-01
7.134331219939072932e-01,2.865668679107220562e-01
6.888945078994865856e-01,3.111054816081972874e-01
7.592950906813658030e-01,2.407049214260521264e-01
8.403279186885944663e-01,1.596720941864765153e-01
5.119600298270415850e-01,4.880399830491632951e-01
7.753193219601521857e-01,2.246806915069003985e-01
5.036800357128504713e-01,4.963199503371820698e-01
5.353964637079532407e-01,4.646035507150446109e-01
9.209895658926041673e-01,7.901045160431166559e-02
8.423760580621699745e-01,1.576239224061712352e-01
9.286386045797609956e-01,7.136141575858225006e-02
9.470507535361034623e-01,5.294922609245886203e-02
7.528164277642506175e-01,2.471835933481738856e-01
5.520387698402677845e-01,4.479612514580971760e-01
5.639369213799609870e-01,4.360630570188641641e-01
8.912127953874461328e-01,1.087872263772223930e-01
8.441528838150087477e-01,1.558471381208414441e-01
8.647008873193535727e-01,1.352991354649613065e-01
8.591368906876744038e-01,1.408631332000698511e-01
8.862228848535762538e-01,1.137770908365749595e-01
5.276609283751545476e-01,4.723390459885464243e-01
5.703737833606616903e-01,4.296261909209413421e-01
6.735800456066439734e-01,3.264199811209664848e-01
7.619604909300279338e-01,2.380395361367264317e-01
9.709484383720745626e-01,2.905158959378434727e-02
6.117014742028803465e-01,3.882984947830850908e-01
5.686756027797778001e-01,4.313244302686118914e-01
5.900128848033526774e-01,4.099871488765692851e-01
9.651767415665979399e-01,3.482322464737921258e-02
6.631609950718070357e-01,3.368389705589083793e-01
6.054948745764356932e-01,3.945051599471263715e-01
5.851302730620798753e-01,4.148697626947175365e-01
5.514606042919181217e-01,4.485393596159050755e-01
5.798081434222813746e-01,4.201918181165338328e-01
8.772756148539782028e-01,1.227243455129569255e-01
8.415438561325372380e-01,1.584561847744971330e-01
6.306928763577512864e-01,3.693071660984316718e-01
8.743010338555533556e-01,1.256989220957092368e-01
9.779291813816444190e-01,2.207086300284019295e-02
8.946765341616670364e-01,1.053234186911056885e-01
9.733004941966338919e-01,2.669945827901271107e-02
6.838505222473374445e-01,3.161494281223556357e-01
9.425539713102097927e-01,5.744597773439514415e-02
8.337943276758319477e-01,1.662057236265455928e-01
9.111447491922980424e-01,8.885519564665857184e-02
9.153440183352279380e-01,8.465603772741116251e-02
8.210260451790584169e-01,1.789738981241533744e-01
8.538040654508665117e-01,1.461958777133222365e-01
8.076099797606615116e-01,1.923899628565400033e-01
6.386901443687403868e-01,3.613097979190498243e-01
8.890905462577354257e-01,1.109095114817959249e-01
7.432763176975926145e-01,2.567237429584625086e-01
5.967980904565163280e-01,4.032019708011430614e-01
6.165796957458461458e-01,3.834203669517248225e-01
7.633875274726578120e-01,2.366125369397279743e-01
8.483249484312684885e-01,1.516749863570521495e-01
8.816236980971610127e-01,1.183762353874596163e-01
9.228017406312263304e-01,7.719832664808307099e-02
8.621190324929033366e-01,1.378808993370102820e-01
6.683308337284218359e-01,3.316690974001882397e-01
8.015337150598085270e-01,1.984663556282628971e-01
6.356874096271593055e-01,3.643126615499280296e-01
9.270555874772740124e-01,7.294448621752415429e-02
6.031468485973964233e-01,3.968530774014035201e-01
9.833014494531342464e-01,1.669847592372914608e-02
5.286084104278067075e-01,4.713915147408794248e-01
8.865134290851706123e-01,1.134864959408607987e-01
7.003541265386301617e-01,2.996459485356779417e-01
9.593976434068745007e-01,4.060228077455174667e-02
8.109826702522029418e-01,1.890172528141539077e-01
5.233172230165481498e-01,4.766826986599312921e-01
7.122064476985559001e-01,2.877934726513343699e-01
6.645654832025170711e-01,3.354345987950186903e-01
7.352453568238073167e-01,2.647547256923210579e-01
8.143637250449961007e-01,1.856361918111576470e-01
7.204363660236924316e-01,2.795635491317421950e-01
9.707810170221291557e-01,2.921906816849271019e-02
5.918392290465966932e-01,4.081606856924524518e-01
6.134917719137632508e-01,3.865083133654114156e-01
9.776254925723377731e-01,2.237459422361880862e-02
6.275632289822984378e-01,3.724366829350714836e-01
9.363370643237797220e-01,6.366302421587508031e-02
8.416273295205883853e-01,1.583725812298156232e-01
9.059194199054348973e-01,9.408049029635168203e-02
7.719534611985783279e-01,2.280464468459194316e-01
6.345744282305159079e-01,3.654256638712937710e-01
9.206507072664038560e-01,7.934920012729435035e-02
8.877974785877051911e-01,1.122026163351426409e-01
6.344079878777917347e-01,3.655919155070097015e-01
7.046586582520202313e-01,2.953412420305438491e-01
9.083558883138465045e-01,9.164421279757754835e-02
5.628057692811493373e-01,4.371943320987732862e-01
8.872497747452816608e-01,1.127503271495842313e-01
8.974144100912657684e-01,1.025856946399770903e-01
5.520851585171822062e-01,4.479147361039798048e-01
5.132281913812087870e-01,4.867717019954722057e-01
9.129979850498981531e-01,8.700212239885117549e-02
7.447159232830755649e-01,2.552839691090131868e-01
7.284246017793734040e-01,2.715752905841406495e-01
6.174474368719790052e-01,3.825526738185315856e-01
7.127693758211270936e-01,2.872305131102950160e-01
9.373159190259949813e-01,6.268396948534676882e-02
7.872703010281429936e-01,2.127298107743780808e-01
9.723338395201914786e-01,2.766627540500093616e-02
8.329183480662698535e-01,1.670817671318215736e-01
6.656878509755366213e-01,3.343122645126347381e-01
6.413578623403899392e-01,3.586422552086256377e-01
8.843920040171333596e-01,1.156081136071604454e-01
5.228662928250027431e-01,4.771338251409834030e-01
7.810951271947834673e-01,2.189049912328376590e-01
9.469790956830590467e-01,5.302078554813017403e-02
6.144194419099270332e-01,3.855804382145240350e-01
8.572251913059283357e-01,1.427749293444212642e-01
6.410512949846214337e-01,3.589485836720809897e-01
8.180081590496486310e-01,1.819919629473665534e-01
9.383988005522507780e-01,6.160132197150556405e-02
7.607343657258889280e-01,2.392657568977327454e-01
7.457728102168224016e-01,2.542273152769055633e-01
6.601752268666939427e-01,3.398246470153348797e-01
6.949629787193316588e-01,3.050368948063300611e-01
8.606841024922593508e-01,1.393160257926776557e-01
5.360618421108476195e-01,4.639382878630148310e-01
5.037616162243868656e-01,4.962385138181351629e-01
6.941470231043671557e-01,3.058528468046970428e-01
5.241478843864150194e-01,4.758519798894451092e-01
8.373728855397879478e-01,1.626272502092193650e-01
8.829406119131311126e-01,1.170592509003359205e-01
6.049654112275936191e-01,3.950344512145158027e-01
7.020894896229141757e-01,2.979103720565565161e-01
7.704581060833111117e-01,2.295417555123730191e-01
8.793667757865945012e-01,1.206333637442883744e-01
5.857284076743215495e-01,4.142717323795193640e-01
5.538148124530997141e-01,4.461850466866023046e-01
7.973218280425766746e-01,2.026783166843653117e-01
6.105896490152594724e-01,3.894102062151961752e-01
6.319762735237923756e-01,3.680238714124876021e-01
9.674756903078240988e-01,3.252445481046627174e-02
6.963710104055450545e-01,3.036291357368188781e-01
5.086355873558270346e-01,4.913645589860285434e-01
8.042471657658161188e-01,1.957526878308865903e-01
7.534927311481429690e-01,2.465074158360580914e-01
8.130130330475354716e-01,1.869871149701498592e-01
5.524093571496573318e-01,4.475904941480362553e-01
9.025297446994759998e-01,9.747040419767122321e-02
7.478918898228137380e-01,2.521082604895931167e-01
8.172333601538313008e-01,1.827667902823006119e-01
5.699728084235627934e-01,4.300273423387819260e-01
6.312154765257586009e-01,3.687843700082873988e-01
5.135640821766621622e-01,4.864360720048344078e-01
7.449005615532776625e-01,2.550992818201592294e-01
7.180887991840868567e-01,2.819113576707443780e-01
8.345207395473017709e-01,1.654794192084951820e-01
5.067448479010816520e-01,4.932549920897691398e-01
5.884018700526498780e-01,4.115979693520305238e-01
6.620152034333068869e-01,3.379849573451589317e-01
7.820281006206819541e-01,2.179717352976630329e-01
6.604053668731949545e-01,3.395944667724710708e-01
6.559169781102015540e-01,3.440831899460138343e-01
7.495003435881113507e-01,2.504998253182500467e-01
7.613780162920553707e-01,2.386218143896094435e-01
6.676343098125095965e-01,3.323655207601027839e-01
7.338749473157311076e-01,2.661252223547281304e-01
8.485443705905278966e-01,1.514558001527942788e-01
6.164572578539854186e-01,3.835425711056602016e-01
7.475764033516756335e-01,2.524234255800958393e-01
8.057052242512168228e-01,1.942946030863233753e-01
8.682622555307928369e-01,1.317379175084257836e-01
6.216271871806328120e-01,3.783726397209729031e-01
7.285595664345290157e-01,2.714402603453905938e-01
8.819530157505297563e-01,1.180471580715809488e-01
5.840551057854783679e-01,4.159447190626446855e-01
8.003825297051267995e-01,1.996176454480234064e-01
6.869788603006274919e-01,3.130213158368053694e-01
6.848293703711524349e-01,3.151704530297246287e-01
7.696688154170390206e-01,2.303313617325487284e-01
6.748508886640229854e-01,3.251492889641556250e-01
6.855780880883175499e-01,3.144217300486844557e-01
6.538753172593065877e-01,3.461244999131248279e-01
8.649384465336606986e-01,1.350617398294757521e-01
9.511491954629902601e-01,4.885099218953548733e-02
8.249253482957231709e-01,1.750748395898209520e-01
6.484428863783604502e-01,3.515573034749945314e-01
9.195420495180781639e-01,8.045814264785436376e-02
5.235281043657947775e-01,4.764717008514400831e-01
6.035591503590022056e-01,3.964406536948492099e-01
5.659293527945594704e-01,4.340704507723175953e-01
9.537080701008711081e-01,4.629212661331155027e-02
8.315940638263162876e-01,1.684057392396743624e-01
9.828941762426719464e-01,1.710562557875888734e-02
8.208792652580096938e-01,1.791209331437594310e-01
8.093031504421710487e-01,1.906966495296027464e-01
6.789289763766968022e-01,3.210712236830042809e-01
8.936799728025457412e-01,1.063202300497219921e-01
6.513735225284877917e-01,3.486262721735122194e-01
7.530017570168127117e-01,2.469984494603866820e-01
8.329824882963099419e-01,1.670173042450292245e-01
7.330562231033161957e-01,2.669435680166700742e-01
8.054737276030221604e-01,1.945264831052231913e-01
8.999380956372751150e-01,1.000616930210209421e-01
6.175810448054356305e-01,3.824187428811354206e-01
7.433539946180548474e-01,2.566457919116441055e-01
9.204459738395802670e-01,7.955424019328501128e-02
7.982178783426028268e-01,2.017819058263831677e-01
5.633827556592269081e-01,4.366170275706321990e-01
6.513685343214143941e-01,3.486316841560772040e-01
5.283183638970396778e-01,4.716818546753474561e-01
8.667586175794288472e-01,1.332416027212745824e-01
8.714330993600621911e-01,1.285671230806006426e-01
8.087112404781910957e-01,1.912885368064531910e-01
8.730652820944135861e-01,1.269344951089699525e-01
9.382318275248149320e-01,6.176839567870665015e-02
7.828571632800883640e-01,2.171426122487221666e-01
7.883250437044235781e-01,2.116751809140684504e-01
6.379528218751094881e-01,3.620474028961622182e-01
9.857635263260590142e-01,1.423624880598495061e-02
9.799599968393803984e-01,2.004022849186649566e-02
8.750046575155741024e-01,1.249951168995152850e-01
6.866919385952187094e-01,3.133078343749489125e-01
7.288520459707111820e-01,2.711477259610398649e-01
5.151151935517125358e-01,4.848850360856126751e-01
6.097190799852911791e-01,3.902811498105356325e-01
9.662913268577013604e-01,3.370844232568828008e-02
6.486803022592610990e-01,3.513199290893243010e-01
5.566071321114355319e-01,4.433926359960185248e-01
7.147332556482980381e-01,2.852669778040398674e-01
7.248345790571869562e-01,2.751656544723482534e-01
5.565496993044239948e-01,4.434500669051618105e-01
6.572191481227960264e-01,3.427806177072494909e-01
7.666085473061021727e-01,2.333916872179170598e-01
5.306848755506120563e-01,4.693153612010038667e-01
5.452981828154013222e-01,4.547020547462654050e-01
9.091053856446033032e-01,9.089437670619904264e-02
9.050320776458561367e-01,9.496768301745878160e-02
6.304235463120393401e-01,3.695762137316833118e-01
7.216334769909904523e-01,2.783662825575736188e-01
6.010034395740574409e-01,3.989968011731200304e-01
5.883986307548930705e-01,4.116011268161720027e-01
9.640550572585453448e-01,3.594469885025864536e-02
7.399343414938599484e-01,2.600654131990007834e-01
9.656441672519157082e-01,3.435558656880424028e-02
6.424130413839854725e-01,3.575867120638446250e-01
5.097350908736332231e-01,4.902646611804713506e-01
8.568478150430146600e-01,1.431524334978721003e-01
6.806202765061324378e-01,3.193794746783557570e-01
7.537995174367254636e-01,2.462002319096041336e-01
5.582581856188512104e-01,4.417420660462222370e-01
6.315390315769767726e-01,3.684612204529675861e-01
5.545104558700635344e-01,4.454897968415747478e-01
5.601185610845573759e-01,4.398816916527378829e-01
6.109014076114707148e-01,3.890988451551218863e-01
7.032304620703991871e-01,2.967697909069851869e-01
6.425610662729110967e-01,3.574386805810249590e-01
6.211554814448414508e-01,3.788442642395371540e-01
6.427288607005842147e-01,3.572713936448607130e-01
9.575250526683075636e-01,4.247520169681239660e-02
9.335215614335727885e-01,6.647818418618342551e-02
8.544465261261861011e-01,1.455532189186201641e-01
8.937763425471176859e-01,1.062239129372301721e-01
5.720828539888767050e-01,4.279174024855895708e-01
7.196035941419280935e-01,2.803961491877440815e-01
9.759538088946854151e-01,2.404593341327853490e-02
7.166293367100572409e-01,2.833704048005492027e-01
6.513123652734589264e-01,3.486878944795223090e-01
9.679565399958297567e-01,3.204319922422091405e-02
7.690841727403602279e-01,2.309160912925958264e-01
7.176289793311491083e-01,2.823712848549473353e-01
8.651329277694153053e-01,1.348673373072638848e-01
7.250470430717667059e-01,2.749526875034571383e-01
7.712048537074597254e-01,2.287954175841129811e-01
6.873400102455735627e-01,3.126597180891271255e-01
8.904372636266237873e-01,1.095630088964583138e-01
6.826562502598915172e-01,3.173434758891533480e-01
8.628116438316445480e-01,1.371880820321197958e-01
8.766119938636407483e-01,1.233882805110513847e-01
7.055713662913607465e-01,2.944283550307132402e-01
5.553776927519165074e-01,4.446220275597527194e-01
9.792468560024154556e-01,2.075342413439849876e-02
5.856037434890816185e-01,4.143959758844081298e-01
6.963670908554843164e-01,3.036331919668531776e-01
5.624308546570551126e-01,4.375688623010566825e-01
9.263168415235962794e-01,7.368287466224156257e-02
5.206807821718790752e-01,4.793195029398103491e-01
8.768605710905919004e-01,1.231397143578711467e-01
8.227148098283134647e-01,1.772854764532000027e-01
7.429113845256104520e-01,2.570883264403119872e-01
6.983201492082335982e-01,3.016795614380319290e-01
7.404692820394480623e-01,2.595304268987340679e-01
8.450019712232730296e-01,1.549977365263466855e-01
9.215765252839217547e-01,7.842318165499034821e-02
9.331973623775438043e-01,6.680293120507024840e-02
8.971211585317642179e-01,1.028785475018805795e-01
7.435142651459922813e-01,2.564860291061388242e-01
7.717541652511354933e-01,2.282455396007610493e-01
5.248321800933125614e-01,4.751681182019312222e-01
5.274014881637655305e-01,4.725988110673753906e-01
6.320866286496311659e-01,3.679136707951585206e-01
6.992465563053535949e-01,3.007531433148839528e-01
7.189666996473229599e-01,2.810329995893479649e-01
5.038254401853763387e-01,4.961748607918549658e-01
7.161021575537092065e-01,2.838981436403274494e-01
8.748497660291594258e-01,1.251499320908010526e-01
8.895370268580138351e-01,1.104626686312327050e-01
9.826761711192024684e-01,1.732413360469454988e-02
6.969137546872448130e-01,3.030859403435643973e-01
8.644055066574006796e-01,1.355948029800259913e-01
6.485440506409843042e-01,3.514556380785475165e-01
6.262803825646867661e-01,3.737199287533745085e-01
6.975604999744718926e-01,3.024398122553911827e-01
5.700465064468256404e-01,4.299538075834931639e-01
8.510932024380080119e-01,1.489064830087397096e-01
7.582890441667680115e-01,2.417106319646388224e-01
9.671953497271054134e-01,3.280432463521884556e-02
9.503663299627687078e-01,4.963399588108582255e-02
5.698950020876825118e-01,4.301053239097391012e-01
9.564762562184077055e-01,4.352341593918165885e-02
5.305397294004529085e-01,4.694605985349279420e-01
7.303666350172991484e-01,2.696330367792131866e-01
6.591861803670188147e-01,3.408134910974551235e-01
8.304748159198704904e-01,1.695248536533389694e-01
7.143820393977385885e-01,2.856176287421924864e-01
5.471340209224623274e-01,4.528663110945912451e-01
6.088106971301163739e-01,3.911889702325924145e-01
7.037823493944768138e-01,2.962179842218154446e-01
5.896700708819344605e-01,4.103295939840687079e-01
9.681918240764455508e-01,3.180851127635304920e-02
5.281802600606470000e-01,4.718200763060021452e-01
8.154092771189495048e-01,1.845903855097830171e-01
5.870848950601051941e-01,4.129154458441663400e-01
8.330857082856231166e-01,1.669139507894729924e-01
9.290143030137878455e-01,7.098603829096121476e-02
7.974583730382767133e-01,2.025412847504374780e-01
8.554790470941286973e-01,1.445206100500815438e-01
6.079403498967023145e-01,3.920593066226147339e-01
5.349959829310176884e-01,4.650043616764669152e-01
8.940892747202738855e-01,1.059110709929860644e-01
6.171371263217650949e-01,3.828625273100914606e-01
6.880816766982637001e-01,3.119186710207960678e-01
9.152525259276476088e-01,8.474712630698524873e-02
6.528650110325907585e-01,3.471346390377536562e-01
7.157362476087775205e-01,2.842641023852777171e-01
5.081078614187406473e-01,4.918917882706813627e-01
8.247204091118134350e-01,1.752792377459224671e-01
9.573141899855925896e-01,4.268616627509134315e-02
6.956257869215453082e-01,3.043738567125094385e-01
5.235027316341326342e-01,4.764969095842038760e-01
5.935752545165319249e-01,4.064251055767665322e-01
6.059220361492684281e-01,3.940783257353495106e-01
9.280670462999089931e-01,7.193259048280262191e-02
6.061652679677188571e-01,3.938350958630998377e-01
5.136024141549910826e-01,4.863972201965732212e-01
7.439723290819525436e-01,2.560273047532066193e-01
8.135793393623307335e-01,1.864202944076781832e-01
7.087432643278013256e-01,2.912571056615836373e-01
6.405193024808235602e-01,3.594810706094793140e-01
7.841250409380403630e-01,2.158753336890564256e-01
6.055143528369373307e-01,3.944852721423189323e-01
9.222364889645118247e-01,7.776388735985161060e-02
7.825515668112170697e-01,2.174488113814661283e-01
9.820077860138600734e-01,1.799183565392540457e-02
5.605972555134427493e-01,4.394031243169351786e-01
8.451929058142229056e-01,1.548074762751891209e-01
6.146412709149826625e-01,3.853591112569565436e-01
7.311683043860268683e-01,2.688313131500455477e-01
5.958010791075541990e-01,4.041985372690906075e-01
8.542915015227021680e-01,1.457081137683273186e-01
8.267250326615136480e-01,1.732753524183304750e-01
6.726992155723094946e-01,3.273003985528679660e-01
6.903235974839345701e-01,3.096767887158814458e-01
6.366375481320666330e-01,3.633620653763789399e-01
5.160265607691839618e-01,4.839730515582742476e-01
5.322195149156410121e-01,4.677800955356625767e-01
6.992857718551026558e-01,3.007138367830371473e-01
8.859771022933553564e-01,1.140225062193923056e-01
5.677619307559821360e-01,4.322384610203003352e-01
9.046518241423044948e-01,9.534778375299723940e-02
5.829661303743871592e-01,4.170342667923366831e-01
9.823094709317439222e-01,1.769013095871633731e-02
8.064082304061256368e-01,1.935913714833234212e-01
7.976530315851396713e-01,2.023465690602254119e-01
5.355819331228580671e-01,4.644176671957592206e-01
8.182642204069470182e-01,1.817361795611657505e-01
9.340419022052771636e-01,6.595769692250093297e-02
6.882261455758704738e-01,3.117742553573450426e-01
5.046722044576414934e-01,4.953273921670912627e-01
5.732135946777436875e-01,4.267868090867315556e-01
9.860158704568492416e-01,1.398372544620820473e-02
5.637818074825339254e-01,4.362185970717029071e-01
6.163347409539509103e-01,3.836656650151539782e-01
7.046095234049183365e-01,2.953900695415623834e-01
6.044626037526829032e-01,3.955369891653550130e-01
5.536876567073720778e-01,4.463119337694467781e-01
8.755868972332818689e-01,1.244135130925764915e-01
7.176727336445555272e-01,2.823268550812731426e-01
6.934885655093896428e-01,3.065110229541538889e-01
5.612269893544833410e-01,4.387734234475565431e-01
5.800449097370425910e-01,4.199555036936079011e-01
9.310513060116025752e-01,6.894910784023480788e-02
5.463705230960765880e-01,4.536298934048659248e-01
9.550802798905144719e-01,4.492013762739223426e-02
8.773070019464905833e-01,1.226925784063505054e-01
5.382778761992681460e-01,4.617225440619547872e-01
9.723714120523404558e-01,2.762900902911760714e-02
8.221363751328556457e-01,1.778640469790803702e-01
5.991673594604077779e-01,4.008330626703298649e-01
8.185684977111662430e-01,1.814310775307281520e-01
6.356245461231246896e-01,3.643758791087944315e-01
8.623244991450333963e-01,1.376750726362080401e-01
8.281620576935997402e-01,1.718383722820006343e-01
8.137982161800638714e-01,1.862022139189958014e-01
9.739311129887413543e-01,2.606931891743861918e-02
5.947486775658928915e-01,4.052517543839715408e-01
7.253925560309704146e-01,2.746078767513251973e-01
9.082379012611069280e-01,9.176253167226101903e-02
6.819294758448735116e-01,3.180700910818568539e-01
9.205868521596971554e-01,7.941271409096134493e-02
7.472271946037366552e-01,2.527723710375717192e-01
6.849858350315590760e-01,3.150137305020336842e-01
6.949303060451480496e-01,3.050701293302174877e-01
5.331525594752218877e-01,4.668470049229282992e-01
7.681957268350689816e-01,2.318047105320563406e-01
5.983740126499470513e-01,4.016264265960498570e-01
5.329380141297758167e-01,4.670624267546708008e-01
9.594495996251092285e-01,4.055084155557480557e-02
7.623297380056324180e-01,2.376707061846687064e-01
7.470146359199069108e-01,2.529858113659228525e-01
4.999288298150744714e-01,5.000716176164793358e-01
7.988532481541711361e-01,2.011462999916834304e-01
6.689175655155006339e-01,3.310828879457655138e-01
6.226731298142236248e-01,3.773264160070741169e-01
7.603913802669856059e-01,2.396090783979825667e-01
7.579737125020121757e-01,2.420267476239566784e-01
6.761831833578130224e-01,3.238172775277527449e-01
9.600395657152684947e-01,3.996089794176142795e-02
6.262206418969979982e-01,3.737798218715249754e-01
6.785214393180687420e-01,3.214780968894524471e-01
6.104014744516835789e-01,3.895980616795604035e-01
9.578438984736135087e-01,4.215656553544634699e-02
8.425365476531376796e-01,1.574639165741406610e-01
9.398091802196832933e-01,6.019128437491975958e-02
6.468107699618361739e-01,3.531887637487785003e-01
7.993423783070027211e-01,2.006571548850006326e-01
5.988981989053465682e-01,4.011022693156375274e-01
5.327139147071355829e-01,4.672856165410871898e-01
8.549557167938921509e-01,1.450447523011165474e-01
9.741914917471364843e-01,2.580897780906409034e-02
5.539096593597696572e-01,4.460908143681733828e-01
5.910985018937876534e-01,4.089010233878960232e-01
5.464793774020211270e-01,4.535201473696228724e-01
7.264605092264935227e-01,2.735399662526808440e-01
5.574248447611033219e-01,4.425746777407577048e-01
7.862044369194509663e-01,2.137950855364097180e-01
7.537548007884846690e-01,2.462447213376363075e-01
5.217646996133193937e-01,4.782357798345562294e-01
5.794066098002554899e-01,4.205929107011193158e-01
6.895190153988576265e-01,3.104805046798588819e-01
8.909125122539276465e-01,1.090870076257166588e-01
8.108580550750121851e-01,1.891424255430137202e-01
7.288090340129107503e-01,2.711914466284075509e-01
5.989480086848025797e-01,4.010515095712225420e-01
9.310263000048244475e-01,6.897418509870503756e-02
8.640195784536367496e-01,1.359799351380065746e-01
7.556324114534183067e-01,2.443680753691393759e-01
8.611698465746790987e-01,1.388306418279822985e-01
6.838877832294559811e-01,3.161117281851237304e-01
9.218414900162851255e-01,7.815802134932117728e-02
6.201851396383505355e-01,3.798143712547533135e-01
8.147825783359377017e-01,1.852179119416602071e-01
7.612612088067349791e-01,2.387392816678257645e-01
7.322617366142296635e-01,2.677377722292565432e-01
7.021908569120827170e-01,2.978096355155511188e-01
7.812726351544507786e-01,2.187278576994467760e-01
8.428808846339292948e-01,1.571196094712012936e-01
7.657190377089071465e-01,2.342804670293933689e-01
9.457202455928666041e-01,5.427925866153788387e-02
8.558803600687643343e-01,1.441201358834277857e-01
7.272792038230861955e-01,2.727212938706866652e-01
6.740316989737673570e-01,3.259687988813292359e-01
7.370778929633928778e-01,2.629216091518302711e-01
5.376806297694227688e-01,4.623198685829679189e-01
6.543109233775761258e-01,3.456895755400140047e-01
9.855022709891299026e-01,1.450452518836438214e-02
6.041634914722145977e-01,3.958341464463719928e-01
5.453557583081433124e-01,4.546545477225654164e-01
6.226392106293783257e-01,3.773494226399027318e-01
7.888963569944746901e-01,2.111139108762937477e-01
7.426616102308543077e-01,2.573440241836258413e-01
7.701036055887708898e-01,2.299108437195941379e-01
6.830970334713142300e-01,3.169012483326639762e-01
9.501729732940891182e-01,4.985614955182789132e-02
9.268510231337540040e-01,7.318534599078509173e-02
5.615294434711786131e-01,4.384656128274751485e-01
8.953846469247151996e-01,1.046415987237332007e-01
5.731938756880057273e-01,4.267942432109597672e-01
6.828017853323443687e-01,3.172111292554027906e-01
6.627323323051217407e-01,3.372893851911897833e-01
7.514821272518327211e-01,2.485333447005009799e-01
9.610324250398420975e-01,3.897094185071442451e-02
9.855408350067136336e-01,1.448425087350099956e-02
7.242468162755670846e-01,2.757562722046890125e-01
5.313562288656294985e-01,4.686575215629503743e-01
9.406212147645405253e-01,5.937873288695535295e-02
8.867862613968439112e-01,1.132150706631371018e-01
8.311709875202776265e-01,1.688500691842307888e-01
6.603522139241982947e-01,3.396521326986960410e-01
9.313124079123077381e-01,6.870754668754743000e-02
7.880837788638068719e-01,2.119216373194578729e-01
6.566606022672134557e-01,3.433253644246733183e-01
8.887944376033336535e-01,1.112217670688306070e-01
7.152884626104909493e-01,2.847403969209312269e-01
9.324552704370010492e-01,6.757635140651241379e-02
8.738143768131572120e-01,1.262157231449722583e-01
6.766688861917610209e-01,3.233451391090159666e-01
6.240550292001658672e-01,3.759713897845836095e-01
8.443659469594930744e-01,1.556650460845495909e-01
6.986425302250297564e-01,3.013574128961652998e-01
9.239746988987447285e-01,7.604235227956461507e-02
7.500900289891514472e-01,2.499308533975738988e-01
8.650650613372181663e-01,1.349440665302186482e-01
9.290629534419678759e-01,7.096355739686403818e-02
7.301364858617689357e-01,2.698810552332286949e-01
6.235264072256238022e-01,3.764894031957585763e-01
5.364184845490702624e-01,4.635671094024403915e-01
6.867039533685872499e-01,3.133065984249123193e-01
5.218172213702204632e-01,4.781807001907457111e-01
6.760958491170488971e-01,3.239131559704350183e-01
7.462297815038666515e-01,2.538015437941392172e-01
6.319338471432361937e-01,3.680503652761469291e-01
5.386079989615173425e-01,4.613901719389756906e-01
8.675965675982764136e-01,1.324344539801820819e-01
5.043340340933045729e-01,4.956652541006190682e-01
9.615794861585220676e-01,3.845001844618618075e-02
6.943144477712890339e-01,3.056987822136143507e-01
6.237519000987332696e-01,3.762352454748618680e-01
6.116521328315968065e-01,3.883320474545178258e-01
7.071836572017641265e-01,2.928241997510109274e-01
7.965297254649716940e-01,2.034908365656200591e-01
8.188358227107565002e-01,1.811897333413646227e-01
9.130750078849525497e-01,8.695810855374369597e-02
9.807821827114204805e-01,1.925666420066887013e-02
6.792075508648318660e-01,3.208105879768465285e-01
8.833012235740624885e-01,1.167116158710380519e-01
5.498922482628579855e-01,4.500977709993472797e-01
5.744991364722673577e-01,4.255133472371057102e-01
8.352955731633699976e-01,1.647310311021260021e-01
8.749793150355775762e-01,1.250173778336544361e-01
8.678258981586787213e-01,1.321977124360789457e-01
8.205000938015938328e-01,1.795236580189352726e-01
5.964601856908046118e-01,4.035365627672926059e-01
8.931300179648185011e-01,1.068936346706847035e-01
5.217355631092185364e-01,4.782535686837994238e-01
8.200756600774392613e-01,1.799273359941943040e-01
5.954987724523082004e-01,4.045248151460371089e-01
8.440187776302281453e-01,1.559922016768762465e-01
9.508814632500125485e-01,4.915396268068823044e-02
8.728722867286601295e-01,1.271558267263550313e-01
9.091059212147194479e-01,9.090301219339946837e-02
5.116126598816362891e-01,4.883833280662610021e-01
7.511842095551088949e-01,2.488300886585821936e-01
7.927940931954613468e-01,2.072285151017881355e-01
6.303145637488276609e-01,3.696701712838971754e-01
5.492290505660023525e-01,4.507790377441323604e-01
6.069674351287681624e-01,3.930554076259031304e-01
9.144346134793053249e-01,8.559936201528332844e-02
6.500207531479416101e-01,3.499747118294363468e-01
8.245738285058863415e-01,1.754498938781546835e-01
8.616157794710965767e-01,1.383909174037488421e-01
6.326488097096392149e-01,3.673397628573820684e-01
6.421965164043016427e-01,3.577924636882335863e-01
5.645166756422166365e-01,4.354950733551127273e-01
8.338704130360292677e-01,1.661233163022722281e-01
6.560873796834713056e-01,3.439327552534246490e-01
8.295644504987553791e-01,1.704510426418221480e-01
8.727868024925599100e-01,1.272508554010349791e-01
9.151683833502073373e-01,8.486144379693816298e-02
7.351914038745419600e-01,2.648087722089991769e-01
8.183229062943333521e-01,1.816885437197766351e-01
8.531995556297313765e-01,1.468045543166171529e-01
7.978698065373003301e-01,2.021577016503765534e-01
8.156764767099038416e-01,1.843366343161770282e-01
8.562818696143305042e-01,1.437537987842260334e-01
6.425005021580501019e-01,3.575269925223691359e-01
5.905400797564588355e-01,4.094787781482558398e-01
5.705878930240955160e-01,4.294304935755771102e-01
9.492556567083036967e-01,5.075392011710243984e-02
5.685799245345393160e-01,4.314253698782589130e-01
8.132360417154866905e-01,1.867733744357048253e-01
8.573259148403826746e-01,1.427035684872649535e-01
7.669960853544328661e-01,2.330208154507390494e-01
6.380419511986469283e-01,3.619792886857233216e-01
6.286161516766033408e-01,3.713946682791444687e-01
5.400917378598251162e-01,4.599176755332213262e-01
7.393433732270822123e-01,2.606871259293754850e-01
6.975023376835040034e-01,3.025138067015488152e-01
8.238502100287689034e-01,1.761622872631772307e-01
8.090820459422505273e-01,1.909263997884321218e-01
5.244371332984498757e-01,4.755486153687926709e-01
5.564862338772762484e-01,4.434974126085445278e-01
8.233379459398393330e-01,1.766933731076532899e-01
9.609619909195541432e-01,3.907781932299757288e-02
5.146270418214908826e-01,4.853567667455163659e-01
8.716342519863304883e-01,1.283661875156394405e-01
9.519306452270265284e-01,4.809817906076590405e-02
5.552299057387675152e-01,4.447876947995555996e-01
5.925848539351897815e-01,4.074253975088167334e-01
9.464985708640190065e-01,5.350811088205999211e-02
9.752678368599485559e-01,2.474129222077649584e-02
7.131341254872687330e-01,2.868904983185349700e-01
5.982321465190341137e-01,4.017609785409000378e-01
9.695578901400850880e-01,3.048020152980732492e-02
5.351970722370351652e-01,4.648172754974030929e-01
7.411520872385788383e-01,2.588655295243082466e-01
5.225344989347959768e-01,4.774475471652913638e-01
7.351601757784529401e-01,2.648602580416141161e-01
6.375105843958830398e-01,3.624787951917268769e-01
6.350753105105637619e-01,3.649395015676012433e-01
8.954185496215846252e-01,1.045917770599819746e-01
6.647637854992676232e-01,3.352479743553171132e-01
8.038776390194006805e-01,1.961407872304593292e-01
9.444790552030322139e-01,5.555090389722906752e-02
6.772544454939656289e-01,3.227571351884866990e-01
5.293372226713521922e-01,4.706738093420044233e-01
9.235601193308613510e-01,7.647349923412426198e-02
8.448623533939639829e-01,1.551602528056240660e-01
6.037215688335395569e-01,3.962753876186470015e-01
8.124075386602627180e-01,1.876017974804314870e-01
7.646253939210443384e-01,2.353683843871098857e-01
9.356251305502877313e-01,6.437453911923174399e-02
8.961716105503934049e-01,1.038405958418959912e-01
8.098691213754656282e-01,1.901641307647253532e-01
9.366883583590320805e-01,6.333564640850032623e-02
8.620523385409251116e-01,1.379454151579833088e-01
6.066011081777427094e-01,3.934180884757130237e-01
9.490309897939778194e-01,5.098644315194113263e-02
6.682621984594281361e-01,3.317408161674197942e-01
9.839936619324725076e-01,1.604542376396740633e-02
5.277642785474693232e-01,4.722229209588842958e-01
7.998459764902985381e-01,2.001881972702763413e-01
9.835740489804671860e-01,1.644253608866284508e-02
5.046007523861929522e-01,4.953910032410566155e-01
9.489905117702995829e-01,5.103456590712639879e-02
6.749479929890328522e-01,3.250651415090026752e-01
9.173164115330876278e-01,8.268474140245342385e-02
7.726220436350401677e-01,2.273966574525267126e-01
6.159225957676969232e-01,3.840642314732338747e-01
7.789309472964318637e-01,2.210805343973000214e-01
7.635280488525152398e-01,2.364783715872449121e-01
5.969182038464702078e-01,4.030810921563587890e-01
6.805692368001698966e-01,3.194191575329886623e-01
5.427882687581739862e-01,4.572251745435478298e-01
5.999837311567486342e-01,4.000378381556851104e-01
8.854356438702680743e-01,1.145705863799329344e-01
7.645420131538807063e-01,2.354518829609801300e-01
9.187540054502665310e-01,8.125244742810330822e-02
7.815488382815489743e-01,2.184577346397856001e-01
6.713482880430742261e-01,3.286426433807724257e-01
6.436624727093709364e-01,3.563618928706667743e-01
8.281386631524128017e-01,1.718964977642172265e-01
6.312169334529685871e-01,3.687975707557699656e-01
6.582967884648519563e-01,3.416890031862238053e-01
8.551148844645682923e-01,1.448836837434284985e-01
9.370155278600824644e-01,6.298825667943998285e-02
8.044146384679859985e-01,1.956036823252508550e-01
7.584250784303323556e-01,2.416048795038897301e-01
7.664952489479859299e-01,2.335142086844527176e-01
8.014993936814346354e-01,1.985317000832579337e-01
8.495625793297419959e-01,1.504425991443150701e-01
8.782140649278056266e-01,1.218232277940447805e-01
5.754495786962897652e-01,4.245605209302374394e-01
7.745279703866982945e-01,2.254986393953916646e-01
9.742391262523196760e-01,2.576653808845591129e-02
7.243748879498280724e-01,2.756217542465992931e-01
8.004209639484629601e-01,1.995948849034791528e-01
9.119917508556992791e-01,8.801397873693923846e-02
7.534550452762580619e-01,2.465682112610738386e-01
7.275855009108220806e-01,2.724452155365321704e-01
9.438209217026809483e-01,5.619711213162713326e-02
6.055994705376076537e-01,3.943874751108754073e-01
9.384640781767232820e-01,6.155255074371142332e-02
5.308631032131205796e-01,4.691444168872865306e-01
6.364357488963219289e-01,3.635660848337499140e-01
7.669083368244851151e-01,2.330853982402371904e-01
9.367923811399319067e-01,6.323199591062737823e-02
9.224562507365918762e-01,7.754078786660129063e-02
5.913964893351165708e-01,4.085998295338943431e-01
8.838484273656269652e-01,1.161702108693188767e-01
8.506250851706185223e-01,1.493745784258219134e-01
5.174004174059796402e-01,4.825918087470410511e-01
5.609871966710321400e-01,4.390331233071765871e-01
5.965941679592248192e-01,4.034162969752322914e-01
5.175603564576025661e-01,4.824329597275750503e-01
