2.436490739712745823e-01,7.563509715790510679e-01
7.512301662229052546e-02,9.248770920881845825e-01
1.344118830272321430e-02,9.865586750611922140e-01
9.599126196402985034e-02,9.040085587960302593e-01
3.256056012214512130e-01,6.743945834551046126e-01
4.070563221628233364e-01,5.929439141288226356e-01
2.527190098311046101e-02,9.747284107301887879e-01
2.353605215819246366e-01,7.646391186190339972e-01
4.217926851925776210e-01,5.782077473058735428e-01
5.029599547169902873e-01,4.970395818640592212e-01
6.521492630946238434e-01,3.478500663946683669e-01
6.310514849413012550e-01,3.689477753716818298e-01
6.474499632140581218e-01,3.525508913401302902e-01
5.612023099191165709e-01,4.387968096842351784e-01
3.621854657337075789e-01,6.378154564706495222e-01
5.501607036032898357e-01,4.498402417558253208e-01
8.418211944322483153e-03,9.915827906085726839e-01
4.923520744025808304e-01,5.076467881878745647e-01
4.445980728833394124e-01,5.554007124369290116e-01
6.505261704635787456e-01,3.494750587552108434e-01
1.309463882965550274e-01,8.690548984047946623e-01
1.170343787103542976e-01,8.829642842405318603e-01
6.439464624996458220e-01,3.560550066147063486e-01
5.537219270133065807e-01,4.462765800372561209e-01
4.776858246126156060e-01,5.223126720072365226e-01
1.886975342568145142e-01,8.113008879995725620e-01
5.268496538053756284e-01,4.731487018799678257e-01
6.643229174379906565e-01,3.356787588175050852e-01
5.637227133314581806e-01,4.362756049049222318e-01
6.431624894769825129e-01,3.568357612837304016e-01
4.588030757047651398e-01,5.411951435025684765e-01
2.056130001366210380e-01,7.943888002671555260e-01
2.780542957909264978e-01,7.219475268117259148e-01
5.151180247656597655e-02,9.484862882186899657e-01
6.328177140396935574e-01,3.671843257074088318e-01
3.018514776197093186e-01,6.981506296865797045e-01
6.150640308037148563e-01,3.849337155824185674e-01
5.174794919695760997e-01,4.825182225015912096e-01
1.533398170907934177e-01,8.466625023914311488e-01
2.695293460019110299e-01,7.304681975437052888e-01
1.354137873610988529e-01,8.645837545260373069e-01
5.289283818849338514e-01,4.710741178535294837e-01
5.210578104086674434e-02,9.478916188520237762e-01
6.660562756384466043e-01,3.339411159252501649e-01
8.810630981095105008e-02,9.118963040509384665e-01
8.306872042308272031e-02,9.169285976850847231e-01
3.390965288293852908e-01,6.609061737808480386e-01
2.858844539618213831e-01,7.141182915609193271e-01
5.301238889679872335e-01,4.698731177794756575e-01
5.039722301728041254e-01,4.960308429490529192e-01
1.288514294466709953e-01,8.711454632935597964e-01
9.789079594579537524e-02,9.021123191297724109e-01
1.119689291677438553e-01,8.880279168342357643e-01
1.707488158454577298e-01,8.292480088001724647e-01
3.720741603936270070e-01,6.279290760011650985e-01
4.858379725160910101e-01,5.141652685148038193e-01
6.169206958316023615e-01,3.830760583596424795e-01
7.132300277264005950e-02,9.286803057319455990e-01
3.661285094264462581e-01,6.338681563680416131e-01
3.267092686114242972e-01,6.732871929267021383e-01
5.482801524508251756e-01,4.517234208901094172e-01
2.543723728519660110e-01,7.456239862156146536e-01
2.214723860402177669e-01,7.785238161228018594e-01
4.509042122817046305e-01,5.490919264814444478e-01
3.611263469747209576e-01,6.388697819880283513e-01
1.832109937393593957e-01,8.167850158332594646e-01
1.028108426829160704e-01,8.971851509032713334e-01
2.095655385849612973e-01,7.904304420043584134e-01
6.498866759742895072e-01,3.501091782918277495e-01
2.795637536558676084e-01,7.204404678478678603e-01
1.918760401956669248e-01,8.081196788118470975e-01
6.644828757011257414e-01,3.355214808626860168e-01
2.886363298752223638e-01,7.113593121149458520e-01
2.140748077954990891e-01,7.859206417178222770e-01
3.406913836723453604e-01,6.593131710733651785e-01
3.851370544096127113e-01,6.148583750539643455e-01
3.257313354255938487e-01,6.742640800077346341e-01
1.535278146133456090e-01,8.464767929278698144e-01
5.571025261093693892e-01,4.428927981478619769e-01
5.408481688615904837e-01,4.591470410806925972e-01
1.135154129619641850e-01,8.864796808279401530e-01
7.356299041387315274e-02,9.264419895197926191e-01
4.370670473583772031e-01,5.629279416086231391e-01
4.577962902906495546e-01,5.422088020243498452e-01
1.502423984893370701e-01,8.497524850715942879e-01
5.842730688374150327e-01,4.157320476247829411e-01
5.295855651757933047e-02,9.470361504258137941e-01
4.691531403449814563e-01,5.308415520555244127e-01
6.554369219901537980e-01,3.445577629930027252e-01
4.117765842455193281e-01,5.882288346960150571e-01
2.683051086741237712e-01,7.316894614843372224e-01
3.561185722315350910e-01,6.438757812763525878e-01
5.607604715567217069e-01,4.392452000754464292e-01
6.390223909191651286e-01,3.609833466347545650e-01
1.778732960368074323e-01,8.221208603287510908e-01
5.010307973446695429e-02,9.499027952217556914e-01
5.858303296036302399e-01,4.141755614108729167e-01
3.268658062543942644e-01,6.731401861566123079e-01
3.697631558032537513e-01,6.302428819607954757e-01
4.700249913173722427e-01,5.299810531285655824e-01
4.641635869411649407e-01,5.358303543357573195e-01
2.507206962371760217e-01,7.492853987124133974e-01
3.609226662861970691e-01,6.390711952024208387e-01
7.219145028025031330e-02,9.278147067935956782e-01
3.215918404294919597e-01,6.784143630332313268e-01
1.280346803711729375e-01,8.719715806259545898e-01
2.738342992424334099e-01,7.261720263240173390e-01
2.628625041230534531e-01,7.371442113124149209e-01
2.362762588939883446e-01,7.637169499133593664e-01
3.035036880702499107e-01,6.965033400653410922e-01
1.557882126145644364e-01,8.442188491990153532e-01
5.071962707013228516e-02,9.492875042069064406e-01
3.406762935589129904e-01,6.593165117377790541e-01
2.653260029668191855e-01,7.346667305611108700e-01
5.316430251838539789e-01,4.683496616327493256e-01
4.083078079449151132e-01,5.916848227097759594e-01
5.844565988902170606e-01,4.155507807191601843e-01
1.229254578256609581e-01,8.770671040308115618e-01
4.899578639650750134e-01,5.100495970180345395e-01
1.380289472293309838e-01,8.619786688643901185e-01
1.159857290845869721e-01,8.840219578983204984e-01
1.131689430507251265e-01,8.868229747237894589e-01
4.012104963755501741e-01,5.987978178683692754e-01
6.114484181595838952e-02,9.388468202265572993e-01
3.761954830874060796e-01,6.238128684096716503e-01
4.060254677325234041e-01,5.939661742302058123e-01
5.889541264558820766e-01,4.110374449023462273e-01
3.878053963374271662e-01,6.122030503185409422e-01
5.759217881256791793e-01,4.240696634819393629e-01
1.305223712994805496e-01,8.694690049082504091e-01
2.560325518595427674e-01,7.439764396928847390e-01
3.279137813404065516e-01,6.720772124805881598e-01
7.360670953933515226e-02,9.264023805584944427e-01
2.070919217430862991e-01,7.928989184988597394e-01
1.353558835653439207e-01,8.646349475449259803e-01
2.109327577021887223e-01,7.890764330265060966e-01
1.922459318661630112e-01,8.077632893356144761e-01
5.979903655590901312e-02,9.402102001150737243e-01
4.572342452968684023e-01,5.427563687355051458e-01
6.595061328770592812e-01,3.405033161887041082e-01
1.637644761421436779e-01,8.362260529469893733e-01
4.705883181791988834e-01,5.294022067341056514e-01
4.806525691380078569e-01,5.193569913902910118e-01
2.056844510033742635e-01,7.943251998948058779e-01
1.552855783420366009e-01,8.447047491544265041e-01
3.419394524641587996e-01,6.580507699285537138e-01
2.495302054935567004e-01,7.504599434274416003e-01
4.955173745161300936e-01,5.044727374153290533e-01
3.391301763057651963e-01,6.608598723507705941e-01
5.772887262587649282e-01,4.227012842064026832e-01
4.237023792780592601e-01,5.762875992329927755e-01
4.127484636881477709e-01,5.872414025150651806e-01
3.532487290298592097e-01,6.467614604555957936e-01
1.654410128285789539e-01,8.345484203828513747e-01
1.608968822828622525e-01,8.390925317345784284e-01
3.497997079771028028e-01,6.501896813592984437e-01
4.135231796015576555e-01,5.864874359389888880e-01
1.586471298900622440e-01,8.413635757820331351e-01
2.223937998199099209e-02,9.777499092962250726e-01
9.200433535978153055e-02,9.079849258632775033e-01
1.855962094899910875e-01,8.144145672572402628e-01
2.760986321307076774e-02,9.723793422160683653e-01
2.899964826376797422e-01,7.099926723490587177e-01
4.020574776402806028e-01,5.979533964652206102e-01
4.392543984471466989e-01,5.607564892327958628e-01
1.618652887701487186e-01,8.381236684231033740e-01
1.547739488099305338e-01,8.452370998017113557e-01
1.642531013872544632e-01,8.357579545221214268e-01
5.382835193438196830e-01,4.617275557443641376e-01
3.482171607952679326e-01,6.517717623193627352e-01
2.782660798093025689e-01,7.217450190556028433e-01
2.354077670941154554e-01,7.645811270338375154e-01
2.240814421010011992e-01,7.759297754209634190e-01
2.703597465182980830e-01,7.296289538146766285e-01
5.452867755600557809e-01,4.547245299035436172e-01
9.888207456625190683e-02,9.011294414495691907e-01
6.141418731990894164e-01,3.858698317286903823e-01
3.435869290793902020e-01,6.564013659171744619e-01
9.710938422649140200e-02,9.028788368634569350e-01
3.854922747347414025e-01,6.144957232697917382e-01
5.508912800758104522e-01,4.491207946665840556e-01
3.263535488576399524e-01,6.736585274008067836e-01
4.716375442277177532e-01,5.283746403343911879e-01
2.258970069836879480e-01,7.740906236963007725e-01
1.605810011396645032e-01,8.394063982310731031e-01
3.462115559105682916e-01,6.538010735281849506e-01
1.929907912456169938e-01,8.070218967986884095e-01
1.504397856485772400e-01,8.495473862383063901e-01
5.321974146322371313e-01,4.677897351677733906e-01
1.407733581995009586e-01,8.592395383432300804e-01
2.902595145565209367e-01,7.097275648958506489e-01
1.973585380342635365e-01,8.026543949222363361e-01
5.397353679762669776e-01,4.602776143098067929e-01
6.145389863870658331e-01,3.854478697365499862e-01
1.464050488062915711e-01,8.536081710992080573e-01
1.884245417762085428e-01,8.115887023393106858e-01
1.247350800356061828e-01,8.752782522890417694e-01
4.233634491483571627e-01,5.766500211354610439e-01
5.989502719933518238e-01,4.010632382452489764e-01
4.873691747191678802e-02,9.512766589592288602e-01
4.140100643685738074e-02,9.585853512350039907e-01
4.196174044846383289e-02,9.580519084264910168e-01
5.607199540634949519e-01,4.392663957622104931e-01
5.387936839114640941e-01,4.611925546867589043e-01
1.690553556175305172e-01,8.309308177387988437e-01
5.845800928329202284e-01,4.154342199193691854e-01
3.112612604991955023e-01,6.887243946070298328e-01
4.313895277842000331e-01,5.686248669767945962e-01
2.759433413168670968e-01,7.240710985702295543e-01
5.992174684003085394e-01,4.007969905471749361e-01
1.453100751753608200e-01,8.547045141361597764e-01
6.258513550284465765e-01,3.741632406969840896e-01
2.499368522463670528e-01,7.500778373409134892e-01
4.946111958979685919e-01,5.053741120672002873e-01
4.394077769714963000e-01,5.606069206630763802e-01
1.261930970868449242e-01,8.737920552873292834e-01
5.444530405887461344e-02,9.455398003984402111e-01
2.357178633795127820e-01,7.642670591470325236e-01
2.439067975301553171e-01,7.560780195589323904e-01
6.063369082917395847e-01,3.936478519030947032e-01
4.562646389273093406e-01,5.437201117295457076e-01
3.136398528052625201e-01,6.863448711605312225e-01
3.074041302177800694e-01,6.925804215459202551e-01
5.470794803562608610e-01,4.529049431054175123e-01
1.596287533060532227e-01,8.403868475635745128e-01
5.758360118455329024e-01,4.241796413900685847e-01
1.222660427345349798e-01,8.777497297511632768e-01
1.798173414708000850e-01,8.201668821190115644e-01
2.617398521616726148e-02,9.738100904214532783e-01
4.048534980384894122e-01,5.951304735656484102e-01
4.825393015008648812e-01,5.174767375165880701e-01
6.211090936377372529e-01,3.789070588366409420e-01
5.305902424246804472e-01,4.693935416696664586e-01
1.057170756089292063e-01,8.942666545069625217e-01
4.786501429651841555e-01,5.213661274951403302e-01
6.086723117944545791e-01,3.913440571315955907e-01
4.582930496825295963e-01,5.417234771679668714e-01
6.590189109651665988e-02,9.341146958159480818e-01
5.869816938766809766e-01,4.130350950507872820e-01
6.586278339516530300e-01,3.413553268266234508e-01
5.471237346347358477e-01,4.528592724417694892e-01
5.891803051025419624e-02,9.410648250466200349e-01
2.280935850908844265e-01,7.719237009287361895e-01
5.139278606765093071e-01,4.860548131404192618e-01
5.894526300766755877e-01,4.105300273805923550e-01
2.082661110945144556e-01,7.917164303275346926e-01
2.991810892020650980e-01,7.008364498348529370e-01
2.473111357807153687e-01,7.527065217805746222e-01
5.466520451620523469e-01,4.533656296288440246e-01
2.823293173965946701e-01,7.176883701253414793e-01
5.375997477479856901e-01,4.623824956360486071e-01
9.546946098670963665e-02,9.045483035454883192e-01
2.347913703933022234e-01,7.651908478974248640e-01
3.054378693950500212e-01,6.945443463551120855e-01
4.753018013074351011e-01,5.247160057497599617e-01
2.791124950060311360e-01,7.209053156297032805e-01
4.998376199500501604e-01,5.001443672419120245e-01
6.153255678702729270e-02,9.384492788392978513e-01
5.123151686298056395e-01,4.877030396969440629e-01
6.156246094869075591e-01,3.843940148297612658e-01
5.692676885034670536e-02,9.430545717676976913e-01
1.707463625806212582e-01,8.292723642705852605e-01
6.293898921626851495e-01,3.705913071105436107e-01
4.018087180483875254e-01,5.981723980461574053e-01
5.152176938051020727e-01,4.847634035175728551e-01
1.741549886220955523e-02,9.825655578138994262e-01
6.303955719932903268e-01,3.695853976659804752e-01
6.578622326474941051e-01,3.421567988572684627e-01
3.638852892505852754e-01,6.360956684001968231e-01
1.644630903891874663e-01,8.355559715605169746e-01
4.842900439348158392e-01,5.156904836709532702e-01
2.173349020111788044e-01,7.826845852354792354e-01
4.423832622396978165e-01,5.575971978205013224e-01
1.473938612316170738e-01,8.526256911404042071e-01
2.987162484438586341e-01,7.013033087940280241e-01
8.069965435150684707e-02,9.192806005719048601e-01
5.600936405230002579e-01,4.398866039546396878e-01
3.582890982745470798e-01,6.417306743693961257e-01
6.282740187491668848e-01,3.717458631079401110e-01
3.707696217717015852e-02,9.629031275068382634e-01
3.735670916114776641e-01,6.264129894624493877e-01
3.582855590498089104e-01,6.416943398000397591e-01
4.735988977831438462e-01,5.263809477229421940e-01
5.907577046010824562e-01,4.092624804757413193e-01
5.270224809673537125e-01,4.729572498720265861e-01
6.012927315619792656e-01,3.987276573143748171e-01
3.197527633078686010e-02,9.680042479694146440e-01
2.645566255942283229e-01,7.354642558099189209e-01
2.505087020601495795e-01,7.495122408757752819e-01
3.656995771778345228e-01,6.343213852342445280e-01
3.916534237567371735e-01,6.083255031214973574e-01
4.354554160800873652e-01,5.645233685508537214e-01
5.914393800830447523e-01,4.085818576483909448e-01
3.037626731514353473e-01,6.962587316081598754e-01
5.128998444751782237e-01,4.871218078101450799e-01
4.549037013562052811e-01,5.450744623365393338e-01
2.716201505308717956e-01,7.283579129837042254e-01
9.944346582197545470e-02,9.005344437986627648e-01
2.566769865120610561e-01,7.433008286970526068e-01
3.074099026720354955e-01,6.925679068102702507e-01
5.610491768929899425e-01,4.389730422836136126e-01
1.172397493714668754e-01,8.827380111285214603e-01
1.263130602129556787e-02,9.873464060511749629e-01
3.155576552955333680e-01,6.844200062945197116e-01
1.107593192457530934e-01,8.892182087758424558e-01
1.581337206337116164e-01,8.418888187971044212e-01
3.166670844792479067e-01,6.833102316373991236e-01
1.291833643710602608e-01,8.707939112190903330e-01
3.834157254987131946e-02,9.616356800901100232e-01
5.616096724420992503e-01,4.384132156573692374e-01
3.245468457411579966e-01,6.754760906987482549e-01
1.970192524644470145e-01,8.029577704091840351e-01
5.295216671569598077e-01,4.705013443019252506e-01
1.994994480773776835e-01,8.004775125219382170e-01
2.891277142080106444e-01,7.108491069426573494e-01
4.481774859083864637e-01,5.517993288728427759e-01
1.813792443403504095e-01,8.186441275128086836e-01
6.212755375012081194e-01,3.787009510398728906e-01
2.854557325188064598e-01,7.145207164799107780e-01
3.053958256586065123e-01,6.945804390540989415e-01
3.858651653522925939e-01,6.141110887656854311e-01
4.145957622708050794e-01,5.854280855660535243e-01
1.977804286716053905e-01,8.022434413707496548e-01
5.898309493341871157e-01,4.101451671887497152e-01
5.028305291041914593e-01,4.971455367083407739e-01
4.954950178871751487e-01,5.045289607766575424e-01
1.500817463425524190e-01,8.499423375529306934e-01
1.615349779027776822e-01,8.384408848130965319e-01
5.874354222975934903e-01,4.125403541500100579e-01
3.982099958480481150e-01,6.017656962072689408e-01
2.079591202225617580e-02,9.791796814500962620e-01
5.567672749309070523e-01,4.432572110275621036e-01
4.089500033488031594e-01,5.910254750836090309e-01
7.119485341329163941e-02,9.287805992010571554e-01
6.599519217913386859e-02,9.339802007965659625e-01
5.969817630530404040e-01,4.030428640507567328e-01
2.719181497541190429e-01,7.281065589597399690e-01
1.306183217095120697e-01,8.694064036054526268e-01
4.280561242627804464e-01,5.719191129895235814e-01
6.621425760367848357e-01,3.378326400442745459e-01
4.695606381934350204e-01,5.304641553641321616e-01
5.308994780640519107e-01,4.691254390426461973e-01
1.566316402547561493e-01,8.433433779238855843e-01
5.219941418832886315e-01,4.779808462959240223e-01
4.128736947159125092e-01,5.871513315989607129e-01
4.157780860858769079e-01,5.842469432228533099e-01
1.399436260755603789e-01,8.600814419910380870e-01
1.349087547961486631e-02,9.864839875218361920e-01
5.554622963199469521e-02,9.444790850661687331e-01
1.514940535148228129e-01,8.484805538754504051e-01
2.543966230928076944e-01,7.455778318505252855e-01
3.027230154156849706e-01,6.973025973035065217e-01
6.415842142224532640e-01,3.584413988991349553e-01
3.916895575922369477e-01,6.083360703685133375e-01
5.043548210723161063e-01,4.956709156860911736e-01
1.249887791939029991e-01,8.750370334066214228e-01
4.289229500478324852e-01,5.711028883932625089e-01
4.321640287234955191e-01,5.678101125797505588e-01
1.593826788423879648e-01,8.405914290826677071e-01
4.647572874035449941e-01,5.352167992937034713e-01
4.538736586903555081e-01,5.461003774288812895e-01
1.758021142691631455e-01,8.242239049986325172e-01
1.526652995928839962e-01,8.473607363144897153e-01
1.163487711525212076e-01,8.836772838534290297e-01
1.575649459187972723e-01,8.424089756449879562e-01
1.728580409730242073e-01,8.271680521147876108e-01
3.052527902235543933e-01,6.947210199663559349e-01
4.897279003470205727e-01,5.102983339649304062e-01
7.622500421413061500e-02,9.237487214916704215e-01
4.091937648425673646e-01,5.908325619159914277e-01
3.353550807994089000e-01,6.646185910697699484e-01
4.105327647692439408e-01,5.894408479739765561e-01
4.354376117601063134e-01,5.645888187028983429e-01
5.851745196394284587e-01,4.147990171171168083e-01
4.643647209637422613e-01,5.356086865069302760e-01
3.583418271877978345e-01,6.416315414326752009e-01
5.987696847183519022e-01,4.012036798790931669e-01
2.747622620380872349e-01,7.252644390161546717e-01
3.646940116583106128e-01,6.352791305984261117e-01
2.067502427865243742e-01,7.932227798022684073e-01
2.506280856664450454e-02,9.749641794160495145e-01
5.458169459370033616e-01,4.541558840336529790e-01
2.716359322771294549e-02,9.728090917065942422e-01
6.035139970500866813e-01,3.964585114119330567e-01
3.195737940616199396e-02,9.680701630706903815e-01
3.816685667029677265e-01,6.183589798464415033e-01
2.101597822230897861e-01,7.898678551500516454e-01
6.586346429909746281e-01,3.413376807517438105e-01
3.648830659692854361e-01,6.350891696727135605e-01
8.545562282951187083e-02,9.145721758043943161e-01
3.754666635151883702e-01,6.245611612526071887e-01
5.424115331835142051e-01,4.575606232105999815e-01
5.213860555980186495e-01,4.785860467024204978e-01
4.520892034828501438e-01,5.478828758943669053e-01
6.470654126422532570e-01,3.529626192370087234e-01
4.761198155454768322e-02,9.524161271262181483e-01
5.013571487987188435e-01,4.986710462438230795e-01
3.117437216690671642e-01,6.882279468377572318e-01
5.495367371485958552e-01,4.504916212116656382e-01
6.477032134960289955e-01,3.522682993376862193e-01
6.980569289793873977e-02,9.302228544632096252e-01
5.837061393313615065e-01,4.162652967163119611e-01
5.942715544164828279e-01,4.057572309438934877e-01
1.621345276081936904e-02,9.837577186722267220e-01
2.694121045236140266e-01,7.305590644618552565e-01
8.012995934184984070e-02,9.198411422948059579e-01
8.348558201410485879e-02,9.165433186134476218e-01
1.819845080811793858e-02,9.817726001978825945e-01
1.213109306216091227e-01,8.786600778666278089e-01
3.890321210968915311e-02,9.611259362364202863e-01
3.462322492074171310e-01,6.537969646486152531e-01
1.161136454910778326e-01,8.838570753708976380e-01
5.628379941010644982e-01,4.371326965228796713e-01
9.484439337776735812e-02,9.051260739225808205e-01
5.389264020851485260e-01,4.611031366787034513e-01
6.599667458946975040e-01,3.400629033805840362e-01
3.142479865978785314e-02,9.686049849843740844e-01
4.359234070997274335e-01,5.640467235623112252e-01
4.189081333461827650e-01,5.811218417940371417e-01
4.052883288781229942e-01,5.947416644772192118e-01
4.777952677123147307e-01,5.222350328676489406e-01
5.139541660148099211e-01,4.860763207254354956e-01
1.782226676031103407e-01,8.218079661227514210e-01
9.242013876206869871e-02,9.076105008789072670e-01
4.910114570043824234e-01,5.090194597002256627e-01
4.400291093350645055e-01,5.600019020475248688e-01
1.528837809253606461e-01,8.470851945161378405e-01
1.420161158633387322e-01,8.580149240398586841e-01
3.590229668608652669e-01,6.409459789053141288e-01
2.038233201344003820e-01,7.961455493354074875e-01
3.553032737843079825e-01,6.447280231874673584e-01
6.150711494048346356e-02,9.384615807842172641e-01
5.165879120632539401e-01,4.833806731546451685e-01
5.327037438355169963e-01,4.672646806590396440e-01
4.433662133628525348e-01,5.566021715430290451e-01
6.524242161280408014e-02,9.347892170273668366e-01
3.795857011272429360e-01,6.204459704329369218e-01
4.233946221233583218e-01,5.766371749776236788e-01
4.955976417462784056e-01,5.044342405092839821e-01
5.607059887735009740e-01,4.392621047817860114e-01
2.540025328684612504e-01,7.460294474857629421e-01
4.349832912993026879e-01,5.650486916652297520e-01
5.644860226125331115e-01,4.354819085912579046e-01
3.139505361066045608e-01,6.860173901162318622e-01
2.735669203254060822e-01,7.264010052619285229e-01
1.773189396343824442e-01,8.227131599335244516e-01
5.245847254384471414e-01,4.753830854520566529e-01
1.078793097812963953e-01,8.920884687636645438e-01
1.398279394144199550e-01,8.602043033763848712e-01
1.700214571749482650e-01,8.299462604628371487e-01
2.799807740107747023e-01,7.200515279846957384e-01
2.978638219948985186e-02,9.702460354085642447e-01
4.942561883837901515e-01,5.057764006417203584e-01
1.241962425374975587e-01,8.758365253817719243e-01
4.215645891296246339e-01,5.784683162334824935e-01
6.489046130577988958e-01,3.511282972768712263e-01
4.021347452599972616e-01,5.978981668469702804e-01
6.157456255858654304e-01,3.842873187415596359e-01
4.232268333970959362e-01,5.768061433091339341e-01
3.074908831194001491e-01,6.925422012262988369e-01
4.158181880818110354e-01,5.842149032725790780e-01
3.966424831139859775e-01,6.033906285392341973e-01
3.529981295049241519e-01,6.469686433597097164e-01
6.221250370818298681e-01,3.778417346323250658e-01
2.028021499303875319e-01,7.972311122771753578e-01
1.226864262165222874e-01,8.773468598729808887e-01
7.632645897947927527e-02,9.237068876087906055e-01
3.541435719387009406e-01,6.458228654847192329e-01
3.467817682525261430e-02,9.653554421011789621e-01
4.218721025623824450e-01,5.781615334173225706e-01
3.991022820647087688e-01,6.009315264705002990e-01
4.032861792054267536e-01,5.967477046587549294e-01
4.782339579813520980e-01,5.217999621942177590e-01
2.310105220350383848e-01,7.689553891534073315e-01
3.123388815875874913e-01,6.876269227349880442e-01
3.415348413896847346e-02,9.658120226159344623e-01
3.783445526158532579e-01,6.216899573412688618e-01
5.508970247557880562e-01,4.490684636372377359e-01
5.045520685896891511e-01,4.954133992956413768e-01
2.255244449377826199e-01,7.744409549757873545e-01
4.071273569501952516e-01,5.928380240312726146e-01
3.201302850374372899e-01,6.799043675743240422e-01
2.879533803546033277e-01,7.120119416925996259e-01
1.528813979918902666e-01,8.470839188474239556e-01
2.689336225669748948e-01,7.311010637310975113e-01
2.386389772661137720e-01,7.613262608160156208e-01
5.924329317484179347e-01,4.076018366134023241e-01
4.135943887815635156e-01,5.864403886420013201e-01
1.555761352805292153e-01,8.443889410545571961e-01
3.763705715362711257e-01,6.236643768512906139e-01
5.353941796794297048e-01,4.645708443386105113e-01
3.583001413193445672e-02,9.641349151617977231e-01
1.825380789623718414e-01,8.174266536930848703e-01
2.119682272087518304e-01,7.880670971860986862e-01
6.053797597983863188e-01,3.946557631655763787e-01
3.477352311836470200e-01,6.522291802673948480e-01
2.632078849586224831e-02,9.737148345640719294e-01
1.219713103902535650e-01,8.779930276438926429e-01
9.096272984686565310e-02,9.090729689597706331e-01
5.175430445777114974e-01,4.824926808220899033e-01
2.202105993832835784e-01,7.798251691940077945e-01
4.938192653414377742e-02,9.506538603014459410e-01
4.423596716933507200e-01,5.576045231376384193e-01
9.077086332515468814e-02,9.091933099765513449e-01
6.561154398395672160e-01,3.439203944734356422e-01
1.488348011417335859e-01,8.511292966386796444e-01
5.833646399137253358e-01,4.166712791018782891e-01
9.396735195327481083e-02,9.060685874860229250e-01
4.078370463399310086e-01,5.921989575809918360e-01
1.748165282526076003e-01,8.252195839350073836e-01
3.703822766511541964e-01,6.295815652578814481e-01
2.998541862445773254e-01,7.001820005331846897e-01
6.114801358611963167e-01,3.885560705982022411e-01
4.836974289701141683e-02,9.516665808359975331e-01
3.443273720565922513e-01,6.556362623574982784e-01
4.851769534889716629e-01,5.147866584057377848e-01
5.716217070017519386e-02,9.428742948859473172e-01
5.785961189940227456e-01,4.213673814557530317e-01
4.502677000517322781e-01,5.497689497084400356e-01
4.512410188207208184e-01,5.487223190280504648e-01
2.515021202882951057e-01,7.485346190873549688e-01
1.152083864597212293e-01,8.847547994351184775e-01
4.490526727219021352e-01,5.509842938503152210e-01
3.466908727885805175e-01,6.533461739447640193e-01
1.307991338278728655e-01,8.691637618057254100e-01
1.253394409376270557e-01,8.746234090357618562e-01
1.879092004231553981e-01,8.120536486857136138e-01
3.747447649854609986e-01,6.252179173499181619e-01
6.226658727738612065e-01,3.772967895456780241e-01
5.909189314544696092e-01,4.091184114478367828e-01
7.617842283279704918e-02,9.237841273650569951e-01
4.019750274593632544e-01,5.979875214275616191e-01
8.013301890205204447e-02,9.198293726702477802e-01
1.237505691457401052e-01,8.762117773547274391e-01
4.454520739983702238e-01,5.545855947533279151e-01
1.605234151954041122e-01,8.395143248678144099e-01
3.382364567165070945e-01,6.617257297026020169e-01
2.313167859506433943e-01,7.686453428147718148e-01
2.831057245824000201e-01,7.169322454962343549e-01
5.513848871181137312e-01,4.486531814345089408e-01
1.391821328317390249e-01,8.607797218873285416e-01
2.351612415839737513e-01,7.648005128327456381e-01
4.959353842007680480e-01,5.041029406468381380e-01
6.476426048300238936e-01,3.523190168428294577e-01
3.746024656472949355e-01,6.254359467240677706e-01
6.020568790189807507e-01,3.979815553651164795e-01
4.402477581481171187e-01,5.597907735932472484e-01
6.122748915989554425e-02,9.387339295587899812e-01
3.565011452514330603e-01,6.434602357288101704e-01
6.271650556248673514e-01,3.728735731810751131e-01
1.424399789756064516e-01,8.575213802111512074e-01
2.392947849573411889e-01,7.606665390951543593e-01
5.721920472742308972e-01,4.278466334575548036e-01
2.257168820705808820e-01,7.742443256902736826e-01
5.916745690950131475e-02,9.407936775285636877e-01
6.445316069888498145e-01,3.555073764728797214e-01
5.096262332623063829e-01,4.903347359503736347e-01
3.404865395380510806e-01,6.595525438558522691e-01
2.049259958570154305e-01,7.950348874720918335e-01
4.087932948609496187e-02,9.591598045162131880e-01
2.551811453324869805e-01,7.448580104496522747e-01
6.028982916561764771e-01,3.971410253735851437e-01
5.849288329238310213e-01,4.150316617483761350e-01
4.529588500284238428e-01,5.470015751401438031e-01
1.725089162706600066e-01,8.274514552004861301e-01
2.081330181261184797e-01,7.919067556252771256e-01
2.454508533134711068e-01,7.545890050077576072e-01
1.858905149027084147e-01,8.140696130857878465e-01
1.463813841641236346e-01,8.535787378318493435e-01
3.058350597848981112e-01,6.942049206733853506e-01
2.058592393059310299e-01,7.941005831972692830e-01
4.785271253141900605e-01,5.215132881506300278e-01
6.320022350272506140e-01,3.680382944616776841e-01
5.731916663465316253e-01,4.267677522870760298e-01
6.004816581299592115e-02,9.399924746977467160e-01
5.401624790547487898e-01,4.598782764002859458e-01
2.273299688411373198e-01,7.727107891190833078e-01
1.299876951170856471e-02,9.869604480432764282e-01
2.685802123903250904e-01,7.313789798585379476e-01
1.830812184879145321e-01,8.168778687856667053e-01
4.433042230908880721e-01,5.567373667136238380e-01
3.983032842292096309e-01,6.016550749704498990e-01
5.395037885261325800e-02,9.460914158306766852e-01
1.679681989189405200e-01,8.320736368099077573e-01
5.384873537753847028e-01,4.614705675947830543e-01
4.520787076197089749e-01,5.478791839695027477e-01
5.459110810918549328e-01,4.541311533983178328e-01
5.550990026662103727e-01,4.449433445879874549e-01
4.292782951695479632e-01,5.707641034765158494e-01
3.174540172621220790e-01,6.825884361385673449e-01
3.495874341664033103e-01,6.503701008236382197e-01
1.952719301531707641e-01,8.047705472782878955e-01
6.495409837649193108e-01,3.504163741844652513e-01
6.292061739021239664e-01,3.707511684098531157e-01
6.297267864637819956e-01,3.702304743045000124e-01
2.345104320736769166e-01,7.654467634791831676e-01
5.047423379582580832e-02,9.495686546197958933e-01
4.549010187003042771e-02,9.544670086267189602e-01
1.194682984449235430e-01,8.804887613384625444e-01
4.945230632107833757e-01,5.055200289729673280e-01
4.680059627101437192e-01,5.319508536952466393e-01
2.370483638725305597e-01,7.629949307018341065e-01
3.752106179453906787e-01,6.247459880606783811e-01
5.652227935171292295e-01,4.347337745397802378e-01
5.481954520535539110e-01,4.518480832499970345e-01
4.551877369093366710e-01,5.448558101314634472e-01
6.072267985338480889e-01,3.928167508125017804e-01
5.013463764715514470e-01,4.986972791821489559e-01
4.504888453954989935e-01,5.495549632377034754e-01
4.780203515277611226e-01,5.219357876539765240e-01
3.920765857607183547e-01,6.078794982618718201e-01
4.341123214132853181e-01,5.659317440440907454e-01
3.046546177752177953e-01,6.953894508917527473e-01
4.039449274923649358e-01,5.960991557021464438e-01
2.344874936825639133e-01,7.654683330775897687e-01
4.290020391064058858e-01,5.709537003858422555e-01
8.271796124071861822e-02,9.173263455187413706e-01
3.332332019210358931e-01,6.668111115539594458e-01
1.720302190982218316e-01,8.280141267464850019e-01
4.692839836750100080e-01,5.307604693333438650e-01
1.859587317032628320e-02,9.814485869954755470e-01
5.649978140615219413e-01,4.350466473237813436e-01
4.437812032655411021e-01,5.561742854533191505e-01
2.930873543009995114e-02,9.707358252460134285e-01
1.580046234897240776e-01,8.420400177792863872e-01
5.418983562486280325e-01,4.581462884231021215e-01
5.502590700515663791e-01,4.497855885472940018e-01
2.261634501933657837e-01,7.737918100452162440e-01
2.926087311099545216e-02,9.706943589522375460e-01
4.578038971042056593e-01,5.422408998799055357e-01
6.298363338636669972e-02,9.370612360473102864e-01
7.707940182580359789e-02,9.229654909564398713e-01
4.926871416970151074e-01,5.073577704017433465e-01
5.177078719145632446e-01,4.823370479699397029e-01
7.651782474756721464e-02,9.235272019480854633e-01
6.595006754899145340e-01,3.405445038289608428e-01
5.573635736901448867e-01,4.425912199991123841e-01
4.797234388334572497e-01,5.202312785068815559e-01
5.259247233765919072e-01,4.740298869887979993e-01
7.878734116600939752e-02,9.211671852654169657e-01
6.125314684139794297e-01,3.875140164789819819e-01
4.758650785113845427e-01,5.241804137953494092e-01
3.513793907515069259e-01,6.485749321743422557e-01
3.940844318667108270e-01,6.059612725788771082e-01
6.427576785843674978e-01,3.571965791172875271e-01
5.863037883188630950e-01,4.136502946632925615e-01
6.468397034644002286e-01,3.531142681898306601e-01
3.384165287552199919e-01,6.616295803553929877e-01
1.411632376136842948e-01,8.588828890435019625e-01
3.747143384873187766e-01,6.253318033695518530e-01
9.760125840095711103e-02,9.023525370899998510e-01
3.372345450534329492e-02,9.662303074501896738e-01
1.653812072953637913e-01,8.345724742317791600e-01
6.664030043558836214e-01,3.336434212239733355e-01
4.155369735861681457e-01,5.844165461108096205e-01
2.277533263444455613e-01,7.722932481289781492e-01
6.413439270047831542e-01,3.587026739932738240e-01
2.799010263631761530e-01,7.200523288780927844e-01
6.394419917873317427e-01,3.605112215218903016e-01
5.979231331048990850e-01,4.020299876883942081e-01
4.910026090685325473e-01,5.090443285703426524e-01
4.439266967921293716e-01,5.561203140326600458e-01
2.230577507944439819e-01,7.768952273837537170e-01
4.639300383874214173e-01,5.361171912663190708e-01
4.685079708485936356e-01,5.315393435773120290e-01
5.431014631967002737e-01,4.569460472762249537e-01
5.747846878297963036e-01,4.252628875379367845e-01
6.613013783567489590e-01,3.386510036327765594e-01
4.431919154060222632e-01,5.567604552907720050e-01
5.993472125526174699e-01,4.006050956858444034e-01
6.596097578793297389e-01,3.404379853152799118e-01
4.384491485060267313e-01,5.615030678767024552e-01
1.391332051832909755e-01,8.609145951656422824e-01
3.067956187993172920e-02,9.693683649927739010e-01
8.725168911536106131e-02,9.127963493819987173e-01
5.559380460817415770e-01,4.440138861065656140e-01
4.933852998614213226e-01,5.066628868117104556e-01
2.446272721145130724e-01,7.553244459994107318e-01
6.025265148666678616e-01,3.974251560249456028e-01
2.545671638103710541e-02,9.745917095926632800e-01
3.151866647961920620e-01,6.848618437932663117e-01
1.081144993794623116e-01,8.918368212949764340e-01
5.611961358517668641e-01,4.387549952343821613e-01
4.370742872591985573e-01,5.629746068354317678e-01
1.916211835431684829e-01,8.083297391922291686e-01
1.555799781518056313e-01,8.443709432515102975e-01
2.438705368264047768e-01,7.560803746184068252e-01
8.511931308044179412e-02,9.148315106265993979e-01
6.166230931850534558e-02,9.383869564780442651e-01
4.740759958061476209e-01,5.258747227604120278e-01
5.473901378608051482e-01,4.526591641838135782e-01
3.273979529269049338e-01,6.726513727647325247e-01
2.332623918268114105e-01,7.666882219035422441e-01
1.036689230745171768e-02,9.896825375021995885e-01
9.170028368162373711e-02,9.082501366261602760e-01
6.093652652686460947e-01,3.906843761578371321e-01
4.306216939938770638e-01,5.694279833111578482e-01
8.694573236231778468e-02,9.131039650584241718e-01
4.856263991035214000e-01,5.143238555883852259e-01
1.948350358272726845e-01,8.051151973654878669e-01
4.027727319695783570e-01,5.972770541945868761e-01
2.495821893917926082e-01,7.503680237847084600e-01
8.710459059668660894e-03,9.912396946529462571e-01
3.972051259074447227e-01,6.028447539926859999e-01
4.144373268736934457e-01,5.856125652423624928e-01
2.234029313253021731e-01,7.765471074307546129e-01
1.861080942509991121e-01,8.139418802453839419e-01
5.838007292261375714e-01,4.162492963118188949e-01
5.442320853686600790e-01,4.558180410137399052e-01
2.308293327293578501e-01,7.691205318581496586e-01
6.327051946979703745e-01,3.672446017141842711e-01
6.407165047764646904e-01,3.592332797521683441e-01
2.136100293753878110e-01,7.863396957356110217e-01
5.753900578886163991e-02,9.424106296022678464e-01
3.861112222731392096e-01,6.138383216284722943e-01
2.940553241764535808e-01,7.059951837850882983e-01
6.127232840283591830e-01,3.872261717287063254e-01
2.704977641149787226e-01,7.295529076350655284e-01
6.271394843437474442e-01,3.729112342974172933e-01
1.876437668000706938e-01,8.124070064912403133e-01
6.493130884733768760e-01,3.507376889696892652e-01
2.496588829792396325e-01,7.502903301270936742e-01
3.260022080635485708e-01,6.740487470429357142e-01
3.373520565837989649e-01,6.625969214938457474e-01
1.414515038523285473e-01,8.584974615675756704e-01
1.164354711443448404e-01,8.836155735813270296e-01
3.325336413951117676e-01,6.674152877695094244e-01
6.460736243182870764e-01,3.538752663786796093e-01
6.437037195218252572e-01,3.563474220051522368e-01
5.562433086674772875e-01,4.438078677841393871e-01
3.026335413517107775e-01,6.974176581650975981e-01
4.052277362588496690e-01,5.947210145131607284e-01
6.479636760213239310e-02,9.352549063179561584e-01
6.133316149148677621e-01,3.866170412052438166e-01
2.735361790018863148e-01,7.265152836607057241e-01
5.504587854160727378e-01,4.495927518476947049e-01
2.137351982940204898e-01,7.862131946864295839e-01
1.621582832022726850e-01,8.378933612381607166e-01
6.567052941311518621e-02,9.343811346563761777e-01
6.089951998432043823e-01,3.910565096201993329e-01
6.013865662689340530e-01,3.985616631729058668e-01
2.221015507254879562e-01,7.778466175965931262e-01
3.692928728721554532e-01,6.306552489225766278e-01
5.332319836909541477e-01,4.668199698242550544e-01
1.880295064900381896e-01,8.120224681025035585e-01
1.582415848549016679e-01,8.418105115086288448e-01
4.600614789932529480e-01,5.398863922429589790e-01
3.480562418932289792e-01,6.519960583065310677e-01
2.559928333827281577e-01,7.440595306050848956e-01
3.512408325593267544e-01,6.488115668912096679e-01
1.134841242856051424e-01,8.864631852511667409e-01
4.933368793716924605e-01,5.066103976734311898e-01
6.448910700687933151e-01,3.550560515277952356e-01
1.539122311329970683e-01,8.460347964061922799e-01
4.928071017818154709e-01,5.072460559758914522e-01
3.250357040055009694e-01,6.750175956562127766e-01
5.936161721528731006e-01,4.064371650486750531e-01
4.393170843670582970e-01,5.607363001063535579e-01
4.403029054176348378e-01,5.596435953182465894e-01
5.009622681038504721e-01,4.990912881436398441e-01
3.909143950866927342e-01,6.090319408222025777e-01
2.810232181430636911e-01,7.189230883483017642e-01
3.417065545663485748e-01,6.583472872563971290e-01
3.850562849072787230e-01,6.148898605590342736e-01
6.359997649202867587e-01,3.640541897965822171e-01
1.974105751194640823e-01,8.026433854223125053e-01
6.179386561408831691e-01,3.821153103839353138e-01
9.976763318792658541e-02,9.002864850142975328e-01
7.721729028568367903e-02,9.228368488932059410e-01
5.250303656407138142e-01,4.749154499613720271e-01
2.375017073242006727e-01,7.625526665152666528e-01
3.315185675088181960e-01,6.685358169416519836e-01
5.762891819365676405e-01,4.237653273844816937e-01
4.017656686194512328e-01,5.981797505792662006e-01
6.494138315937699746e-01,3.505314536866283581e-01
3.186225547208251796e-01,6.814321818915521911e-01
4.490214840621328807e-01,5.509235824064890874e-01
3.913077062946083706e-01,6.086371823102569856e-01
2.031932280513089051e-01,7.967516024370562278e-01
5.739454234310508163e-01,4.261098168517466478e-01
5.400797155756920098e-01,4.598650371067173337e-01
2.322922078832246884e-01,7.676524372555033615e-01
2.872449613331270468e-01,7.128104667904296976e-01
5.855451812879504114e-01,4.145103608272801554e-01
1.383939479456290089e-01,8.615504467407377742e-01
5.841351808591790373e-01,4.158090882441713432e-01
3.157670049095663845e-01,6.842887373405308615e-01
3.753522288063274037e-01,6.247036042120146515e-01
4.482652958516468167e-01,5.516786676998468586e-01
6.488966451766180477e-01,3.511593993372361111e-01
1.239052901759727932e-01,8.761508925531118486e-01
5.994809526829577573e-01,4.004626711383211246e-01
1.952594634084316161e-01,8.047971492486899470e-01
4.842561394263451002e-01,5.158005983715435727e-01
1.188528651631741567e-01,8.810901430252395805e-01
5.105210381291893640e-01,4.894219679079676033e-01
6.150518817985698439e-01,3.848909977639069502e-01
3.050258351711023774e-01,6.950312998891901017e-01
4.980854405994556422e-01,5.019717076277996348e-01
3.129639211587471603e-01,6.869788397697602633e-01
2.124939750699898211e-01,7.875633241167756537e-01
2.592932444734584729e-01,7.407640618254770493e-01
1.307890396750858442e-01,8.692682992069801218e-01
1.185754816106072002e-01,8.813669716513474750e-01
4.849199628027182213e-02,9.514503795758303406e-01
3.721022820483872451e-01,6.278400741270403485e-01
3.215237353067252335e-01,6.785339208510503539e-01
4.046601538729159286e-01,5.953978441064403659e-01
2.129686490937588994e-01,7.870893644501674169e-01
5.512033745230340287e-01,4.487385366738732562e-01
1.210331191845035181e-01,8.789087394742319814e-01
1.145768485503330936e-01,8.854813375232122308e-01
5.958066696741555202e-01,4.042515592427285420e-01
4.368990291525504666e-01,5.630427314849185683e-01
3.765761681470676803e-01,6.234821349458945505e-01
4.207282600182026822e-01,5.792134105469289862e-01
2.655868786481422467e-02,9.734997001592738952e-01
1.935581696697165621e-01,8.063834153734613652e-01
3.964578800678391080e-01,6.034836993122882909e-01
4.976133780342327784e-01,5.023280772619713730e-01
2.355602822203458069e-01,7.644983017651333368e-01
2.044181822667830717e-01,7.956404342476871561e-01
8.098343844644376177e-02,9.189577695606457874e-01
3.902359452875332479e-01,6.098228533803414786e-01
5.496758980506679659e-01,4.503829482691517061e-01
2.555389542062224684e-01,7.444021927452570964e-01
1.823103956654884006e-01,8.177484630109597141e-01
3.688779149656025436e-02,9.630531720841789545e-01
6.133416076849264320e-02,9.387249215524151591e-01
6.259311982536391872e-01,3.741278942049144907e-01
4.501545839389080039e-01,5.499046027387756164e-01
1.813361605057523251e-01,8.186045912904630351e-01
3.385962914054979067e-01,6.613444587142832676e-01
5.841878800374618042e-01,4.158713856057872360e-01
7.995184172726498006e-02,9.201074262781052671e-01
1.409952760951014572e-01,8.589453728142386613e-01
3.773130170412088980e-01,6.226274601747890935e-01
2.139826856973784941e-01,7.860770005487942580e-01
5.660695725822341151e-01,4.338707330568821741e-01
3.566457449098028865e-01,6.434140813888041821e-01
2.747949936180054120e-01,7.197782312576683772e-01
1.701019330480133263e-01,8.276553423245625041e-01
3.035517086604363479e-01,6.951811900506795761e-01
1.066697747552302900e-01,8.939912646533128004e-01
5.397426941300838971e-02,9.395429280175843223e-01
4.110078723934896261e-01,5.908291821017076506e-01
5.837140709628916291e-01,4.143092550610625313e-01
6.138058909337661406e-01,3.854041446122249415e-01
2.092908855788124245e-01,7.890170101923807966e-01
4.396023257877527679e-01,5.626467856261607725e-01
4.277392071692776021e-01,5.704830720840600167e-01
8.976508949510168811e-02,9.081117548812450702e-01
9.157304052466293254e-02,9.079833740096512340e-01
6.274418277171152081e-01,3.721193124591961610e-01
5.228580593676631638e-01,4.789980210243687808e-01
3.990326444044907661e-01,6.010233892746712492e-01
4.319235923349589723e-01,5.670169168461750564e-01
1.031109389444357649e-01,8.922390375928423989e-01
6.319919729188473445e-01,3.720143184302011075e-01
5.635116803398116936e-01,4.348412641473070606e-01
1.510208600270692425e-01,8.465340367512254049e-01
4.072544272352833228e-01,5.919988080817669696e-01
6.051682524290173948e-01,3.991860974984446364e-01
1.324534227670084163e-01,8.626680264588291180e-01
3.710229718363861617e-01,6.306359748450804936e-01
8.056350454116335824e-02,9.139576136143846563e-01
1.451922349750685293e-02,9.839895938020490895e-01
6.807063491839439318e-02,9.256003933620270407e-01
3.909573200110155189e-01,6.095842184702207067e-01
4.128778875756279609e-02,9.533996989996221805e-01
3.077622363323997412e-01,6.901376764736342206e-01
6.040728460864460553e-02,9.387943848691105986e-01
5.929967230187422889e-01,4.048928361323654856e-01
9.531407176848885610e-02,9.015556858481050817e-01
8.991793996319663584e-02,9.102765861309500828e-01
5.475208526940588544e-02,9.429658184138618449e-01
3.744555940916844960e-01,6.236367660293993254e-01
5.970966144853406821e-01,4.059415721348998973e-01
6.231926426679983422e-01,3.748959753921783933e-01
2.567012476025127277e-01,7.381099276193548997e-01
5.803624745721062128e-01,4.239577653635179244e-01
5.770636948715857084e-01,4.234864524470887126e-01
8.925514735891575124e-02,9.076868009616502198e-01
3.383288629614751852e-01,6.627083366590612590e-01
1.229568920029627983e-02,9.849808109377891086e-01
5.700976483703987796e-01,4.276388429687048021e-01
6.121799088510888609e-01,3.856290149418258317e-01
1.465695701601214262e-01,8.543066106924801506e-01
4.755691945911103696e-02,9.513229646857248589e-01
4.277178928538965530e-01,5.713829245798119905e-01
1.303945064432516787e-01,8.691666090894255570e-01
5.523155709111924327e-01,4.451655765621787553e-01
2.240638265721515143e-01,7.718204933109686916e-01
3.089135565509571468e-01,6.922437314430991417e-01
1.639682881310339235e-01,8.300797074123305030e-01
1.595259905106339027e-01,8.377425425719754459e-01
5.708171496405297640e-01,4.325071406168624621e-01
2.489554053549079271e-01,7.470147195243665994e-01
1.266277364923990359e-02,9.824699369190845744e-01
5.550920126400967769e-01,4.476521240348828035e-01
1.341428866653579244e-01,8.653215813365642273e-01
6.198406384160985994e-01,3.833152733217541352e-01
3.094089994439809810e-01,6.863533077408425775e-01
2.425159684934197757e-01,7.565044822414064285e-01
1.024892954440671800e-02,9.875210198758959113e-01
1.157507769456120744e-01,8.810814360152778857e-01
1.562365255064480929e-01,8.443906500767319745e-01
2.407463729759123372e-01,7.541139739795800212e-01
1.403940571630615253e-01,8.575480905624749406e-01
2.370034159919443273e-01,7.580039494759435170e-01
4.355982300550674258e-01,5.673424214534683596e-01
5.410211065269707742e-01,4.576794749057433997e-01
6.211710393699586552e-01,3.798363764567976308e-01
2.597131054728126637e-02,9.719990851907454044e-01
5.595885290245102839e-01,4.406005891926451090e-01
1.816333795391230355e-01,8.164971216702238133e-01
4.679670219631520411e-01,5.333436495383567788e-01
4.106747303498280988e-01,5.879958448598709975e-01
3.214997633070779681e-01,6.753788192541457791e-01
2.053515939098915499e-01,7.950426329671904657e-01
5.531394083210356971e-01,4.452416277413012713e-01
4.452043835786667070e-01,5.519107789326218594e-01
1.897202708085167222e-01,8.112513879591293220e-01
3.784709495190378137e-01,6.179978385861304435e-01
5.725443891357412385e-01,4.313343554588589535e-01
2.185356920382827001e-02,9.715116458666548382e-01
5.318331283054380521e-01,4.713499184341438664e-01
2.437970395270754598e-01,7.520710355557406190e-01
3.982128198053724866e-01,5.998666601968981604e-01
6.071711960143545417e-01,3.938793582789975600e-01
3.649861624359643231e-01,6.314513436575307503e-01
6.118547685359253530e-01,3.876103980762644619e-01
6.105608726332678593e-01,3.923447744780329538e-01
9.518048569895000421e-02,8.997466772840553295e-01
5.553455869583253657e-01,4.477885547113993336e-01
4.397883005238306664e-01,5.575828217149577659e-01
6.484723181001015302e-01,3.521772915482002109e-01
3.862960866471226162e-01,6.121327500816651224e-01
3.791964294894675236e-01,6.187712918694613373e-01
4.367986745964662632e-01,5.598819883777923501e-01
3.936791337124866952e-01,6.027827829438158203e-01
4.645447267058033791e-01,5.366797395591276221e-01
6.622366028740863664e-01,3.394594375539044528e-01
4.505467328915750413e-01,5.469300239044414536e-01
5.669946860923179566e-01,4.318697356778365415e-01
1.505136333694899464e-01,8.480568456076243988e-01
2.204634915018409413e-02,9.724382647941466340e-01
5.067059136822266163e-01,4.945025925529502042e-01
2.830617659799643526e-01,7.162733847416560273e-01
3.791477494078953070e-01,6.234745446373657352e-01
3.783800416697170599e-01,6.201328861941152182e-01
1.284205988950522792e-01,8.672702455020684376e-01
1.112032951985113538e-01,8.868671191180379498e-01
5.797207418375748267e-01,4.215249424751639773e-01
5.901523203984651023e-01,4.083250503963871680e-01
1.244627093438563370e-02,9.817405584798655216e-01
4.912574294801800856e-01,5.104935955040494910e-01
8.387911869468613058e-02,9.158698736213605196e-01
3.473868244838971830e-01,6.522213019631099007e-01
5.428005920755895053e-01,4.580979088027764545e-01
4.586516545151531621e-01,5.431735990180815987e-01
3.238127845303780394e-01,6.776659724743524515e-01
4.139708926990846583e-01,5.876328690947552058e-01
6.371363202773068224e-01,3.624638074577867242e-01
1.425736778317099329e-02,9.844489864617332886e-01
5.651139528006098312e-01,4.374451962419479978e-01
5.664284518722209061e-01,4.334556941139265929e-01
1.048684465663328180e-01,8.939063319450928358e-01
6.467044759145923472e-01,3.569705660483142862e-01
5.186318411100583337e-01,4.799163881629624484e-01
4.412060130599871344e-01,5.557899108529962273e-01
4.141873675121862663e-01,5.866303761722445609e-01
1.189867051544276910e-01,8.803948574247927317e-01
3.815114104123736860e-01,6.204750131524213730e-01
4.453827250222505696e-01,5.520625753153515225e-01
1.355758239408290378e-01,8.586791988221774696e-01
4.991913671037207512e-01,5.022132315960061710e-01
2.461370817637169583e-01,7.539718820774121699e-01
2.553912864817574069e-01,7.446395368691967054e-01
3.237315577828757673e-01,6.723653821348694049e-01
2.696364929525891796e-01,7.303694434705069183e-01
5.267016723773827458e-01,4.727153632492590574e-01
6.599039385010263548e-01,3.404253611296384485e-01
1.457468430134709614e-01,8.545311293171620193e-01
7.739957510942738206e-02,9.210927404879776237e-01
5.786850735811398527e-01,4.187950800305406118e-01
5.610231045695643348e-02,9.386978745533541835e-01
3.888676947688032848e-01,6.075559177747820172e-01
4.306925284999736370e-01,5.656463961845699107e-01
3.424272097275331550e-01,6.592024191225135388e-01
4.076111972496774816e-01,5.948417579206982664e-01
5.972108839337013642e-01,4.019418672511449464e-01
4.816017062047039388e-01,5.162897008804051557e-01
5.035240854020784917e-01,4.956967420194535734e-01
3.074848885621389583e-01,6.882891476930640406e-01
5.955611686443278430e-01,4.077555081851676477e-01
5.097529193552792215e-01,4.934154336382113870e-01
4.136768641784620004e-01,5.865396197152666913e-01
2.657538166117053291e-01,7.293733569585760801e-01
7.868835613597288670e-02,9.203453082688599629e-01
3.522841955084649035e-01,6.478979641663584754e-01
5.402406422782201484e-02,9.399413047025736434e-01
6.667370532339240707e-01,3.329235117294337964e-01
5.175741061500676032e-01,4.822197611956113295e-01
3.206415263198412191e-01,6.793327127654269493e-01
3.044508465928853491e-01,6.907869363199284907e-01
1.240681256905917518e-01,8.714936633272820643e-01
7.586897984827069286e-02,9.230279859100415374e-01
3.547546585140549102e-01,6.478418787809536727e-01
3.700181961566360034e-01,6.306410595483107340e-01
6.773628882186705225e-02,9.260342349161805320e-01
3.618884741944090044e-01,6.348166633409222381e-01
3.607598340476798060e-01,6.374786951915155653e-01
1.556631485834167605e-01,8.380213830748680648e-01
3.881091772551008984e-02,9.595064138382646268e-01
2.401172272043669009e-01,7.596887382322077276e-01
2.316082186914743962e-02,9.701692657134710629e-01
1.066936449678315413e-01,8.922708614782973724e-01
2.729455458089480868e-01,7.284319997502013422e-01
3.029038183548948826e-01,6.987974949667291602e-01
5.507857278494655562e-01,4.476156848384442721e-01
5.205174102395464519e-01,4.793849356379776827e-01
1.017979986372901519e-01,8.924842115046318636e-01
1.380949187382916887e-01,8.616921044412984010e-01
2.730935826625718321e-01,7.274514101771413221e-01
5.597575058596040432e-01,4.370009393182759383e-01
1.265554042486185526e-01,8.728320380121016298e-01
4.051778807326122944e-02,9.574009947209451976e-01
5.221528712175068643e-01,4.785194343776421610e-01
3.403126070501461542e-01,6.614700090194910453e-01
1.819426657524972624e-01,8.151286764214842329e-01
6.530876235701158494e-01,3.484462390859009440e-01
2.259391131721672219e-01,7.757489061006395126e-01
6.094570097095211025e-01,3.905751195248466368e-01
4.405339758413344131e-01,5.584359716540781005e-01
6.303105808292400747e-01,3.738714603521161028e-01
3.627606179159230670e-01,6.385743054038411914e-01
4.680836549083501885e-01,5.349132315148289463e-01
2.771637341275745570e-01,7.223041396333295117e-01
6.366416968935478815e-01,3.679529732070180303e-01
6.280035597079770548e-01,3.734891883183266148e-01
2.580499769189625869e-01,7.389789923990576215e-01
2.850156981750645580e-01,7.106235817261343790e-01
5.593442857094530485e-01,4.392877581107884066e-01
2.392339918831511703e-01,7.608024667493948900e-01
5.771530071809553852e-02,9.418729929498255160e-01
3.041511152382804783e-01,6.915832197954913108e-01
4.972463959467421368e-01,5.047740826009257109e-01
1.212781483007460415e-01,8.772277847850441512e-01
4.583698179222542857e-01,5.441653648757547312e-01
5.818901728874562584e-01,4.160354102979514357e-01
4.215029117909714906e-01,5.744901665033245175e-01
6.091312040585140641e-01,3.916577967116639525e-01
5.478614910497349166e-01,4.511809092866372328e-01
3.485005750444219452e-01,6.509237116501290776e-01
3.972987863868607805e-01,6.046418291977749826e-01
2.976834350068186669e-02,9.698378610455791193e-01
5.113101335970660077e-01,4.898224841357300408e-01
1.086173015463133135e-01,8.913168465009720931e-01
3.456751336548756770e-01,6.507383544334798264e-01
6.586791466770056669e-01,3.438156542112747460e-01
1.413830123062134458e-01,8.550919163280593649e-01
4.716306857852896606e-01,5.275230484918003171e-01
3.005040179359674823e-01,7.009877467885246016e-01
6.260976538918091583e-01,3.729846083689664638e-01
4.657478547865419038e-01,5.341723467691621430e-01
5.366265898322671729e-02,9.415184600258450498e-01
3.784718921098009781e-01,6.187079661754419924e-01
2.800320671733054212e-01,7.166447649559886113e-01
2.988855300096806000e-01,7.005141865640336363e-01
2.654526573835318537e-01,7.317600359716474046e-01
4.246025210488651447e-01,5.758406603310100014e-01
3.733918738744690380e-01,6.232909889568748474e-01
4.752590997970761455e-01,5.261621404944014646e-01
3.965181219665616097e-01,6.031376237972851939e-01
2.471862548636572787e-01,7.509504742090584717e-01
2.004309686584193340e-01,7.967761897703815599e-01
6.329500083124702803e-01,3.684085514643553050e-01
3.186023447574205525e-01,6.768091908199139750e-01
4.284879697395887477e-01,5.738816097976400243e-01
2.087619613209711622e-01,7.903048067874963722e-01
8.779504240912840152e-02,9.122838122527292537e-01
9.032563896438602913e-02,9.052717577812869898e-01
7.102865702374724921e-02,9.267048806083301171e-01
4.707296081859066450e-02,9.471951316096046680e-01
2.635574575344779014e-01,7.326665788625936759e-01
1.589076715551907340e-02,9.798239860166535475e-01
4.084022172959185792e-01,5.913661259571213469e-01
9.505395964949356347e-02,9.010329871571236549e-01
6.340962472473551381e-01,3.638348086535175829e-01
2.304253578214268683e-01,7.658367748157945964e-01
2.690266457275468648e-01,7.290459385008758453e-01
2.353978806947202018e-01,7.594869053802070225e-01
5.244265038160227099e-02,9.468915084925482173e-01
3.771920588664226526e-01,6.203362507071799037e-01
5.485099840682399197e-01,4.544608065254876483e-01
5.731409206180799742e-01,4.248798134520257452e-01
8.213792815915885170e-02,9.138737840461003126e-01
5.148597417629204864e-01,4.831822284591121286e-01
1.048674531312620006e-01,8.902897293564037140e-01
1.286620669156419983e-01,8.685487221936337709e-01
4.673119330441428132e-01,5.335558864536907864e-01
1.412981835349350901e-01,8.585815103037440776e-01
4.955969076526277606e-01,5.042231250788513641e-01
3.445957868309287853e-01,6.508818237570511700e-01
1.302813736424500157e-01,8.661686701351964945e-01
6.499424821025797661e-01,3.489748061390065548e-01
6.375651374216689815e-01,3.668310912157277670e-01
4.074357319920659387e-02,9.568492696501386119e-01
4.535580544944409764e-01,5.462168263648466970e-01
2.308355822805585045e-01,7.675183731605808024e-01
5.239198823310645681e-01,4.792948501693276575e-01
3.128850420447588654e-01,6.880870344881027112e-01
4.617361477191406771e-01,5.386975189550842202e-01
4.545159833329235344e-01,5.451169080740084771e-01
6.199310676264193631e-01,3.789548313615120345e-01
3.131612733408019045e-01,6.828377035363916159e-01
4.625509912410045305e-02,9.490865006834811046e-01
4.111397737718515688e-01,5.880709332476518059e-01
5.518547360470420493e-01,4.519178039256890878e-01
4.311649253792120828e-01,5.697819359719019650e-01
1.682046144810184218e-01,8.256552193970905229e-01
2.746222783304105852e-01,7.216989418557396840e-01
6.413539074224603453e-01,3.609299662565474409e-01
5.928987141696579616e-02,9.375236108782384337e-01
1.953281340728218463e-01,8.011591047603123794e-01
6.000160984326590174e-01,4.034740847565743693e-01
5.519703969069986726e-01,4.519632301645793437e-01
2.741486940375245651e-01,7.219563602518753731e-01
2.617066276151414628e-01,7.391229914733098427e-01
6.033456415041562604e-01,3.979969448317297598e-01
1.711314971844729027e-01,8.243304876838682960e-01
5.784929576780643012e-01,4.244190143414262040e-01
2.706141860162313284e-01,7.257949960353725638e-01
5.626996095366156858e-01,4.344364500632011961e-01
9.545428636448052839e-02,9.036324101409840548e-01
1.328641100612309445e-01,8.608224035685766440e-01
3.757691054593961244e-01,6.263744597039229145e-01
5.219471005718183676e-01,4.806529640641430401e-01
6.436250715490696717e-01,3.560417896565244433e-01
5.987021160609051762e-01,4.034209748249295013e-01
3.485924090130131381e-01,6.491526575719743786e-01
7.240609564607561333e-02,9.219096131539150640e-01
1.967778872334621787e-01,8.018429911547831912e-01
6.224299784150870707e-01,3.788575284237529761e-01
5.908632765513261997e-01,4.099536492803479981e-01
6.266311224786227374e-01,3.724603000604076453e-01
6.250242775917841387e-01,3.778147692513497136e-01
7.858760804082022544e-02,9.186452834790707067e-01
1.337761718442348202e-01,8.669591889372685323e-01
9.813462565174757568e-02,9.014465024508678814e-01
6.797547451457570944e-02,9.264040043001544600e-01
2.207533614045907588e-01,7.795167923813839383e-01
5.768787814455518248e-01,4.226803456288728000e-01
3.537120165629647484e-01,6.427206968536873788e-01
6.464225163585901601e-01,3.558548869736872233e-01
6.418963186100661300e-01,3.610333619237180436e-01
8.629053250526644292e-02,9.077452789541193834e-01
5.046316933734735777e-01,4.935859880883116668e-01
5.285678487541676240e-01,4.715081595841188467e-01
2.920731493839272552e-01,7.033912735022586071e-01
3.756217158589058025e-01,6.221801910326641982e-01
4.846275478489615596e-01,5.169751019450791185e-01
2.273470593057156097e-01,7.698037951767473519e-01
1.348213837582157293e-01,8.620423323028730822e-01
5.195585423945476844e-01,4.770853178115946336e-01
2.476008403314272910e-01,7.524772482364678883e-01
2.067787003639203966e-02,9.723557771390346494e-01
3.222854741917126342e-02,9.636503645226165427e-01
3.866367838019529324e-01,6.156502182683215585e-01
6.549976734911362730e-02,9.334332476596796102e-01
3.903259628624614619e-01,6.060343315188085889e-01
6.387388991433960994e-01,3.595135333360863217e-01
3.868273792418480683e-01,6.150678038067646236e-01
5.278027388414190391e-01,4.711077361288716348e-01
3.018267581042392012e-01,6.986391922356858242e-01
1.781975938838218365e-01,8.206070876132277592e-01
3.753074649422296627e-01,6.208524092557754503e-01
2.084637019997207658e-02,9.771757430283577461e-01
4.171512251694293738e-01,5.823104817300106539e-01
5.824482162168632265e-02,9.370360383884223099e-01
2.360222653532882131e-01,7.650432975326526552e-01
5.966175562777501495e-01,4.054674921197864434e-01
5.016475020508589511e-01,5.014493103623354209e-01
3.741914777341164844e-01,6.284434947423434004e-01
4.042212542334262804e-02,9.575027442013022139e-01
2.558849961510538673e-01,7.444270305256486253e-01
4.310708095985288923e-01,5.702624100067198443e-01
5.300793380975771241e-01,4.670037539208510280e-01
5.873827687360598793e-01,4.143476486321879260e-01
4.614903324282838559e-01,5.389744784966922220e-01
3.795702304540540806e-02,9.575455262841926496e-01
4.860257546156389052e-01,5.138574632343817505e-01
2.582394145863013968e-01,7.374944702926687912e-01
5.588180074275416187e-01,4.404620222732672508e-01
1.044929084459125107e-01,8.888054594577785572e-01
4.097049229415090088e-01,5.872056561280009079e-01
3.884425895239360660e-01,6.129464443351761993e-01
5.554450321813800828e-01,4.418545130763003592e-01
3.334806594615082886e-01,6.689547263888110384e-01
2.183452497069625631e-01,7.789237570951796918e-01
5.202698684438850085e-01,4.827827987406363985e-01
5.029834499456432573e-01,4.996861181739736257e-01
3.199454261481440853e-01,6.811289236524119550e-01
1.254262864674915712e-01,8.700367893737683822e-01
5.060075038251470730e-02,9.460754837297637998e-01
3.577108632283335088e-01,6.400758004901903053e-01
3.727338944893390793e-02,9.592511063074393718e-01
6.647139356795396248e-01,3.343970502947911094e-01
2.550029005920447234e-01,7.466347377903628235e-01
4.747666014700595016e-01,5.231546315764391553e-01
6.433973981733592806e-01,3.543208243292941262e-01
4.685966533129973799e-01,5.345412994682625651e-01
1.132479113235843882e-01,8.825582668898227512e-01
6.402334969194466430e-01,3.632493949520758658e-01
1.237371016793558237e-01,8.739055546814193942e-01
3.715713514058708311e-01,6.291307823725169612e-01
2.762227477985351037e-02,9.668732026006002789e-01
5.297983535483136164e-01,4.684180164358196508e-01
1.489864550926855991e-01,8.500455752863479431e-01
1.566600130493117360e-01,8.373202501738750136e-01
6.453243657536126276e-01,3.557568601476549519e-01
2.095575304482909518e-01,7.873001894780597976e-01
8.837723243921481731e-02,9.108956245980908140e-01
3.692893557121001424e-01,6.329268871030616639e-01
3.440681478519770908e-01,6.560842935210663418e-01
4.362438427079387560e-01,5.617865030561051132e-01
9.686167057067518460e-02,9.024134446217837446e-01
4.667822000306560137e-01,5.309023600480387017e-01
4.007207204037981363e-01,5.982633202598234279e-01
5.477196291714864218e-01,4.526096974539425277e-01
1.160001674150217266e-01,8.845426450642340788e-01
4.660998357891066313e-01,5.351632549954845608e-01
6.544357623026382242e-01,3.453357711074625525e-01
2.865731333978285833e-01,7.150984155005249976e-01
2.511069517025766307e-01,7.474690525942543351e-01
4.112136726096752293e-01,5.860676124848875901e-01
8.517411017159635944e-02,9.132758736805739463e-01
3.522126485849065292e-01,6.448730639860429381e-01
4.131913101376639696e-01,5.856193616299938398e-01
5.631837298499144939e-01,4.380107655372865172e-01
2.146247104177653742e-01,7.795969074701319945e-01
6.168048765542861744e-01,3.852937810743021219e-01
5.813796296381605888e-01,4.155765555926216326e-01
2.109025216159065574e-01,7.884408602840200508e-01
2.355641432309101557e-01,7.606573958696272175e-01
4.234585788141370100e-01,5.735936679154975959e-01
1.425652580437414552e-01,8.531046891978355529e-01
6.157365794536645565e-01,3.876934850803660515e-01
2.609989190723329133e-01,7.339830509639100331e-01
6.332140039838832779e-01,3.642808804113122911e-01
6.423066468119992267e-01,3.623670472385718822e-01
3.847752117839982611e-01,6.137488239897102016e-01
6.195403460514911087e-01,3.829920016797095372e-01
6.725433733004479442e-02,9.315774794915335777e-01
1.953787678819004225e-01,8.044057402674856805e-01
3.998867595273685738e-01,6.010314751162717517e-01
5.969144312474686798e-01,4.017403972294829595e-01
1.755480493005253106e-01,8.238850563770679925e-01
4.254313985971692191e-01,5.764712010394685837e-01
2.148264068004300253e-01,7.859248433163317227e-01
4.782720437107252920e-01,5.189834733346851969e-01
5.305352092308464051e-01,4.706079060101345801e-01
3.220875566286373476e-02,9.669340213154363761e-01
4.351328282681973803e-01,5.639159592043203606e-01
5.832964901104947808e-01,4.136846461246504458e-01
4.388528487055952110e-01,5.635244685667698539e-01
5.517859821574683243e-01,4.474507827127711668e-01
3.112519657860704503e-01,6.897787319970946074e-01
6.114895822532746550e-01,3.857793807514204865e-01
4.229400874735403382e-01,5.768992803797622360e-01
1.381779379067362978e-01,8.617692205898248581e-01
5.283925520568562018e-01,4.751332186093052967e-01
4.494938580687534713e-01,5.513298328836507833e-01
1.776523458483725559e-01,8.229652061399607144e-01
4.993223108656665854e-01,4.981614767860450543e-01
1.829999355949905038e-01,8.143131587764812496e-01
6.636168213379141090e-01,3.380440946430124938e-01
5.062092313607994276e-01,4.914712154052140458e-01
3.021388534269861537e-01,6.990652900155146510e-01
2.121139831885129889e-01,7.840079974245705019e-01
2.813270322497304354e-01,7.178677719742229124e-01
2.759906910503563959e-01,7.245920083267914924e-01
1.560890291899338644e-01,8.439247986210076657e-01
4.495176255142055988e-01,5.482621973608764465e-01
2.943864172454426775e-01,7.003405644143693154e-01
1.000145698842671571e-01,8.976869960706099771e-01
5.607402490140901419e-01,4.394870709383884022e-01
2.834115182466291905e-01,7.120942226625437410e-01
2.543426565678523210e-01,7.451226313587659966e-01
4.870889653995342794e-01,5.142122775923465561e-01
6.626362862339610360e-02,9.340568484629038215e-01
6.404514164408484089e-02,9.301203943311362465e-01
3.204743718373924133e-01,6.749193633061217890e-01
4.608386694099934622e-01,5.401474937886602268e-01
2.508900316223853788e-01,7.486950150028348627e-01
5.412883042953113844e-01,4.576088508636956820e-01
3.186127381305300932e-02,9.644782054830702833e-01
3.573779968999081513e-02,9.592397543564823437e-01
5.749466432496418422e-01,4.290111093994943836e-01
2.208014472382806848e-01,7.801490841660528863e-01
1.627299384977339280e-01,8.373432201178463430e-01
4.492215407727078724e-01,5.491066904400155879e-01
4.674773939898617114e-01,5.323392468844914127e-01
2.591697816662202197e-02,9.733353053123148246e-01
4.716939701400816448e-02,9.518733494633520031e-01
2.673633531891215775e-01,7.308725209979870518e-01
3.680061560741386129e-01,6.298697356184603802e-01
2.507646670403191336e-01,7.458586744394670731e-01
2.918898850816564750e-01,7.069358931702852678e-01
1.413414858611635183e-01,8.555844335514749543e-01
5.918821932990674384e-01,4.115799608038662183e-01
2.050299333064107832e-01,7.950610124998318540e-01
3.162060123469944140e-01,6.830879299918015679e-01
4.503855733345311640e-01,5.527049225611729844e-01
1.130055332909223748e-01,8.831862752525935223e-01
5.029473900505295747e-01,4.983545368348896720e-01
2.584017869817065161e-01,7.430747216884069362e-01
6.464152863643376490e-01,3.576361510359756246e-01
6.683714911792809632e-01,3.354714607277197724e-01
8.846077806898855478e-02,9.082744017423139971e-01
1.736277240242286024e-01,8.244674667882467833e-01
3.948985316747148921e-01,6.014951271122287446e-01
5.207381658341257019e-02,9.454081371959011104e-01
6.655456387043630073e-01,3.328460940785102906e-01
6.237761160028622021e-01,3.807881651820809177e-01
3.640590243413732718e-01,6.355913302056890313e-01
5.032078518834263159e-01,4.956422145147300617e-01
4.955430880845650976e-01,5.074500788600888601e-01
4.007603803360410000e-01,5.989115681810663894e-01
1.783450280395939003e-01,8.228138139592505729e-01
8.211882687217282595e-02,9.124902942169534903e-01
2.969568775843264841e-01,6.988584178786535483e-01
1.773227161805541741e-01,8.193987909476775355e-01
2.491915885162558630e-01,7.523940817496093114e-01
3.027137273015686469e-01,6.966806695182633513e-01
8.407422721458952808e-02,9.107983732612217054e-01
1.661081655956826719e-01,8.340301350079359910e-01
6.208543412205821399e-01,3.816400387727776899e-01
1.024719612836818283e-01,8.956631679904900611e-01
1.955242923588471349e-01,8.032029104827758115e-01
9.020898562103751850e-02,9.038850443993019512e-01
6.319984486513311461e-01,3.691145116176560714e-01
5.808916501419204570e-01,4.230141047422210643e-01
6.069140196117007724e-01,3.932439559852568545e-01
2.212343882148313512e-01,7.791089411085367900e-01
3.717990809132220575e-01,6.273689142160563392e-01
3.139508698247249208e-01,6.835884161235831202e-01
6.055749825439427081e-01,3.967046983118062142e-01
5.078446164459702317e-01,4.899322081106800009e-01
5.035657787264123941e-01,4.974769276609216639e-01
5.503450340703887056e-01,4.509620681008802978e-01
3.453089388724523423e-01,6.498357975932448349e-01
6.287015143546231810e-01,3.691547398916691369e-01
6.224116921316280582e-01,3.810127644290233206e-01
3.771715597082877514e-01,6.199671359876134380e-01
4.932292683695095881e-01,5.037275325901501288e-01
4.580342280487889606e-01,5.434120732251135344e-01
3.503578603283714066e-01,6.498116715527973986e-01
3.036857976466864617e-01,6.922508760190971833e-01
2.325611999308270506e-01,7.653369466299692059e-01
6.650769857110444550e-01,3.362345816963140943e-01
8.345056818340333693e-02,9.145636492503641524e-01
2.521377851480043897e-01,7.441451267448936369e-01
3.309363386690452602e-01,6.646162641296156082e-01
5.280303258285040657e-01,4.727288279119202796e-01
1.260964808321376751e-01,8.715799012406686419e-01
3.164917921141390811e-01,6.789649402313951976e-01
2.581676465426265277e-01,7.419833920383214210e-01
2.365971233303754695e-01,7.611808458511319930e-01
6.355177425243061506e-01,3.689962934875612444e-01
2.623631042529687152e-01,7.376376072431761743e-01
5.581626478257143420e-01,4.406506136277704155e-01
4.683671984863859161e-01,5.327434188644819546e-01
3.180196341119294612e-01,6.783924411428037260e-01
1.515792048013538812e-02,9.804462548572879799e-01
6.052452955240804622e-01,3.983142087319758162e-01
2.668043003721156103e-01,7.289979590217505745e-01
1.783514871134384838e-01,8.202893262516058881e-01
6.446644791409328334e-01,3.594391837607973095e-01
2.015210639590968023e-01,7.925941360495785126e-01
6.060762752487058175e-02,9.354424372701839463e-01
6.132472108946157574e-01,3.852356453129844316e-01
3.720717924892400497e-01,6.299215718960218258e-01
5.686737543969622166e-01,4.328824110066847863e-01
1.667795767524489492e-02,9.806269545414141309e-01
5.835948082253328284e-01,4.164353794541054699e-01
3.934164728883819961e-01,6.048670760195771212e-01
5.126881757182383259e-02,9.456492430741011423e-01
6.339817849982952447e-02,9.309022629745465904e-01
2.043212562876355609e-01,7.948545770345434303e-01
1.650374664126307567e-01,8.354230516294016695e-01
6.203434878172909839e-01,3.806629799593124752e-01
2.113803247215053360e-01,7.875483453010316826e-01
3.021089103721736335e-01,6.931971415930366920e-01
6.108269724603967443e-01,3.885357000642331027e-01
3.229340805315321639e-01,6.790399701306548685e-01
6.123374595228265882e-01,3.881785300685655082e-01
3.299425945790216419e-01,6.660766109503449828e-01
1.823433246097605764e-01,8.183168635328897933e-01
