5.204562605861067226e-01,8.538883311496928696e-01
4.205712046663824255e-01,9.072595363477348185e-01
4.355305673069729266e-01,9.001739316675075875e-01
5.214782709917082926e-01,8.532645478823533969e-01
5.150347934387942139e-01,8.571692583786444386e-01
4.013035081324174413e-01,9.159451490402016338e-01
5.070089881336888871e-01,8.619407495517600326e-01
4.081519878605384122e-01,9.129139754963124798e-01
5.201854562878653887e-01,8.540533098098512799e-01
4.774189919473680876e-01,8.786757969886759279e-01
5.162095585689413513e-01,8.564623444737133884e-01
5.200573256462308613e-01,8.541313102395579060e-01
4.821693446316458465e-01,8.760780840756491328e-01
5.114433827973553504e-01,8.593169210110545020e-01
7.600577313099543542e-01,6.498556459196576096e-01
7.515569652874600770e-01,6.596682844260860490e-01
7.570907934691912811e-01,6.533095772001195067e-01
5.131564738836786876e-01,8.582951426269986861e-01
4.572125605993421216e-01,8.893575182264791268e-01
5.166138054876072694e-01,8.562184455388208715e-01
5.414773160344525937e-01,8.407154623555169737e-01
4.404625754177419750e-01,8.977708878700074724e-01
5.080746383445744474e-01,8.613129374157396656e-01
4.709861077746144709e-01,8.821405195941183219e-01
4.217978139718632224e-01,9.066900151284446041e-01
7.011448045032812049e-01,7.130187261033786861e-01
4.100815827209017272e-01,9.120487353632550365e-01
5.204779566207036190e-01,8.538752484266934895e-01
4.489300777833851730e-01,8.935670190964696280e-01
4.689816273583035655e-01,8.832080578164948070e-01
5.392073248955246978e-01,8.421728955745111378e-01
3.293339419258767276e-01,9.442134050245596377e-01
7.614357450917343950e-01,6.482406408298944100e-01
5.167879602422775775e-01,8.561136003544135287e-01
4.342616929137460002e-01,9.007866136285785919e-01
5.516441666066084215e-01,8.340793673390356489e-01
4.103499248311168746e-01,9.119279912872517713e-01
5.226970263340743328e-01,8.525182989662455357e-01
5.178076288104380698e-01,8.554968650445832212e-01
4.049868015894131368e-01,9.143223555415036508e-01
4.629079018236036402e-01,8.864065834343239914e-01
5.150206424866122790e-01,8.571775477403381638e-01
4.096944341157494063e-01,9.122226277247043047e-01
5.022583952628516535e-01,8.647173522125543021e-01
5.290213091983086979e-01,8.486087895694492955e-01
5.303424587738996276e-01,8.477837691347895888e-01
5.431494058491710408e-01,8.396357872998432281e-01
5.088358084610122845e-01,8.608638542999915710e-01
7.583302673983025599e-01,6.518701485324225331e-01
5.545862132593842864e-01,8.321265633519389082e-01
5.181661863922777389e-01,8.552802323654911110e-01
4.068942731055796291e-01,9.134750429583184950e-01
5.271624553955003289e-01,8.497648066618697094e-01
4.026027753500802664e-01,9.153745697011986815e-01
4.098270498295725206e-01,9.121634826285993647e-01
5.216593855959121839e-01,8.531535437886970108e-01
5.114153782408877857e-01,8.593339419188706918e-01
4.105102444505471793e-01,9.118562301192302266e-01
7.628393630665801783e-01,6.465875892390520185e-01
4.112969536350760125e-01,9.115016650152054645e-01
5.209822099456209443e-01,8.535672070814617207e-01
4.313378831335968888e-01,9.021907490578842115e-01
5.183560401844088394e-01,8.551652610162824297e-01
4.568381914879426908e-01,8.895501283590669939e-01
4.114464181173465018e-01,9.114336617453936418e-01
5.065443314543462971e-01,8.622142798396549290e-01
4.253349336247465584e-01,9.050357116474170294e-01
5.226256453724142936e-01,8.525618977571614021e-01
4.066976266117882099e-01,9.135625306443480032e-01
4.095014901229414028e-01,9.123091428060002839e-01
5.213828585731641319e-01,8.533224650739896777e-01
4.505158982965523640e-01,8.927680577089049940e-01
7.592609943312136345e-01,6.507868367145671629e-01
5.194087414738088881e-01,8.545263285987653168e-01
4.049193360481175286e-01,9.143527363536968489e-01
5.109932471803722009e-01,8.595851408719041853e-01
7.609523150299439820e-01,6.488084537645304462e-01
5.237110756309178994e-01,8.518963928883892534e-01
5.126362961870345458e-01,8.586054289162251552e-01
5.181735362174741955e-01,8.552759535364768961e-01
4.784457703896712877e-01,8.781175183948318752e-01
7.805372894448295851e-01,6.251099149685703793e-01
4.050102323694269590e-01,9.143125189530242336e-01
5.263231693552821167e-01,8.502850905088418232e-01
5.259602991060164934e-01,8.505086364991392145e-01
5.228735904199532936e-01,8.524097535631198763e-01
7.625061559673589340e-01,6.469816892647373141e-01
5.786159260086224387e-01,8.156007113842346223e-01
4.147701262947607326e-01,9.099258232606727281e-01
4.243586786909625541e-01,9.054937646321546962e-01
5.116656815820409543e-01,8.591841289616022337e-01
4.106725805399938922e-01,9.117832920783042194e-01
5.246783777876034005e-01,8.513010560728925258e-01
5.154757294309577631e-01,8.569046929172678961e-01
7.937264667717454092e-01,6.082740564319633059e-01
5.800762815383755377e-01,8.145627394753927053e-01
7.605416521210335290e-01,6.492899120365581700e-01
7.613556507966644515e-01,6.483352407373215165e-01
5.222923167778781295e-01,8.527670544122645246e-01
7.075630929406515612e-01,7.066509044747982804e-01
7.620963860250113964e-01,6.474643872261911515e-01
7.433096373881821206e-01,6.689483004522377430e-01
5.074468445805859762e-01,8.616835997644108902e-01
5.092601096341371480e-01,8.606121146296747959e-01
4.039474217378874465e-01,9.147826350843122345e-01
4.105468381932110833e-01,9.118390719786118037e-01
4.461722795941552855e-01,8.949466110582628975e-01
5.336441456320506482e-01,8.457097034892057108e-01
7.609775132519629448e-01,6.487790895574732097e-01
5.231419014367967302e-01,8.522450187495140828e-01
4.038073928237884136e-01,9.148435798302513300e-01
4.280201111822229953e-01,9.037696841598895636e-01
5.075169940380994671e-01,8.616423147288959639e-01
7.607227037676833614e-01,6.490778636418549352e-01
5.199192141786234123e-01,8.542160183613531910e-01
7.633942137518994198e-01,6.459337321966835965e-01
4.105166735590791705e-01,9.118526284361236911e-01
4.066556732456438339e-01,9.135819659557044004e-01
5.114002095611165366e-01,8.593432530004110337e-01
7.340296906521310838e-01,6.791165406118532255e-01
5.218079751920574605e-01,8.530623682151761145e-01
4.078784013332802383e-01,9.130367384202755510e-01
5.221594160933175077e-01,8.528472777361222334e-01
4.960604221240151879e-01,8.682874017247748100e-01
5.173266799070004307e-01,8.557886330145710874e-01
7.564301063846271544e-01,6.540754537639844601e-01
7.608792373622720318e-01,6.488944389552123715e-01
4.045913404384072209e-01,9.144970977290710623e-01
4.709700305267523479e-01,8.821486318886180289e-01
5.211563010049756750e-01,8.534618942443822354e-01
4.100782043774270358e-01,9.120508712207753277e-01
4.078330484375556342e-01,9.130570257130578016e-01
7.624048608290192597e-01,6.470993517448251353e-01
5.195332223701978336e-01,8.544495844161698050e-01
4.041041085883693151e-01,9.147135190830434359e-01
5.201106644114623645e-01,8.540981967188976398e-01
7.582223538259457163e-01,6.519950504339319108e-01
3.870062503752781380e-01,9.220765712642651213e-01
7.751973354218117951e-01,6.317201969138318551e-01
4.382255250374489375e-01,8.988644568959102132e-01
4.011595284855403731e-01,9.160076521830902152e-01
5.149145452551798785e-01,8.572422308558774739e-01
5.891744539031342764e-01,8.080066870303986848e-01
4.116972870721855582e-01,9.113200763772136836e-01
5.186077808132900646e-01,8.550130028347947553e-01
5.022411169013264454e-01,8.647283423507339251e-01
5.117169107632808522e-01,8.591533829617424844e-01
7.628641542719051261e-01,6.465576949508375915e-01
5.201086047630345544e-01,8.540993738772648669e-01
4.173510829162325741e-01,9.087447096801570812e-01
4.094399366541742191e-01,9.123364662025168492e-01
6.374803475246089146e-01,7.704656620071561601e-01
7.623008006439668804e-01,6.472240493548550022e-01
4.107075113309038294e-01,9.117677701786907063e-01
3.938182723914156469e-01,9.191889199785999720e-01
7.618182823229662226e-01,6.477896244982589424e-01
5.139038889449889513e-01,8.578485537995813592e-01
4.065852321929540603e-01,9.136122256259496810e-01
5.170374267135283697e-01,8.559619806513749651e-01
4.920609699151166083e-01,8.705599640601454636e-01
5.210888853218575978e-01,8.535032389290406751e-01
4.962089142213150783e-01,8.682039415728570741e-01
5.054921929115684387e-01,8.628303743189303932e-01
4.010881438958034395e-01,9.160401043373253005e-01
5.223220795948193551e-01,8.527491287187404234e-01
4.196835036588448253e-01,9.076711897438509702e-01
7.609734579824554146e-01,6.487842675231075829e-01
4.030498585898662500e-01,9.151786905222084600e-01
5.220571818015107279e-01,8.529096185123643536e-01
6.218276112543041911e-01,7.831531121802489670e-01
4.767198035485489815e-01,8.790545041101184287e-01
5.228814286890742791e-01,8.524045442560721497e-01
7.703254449380305680e-01,6.376496092747613309e-01
7.596010906099522897e-01,6.503879465798787507e-01
5.033545074661458507e-01,8.640791174333477542e-01
5.205770591395122437e-01,8.538156021023548536e-01
4.834027381421424074e-01,8.753989239460132632e-01
7.606754522070428015e-01,6.491310429322689757e-01
7.564516814897979113e-01,6.540509199944982699e-01
5.223461805893214738e-01,8.527325830640983817e-01
4.052097172802170411e-01,9.142244943519381994e-01
7.719598846299636774e-01,6.356726478069532060e-01
5.124671946801850897e-01,8.587058698014408131e-01
4.664159495184843074e-01,8.845663738493211303e-01
5.574792106223205312e-01,8.301919238967209180e-01
7.654598397123151265e-01,6.434822485033141470e-01
4.154208675575762344e-01,9.096300952891064329e-01
5.028837077505227127e-01,8.643531404372225557e-01
5.163201926748556270e-01,8.563965866145675232e-01
4.055514061013871796e-01,9.140730037606809022e-01
4.101348383676123865e-01,9.120241218534957950e-01
4.921656261422188705e-01,8.705006176079982394e-01
4.040670578978703964e-01,9.147285678559996525e-01
5.407962176668950072e-01,8.411525699503932252e-01
3.901437808422732467e-01,9.207531677070068810e-01
5.076528324061220232e-01,8.615607083582293990e-01
5.211517850874445301e-01,8.534650531386644978e-01
3.959845674391053172e-01,9.182563715208144073e-01
5.215022014428124519e-01,8.532510052729680439e-01
4.340904916804591007e-01,9.008683722071966216e-01
5.171612161058500856e-01,8.558869323801658879e-01
5.044738312014142023e-01,8.634259361197792471e-01
4.093936962254342560e-01,9.123586850597027453e-01
4.105422605674010073e-01,9.118407029430135591e-01
7.794263229950104677e-01,6.264955523595066023e-01
4.498570378459932906e-01,8.930996080293637229e-01
7.604491175503892419e-01,6.493958772838736015e-01
4.111757562529581578e-01,9.115551912123709410e-01
5.200299774337509007e-01,8.541491458899820310e-01
5.197910750984978678e-01,8.542922540367005046e-01
4.902963071150451269e-01,8.715547119569239110e-01
5.078971608933733339e-01,8.614188552067261195e-01
4.066506603120272345e-01,9.135828168362679635e-01
7.612081885973061013e-01,6.485093146221928562e-01
4.333624581481650972e-01,9.012207060456720598e-01
4.098104578675861864e-01,9.121716392245684535e-01
4.317121321878524265e-01,9.020124283855441849e-01
4.029978549352783990e-01,9.151999936410467607e-01
5.162104132434363057e-01,8.564629870191031724e-01
5.240138586413543020e-01,8.517085276894990065e-01
4.063044020310888071e-01,9.137387318843622763e-01
4.968109042505927664e-01,8.678599932762247615e-01
4.784545510050594030e-01,8.781134618517957291e-01
5.210097400628428410e-01,8.535519847899716295e-01
5.068068447828582013e-01,8.620608626363420735e-01
4.402904762611344336e-01,8.978564518235038205e-01
5.087765742969276861e-01,8.608998317127087851e-01
5.111270928593529828e-01,8.595039022030448450e-01
5.081565865560142559e-01,8.612634584635574519e-01
4.092401315859067745e-01,9.124257164700603218e-01
4.272831079727221759e-01,9.041168287712475493e-01
4.094355271507598149e-01,9.123400687994370761e-01
7.507552337467844339e-01,6.605823483753529013e-01
5.114829303642530745e-01,8.592921591936927284e-01
5.024611287441544949e-01,8.645985429608097350e-01
5.206855997208788001e-01,8.537471933166870253e-01
7.839948729517007830e-01,6.207692758162275393e-01
7.644976503513392085e-01,6.446284496065530778e-01
5.203138266640991993e-01,8.539764469331406760e-01
7.829025668947684480e-01,6.221423490817273860e-01
5.051492196731018902e-01,8.630307368738616702e-01
5.150700546416421277e-01,8.571467749113819146e-01
5.208428263041445794e-01,8.536539224325394581e-01
4.049251906528251732e-01,9.143487841593604948e-01
5.485293714790415720e-01,8.361326895891506572e-01
5.189342030485314394e-01,8.548155267226198450e-01
4.362293845535020753e-01,8.998343692345777134e-01
5.158349948539628915e-01,8.566866230219943867e-01
7.327101513925911025e-01,6.805389095496652274e-01
4.047552805530403308e-01,9.144261111745337622e-01
4.150752470272862649e-01,9.097859831287223864e-01
5.820521892150745114e-01,8.131498848625451359e-01
7.602825847155525452e-01,6.495945022578127892e-01
5.196974422743690925e-01,8.543489913503941047e-01
5.200164851824177203e-01,8.541576161379555998e-01
7.622428131314998856e-01,6.472932401919356815e-01
5.056317797081761878e-01,8.627507458870758983e-01
5.187587327341175447e-01,8.549192887857373080e-01
5.186681927628558064e-01,8.549770219921125625e-01
5.238620613053581732e-01,8.518045326340784040e-01
7.588769895594191794e-01,6.512319243763958765e-01
4.106909713118487293e-01,9.117734735482914132e-01
4.029998591591832380e-01,9.152011551127535727e-01
4.113577109486769023e-01,9.114751334515145409e-01
4.385472385816264751e-01,8.987069125399076430e-01
5.862988595008591375e-01,8.100964785423541148e-01
5.352982961070814616e-01,8.446615864118414141e-01
5.183179577413767891e-01,8.551865252118523442e-01
5.689759005151290294e-01,8.223558151868222144e-01
5.072503070803953129e-01,8.617973299147105859e-01
7.627691577493536101e-01,6.466730439709867939e-01
5.350591610273794929e-01,8.448161298440426403e-01
7.577182757204719010e-01,6.525839920616113288e-01
5.223413087954618117e-01,8.527350045243408116e-01
7.610472396330716371e-01,6.486987033323999841e-01
5.208678779968988204e-01,8.536388507407643989e-01
7.539051053787715340e-01,6.569855638838015821e-01
4.548768972443938408e-01,8.905556774862616320e-01
6.114811227924004111e-01,7.912608440284176758e-01
5.010887071821039651e-01,8.653974224279257221e-01
4.635575121709258894e-01,8.860682183535735224e-01
4.133869790435871772e-01,9.105566800081023038e-01
4.125572654759300240e-01,9.109329114977374742e-01
5.200640219499432781e-01,8.541288504212160015e-01
5.040992126397947359e-01,8.636472813212175970e-01
4.623194547923317188e-01,8.867148419682722160e-01
3.575237582716508378e-01,9.339029552016286928e-01
4.738766803002855132e-01,8.805897712103535335e-01
5.033914338253752119e-01,8.640600216461072902e-01
7.608896187859905957e-01,6.488836625783038770e-01
4.467924001157841385e-01,8.946390355623961010e-01
4.070984826532927925e-01,9.133830205642969879e-01
3.853654441035712086e-01,9.227628544650057218e-01
4.451906510178759713e-01,8.954371798407191330e-01
4.367198394308401399e-01,8.995962147657547980e-01
4.608489021878346970e-01,8.874800471196092611e-01
4.146186299698531030e-01,9.099965604112026929e-01
4.098423384917145862e-01,9.121551016679131374e-01
5.202699918551059177e-01,8.540002108979487527e-01
5.187434671387636254e-01,8.549283193658353541e-01
5.208793979952487385e-01,8.536286425891909113e-01
4.038210816694483007e-01,9.148367136899601126e-01
5.212286889827744130e-01,8.534154031614952229e-01
5.251960705883049751e-01,8.509829093835444835e-01
4.507831007321305705e-01,8.926320909961672490e-01
5.145492582910521362e-01,8.574591920591305705e-01
3.847597379966132825e-01,9.230155410897420420e-01
7.623329581452327197e-01,6.471874505076885553e-01
4.098442998097313050e-01,9.121567988352070611e-01
7.609356553060756534e-01,6.488249256418198163e-01
4.076220930387920993e-01,9.131520136000648158e-01
5.251735219371629348e-01,8.509968447535497527e-01
4.049488606027341620e-01,9.143380343014892997e-01
5.760108724984613904e-01,8.174438887137329690e-01
4.156147655166538835e-01,9.095393937061106993e-01
3.849566878044575757e-01,9.229333781010091720e-01
4.112448996223563302e-01,9.115262483782737846e-01
4.456230639508967917e-01,8.952221591898282815e-01
7.609887944972706375e-01,6.487675320598963458e-01
5.126547730329091834e-01,8.585965238516384268e-01
4.147230217687271070e-01,9.099490738947955126e-01
5.197703841982324047e-01,8.543042758480468013e-01
4.148999322539923540e-01,9.098684304847697302e-01
7.613946292523572357e-01,6.482861424583480359e-01
3.375459495618247097e-01,9.413101795362286417e-01
5.137205271149636321e-01,8.579558704716930828e-01
5.135364584124748610e-01,8.580695048970993222e-01
4.094926555732311679e-01,9.123120276118573679e-01
7.601977887616568896e-01,6.496891351385787328e-01
5.081478222560308344e-01,8.612715971184342623e-01
4.032184847518895388e-01,9.151023691682451666e-01
5.442091957965040638e-01,8.389514027840072607e-01
5.135849311998011979e-01,8.580370139926188910e-01
5.142897985060270738e-01,8.576182257211327764e-01
3.994943707067696304e-01,9.167370156515960433e-01
7.652331781238017605e-01,6.437558239709446628e-01
5.084060060221877730e-01,8.611157458527451958e-01
4.115563414780198936e-01,9.113828993409140988e-01
4.037189382632715984e-01,9.148816654150444538e-01
5.212047137748572201e-01,8.534334988355941620e-01
7.474418484250785477e-01,6.643246397603781439e-01
5.002328332010550493e-01,8.658926865508747017e-01
5.200535733152096274e-01,8.541318217517612776e-01
5.129214509485364726e-01,8.584373465327147512e-01
5.182180743185276217e-01,8.552503398254954758e-01
5.300340350661050248e-01,8.479744979650585268e-01
5.522660192987525196e-01,8.336659956925992487e-01
4.196610480339739158e-01,9.076794068174018904e-01
4.081453086767163896e-01,9.129184270359568254e-01
4.113083962787520420e-01,9.114947712545967695e-01
4.111114440324314390e-01,9.115865662775950451e-01
4.593501802185515626e-01,8.882536146853645675e-01
5.218602876397677726e-01,8.530290969970638626e-01
4.130932058715276467e-01,9.106902392518795297e-01
5.165004984938634802e-01,8.562850284250108635e-01
3.554734427175822442e-01,9.346851005734716500e-01
4.953845004989440026e-01,8.686720163048505805e-01
4.888257129028882320e-01,8.723832692504662756e-01
7.652325751320026015e-01,6.437510929885132960e-01
4.389136259748718238e-01,8.985276384570154429e-01
5.565863565258239998e-01,8.307918195649499626e-01
6.193417617108909479e-01,7.851238012893484441e-01
5.207626605432800204e-01,8.537034307607520578e-01
4.312063333874696092e-01,9.022517392200353203e-01
7.611532775497584780e-01,6.485748749572983751e-01
7.582015367310949161e-01,6.520230952194292495e-01
5.540611996873376910e-01,8.324780071273637505e-01
4.163506397863214747e-01,9.092025676316433103e-01
6.759963091341485431e-01,7.369024652275570908e-01
5.516331982921762744e-01,8.340847326639453385e-01
5.168694802541480282e-01,8.560622629147970342e-01
7.603525740579033521e-01,6.495134380214241387e-01
5.212695630326332763e-01,8.533900950318644707e-01
5.196765404104967123e-01,8.543611121902573435e-01
5.208066571717425708e-01,8.536726736245149327e-01
5.093351054019877866e-01,8.605702164002009269e-01
4.897072551905700122e-01,8.718887934974290932e-01
5.183231895766960973e-01,8.551828326104456979e-01
5.314464036564842120e-01,8.470939541926382210e-01
5.001137990968056446e-01,8.659577743260339355e-01
4.095520370089882900e-01,9.122851863643629544e-01
5.205772007371765042e-01,8.538125898445193540e-01
5.134689402899087485e-01,8.581101677151716789e-01
4.098510403366668609e-01,9.121508778077342949e-01
3.882670049351439889e-01,9.215454094445070243e-01
5.197280092729107404e-01,8.543297324518386304e-01
5.128277480571911129e-01,8.584894905151336797e-01
7.613029545117085961e-01,6.483993637198084414e-01
7.695195156869163444e-01,6.386263605728242920e-01
3.990126779614793784e-01,9.169438192945031929e-01
7.811779354348724613e-01,6.266097573961542100e-01
5.380088339634413463e-01,8.425876065916432234e-01
4.147340526832533625e-01,9.100444918593010302e-01
4.470932908279192097e-01,8.950848447286561260e-01
4.988915834971391905e-01,8.670611468740914152e-01
3.782275357312464559e-01,9.246303755585788542e-01
3.607181865925591646e-01,9.307017248012081634e-01
4.749760908712368224e-01,8.805979870631180928e-01
4.920272186547610671e-01,8.710565835017592962e-01
4.859163619292840020e-01,8.745573620328419562e-01
5.235272343442983756e-01,8.519632398172201082e-01
5.393969222373398154e-01,8.416737779837230038e-01
5.657859308859252145e-01,8.234992914909925465e-01
4.314052548674675025e-01,9.025876983865412928e-01
6.419462026407987132e-01,7.637425250889499084e-01
3.812426045414915587e-01,9.234944551750902120e-01
6.401611998314906682e-01,7.652766489129767535e-01
4.174041704745492520e-01,9.089160822004046514e-01
7.110758689404371724e-01,7.001816491031012113e-01
7.802817535863371123e-01,6.276368556761924289e-01
3.670951001128083813e-01,9.285558638810930132e-01
5.913298673748841328e-01,8.046605217346850525e-01
6.142067644487084754e-01,7.867402963593301823e-01
6.618052727460792539e-01,7.463791364814643670e-01
5.605352963705386715e-01,8.272086009761574488e-01
3.688096869951033030e-01,9.279676849120794824e-01
5.400872364251597668e-01,8.412117533601681796e-01
5.454093177688016381e-01,8.376381189757635681e-01
5.759084325365410040e-01,8.161604422360508870e-01
3.895766598991475260e-01,9.203726971170868021e-01
6.744527255044512337e-01,7.349616917885830603e-01
4.983827976041838026e-01,8.673432277550070513e-01
6.159835477189902209e-01,7.853177317882024111e-01
4.772074251944868339e-01,8.794145966085787913e-01
5.370813727491022815e-01,8.431862160309298027e-01
3.624433107139569676e-01,9.301524508056195906e-01
5.354684538442069375e-01,8.442521181202429226e-01
7.429548688744860296e-01,6.678517473928967663e-01
5.677887954388491920e-01,8.220660972944514588e-01
6.850433561981958963e-01,7.251720760978875857e-01
6.510488973972057281e-01,7.558897991740513023e-01
7.548341904079691744e-01,6.553208064837408031e-01
6.736423029028575371e-01,7.356895351118256654e-01
4.833171626587191572e-01,8.760013752438069456e-01
4.523064951748864693e-01,8.924720972185317125e-01
6.818063095670550133e-01,7.281806316472549945e-01
7.221093232955752006e-01,6.891969795942709531e-01
6.160629973075488763e-01,7.852584526302512913e-01
4.387799577362262449e-01,8.991245507289018501e-01
6.792811093391586397e-01,7.305028400869756355e-01
7.146562657512964822e-01,6.966185119690938565e-01
5.697642257158419543e-01,8.206171467485575688e-01
6.066447033685771206e-01,7.927527171864420241e-01
5.688713324711598407e-01,8.212813678477262069e-01
4.870024084224161554e-01,8.739133297388583799e-01
5.909462816916474237e-01,8.049297866430431547e-01
5.671752897259555448e-01,8.225010985671300512e-01
4.803732565296575663e-01,8.776305026589027447e-01
6.648624969591263589e-01,7.436422102130104683e-01
6.414269715076492684e-01,7.641952354431115202e-01
5.998523688522555686e-01,7.980713074006857699e-01
6.810517455958451372e-01,7.288557806014338558e-01
5.336249230853400416e-01,8.454559113883644006e-01
5.929504270470462579e-01,8.033938156716897705e-01
3.343953332097511777e-01,9.388396104489333815e-01
7.842682684835288187e-01,6.231790346857134510e-01
7.796226645770908403e-01,6.283672382818668023e-01
5.829427744167066106e-01,8.109638324337669069e-01
3.696831123087446769e-01,9.276565437083025278e-01
6.654113093581457417e-01,7.431376058740433166e-01
4.099372631083729734e-01,9.121154363554220268e-01
4.179455308895598797e-01,9.086635961360185476e-01
3.472890630206759699e-01,9.350044474255341242e-01
6.363759069723138317e-01,7.684566184587775517e-01
6.619158510825184916e-01,7.462786270505747943e-01
5.236254907716388907e-01,8.518966704615593688e-01
3.954678722290698167e-01,9.180642693259217779e-01
4.448344362523158346e-01,8.961881368250272928e-01
7.601243014075552695e-01,6.496734788320847054e-01
4.976067501252089409e-01,8.678191352516624324e-01
6.927743590864545720e-01,7.178476097447940019e-01
5.300797007515718473e-01,8.477934906153833383e-01
5.428204028283754035e-01,8.393651451854520218e-01
6.773783205090584403e-01,7.322544931872621010e-01
4.754860996865373224e-01,8.803575579538126528e-01
4.060543311414370748e-01,9.137369836364092057e-01
7.765758898929098208e-01,6.317270808174574315e-01
4.163142517263729303e-01,9.093580178570919159e-01
7.355968121235800794e-01,6.754982308574135619e-01
7.207116785190175179e-01,6.906211611731112310e-01
4.388198176659603433e-01,8.991179806233472460e-01
4.534279597102707227e-01,8.919241481345976386e-01
3.793065398168343760e-01,9.242071896828250033e-01
4.492724646071970529e-01,8.940064601570022473e-01
6.476370799773845111e-01,7.588382623514122738e-01
5.282572248380974500e-01,8.489743029489463799e-01
5.976016018365204463e-01,7.998442763254319798e-01
7.528391709443269519e-01,6.574733792846985114e-01
4.629745242178504583e-01,8.870338309374019570e-01
4.107236403971202265e-01,9.117643454750842258e-01
5.614632534571020184e-01,8.265613758317538196e-01
7.183782664250119021e-01,6.929268937725461264e-01
7.397543550264391587e-01,6.712002295882288916e-01
7.623252026424032213e-01,6.473230827499073525e-01
6.424678287851534053e-01,7.632963634567963007e-01
6.683469626859099844e-01,7.405239595695272126e-01
7.783953511254830815e-01,6.297314924195690500e-01
6.850879904387587871e-01,7.251008961483375037e-01
6.453986626044957431e-01,7.607910027009613385e-01
6.559146067915512246e-01,7.515997316207391199e-01
6.215046741637775263e-01,7.808203359647959418e-01
5.595727124820254472e-01,8.278757809517026667e-01
3.957832705323296452e-01,9.179184591246691838e-01
7.308527213360187513e-01,6.803504095198728008e-01
5.887533255212515915e-01,8.066126619306961398e-01
6.218758866601332702e-01,7.805353061527455782e-01
6.783401526748840116e-01,7.313754133801917412e-01
4.109422611044602491e-01,9.116681532991358639e-01
6.210274585846715656e-01,7.812193717629321021e-01
3.373138318362287058e-01,9.380015891213784318e-01
5.768813162285082452e-01,8.154405776786275428e-01
7.516481004302795199e-01,6.587241890412298684e-01
3.977092586814811037e-01,9.171382279244075786e-01
7.172183082759162609e-01,6.940946026042407180e-01
3.877430317424189199e-01,9.210739360710873402e-01
7.728740546773082976e-01,6.358190930891257642e-01
7.229108433361404185e-01,6.884150357063969494e-01
6.879997478456276738e-01,7.223733180338712812e-01
7.664387378181163335e-01,6.428536819184642592e-01
3.319905884852828448e-01,9.394935260075497618e-01
6.974840776315243129e-01,7.133885508963891953e-01
7.260528754640569460e-01,6.852468544119486582e-01
3.384321265968888159e-01,9.376458100257940576e-01
5.235534654203651828e-01,8.519441875750580762e-01
5.446460130037907854e-01,8.381631320740802193e-01
3.945613794349722148e-01,9.184295891008308343e-01
5.733785181141248799e-01,8.180197659902408436e-01
6.691428471213594076e-01,7.398100494099483226e-01
4.699348035537648793e-01,8.833451388809970828e-01
4.296255160751477065e-01,9.033997733510793493e-01
4.544135479033636349e-01,8.914431966512853522e-01
3.340845181000450803e-01,9.389154312172537376e-01
4.985327058512349918e-01,8.672733577425221219e-01
5.765067182410770208e-01,8.157436279118144284e-01
4.883446345883274420e-01,8.731509215381102473e-01
5.093791009889441224e-01,8.607785694702569934e-01
6.372929105658401427e-01,7.676968680793805344e-01
4.911725154149488848e-01,8.715554526284767789e-01
6.024822198784296479e-01,7.960414097985345494e-01
7.666315537912213873e-01,6.426549185953339682e-01
7.600591242904495282e-01,6.497249101271731497e-01
6.922263021384907900e-01,7.183760927268837415e-01
7.247207419347965196e-01,6.865796036367866062e-01
5.051107165652846120e-01,8.633754880490009942e-01
7.270199104510864929e-01,6.842323940780906666e-01
6.516478252028019558e-01,7.553709286722993799e-01
7.852693731302481384e-01,6.220509499927986408e-01
7.058445451475410248e-01,7.052772959310563694e-01
6.762104652624053580e-01,7.333494655520805816e-01
7.088140814249583865e-01,7.024041838646523095e-01
7.442204940576486738e-01,6.665219262686270518e-01
7.810022394371137766e-01,6.268233704812281593e-01
5.227560027548163735e-01,8.524588989533662398e-01
6.376288747328993090e-01,7.674138596226024456e-01
6.655190672656714490e-01,7.430492679277009849e-01
6.406399253553927142e-01,7.648423937990760368e-01
5.482982352673743121e-01,8.356647630978650820e-01
6.845075038097740983e-01,7.256710114220534802e-01
6.090566035363778052e-01,7.908483325074892045e-01
3.946111694637551848e-01,9.183854924371219752e-01
3.474626500314199062e-01,9.349468472134678798e-01
3.391016057268128603e-01,9.374872952703906526e-01
5.310413430986717920e-01,8.471423586551070084e-01
6.804112361111500640e-01,7.294667986298052353e-01
6.207727111186323032e-01,7.814394815803953342e-01
4.367851657319223313e-01,9.000488329341895799e-01
4.774274448513005642e-01,8.792945963556312305e-01
7.659011364977497127e-01,6.434336613510196479e-01
3.923208974173114649e-01,9.192826090155655772e-01
5.861917244099242863e-01,8.085461445098612865e-01
5.878614679492808470e-01,8.072641103778209759e-01
4.296933661227217982e-01,9.033606267789269229e-01
4.362443332584229894e-01,9.003394931792378930e-01
4.711324871864788211e-01,8.826887566137209262e-01
4.501125698457471569e-01,8.935719664069066148e-01
6.543920261345848033e-01,7.529343197845445035e-01
6.237247572645820970e-01,7.790094821852694418e-01
7.816674493306368099e-01,6.260798548090380500e-01
4.681097347228881933e-01,8.843304634508942774e-01
4.659800819832811136e-01,8.854445871267426771e-01
7.095052393677123703e-01,7.016928961039587964e-01
4.858486557273329343e-01,8.745812903609287980e-01
3.362162432801639178e-01,9.383054163270988512e-01
5.075443006342638119e-01,8.618789032606802847e-01
7.115939182408446140e-01,6.996388553120429510e-01
7.087063277451315368e-01,7.025098412852589513e-01
6.626630355221462265e-01,7.456416966864003459e-01
3.349881809192742921e-01,9.386560070963471114e-01
4.484509107640667347e-01,8.943976073502394319e-01
3.491394386471905475e-01,9.344309732949831471e-01
4.437989458411643051e-01,8.967001645580109370e-01
5.565276988062367591e-01,8.300151099294255097e-01
7.499283125202941269e-01,6.605460695063055665e-01
5.013959114768417047e-01,8.655663949218100894e-01
6.807942544675447127e-01,7.291254119298524738e-01
4.034305550474530655e-01,9.148330728268266876e-01
4.994483309621181588e-01,8.667494801391721904e-01
6.155088824055012786e-01,7.856813270593451248e-01
3.545176095289669371e-01,9.327554398799763336e-01
4.273480735121803487e-01,9.044595875556685760e-01
6.248853375775105246e-01,7.780672145024288833e-01
7.878973831583320209e-01,6.191050187475543032e-01
5.590326827067735316e-01,8.282396231671628195e-01
6.296983551524408806e-01,7.740867702883919010e-01
3.876647637189100104e-01,9.210883681744268525e-01
5.527659947273848573e-01,8.326097935008921480e-01
7.730041694361335924e-01,6.356618118772068282e-01
5.065350011688027898e-01,8.624810397507969295e-01
4.260216120153812458e-01,9.050505845589881249e-01
3.787598114269347116e-01,9.244306861140778597e-01
4.523349513457080029e-01,8.924623267558119410e-01
5.705055731166037702e-01,8.201134663738454122e-01
3.599878379232877013e-01,9.309408491615668302e-01
5.052322852496053951e-01,8.632835131306496601e-01
4.627760195981894809e-01,8.871250140406129470e-01
7.059837542031754953e-01,7.051431982807614407e-01
4.097598982123614730e-01,9.121689458241444282e-01
4.477750137706181799e-01,8.947565876994865164e-01
5.297176093681764675e-01,8.480317769844488707e-01
7.243087398575221991e-01,6.869999719917933012e-01
3.437078805506034729e-01,9.360959914520341485e-01
3.599326809758174872e-01,9.309941903775567074e-01
7.872032498913446030e-01,6.198974606738406612e-01
7.231953448067052204e-01,6.880989054716288855e-01
4.574252973141520462e-01,8.898872988211988799e-01
4.943577277518340640e-01,8.696925073825410024e-01
4.773776588730077042e-01,8.793257609098608096e-01
6.743339961892648171e-01,7.350633453469019862e-01
3.912378043733817368e-01,9.196936059418888698e-01
7.858510606820865441e-01,6.214093718086050044e-01
5.626672634638494319e-01,8.257063713112419157e-01
3.811321541697458848e-01,9.235371951612559860e-01
4.750686116554584393e-01,8.805772091589237904e-01
7.256872561751879225e-01,6.855892582168929827e-01
5.987398949444640017e-01,7.989467048100107327e-01
4.195915211693096447e-01,9.079472475358925099e-01
6.227055108203829459e-01,7.798589218902634013e-01
5.831142897031165173e-01,8.108508880146880760e-01
7.042546730057499538e-01,7.068398954103417564e-01
4.605318795480182192e-01,8.882737495085554214e-01
7.324502490960049794e-01,6.787028486556572204e-01
3.355565009114280239e-01,9.384735432941683220e-01
7.154304418313139902e-01,6.958744182999681005e-01
7.916490835812717286e-01,6.148623191364738227e-01
3.353650741902005628e-01,9.385647724260822722e-01
7.759192200781737103e-01,6.324558123875450022e-01
6.824003021386195744e-01,7.276133584159152345e-01
4.325322143112230178e-01,9.020620791851490239e-01
7.645536543524973361e-01,6.449079075292950547e-01
6.116935591593335442e-01,7.887524610209937226e-01
6.476475562547130416e-01,7.588146799712568447e-01
7.792617982777452212e-01,6.287597661926621617e-01
5.918720855697148231e-01,8.042219237832025636e-01
4.509682357962998545e-01,8.931472892959639864e-01
6.920583467670293754e-01,7.185487941844558302e-01
7.567602497193555156e-01,6.532761704598740726e-01
7.177120943763899419e-01,6.936208297308618098e-01
6.490519916027197578e-01,7.576325072375423852e-01
5.255964679647113780e-01,8.506528391795582511e-01
3.719101217588668962e-01,9.268849955473547064e-01
3.778503969054962108e-01,9.247630669568426276e-01
6.469385247325836197e-01,7.594521068406195896e-01
5.051657395945005069e-01,8.633375349196835691e-01
3.783457914065390670e-01,9.245597772617657473e-01
5.351669233217499766e-01,8.444741502228061414e-01
7.635431106075146745e-01,6.459722474032961737e-01
4.278345456310611028e-01,9.042185928772840109e-01
3.929755232632677342e-01,9.190292675266468203e-01
6.955908247281934464e-01,7.151673589169176282e-01
7.242283415993043816e-01,6.870866713908523327e-01
7.097659688320188121e-01,7.014527088249801201e-01
4.984836558279766017e-01,8.672992171156155283e-01
3.835852462560347398e-01,9.226484304953505022e-01
5.316727163617402940e-01,8.467563506951768515e-01
5.245094440278658121e-01,8.513722523010207599e-01
7.230216362868083779e-01,6.882673992901222615e-01
5.507844477409820083e-01,8.339754238179057921e-01
5.001306467961426083e-01,8.663153345742905520e-01
7.660547067132216226e-01,6.432715752638531459e-01
4.585335177916362026e-01,8.893389997706961925e-01
6.202904221841497590e-01,7.818357607140000720e-01
6.706528141208871752e-01,7.384212126898316297e-01
4.499858655849469646e-01,8.936385609254031692e-01
5.170626998911802552e-01,8.560441186586595919e-01
7.301484479725073307e-01,6.810808268269414878e-01
7.512280398174580043e-01,6.591534435548028759e-01
4.404897953458707938e-01,8.982775328090650824e-01
7.136251404414887256e-01,6.976572159364935466e-01
5.244475484732283865e-01,8.513743438884980863e-01
4.575570695644013419e-01,8.898216981421782634e-01
5.883692664737251166e-01,8.068716053759615869e-01
4.803966825085182468e-01,8.776498047500435051e-01
5.514832417189114988e-01,8.335104864506028832e-01
4.699217326015713292e-01,8.833389821833586009e-01
4.467607872675529168e-01,8.952692819261297563e-01
4.457147375002689094e-01,8.957701553429568975e-01
7.112009370459905222e-01,7.000315751123594721e-01
3.464203218203153467e-01,9.352981106021998059e-01
3.507825764215184439e-01,9.339084094208944808e-01
4.191352205146021692e-01,9.081559781942200038e-01
4.588707316469055053e-01,8.891723596390712636e-01
5.309167550705617966e-01,8.472191858240807338e-01
4.138182532226555299e-01,9.104389260977083786e-01
5.986826305082280086e-01,7.990056990652283364e-01
5.112526437489376407e-01,8.596339276651266958e-01
3.553350481271293493e-01,9.324847761772327992e-01
7.418095937766301384e-01,6.690679929909422174e-01
6.293987666169480466e-01,7.743241438139872868e-01
5.864672812678648484e-01,8.083116425641906355e-01
4.048765322466598149e-01,9.142235941347248707e-01
5.579418911385757296e-01,8.290319758256773364e-01
5.540131418682978648e-01,8.317500721795584306e-01
7.008878044117992090e-01,7.101142200946547467e-01
6.395474569921046903e-01,7.657979037305028269e-01
4.917254899292027304e-01,8.712131810125025577e-01
3.682662233514474859e-01,9.281692628414429658e-01
7.432866138971768732e-01,6.674934168703391402e-01
4.030886486545035563e-01,9.149692232077089038e-01
4.649213905894457044e-01,8.859810230984896950e-01
7.544507860057567683e-01,6.557628374244764968e-01
6.802780970764465973e-01,7.295888931309447711e-01
5.445938951648529036e-01,8.381891347457199881e-01
5.444495429478930504e-01,8.382901103783206853e-01
7.055595182114191566e-01,7.055495686677109024e-01
3.774749657003700909e-01,9.248946711335142012e-01
5.211710838774092913e-01,8.534490861234432790e-01
6.431631618111849358e-01,7.626756626772774883e-01
7.059066679161027924e-01,7.052273501348798046e-01
5.431262886268166667e-01,8.391577679038585424e-01
5.523244761872487807e-01,8.329177662277484906e-01
3.712243600958261558e-01,9.271344870589671716e-01
5.409046492154465646e-01,8.406445799117610029e-01
5.884303623059676802e-01,8.068652570027193827e-01
5.922222730027527637e-01,8.039875296473769639e-01
4.388773256102011522e-01,8.990780964635464168e-01
6.176674132423791708e-01,7.839485930256800961e-01
7.272203948507969251e-01,6.840532336427558313e-01
5.141330569978092013e-01,8.578619069684990661e-01
5.286542240156060224e-01,8.487151015828628964e-01
6.598225427900450413e-01,7.481541073549214937e-01
3.982472651630478144e-01,9.169226005404543800e-01
6.559510068088085788e-01,7.515795421782086594e-01
6.088097341613156743e-01,7.910531837752662332e-01
5.094677939604538297e-01,8.607295498981595294e-01
5.885311205622918429e-01,8.067598505842675793e-01
3.644556442814933517e-01,9.294640819329355041e-01
4.441059745700657313e-01,8.965476191253307636e-01
4.513126700401239866e-01,8.929766421810061416e-01
7.449952101513275249e-01,6.657392815388472052e-01
3.893729834869171791e-01,9.204363306609998352e-01
4.755330642277219577e-01,8.803249902972035690e-01
4.256155194996960045e-01,9.052509964747763593e-01
4.437874298802265693e-01,8.967163141342949784e-01
6.101741699076201897e-01,7.899531107202746316e-01
6.967900242393623156e-01,7.140458599200730783e-01
5.385302811737602280e-01,8.422589479784486910e-01
4.748786048372727331e-01,8.806622088266805592e-01
5.511545619689629527e-01,8.337327449243439048e-01
5.029196841351636360e-01,8.646645528150581628e-01
6.186102077327859661e-01,7.831760839033640176e-01
7.597781557272412778e-01,6.500632038070263130e-01
5.894295572642946901e-01,8.061084412003035604e-01
5.310997963342105610e-01,8.471211581200407403e-01
4.247365985564134361e-01,9.056413825625992953e-01
7.209679897726724018e-01,6.903373640619397955e-01
5.431175103457602793e-01,8.391870156920094859e-01
5.922597241198362950e-01,8.039320242935962257e-01
6.891725264273744767e-01,7.212708351864665079e-01
3.631562470389688713e-01,9.299016840915662607e-01
4.287634104464217999e-01,9.038037113220263041e-01
3.865747338403729971e-01,9.215049902299909945e-01
4.417195248189234036e-01,8.977278879262305944e-01
6.380091596093934170e-01,7.671072462492986022e-01
7.325193189920878867e-01,6.786387943118515897e-01
4.121728506499280353e-01,9.111493559122054720e-01
4.236587456553053688e-01,9.061164377578282414e-01
6.739129190590960050e-01,7.354573527299484992e-01
5.490352086417540356e-01,8.351808640706085418e-01
6.974985751131355105e-01,7.133477323250954072e-01
6.678213354985909067e-01,7.410032074833822202e-01
5.217382554123416449e-01,8.531202687029355580e-01
4.679418733106158745e-01,8.843846676662100448e-01
4.445294600526716877e-01,8.963624251257003017e-01
5.252789609315722252e-01,8.508494664300629839e-01
5.289590728629161021e-01,8.485203993544646606e-01
7.086346774136121907e-01,7.025565547960596069e-01
5.474648322795145905e-01,8.362523042240849191e-01
4.416486816427368511e-01,8.977537438371504530e-01
6.125247130616654490e-01,7.880932482913098891e-01
7.884862392860904068e-01,6.184555984720894184e-01
7.697960273226034378e-01,6.391973557535403083e-01
6.722731870184992520e-01,7.369478820890636994e-01
5.124387006591005767e-01,8.589139400567868954e-01
7.327158978184831195e-01,6.784597034315570374e-01
5.137421122756131719e-01,8.580998074765316952e-01
3.593390185030708173e-01,9.311728657565117029e-01
6.360858432453510014e-01,7.687201553740785620e-01
5.626056035753430606e-01,8.257448106363244333e-01
7.438438266998002035e-01,6.669426173196671970e-01
7.932223942918208426e-01,6.130725987907222896e-01
5.127879609561261098e-01,8.587010669049145450e-01
6.069613641670171811e-01,7.925120295176026897e-01
7.920517947358498567e-01,6.144063571442482941e-01
5.276434428658149933e-01,8.493448275806183556e-01
4.667128654299085300e-01,8.850582745039008437e-01
5.934950252766019174e-01,8.030094361961173099e-01
7.863409576888260588e-01,6.208380839236167237e-01
3.528158332173392808e-01,9.333020014957551513e-01
7.338867169191041206e-01,6.772347634005625450e-01
5.367770563185150223e-01,8.433999968658760782e-01
7.200371819763953241e-01,6.912654747384342491e-01
4.155146068866067965e-01,9.097300612408522058e-01
4.505338541719770551e-01,8.933613029416473950e-01
5.345147665628614542e-01,8.448939849708299032e-01
5.126649647889054418e-01,8.587855679637733664e-01
5.747467881972128101e-01,8.170268299787426525e-01
6.904082643821107812e-01,7.201125564295407511e-01
5.226668412263723029e-01,8.525044339537575233e-01
5.720304083156289021e-01,8.190093438288683636e-01
4.054401638515108819e-01,9.139887260206835951e-01
6.492934435065484955e-01,7.574047449373054741e-01
3.358248589129512740e-01,9.384052824871872422e-01
5.182073666814669410e-01,8.553427530928190414e-01
6.196381537667949857e-01,7.823503079550212513e-01
3.927710663590436857e-01,9.191300086932113755e-01
4.720982931419099304e-01,8.821715564284795530e-01
7.361980803598676681e-01,6.748871373985809718e-01
5.617369503296472111e-01,8.263542706713468133e-01
4.179514467231728592e-01,9.086533746522376109e-01
7.917566071465647060e-01,6.147334241291023682e-01
4.366005196296161572e-01,9.001645092519854341e-01
6.595725793614792831e-01,7.483946291207872470e-01
5.626794016171579038e-01,8.256738397599970858e-01
5.240520963295096646e-01,8.516463076339160221e-01
6.002476316375660037e-01,7.978037848132234489e-01
5.483429221005351462e-01,8.356656038465593017e-01
4.692593035288312731e-01,8.836995290758201671e-01
5.582144159085902224e-01,8.288318375897212320e-01
4.964701270369563657e-01,8.685019754002664127e-01
3.819148074633393342e-01,9.232477130364387108e-01
3.444525856152625409e-01,9.358964020906661574e-01
4.177116041046978756e-01,9.087769927825992688e-01
7.197416240845457835e-01,6.915563348742027605e-01
7.628342427933105796e-01,6.467498046760890018e-01
4.309168135977250458e-01,9.028361516177346724e-01
6.856014787542227262e-01,7.246485620498387403e-01
5.013309938598682347e-01,8.656129295098206056e-01
7.649331463789340591e-01,6.444950285628167075e-01
7.341468518139697697e-01,6.769661214466230481e-01
4.828050361174142102e-01,8.762991078143657075e-01
4.541548077949750795e-01,8.915514683192528045e-01
6.503381657634603741e-01,7.564925887460779430e-01
3.785235757064913109e-01,9.244941010516158908e-01
4.784516724006594446e-01,8.787085568942036851e-01
7.562103888861633205e-01,6.538614879920362499e-01
3.712049129018864524e-01,9.271481901230844702e-01
6.763544922739528342e-01,7.332015376249003680e-01
5.961391586065525328e-01,8.009832324677796933e-01
4.714456453876472164e-01,8.825333225962025407e-01
7.912898265234780126e-01,6.152499186432311973e-01
7.169803267032841543e-01,6.943440870444291813e-01
5.260603390709380767e-01,8.503441422308023467e-01
4.577392869743358572e-01,8.897307488744389259e-01
3.766277307397007945e-01,9.252142361109219060e-01
5.219879393234266862e-01,8.529557209758913405e-01
6.499447841232872669e-01,7.568421915187684146e-01
3.529461383625631110e-01,9.332608870919463229e-01
7.242231960527270029e-01,6.870884350698875931e-01
3.904304574778096892e-01,9.200215040393758814e-01
4.352939884066330811e-01,9.007787958338848711e-01
4.310300317358800593e-01,9.027835670717840877e-01
5.121392327643351505e-01,8.591098534682241050e-01
7.083602138023685768e-01,7.028230712875711550e-01
6.225393572425343969e-01,7.800071607776923877e-01
5.796832898570427606e-01,8.133884744641270981e-01
4.713492732751592418e-01,8.825711502597182179e-01
4.301048691756133024e-01,9.031752166452441388e-01
5.280628668667793901e-01,8.490990879319211260e-01
4.684578058538543255e-01,8.841355651033483420e-01
7.418996965211559491e-01,6.689721136423114611e-01
5.397656051504987618e-01,8.414074852034016949e-01
3.488721167542713220e-01,9.345443415542036281e-01
5.872091963631022038e-01,8.077542416801333225e-01
5.057667325417076754e-01,8.629696465580908304e-01
6.785464451896280336e-01,7.311750815040561902e-01
7.132211280929771080e-01,6.980556052805635403e-01
3.343603732707319254e-01,9.388330850018982154e-01
6.823184299838483957e-01,7.277023632268375675e-01
5.705678350950272870e-01,8.200313801622428622e-01
5.698774811144629027e-01,8.205539815149411886e-01
7.079666127391756048e-01,7.032331673564093943e-01
6.873826383700694098e-01,7.229479208715853256e-01
7.791078302280531886e-01,6.289244259023720751e-01
5.344949073244117388e-01,8.448899584972987542e-01
3.356313972563280679e-01,9.384725829056206337e-01
7.472215400247685935e-01,6.633991383820176946e-01
5.253287409150561027e-01,8.508112510928035332e-01
7.401284065535326251e-01,6.707870491649872147e-01
3.714427678743993932e-01,9.270679074544976306e-01
6.462973164074159449e-01,7.600185750936708784e-01
4.057857705944929450e-01,9.138412839300023016e-01
4.199119987958394029e-01,9.078154526114200484e-01
4.806211415053426306e-01,8.775326361720731105e-01
6.395107674487749971e-01,7.658327568354128534e-01
5.279196814369531143e-01,8.491619854940952727e-01
6.031348649895328373e-01,7.955436097900517867e-01
4.508130442399151949e-01,8.932232106499492508e-01
5.660443575878100209e-01,8.232807307607751257e-01
3.669680598558042739e-01,9.286139720172255085e-01
7.599852019212960386e-01,6.498110293900880574e-01
5.991250334941493616e-01,7.986584914917600475e-01
6.765006205440698972e-01,7.330836364417038231e-01
4.737706826374314395e-01,8.812829245323914318e-01
5.288629507219655412e-01,8.485626121568271563e-01
6.235677320548521640e-01,7.791301320266419417e-01
7.665049554991842928e-01,6.427835876933867265e-01
7.730910671884549945e-01,6.355705416800535579e-01
5.876201897357113957e-01,8.074521113923980309e-01
7.187860049644374527e-01,6.925143748548362455e-01
7.667764814911842697e-01,6.424684675901934927e-01
5.806581152647758426e-01,8.126566637025498530e-01
5.509721601382113754e-01,8.338696699062909667e-01
6.448103196386149039e-01,7.612926951239075146e-01
4.270181456765725914e-01,9.045961620364525446e-01
6.117152408200922098e-01,7.887631465100617412e-01
5.675815338083298744e-01,8.221806191592863078e-01
6.117999460620031638e-01,7.886908508698426967e-01
7.010846873689599024e-01,7.098965309236346943e-01
7.771985203240313611e-01,6.310393001929399670e-01
7.366332717140502417e-01,6.743976823165847012e-01
5.102398772209066902e-01,8.602401509173809302e-01
7.027593297388070592e-01,7.082988896756672315e-01
4.013001948089822135e-01,9.157159589330464700e-01
7.175927446190264458e-01,6.937377309018856186e-01
5.480899908078541438e-01,8.358400237774752384e-01
7.826675946621635127e-01,6.249524688101972814e-01
5.809632375957838324e-01,8.124304239213904211e-01
7.176936720085882460e-01,6.936009322784896236e-01
6.767149166869175225e-01,7.328682939052703071e-01
4.655042601772417243e-01,8.856897544098126795e-01
3.879043163084273105e-01,9.209987076628749492e-01
7.751489567484977083e-01,6.333186411562209406e-01
4.553892915626445159e-01,8.909431410264573303e-01
7.263400177870111829e-01,6.849543593805328401e-01
6.222390873012200174e-01,7.802386653926877136e-01
4.721006562966515996e-01,8.821781313743848330e-01
4.663554823059932741e-01,8.852245280780868253e-01
4.646390255041978334e-01,8.861543695710474289e-01
4.552572960201959340e-01,8.909883668421431091e-01
7.302619377513638321e-01,6.809634095804985021e-01
7.877646748417258538e-01,6.192707189812951540e-01
5.269435848698811320e-01,8.497991017722182905e-01
3.854276320343312245e-01,9.219352215017163621e-01
6.361470556187589498e-01,7.686880880924199522e-01
7.335064043096548581e-01,6.776523362640772818e-01
6.882084795412249933e-01,7.221933954004868816e-01
4.965703053685391333e-01,8.684182284345178804e-01
7.889290862105081681e-01,6.179315312487219103e-01
4.470502623197877834e-01,8.951147383349016273e-01
6.858186934083482234e-01,7.244172378960194170e-01
3.799829388710196376e-01,9.239573691478308870e-01
6.575671538873150146e-01,7.501476649559110088e-01
7.892242817295151980e-01,6.176038274877981848e-01
5.192674530836216551e-01,8.546592954300005207e-01
3.588692981245614200e-01,9.313304067775342032e-01
6.601937974949458887e-01,7.478115573046113518e-01
5.765609596226553002e-01,8.156844649093416555e-01
7.005214408355889821e-01,7.104413609112342209e-01
7.932023991389977047e-01,6.130859276708059413e-01
4.118995183950583949e-01,9.112824740226435072e-01
7.427833851529004328e-01,6.680467199575713666e-01
7.235911329165300998e-01,6.877154226353036082e-01
5.917883494098985508e-01,8.042870040234706419e-01
3.803033412205191199e-01,9.238643752274211529e-01
6.289056931458754107e-01,7.747531067533237614e-01
7.657714079281560116e-01,6.435945317954254730e-01
5.843765250164649760e-01,8.098838757003660183e-01
6.135001445153679400e-01,7.873307470224140125e-01
6.512045859097348455e-01,7.557279586750237366e-01
5.556374604279136209e-01,8.306315616423690651e-01
6.836030693670467340e-01,7.265037047207824061e-01
6.657973302390711723e-01,7.428034481031773328e-01
4.714751652177511243e-01,8.825208127586434692e-01
4.245880862987227999e-01,9.057166874056187256e-01
7.445363005109961740e-01,6.662046452231391580e-01
5.134530819970929416e-01,8.582636091947731805e-01
4.792958872831771244e-01,8.782338435255813147e-01
5.950649292073619812e-01,8.017853376169190582e-01
3.610060440475938992e-01,9.306259648152476194e-01
5.779994472262776073e-01,8.146217126194389424e-01
6.775151068651679154e-01,7.321402457411944065e-01
7.019920528097198797e-01,7.090213828891011039e-01
7.482021347939458167e-01,6.623481698689314134e-01
4.888689916190183116e-01,8.728517015865688844e-01
6.596254392631488717e-01,7.483112672976672819e-01
3.797477952288153547e-01,9.240500838572429654e-01
7.220575483844711151e-01,6.892588746759642504e-01
5.260334776489392627e-01,8.503907447607619297e-01
6.371135834896534123e-01,7.678641810784048172e-01
5.658705779409998193e-01,8.234271412303646454e-01
3.808433063637871596e-01,9.236514613901710691e-01
3.867431221895721305e-01,9.214499474462980455e-01
5.071389343881360645e-01,8.621227077140443118e-01
7.645721713296992350e-01,6.448616497516965751e-01
7.463225680303950949e-01,6.643211796255026336e-01
5.686582845659154950e-01,8.214389133952318955e-01
6.658281502167109345e-01,7.427769911983835849e-01
4.522897451927349044e-01,8.925057444141044627e-01
4.378795853201669086e-01,8.995631510466379765e-01
3.874384987409863479e-01,9.211944221724442938e-01
6.746465481966191780e-01,7.347859868275987694e-01
5.418233776214567143e-01,8.400421833049954712e-01
6.580324506233290460e-01,7.497367740130468361e-01
5.516328171323163776e-01,8.333934437041997656e-01
3.695104773909636542e-01,9.277294719505678744e-01
4.831876917177712061e-01,8.760735078417356547e-01
6.531807486455847300e-01,7.540053843317461313e-01
4.879027571313336864e-01,8.734353030844836940e-01
5.606277226312569306e-01,8.271223482987113407e-01
7.001898903202350422e-01,7.107551051925794505e-01
4.221293460454152990e-01,9.068295013605857102e-01
3.514673019406253096e-01,9.337260297516668528e-01
4.339994440239802742e-01,9.013778837063725069e-01
3.577061563091202268e-01,9.316949392775758509e-01
6.399846561407659395e-01,7.654230521379279395e-01
6.393273342757737066e-01,7.659830521246914214e-01
4.080909751058393597e-01,9.128865076334823359e-01
5.727999192953279195e-01,8.184241119620487837e-01
7.872724075057320192e-01,6.197843135821456961e-01
7.367282130778645133e-01,6.743053859239905856e-01
4.566569305531446021e-01,8.903056087840903743e-01
6.622853783585012089e-01,7.459789660362026176e-01
6.322898309051274701e-01,7.719196749876244823e-01
3.826149586370387601e-01,9.230064102923773994e-01
7.137947024825419540e-01,6.974858347354021548e-01
7.521141156540201989e-01,6.582244830231513966e-01
7.272257742188139584e-01,6.840285167474859929e-01
3.495379595021149699e-01,9.343094977745777241e-01
3.550065757116986354e-01,9.325658410974749790e-01
3.981124560814408020e-01,9.169965283044279047e-01
7.722952564946297116e-01,6.364437584350655097e-01
4.971266837400080130e-01,8.680952371058634487e-01
7.057708145896467444e-01,7.053771000218715947e-01
7.849108435760357994e-01,6.224708283757447447e-01
4.001692727597773724e-01,9.161567574539065673e-01
7.819364630305676300e-01,6.257663938789972402e-01
3.732476289498693478e-01,9.264194037274596782e-01
5.540577607676582250e-01,8.317092647522273952e-01
5.628385526735064648e-01,8.255867607835560840e-01
4.030289742265256714e-01,9.149968226973729246e-01
4.119435195567129337e-01,9.112484712903257122e-01
6.967040042708640968e-01,7.140975882633967542e-01
3.980634733725071372e-01,9.170173519723543443e-01
4.919203321327671463e-01,8.711193792950910897e-01
4.417805164140561902e-01,8.976784706188078999e-01
6.504530969925859107e-01,7.564088253756089397e-01
7.226375602571164514e-01,6.886558157934273838e-01
3.320082293249149719e-01,9.395038864683913360e-01
6.840295346101403773e-01,7.260978148592602821e-01
4.986690387039587891e-01,8.672109789244190070e-01
5.215354626182844289e-01,8.532483833589082911e-01
7.905086213751464363e-01,6.161469271853473595e-01
3.786525953927699084e-01,9.244440190610201391e-01
6.164177890226114620e-01,7.849448972415153936e-01
7.881744573747984095e-01,6.187857436662075328e-01
3.813553324227831887e-01,9.234602609826443320e-01
4.570677862494194610e-01,8.900891587662328464e-01
6.435357298941277726e-01,7.623959310520908028e-01
4.103454784304159664e-01,9.119547796820344221e-01
7.412759683297795998e-01,6.696098423141713107e-01
6.506925637364637804e-01,7.561677223746671173e-01
4.167079240767231352e-01,9.092100415719062134e-01
5.351898198672234708e-01,8.444639963106558289e-01
5.548955198687675061e-01,8.311590095096798025e-01
7.303083547461584057e-01,6.809086615955519672e-01
5.480792866045882672e-01,8.358251524718226522e-01
5.221625397418889758e-01,8.528524089445669309e-01
3.349465808414219259e-01,9.386678751354516903e-01
7.512863296511310685e-01,6.591198323455240704e-01
3.927760260426541583e-01,9.191274697957422246e-01
7.918020685490407828e-01,6.146728810472845694e-01
7.756827883424353143e-01,6.327374662521306758e-01
4.405677476625447508e-01,8.982467074058749779e-01
4.367525493099187472e-01,9.000677886551055051e-01
7.884663009365029396e-01,6.184797711693489353e-01
4.351642159997684001e-01,9.008178975592975313e-01
3.521388260170060236e-01,9.335010016104249297e-01
3.364539887014473263e-01,9.382131525332785271e-01
5.038233753100879175e-01,8.641245840543989587e-01
4.668139713989167827e-01,8.850018774825729739e-01
6.784643134913003193e-01,7.312495107663806726e-01
5.741490724302980020e-01,8.174420404688450548e-01
5.491504599875888237e-01,8.350895362975292446e-01
7.878507839948013514e-01,6.191435346783432658e-01
6.820251979467746306e-01,7.279462745566540605e-01
5.630584364042714451e-01,8.254215003671458994e-01
4.005334429425017606e-01,9.160313476524156728e-01
5.430163008627177934e-01,8.392621966658851962e-01
6.081135402444264315e-01,7.916095345504550185e-01
5.338982177680877683e-01,8.453032493049605911e-01
4.460100408951849782e-01,8.956147275135082353e-01
6.101560598968642779e-01,7.900068983665546885e-01
7.716760221137206610e-01,6.371278635932765555e-01
4.896588761628732356e-01,8.724399679198121538e-01
5.214558159014970329e-01,8.533060304467560142e-01
6.941231444587890875e-01,7.165724290110425665e-01
5.979227135547242611e-01,7.995735718132245262e-01
4.098569020332713531e-01,9.121286397845506100e-01
5.701554369020628288e-01,8.203356595788834360e-01
5.144863145970106633e-01,8.576651107118795636e-01
5.296417717912321743e-01,8.480511329233078044e-01
3.420860234743711703e-01,9.365938116500499566e-01
6.508741033168828904e-01,7.560136099491945316e-01
3.875343414969145694e-01,9.211443111633115244e-01
5.273957685330115108e-01,8.495295392545795243e-01
4.100204947498720109e-01,9.120677412301257947e-01
6.718782042911027874e-01,7.372873749186293901e-01
5.537354679212513897e-01,8.319680677123606483e-01
4.292722389101298885e-01,9.035740746218718922e-01
4.123225284033800730e-01,9.111075960861894085e-01
5.794429498052591221e-01,8.135519793061942728e-01
3.624816157264986183e-01,9.301398817874482194e-01
4.163130847666863810e-01,9.093946410649637047e-01
4.024852339250889477e-01,9.152376626263644122e-01
7.555810742029001048e-01,6.545523755115724152e-01
6.104701589091923175e-01,7.897195950095081685e-01
3.619802836866192752e-01,9.302785872767850295e-01
3.628751680764987775e-01,9.299868122097897372e-01
5.457806506803948299e-01,8.373870641733658360e-01
3.645082479935163322e-01,9.294628413516557996e-01
4.540399808212426391e-01,8.916151566898098402e-01
6.200029941614271234e-01,7.820588219852471212e-01
5.728952886066103201e-01,8.183465875064996897e-01
7.244396962903487669e-01,6.868661708455962023e-01
6.669174664210577586e-01,7.418058789529002883e-01
7.337434791255255107e-01,6.773987188524214220e-01
5.271489234844458638e-01,8.496568477223122029e-01
7.043864011034868255e-01,7.066906293735873978e-01
5.620516872393979124e-01,8.261180728781035709e-01
3.941062236033407995e-01,9.186027629451677390e-01
6.545099681999793084e-01,7.528662251367091995e-01
5.292783084529658622e-01,8.483112412818004655e-01
6.387223490025867312e-01,7.664701984345128061e-01
6.702170281415602560e-01,7.388071417554338272e-01
3.379302356653341999e-01,9.378080920602201997e-01
7.468474699494351832e-01,6.637985711010991885e-01
3.756154567731259108e-01,9.255461951628002337e-01
3.352199862521765827e-01,9.385869401880582163e-01
6.836240689089614353e-01,7.264577661102911144e-01
3.548259808379557456e-01,9.326462505670014558e-01
7.194343450597843193e-01,6.918906737108173610e-01
5.909203084625560543e-01,8.049548985902157394e-01
5.416064887054403698e-01,8.402129633797869035e-01
7.150619463874435811e-01,6.962529596258441034e-01
5.799778551035732477e-01,8.131853036356001541e-01
4.387733744366004163e-01,8.991030417113049511e-01
5.764301797610635880e-01,8.157995606127712573e-01
3.443372803792598691e-01,9.359110588776544670e-01
6.330926236595572076e-01,7.712203551730554274e-01
6.166678202396074226e-01,7.847441349728938587e-01
3.622848828169558111e-01,9.302038032474754248e-01
4.490790066836535255e-01,8.940995094775626706e-01
3.535027828753395940e-01,9.330548152448228105e-01
4.604301846051805924e-01,8.883633284744931746e-01
6.333244445504362385e-01,7.710572157950090766e-01
6.160927450005273531e-01,7.852431482977727528e-01
3.929477620387653580e-01,9.190433577695200640e-01
5.276733015468193511e-01,8.493262947269921703e-01
5.426850621659452534e-01,8.394842122414913899e-01
6.817779019656979855e-01,7.281962161434638592e-01
5.670787958396109607e-01,8.225695416729960074e-01
7.590032860462021524e-01,6.508701439609408945e-01
6.785561597122210520e-01,7.311981344826233853e-01
4.324230950729103795e-01,9.021081276136562188e-01
7.641133472393963899e-01,6.453657959756857743e-01
6.732000224634706598e-01,7.361194171987485158e-01
5.497114741671732530e-01,8.347297169510455861e-01
3.900591666715229611e-01,9.201765676299683561e-01
6.849777035254742685e-01,7.252335148800962417e-01
7.407686860362703296e-01,6.701276970448772907e-01
4.692345655484367883e-01,8.837085170875897955e-01
5.922569226122265107e-01,8.039441131882969493e-01
5.792024459181107643e-01,8.137492515688917738e-01
3.423413672063820301e-01,9.364984499831346954e-01
5.780802017279284000e-01,8.145555635070823586e-01
3.824837885609363441e-01,9.230418903714873169e-01
7.709211094226471328e-01,6.379668453957528795e-01
4.302910254875855767e-01,9.031104084753913686e-01
3.985342371724702737e-01,9.168117405071281034e-01
5.209551038933003531e-01,8.536019791370766940e-01
4.942788256957826865e-01,8.697447062912989635e-01
7.032581056618214532e-01,7.078143671573634554e-01
5.190207113229827751e-01,8.548150158413978517e-01
4.000514975480544133e-01,9.161993431334815030e-01
5.675864548209410554e-01,8.222136409288681724e-01
4.160366681711213932e-01,9.094922714937934138e-01
4.505861174090691756e-01,8.933398454503257424e-01
5.508533561164505876e-01,8.339429287511569422e-01
3.879795249342606889e-01,9.209506014004713581e-01
5.730458082561469269e-01,8.182551838978001646e-01
7.294150865090900382e-01,6.818066457855552764e-01
4.502865480916574126e-01,8.934877641707722473e-01
5.426568470642157971e-01,8.394737913479816127e-01
3.777896166641672715e-01,9.247958696581757287e-01
3.920902451458406768e-01,9.193939681238725292e-01
4.342495422162307439e-01,9.012784828091704448e-01
6.929533116107018387e-01,7.176764927457489618e-01
4.525627800337819751e-01,8.923800645911326157e-01
3.802724486634967427e-01,9.238514833674453808e-01
6.999591305103898264e-01,7.109857586611263436e-01
3.868695153680303811e-01,9.213850339873387307e-01
4.382838789572860438e-01,8.993493927739357741e-01
3.781864216333017947e-01,9.246503440594966428e-01
7.218753116643978895e-01,6.894348720651830575e-01
4.952434008782218844e-01,8.691924286445591452e-01
5.616028341596885909e-01,8.264431125020950120e-01
5.690484990034195834e-01,8.211331920155778841e-01
7.015255785374603370e-01,7.094665746752004676e-01
4.554373530667272241e-01,8.908925513264174256e-01
4.965933558117157642e-01,8.684127122937912446e-01
4.404713202105562386e-01,8.982947089611230673e-01
6.427749922369377922e-01,7.630470554613504319e-01
7.074212980582997856e-01,7.037713842579462753e-01
7.206486595676340201e-01,6.906643686552361716e-01
3.304963411880066371e-01,9.399328953084055138e-01
6.581717832584137451e-01,7.496222034194995887e-01
6.868926737101962443e-01,7.234214756653657430e-01
5.386979496213949448e-01,8.421186845147002886e-01
4.867848877204706826e-01,8.740365508471651390e-01
5.469212276033632580e-01,8.366072193230870147e-01
4.781115184079774427e-01,8.788803584702697957e-01
5.121206281635747315e-01,8.590835607627014259e-01
3.990009757198155205e-01,9.166423624767827683e-01
6.662380159974944371e-01,7.424314526418499538e-01
6.602002655258658592e-01,7.478262487174304196e-01
4.421399617248100156e-01,8.974993173328559282e-01
4.011054324226775436e-01,9.158036672581506554e-01
7.140091820627755270e-01,6.972602068738106285e-01
5.190803291250352114e-01,8.547637392563596226e-01
5.650411321719259750e-01,8.240135354250741617e-01
7.392085844832061436e-01,6.717543508208956293e-01
3.324172158474497096e-01,9.393886931270930551e-01
7.518034557851320798e-01,6.585513397049718165e-01
6.039958881936189350e-01,7.948632336243953711e-01
3.355260013449996026e-01,9.384897394283906458e-01
3.994666085100544994e-01,9.164312389136554104e-01
3.346633722340102701e-01,9.387417319774136182e-01
7.024661836612171584e-01,7.085717912399098761e-01
6.241552779739081291e-01,7.786744649057305567e-01
4.055021022729065061e-01,9.139934450502300578e-01
5.293139131381198181e-01,8.482910656793004600e-01
7.664818337445939989e-01,6.428030817164995803e-01
4.188929009691716998e-01,9.082541401280748161e-01
3.419522043752986074e-01,9.366221439593772624e-01
7.101731640541953938e-01,7.010402740354753082e-01
6.286229565894989602e-01,7.749580854158033549e-01
3.691987019165484663e-01,9.278231699404858590e-01
6.308773396785742893e-01,7.730989775275929343e-01
6.457568312356782858e-01,7.604624116880204232e-01
6.131063143421018324e-01,7.876323015121139415e-01
6.409338204854231336e-01,7.645872864183734796e-01
4.100021030124404442e-01,9.120748167235978032e-01
3.756266109960240684e-01,9.255440545907540617e-01
4.005577854490721679e-01,9.160097881388230556e-01
5.180584750543650863e-01,8.554214181628306823e-01
6.841952025081090571e-01,7.259360118239317483e-01
7.170548270938263968e-01,6.942534414912823193e-01
3.975975164461255096e-01,9.172109909964166752e-01
5.800924616663846178e-01,8.130678398266540929e-01
6.438495979298413108e-01,7.621078293475586074e-01
6.282887268083127141e-01,7.752441982465110293e-01
4.445354179192148036e-01,8.963229679207106448e-01
3.496825645538974570e-01,9.342841715445205919e-01
6.846416579050189632e-01,7.255378487689995159e-01
5.188357693037586316e-01,8.549390168744481766e-01
5.895086437619938557e-01,8.060435084561380359e-01
6.200161499987904001e-01,7.820617013982604782e-01
4.784519050127986062e-01,8.787186684226855338e-01
4.026907551316361022e-01,9.151339808381575569e-01
5.141863022124659732e-01,8.578269031106476872e-01
7.760813961778281200e-01,6.322837874943499914e-01
5.068542931888689873e-01,8.623228049639134474e-01
4.746895700775321525e-01,8.807931959673019895e-01
3.438836701743308022e-01,9.360364449970455247e-01
3.791820069063966403e-01,9.242635909507195269e-01
6.823844865174119034e-01,7.276140505996423480e-01
6.460511719692096921e-01,7.602018405386015143e-01
5.334054405169030844e-01,8.456132281270397621e-01
5.338112344886721816e-01,8.453291738002480793e-01
6.116746163338706577e-01,7.887773034430638486e-01
4.520300855029050213e-01,8.926501186313211544e-01
3.592488333543891188e-01,9.312259698700953159e-01
4.659256313901843916e-01,8.854672411015596101e-01
7.250104935675103501e-01,6.862685006445861102e-01
3.944297605764257586e-01,9.184420565983817397e-01
5.501910517827590663e-01,8.343765174025427056e-01
4.365396054918997404e-01,9.001679432624556387e-01
6.839126309222506306e-01,7.261954502931692312e-01
3.768359865862915825e-01,9.251108318030957234e-01
7.798744417361032077e-01,6.280784011403489631e-01
