6.346469209173417614e-01,3.653530788627719628e-01
7.538252461015203520e-01,2.461747548601465330e-01
9.500106600696396342e-01,4.998934093776626064e-02
8.006078878489828465e-01,1.993921110294891441e-01
6.045108064217664667e-01,3.954891922237472879e-01
6.026616218386398049e-01,3.973383798172223647e-01
7.515506868407951790e-01,2.484493149109562593e-01
9.292608685618628517e-01,7.073912942436569318e-02
7.366652463804671536e-01,2.633347515687990970e-01
5.985022264119602697e-01,4.014977756553964605e-01
6.770133884421918324e-01,3.229866093329117338e-01
5.351185955099254654e-01,4.648814075183206884e-01
6.779322096965643141e-01,3.220677872738003100e-01
7.352742631863635747e-01,2.647257398469360923e-01
6.760408425504892405e-01,3.239591608405433809e-01
6.514176000041419501e-01,3.485823961447290231e-01
5.390310510125748689e-01,4.609689450870829708e-01
6.794869930701151750e-01,3.205130109029079577e-01
6.705687821161039341e-01,3.294312137989084399e-01
8.691087230868728142e-01,1.308912811132545151e-01
5.548924093586475870e-01,4.451075949562408041e-01
6.994071734723641409e-01,3.005928221534787115e-01
8.779027717965912636e-01,1.220972234486614322e-01
6.526204230793685168e-01,3.473795717732202637e-01
8.151522428205399962e-01,1.848477519854540285e-01
6.441440921355200411e-01,3.558559020697191211e-01
9.310982795097177966e-01,6.890171425967143992e-02
8.182284372598571665e-01,1.817715563168750825e-01
5.740869402918505893e-01,4.259130530824659644e-01
8.152562356136673349e-01,1.847437573123448806e-01
9.142290396436150157e-01,8.577096761836018601e-02
8.135964960904484844e-01,1.864034963590102678e-01
9.031925671296636704e-01,9.680744045837096079e-02
8.000791169413853376e-01,1.999208908663791529e-01
6.793800572884702849e-01,3.206199505624939272e-01
6.344013764898696062e-01,3.655986316736479780e-01
8.212186092676553306e-01,1.787813824136860186e-01
7.706348159588878310e-01,2.293651753235681767e-01
5.795106319154743613e-01,4.204893771581945661e-01
5.378924275924360510e-01,4.621075632818416046e-01
5.585121215984537590e-01,4.414878876346154390e-01
6.845869840015819108e-01,3.154130064702115877e-01
5.614958249070277629e-01,4.385041848228640182e-01
6.232704437533855835e-01,3.767295462546407236e-01
6.033191352097432292e-01,3.966808748447433475e-01
6.381746424940968332e-01,3.618253676568030097e-01
5.783275437372397132e-01,4.216724664735315709e-01
5.525151407392510094e-01,4.474848700164056337e-01
7.534077936013309218e-01,2.465922172696036474e-01
7.900239644275051099e-01,2.099760243122017478e-01
5.420903926069542411e-01,4.579095957628807056e-01
5.443612323942844666e-01,4.556387559698786283e-01
9.578904393376391768e-01,4.210957255373101726e-02
6.355909563349930735e-01,3.644090317667835754e-01
9.474627046630179628e-01,5.253728339767941430e-02
9.458458584250786227e-01,5.415412949078647620e-02
6.224775037612307882e-01,3.775224841289873678e-01
6.585219991561714892e-01,3.414780130667490199e-01
5.712364677270114210e-01,4.287635200066090002e-01
7.476818453100588791e-01,2.523181670045748226e-01
8.208000264158374915e-01,1.791999611563029893e-01
8.703695628221082004e-01,1.296304244569987385e-01
7.480406726159273267e-01,2.519593401767935004e-01
5.843743940696770611e-01,4.156255927487678692e-01
6.396956158980526830e-01,3.603043974796749649e-01
6.439505519735095884e-01,3.560494345713917652e-01
9.063043206748370162e-01,9.369569290553372842e-02
7.098384359764556839e-01,2.901615778459525896e-01
5.687928336596319578e-01,4.312071802858751246e-01
7.740301029833009938e-01,2.259698829775883544e-01
7.561518586498044980e-01,2.438481554095341397e-01
9.566852409812253155e-01,4.331474492418915800e-02
9.075648647923379997e-01,9.243512111160183398e-02
5.333384492971035007e-01,4.666615365799067217e-01
8.317248535806751608e-01,1.682751605710156306e-01
5.482092846504629247e-01,4.517907011746046253e-01
5.784226545356735416e-01,4.215773312752243429e-01
9.455461521463577323e-01,5.445386211571792701e-02
7.925198018968258040e-01,2.074802124225473832e-01
5.614390929992607582e-01,4.385608925888867526e-01
5.288180421232132611e-01,4.711819724358591865e-01
9.606426112910926296e-01,3.935737378857365187e-02
7.997445156969841262e-01,2.002554693561965915e-01
7.991313134265300988e-01,2.008687022780837328e-01
7.017934355827755155e-01,2.982065486455787728e-01
7.890557289041112421e-01,2.109442553101139595e-01
8.812587544224178560e-01,1.187412297129921690e-01
6.908595529444749861e-01,3.091404634416906050e-01
8.365386672376440291e-01,1.634613491556931864e-01
8.051605899281448764e-01,1.948393935655293729e-01
8.931500203039244301e-01,1.068499631808428468e-01
7.930398279985696464e-01,2.069601886303062410e-01
6.896982510165564628e-01,3.103017323291831220e-01
8.879224142372237338e-01,1.120775688701845380e-01
7.040725418393879442e-01,2.959274750582394087e-01
5.416907527262166955e-01,4.583092642837809927e-01
6.146722797542311101e-01,3.853277374915207165e-01
8.222828825471426573e-01,1.777171000695555170e-01
8.963229772302008236e-01,1.036770052631672406e-01
5.316926695885670906e-01,4.683073128883209479e-01
7.439068882741572963e-01,2.560931294282850490e-01
8.198651141193694647e-01,1.801348680947375824e-01
5.391193650202259491e-01,4.608806168954810434e-01
9.671932475854329025e-01,3.280677085355459405e-02
6.051865876485195139e-01,3.948134308068049769e-01
9.039263388692400092e-01,9.607364259159713316e-02
9.644850566592703123e-01,3.551492441199106259e-02
6.649584238503527533e-01,3.350415950964699130e-01
6.272757677204268134e-01,3.727242513434796956e-01
8.510848288654762062e-01,1.489151902739765110e-01
6.673119475342086382e-01,3.326880716515110969e-01
8.478081922661485637e-01,1.521918270612210022e-01
9.431047105907777173e-01,5.689530883130287237e-02
5.695341754228182563e-01,4.304658440642663009e-01
9.058254193681589683e-01,9.417456092548144586e-02
7.564511007808459864e-01,2.435489191644356899e-01
9.371588858458026472e-01,6.284109415157415612e-02
8.176504890431670614e-01,1.823495311025605248e-01
6.763568522302849662e-01,3.236431684089087213e-01
8.141652357758183411e-01,1.858347434754450689e-01
9.494891789766373158e-01,5.051080009926513237e-02
6.619841827006974766e-01,3.380158382554044327e-01
6.788863559489126676e-01,3.211136650329076137e-01
6.520031640732681932e-01,3.479968572709067343e-01
6.033755102626128242e-01,3.966245111640454568e-01
8.118906006280809384e-01,1.881093778634436997e-01
6.088793313116965811e-01,3.911206471029701759e-01
7.843746969881111308e-01,2.156253246752941610e-01
9.627871171735093991e-01,3.721290458666931533e-02
7.961556465973416152e-01,2.038443753425220883e-01
7.340442712950813187e-01,2.659871717277375591e-01
6.928177448356479529e-01,3.071885749083386186e-01
7.067531446259439631e-01,2.932597160078632692e-01
7.272963207336645697e-01,2.727122056407114692e-01
9.084134790374942536e-01,9.160902229702193311e-02
7.823847245589385935e-01,2.176346175665432037e-01
6.407229845199761131e-01,3.592893329396573132e-01
9.231237710271762431e-01,7.691433113507939456e-02
7.741005598583112768e-01,2.259011014211770030e-01
8.372766692018291934e-01,1.627194022722135702e-01
9.112800131492211353e-01,8.874933922779459916e-02
9.534060489334726940e-01,4.660558494892159259e-02
9.479532040570295415e-01,5.207699620453698497e-02
9.495899671551180088e-01,5.042402874031094717e-02
9.557685857458184664e-01,4.426412336350721288e-02
8.140475690265234210e-01,1.859563094077190670e-01
7.857045020117923162e-01,2.143169503654826502e-01
6.193094933860614493e-01,3.807046233423043713e-01
6.543150728161079011e-01,3.456747328911149442e-01
8.874190090042417545e-01,1.125968749811584180e-01
9.259164277388174380e-01,7.410478285414533184e-02
6.200858030518370256e-01,3.799358345414527993e-01
6.958784459869559180e-01,3.041303354738710829e-01
7.636492637391805172e-01,2.363446516843867584e-01
5.985572653865398607e-01,4.014627248449550989e-01
7.980363095233313775e-01,2.019630729583539730e-01
6.812590094330488455e-01,3.187298341549443248e-01
5.312414062987896868e-01,4.687420970140971366e-01
5.836349330422868631e-01,4.163492243934747150e-01
9.570611084350953979e-01,4.297463954545672343e-02
6.133895280313723664e-01,3.865979183313554834e-01
9.130320816969611508e-01,8.696954979628841731e-02
5.874501852966201865e-01,4.125725254557990329e-01
9.233795151525363565e-01,7.663503966959332725e-02
8.624526310927413952e-01,1.375616876568110380e-01
7.738624561747838859e-01,2.261635133057501024e-01
8.540343641001586494e-01,1.459811519565008819e-01
9.378716000367427474e-01,6.214322207275361359e-02
8.599538226033449639e-01,1.400801966116096697e-01
5.951810591975936759e-01,4.048368155423515691e-01
9.459157842998131560e-01,5.411189896051290388e-02
9.282753024780190376e-01,7.175173774478625643e-02
6.283357686293218336e-01,3.716601137645308972e-01
7.523456328150566197e-01,2.476836473163738228e-01
6.925411027797809815e-01,3.074773754370161427e-01
6.255713652318621865e-01,3.744250846041945469e-01
9.384072618246213082e-01,6.160816345173552450e-02
6.886916869555274046e-01,3.113190911195912736e-01
5.771465650228588817e-01,4.228650109910273014e-01
6.212119975158874041e-01,3.788074185894170776e-01
7.324181951411309344e-01,2.676133891459021585e-01
6.097649786493478663e-01,3.902485591799381703e-01
8.051423571878649765e-01,1.948611185296037773e-01
8.811576323144445499e-01,1.188469608551375734e-01
6.564240178953486549e-01,3.435935429323221935e-01
9.424884375838926687e-01,5.754669356407462327e-02
8.776868455942976599e-01,1.223277495370473505e-01
6.247414118702291352e-01,3.752626303122808538e-01
6.949391133483502347e-01,3.050544943180829027e-01
7.542146107483628237e-01,2.457853231393255511e-01
7.658905029281704024e-01,2.341019464696993957e-01
9.368629675087545294e-01,6.317104739922255185e-02
5.425053230257774750e-01,4.575161966580659767e-01
7.862447737109485857e-01,2.137781368231588264e-01
7.238614400255696246e-01,2.761531080472084954e-01
7.368562498509069192e-01,2.631441169811216674e-01
8.421529798567876091e-01,1.578439597347201517e-01
7.635963277174930841e-01,2.364172803203958284e-01
7.430695489797123354e-01,2.569292793645126527e-01
8.442200578684312395e-01,1.558055002735640737e-01
6.687971180862473108e-01,3.312308347358905447e-01
9.339051939024212157e-01,6.611089149708371249e-02
6.615011157601199399e-01,3.385166875162302080e-01
6.948217808986958399e-01,3.051712345528489467e-01
8.383379977920053516e-01,1.616823332605129560e-01
8.625794357290508252e-01,1.374501158193967842e-01
6.234260997641181135e-01,3.765883001619763637e-01
9.187159135859606085e-01,8.129143540464907336e-02
6.894992656990601709e-01,3.105086422941077950e-01
5.468412237543006649e-01,4.531776374673830987e-01
7.523983922655611556e-01,2.476292645764554823e-01
8.535696051426790998e-01,1.464378961521334566e-01
7.050870355179595927e-01,2.949022032251543135e-01
7.243470241010870891e-01,2.756659964284460251e-01
8.675927005216795829e-01,1.324393854106955259e-01
7.657373148302093480e-01,2.342844871789808714e-01
8.861934552091534911e-01,1.138391562550544883e-01
5.828883964601573320e-01,4.171177864034461558e-01
7.150239743434494422e-01,2.849939381584404297e-01
9.101015124848237381e-01,8.989957422936452336e-02
9.453308362982455471e-01,5.467816536500426372e-02
6.835877418152620510e-01,3.164301472399275172e-01
7.545459557982343579e-01,2.454843513562079971e-01
8.518728557784130961e-01,1.481447239658061632e-01
5.928333234338976077e-01,4.071846421668637306e-01
7.422498001625125186e-01,2.577501987999095134e-01
5.985898092370069978e-01,4.014173151247141802e-01
5.708460306625596781e-01,4.291677569908751710e-01
5.509305293841076923e-01,4.490549210121396739e-01
5.454254234809896573e-01,4.545587427461010854e-01
6.268305670529246143e-01,3.731610182444993207e-01
5.692108323046025653e-01,4.307973555060133353e-01
6.877939775092480890e-01,3.122076498802077160e-01
7.209479884389989879e-01,2.790775928484913737e-01
6.333526651063292601e-01,3.666517205659569067e-01
8.377807964502465010e-01,1.622499221396654090e-01
7.072458276737525473e-01,2.927840267896210102e-01
6.912212353851332480e-01,3.087870103005913580e-01
9.644045396199361075e-01,3.559543125220435145e-02
7.981644584044635948e-01,2.018451053822817309e-01
6.959992437300523971e-01,3.040102625039111106e-01
7.102562610041960323e-01,2.897499239864793075e-01
6.577768529902152661e-01,3.422200761653945711e-01
8.014610101233832218e-01,1.985426309824563362e-01
9.626049192365218055e-01,3.740156576425594098e-02
7.864268645709935335e-01,2.135758263270109425e-01
8.823305862132198030e-01,1.176918821120366693e-01
8.852680324944774970e-01,1.147329251045209747e-01
6.639277822190126077e-01,3.360739095213521876e-01
6.718961981132587358e-01,3.281250416495641864e-01
5.361689908239327673e-01,4.638163349233401789e-01
8.313396867619224917e-01,1.686879664598053552e-01
9.617594639092580389e-01,3.824792388525798115e-02
5.900855351316655062e-01,4.099232915112375752e-01
5.578550517857737701e-01,4.421463052656550152e-01
9.318707293739159070e-01,6.814169272040739023e-02
8.785888748607142418e-01,1.214065556762133208e-01
7.088584956250754132e-01,2.911355529577303036e-01
9.093462209048028821e-01,9.067559657367151027e-02
6.592030648780593527e-01,3.408010105752940500e-01
6.422930615623948514e-01,3.577119593024973843e-01
7.808104288008935745e-01,2.191837758556151594e-01
6.567708514507009099e-01,3.432216460271892977e-01
6.511335685397265927e-01,3.488724443614872328e-01
7.264844249289520439e-01,2.735068530811751164e-01
6.942598601621700061e-01,3.057531902571882232e-01
8.071047883840146708e-01,1.929226121395363203e-01
6.031641635240440058e-01,3.968267744097340177e-01
9.058119213780821966e-01,9.419565958953493578e-02
5.917045848617364934e-01,4.083084040123322045e-01
7.284255986483101353e-01,2.715672451059272796e-01
5.825149795345319070e-01,4.174826071359382107e-01
6.347525563522229408e-01,3.652328540644255717e-01
8.137161656868979742e-01,1.863052918830579163e-01
9.526343742174807616e-01,4.738077634710961827e-02
6.342981377326606385e-01,3.657205084673300077e-01
7.888648426307419692e-01,2.111476435493068182e-01
7.727121716575757748e-01,2.272922901920660654e-01
8.473582953301923570e-01,1.526622084208067165e-01
8.823737613786752920e-01,1.176512845835220589e-01
6.805754744362191300e-01,3.194497718980547907e-01
8.111702691844315805e-01,1.888217730323869248e-01
5.306111320612588722e-01,4.693877369936414468e-01
8.000978034848220677e-01,1.998962730659644138e-01
6.003380086298952811e-01,3.996819534667516716e-01
7.970887297983539899e-01,2.029375888500870861e-01
8.001178474787296047e-01,1.999027724836127395e-01
6.153186584379719548e-01,3.847044098398991196e-01
5.516009019641581190e-01,4.484199506130608914e-01
6.747521135560835548e-01,3.252697192108850999e-01
6.528178925406467048e-01,3.472051615925241252e-01
7.224971689885282267e-01,2.775260922868537095e-01
8.542957004216372718e-01,1.457198778451040955e-01
6.398289571261011055e-01,3.601842478721397622e-01
7.677435046115015371e-01,2.322590867711570584e-01
8.457133410885433467e-01,1.543109909341615626e-01
9.354329438297235289e-01,6.460060807976575337e-02
5.497798964987378190e-01,4.502089771556227471e-01
5.623639303966406766e-01,4.376197302436057868e-01
6.707382871411691205e-01,3.292485483842609861e-01
6.502507510236971155e-01,3.497421981558924697e-01
5.868744501143171588e-01,4.131104489499276000e-01
7.424495838359109756e-01,2.575644378953541036e-01
8.331962522370135460e-01,1.668209518985168949e-01
9.194618132427030410e-01,8.053534383392864371e-02
9.332349467393903364e-01,6.678062090034837806e-02
6.684661694065822113e-01,3.315586071611181795e-01
6.193084284555914198e-01,3.807072086343379902e-01
5.555760203003042852e-01,4.444088354010587438e-01
6.367988486553599614e-01,3.631909884851547421e-01
9.147584258365013543e-01,8.524856934168791034e-02
5.661297207015341115e-01,4.338621357652777677e-01
6.862215173086622100e-01,3.137859528132948550e-01
7.532591006677711309e-01,2.467316815011275366e-01
8.592280085628711817e-01,1.407716659456811903e-01
8.292114127146810176e-01,1.707929440809208832e-01
6.547580577843264971e-01,3.452353387089832082e-01
7.806893316569217811e-01,2.193298451433480234e-01
8.500992244496843320e-01,1.499336730022776676e-01
7.536575449406008875e-01,2.463540156178872231e-01
7.899535431511359729e-01,2.100667375946337345e-01
5.797591760063225408e-01,4.202482788829338678e-01
6.664421366004835701e-01,3.335686937379414019e-01
6.029104167174431650e-01,3.971060512163506750e-01
8.332475847305698125e-01,1.667722466472685849e-01
8.832519931775336675e-01,1.167543585377503051e-01
8.914636580224479800e-01,1.085705971325936631e-01
5.428037058052552766e-01,4.572117864798619369e-01
7.802290579182969976e-01,2.197886754744976801e-01
9.025832233249739822e-01,9.743381089423039376e-02
8.299148345756137690e-01,1.700969457045490296e-01
8.961305723849628535e-01,1.038701746956112171e-01
6.338369372350692865e-01,3.661512205400723197e-01
5.541217488047386341e-01,4.458980986352617526e-01
9.258678737460420693e-01,7.416669394525632342e-02
5.498776451221916162e-01,4.501300647714867043e-01
8.199667089493680727e-01,1.800521393900329503e-01
5.808594500014694351e-01,4.191634789770516956e-01
7.278289066093104331e-01,2.721961271809186234e-01
8.473817195891069076e-01,1.526371698460911863e-01
6.092749315426044809e-01,3.907242234364364797e-01
8.732639940757123131e-01,1.267494217682583746e-01
6.414016195189740088e-01,3.585830020818386865e-01
8.694250312811682146e-01,1.305713732814229033e-01
7.068442476571091815e-01,2.931758624071173491e-01
8.762283487656444825e-01,1.238044247459625380e-01
9.608854828065478415e-01,3.913853114497780478e-02
6.956842373698808313e-01,3.043183890050306095e-01
6.607091344401375688e-01,3.392827196767511655e-01
6.845673265734633084e-01,3.154618600380392213e-01
5.549508310058379745e-01,4.450562194768411528e-01
5.697072702018901591e-01,4.302772259860945248e-01
9.000591591104267764e-01,9.997290879091286220e-02
5.405661355492552556e-01,4.594217155790966678e-01
5.876643093587459177e-01,4.123270591419565534e-01
7.775044597580955674e-01,2.225157350277273960e-01
8.449742884302264834e-01,1.550312645715502258e-01
5.926501566149167122e-01,4.073493917652847851e-01
8.000897225362686438e-01,1.999128819639182375e-01
5.968528185829271582e-01,4.031416494947276941e-01
8.332164039924411236e-01,1.667769451571934070e-01
5.304611503935153793e-01,4.695210442860588418e-01
7.628165893707201661e-01,2.371859948134759366e-01
7.084555485445995782e-01,2.915320139577304293e-01
6.887087633956819888e-01,3.113039429499183663e-01
6.081866352165621326e-01,3.918100659043460832e-01
8.840013251947380635e-01,1.159989309246216016e-01
6.107137508151750938e-01,3.892989241935564393e-01
5.305273560384560216e-01,4.694878887138010937e-01
7.921668219934492328e-01,2.078517463684389222e-01
6.544784805535167616e-01,3.455303802851176220e-01
5.631908421095485062e-01,4.367951975369147588e-01
5.734330581519273551e-01,4.265673869751644420e-01
7.618987502410276003e-01,2.381157249073846405e-01
5.463509007721085720e-01,4.536488116406970916e-01
5.818482213850274531e-01,4.181393444301843565e-01
8.338893859625242655e-01,1.661306749456752108e-01
5.343993015637206190e-01,4.656140747166186422e-01
6.293134501500661226e-01,3.706740955963900297e-01
7.716041445572705548e-01,2.284141828205943914e-01
8.328433943902608938e-01,1.671670266805382055e-01
6.267413105730754719e-01,3.732712636597434464e-01
5.856763329521884609e-01,4.143407305835138388e-01
9.410257681665745721e-01,5.898214336016848608e-02
8.724951524198243380e-01,1.275336783512517891e-01
9.362321650152483077e-01,6.379462372465095898e-02
5.569502530096006598e-01,4.430627937951036599e-01
9.018231721624252462e-01,9.819768339524502510e-02
7.481363376666451126e-01,2.518744457908672629e-01
9.384824088471181991e-01,6.155611405831410560e-02
8.128663654169990815e-01,1.871337235836799673e-01
7.844324190164615462e-01,2.155897784447547427e-01
7.049814199569692796e-01,2.950182697630966966e-01
8.491657797250733442e-01,1.508391959493016465e-01
8.424019777413547239e-01,1.576170934711020044e-01
6.103360021898737164e-01,3.896649841234353095e-01
9.420401106235597455e-01,5.797300359974975892e-02
6.907789215440220953e-01,3.092175061054987517e-01
9.466596991995208654e-01,5.336612583962604267e-02
8.391000885576417323e-01,1.609026841453764234e-01
8.610634666840470963e-01,1.389524107845620804e-01
8.152118209907527335e-01,1.847986017192443098e-01
6.719420759069185678e-01,3.280512629744600783e-01
8.558405064624100556e-01,1.441797388394265578e-01
6.662592015940271839e-01,3.337526471768929026e-01
6.131610750119498299e-01,3.868628096757782409e-01
9.595122568953282638e-01,4.050748838741467794e-02
9.074839319662459936e-01,9.252863670247241101e-02
6.243051323231475491e-01,3.757160559425609114e-01
5.845481304557091917e-01,4.154380289194862796e-01
6.941543185962384399e-01,3.058390205948237073e-01
8.043418445313630372e-01,1.956674847909252446e-01
9.302700012503810623e-01,6.975553455427573046e-02
5.946923825941479169e-01,4.052968911014341868e-01
8.404253583710712405e-01,1.595985244569285977e-01
7.269492211522835534e-01,2.730661162752776594e-01
6.118906652309921146e-01,3.881289741228197698e-01
8.165596282727813904e-01,1.834709520066197252e-01
8.458630473439083808e-01,1.541431750430445335e-01
8.148226659815170914e-01,1.851944381331264988e-01
7.964754071094534149e-01,2.035207939771722929e-01
7.943558914818824590e-01,2.056730730220376335e-01
5.837736588092619083e-01,4.162504662865753047e-01
6.849502628511237035e-01,3.150671646474829113e-01
7.078543293031651640e-01,2.921719309767091266e-01
6.630048139055131351e-01,3.369866871563929056e-01
8.972273556547121220e-01,1.027803641419198499e-01
8.256443362310212919e-01,1.743680520752495799e-01
7.368122692095732118e-01,2.632032519108937207e-01
6.669883474115052557e-01,3.330134126843959930e-01
8.499874019464003227e-01,1.500149116216211165e-01
7.324837227350255997e-01,2.675053582109127026e-01
8.587982080827650799e-01,1.412092046822425728e-01
7.874807852927681040e-01,2.125101972121085092e-01
6.476746757113710506e-01,3.523486252174858335e-01
6.738025690430869963e-01,3.262079466199873656e-01
8.195644831921831130e-01,1.804336696235582516e-01
9.426117174925005004e-01,5.740267418495651613e-02
7.837912981580577032e-01,2.162220594413750696e-01
8.244160881962010468e-01,1.756062747344304398e-01
7.408631613005376426e-01,2.591425109012001071e-01
9.114668670192556110e-01,8.855357619029730065e-02
9.366373738877472599e-01,6.338992191629259920e-02
8.468831868859245660e-01,1.531456256217606504e-01
8.294093456458513369e-01,1.706163679257135524e-01
7.174430650701992818e-01,2.825736820358560331e-01
6.083298592778944025e-01,3.916779006288115816e-01
8.176551341365039249e-01,1.823784831688368413e-01
8.722697787939450720e-01,1.277309831294692610e-01
5.802644048531354626e-01,4.197453652370389809e-01
7.590612066288853210e-01,2.409632763887587237e-01
6.015370504277334218e-01,3.984527083594999741e-01
5.998440230308214050e-01,4.001755261513227357e-01
8.398743420424998884e-01,1.601599119343499189e-01
8.123036358848773064e-01,1.877122992211061048e-01
7.931807742176127940e-01,2.068510736614846135e-01
7.319035394612855017e-01,2.681054021954957234e-01
5.857570037162785903e-01,4.142267102106103049e-01
8.855375683425610323e-01,1.144780387926019882e-01
8.235149881992402943e-01,1.765141817424984994e-01
7.087158610705075468e-01,2.912985852841578072e-01
8.723161812178253927e-01,1.276882841553557968e-01
8.364588107120096705e-01,1.635372379187474412e-01
8.595759230248403160e-01,1.404444057845274374e-01
5.877052653448240349e-01,4.122962393906677292e-01
8.213497001824703325e-01,1.786491345261723707e-01
7.008387574314558499e-01,2.991778079708738436e-01
5.313845656407736318e-01,4.686187118863975876e-01
9.143032346536141830e-01,8.570753802311899261e-02
7.570748397937407947e-01,2.429163970027200248e-01
6.256284136641918625e-01,3.743625090272964528e-01
7.671914461237003824e-01,2.328190106130285653e-01
9.168848638969608889e-01,8.315328815990795375e-02
5.335233987769151254e-01,4.664723801580720752e-01
5.842457566791043888e-01,4.157786288683785192e-01
7.252526739903129016e-01,2.747386807184339363e-01
6.858418911240885540e-01,3.141485133191455614e-01
5.493710330778384110e-01,4.506183032654347276e-01
7.659731238669568176e-01,2.340325654917312925e-01
9.157713136897270845e-01,8.425851086220149944e-02
6.009788386393843940e-01,3.990405725176455753e-01
6.449874365097506557e-01,3.550067015711027008e-01
5.888768419082328620e-01,4.111149004915003458e-01
6.445977884551551407e-01,3.554092097423906527e-01
6.580841882831531819e-01,3.419067323178487383e-01
5.732580859859756073e-01,4.267579830830382503e-01
7.783285724448198994e-01,2.216825250828985128e-01
5.910364217393050401e-01,4.089635932838880383e-01
8.203422752182265576e-01,1.796631513321163831e-01
6.992111289691873566e-01,3.007825262324898552e-01
5.867309227881626343e-01,4.132566599736246515e-01
8.040767140940976443e-01,1.959510151053591998e-01
8.934736316000705392e-01,1.065374959906125185e-01
7.152346105094982143e-01,2.847644529363542176e-01
6.546174808295346370e-01,3.453972516653595615e-01
7.601629756681308470e-01,2.398589781509995744e-01
8.051798834127690263e-01,1.948417922687101234e-01
7.135216312518959381e-01,2.864829818220480662e-01
8.396431198651028716e-01,1.603524454169205637e-01
6.949129130132711829e-01,3.050924301454632226e-01
8.211050325149207296e-01,1.789146854354971561e-01
7.782655631925485817e-01,2.217271951214725978e-01
6.336833548892355505e-01,3.663353094081491790e-01
8.515264745741120134e-01,1.484933248974606990e-01
5.717133837235505167e-01,4.282992040786853805e-01
6.748881522944627509e-01,3.251016611706059600e-01
5.852828693556230144e-01,4.147011155651536551e-01
5.968278955707063682e-01,4.031875759090979283e-01
5.850393960609074906e-01,4.149799843991655579e-01
7.923430100190118619e-01,2.076756454653435335e-01
6.593836439257241278e-01,3.406244218645458899e-01
7.644088358758516222e-01,2.355878141085327171e-01
6.542685730452829640e-01,3.457171891166914146e-01
7.117099279968338577e-01,2.883060101330732206e-01
7.246018938845049107e-01,2.754022802617944743e-01
9.157950577174747142e-01,8.423433193175941525e-02
7.032606363592365240e-01,2.967318220065653933e-01
6.065376810493319226e-01,3.934644867002840551e-01
8.885150222389170960e-01,1.114903611128203881e-01
7.406763288398501288e-01,2.593144096095179041e-01
9.299356377112715233e-01,7.010011050522890752e-02
8.964518547405371240e-01,1.035711713853944976e-01
6.064206131546354683e-01,3.935775648972226759e-01
7.143852948894425792e-01,2.856438412408851546e-01
7.636953208279403382e-01,2.363216343469580760e-01
6.896917136813617288e-01,3.103024947915065668e-01
7.163127100346319276e-01,2.837129989700443722e-01
7.205870506586973256e-01,2.794311760779032983e-01
5.867287338879739744e-01,4.132794508123598942e-01
9.241098084747879637e-01,7.588754303468885076e-02
6.513680294259553971e-01,3.486517760414392653e-01
7.020136454523568936e-01,2.979931806266073457e-01
8.290123698743193659e-01,1.710012014267751623e-01
8.370756942986942173e-01,1.629241642983786098e-01
6.210035680426615468e-01,3.790115896256621708e-01
5.604206328624991018e-01,4.395631106335052829e-01
9.160246832562239927e-01,8.398317669279947717e-02
9.247401853098844438e-01,7.527242772707773422e-02
7.647482880787679349e-01,2.352505458114587389e-01
9.160538955088219915e-01,8.395470522815191849e-02
7.121361211455837781e-01,2.878738302758337975e-01
8.791992913796655706e-01,1.208313505358282330e-01
6.465072862713208135e-01,3.535184481466187578e-01
8.885254696949035358e-01,1.114939149921671951e-01
8.626587921341559717e-01,1.373628181853821240e-01
7.719730042507063628e-01,2.280221731082475445e-01
9.488878033814733826e-01,5.113770306029330470e-02
7.697431506769798482e-01,2.302516311290118689e-01
5.495037332448798884e-01,4.505196667892766293e-01
5.906806045676732397e-01,4.093321495859733594e-01
7.973115873104406059e-01,2.027224594428579107e-01
6.447208178847585458e-01,3.553027667028965664e-01
6.140716590120628426e-01,3.859301108068228792e-01
5.631840556009454213e-01,4.368140751094545804e-01
7.096789503228074780e-01,2.903155023149969205e-01
8.985620467637098763e-01,1.014445293664096581e-01
6.684604440165515804e-01,3.315478405663848105e-01
6.996450811734219455e-01,3.003631288191960236e-01
8.795411615632642288e-01,1.204757750559685564e-01
8.949345929657769316e-01,1.050908708664822361e-01
7.410753372345317835e-01,2.589339175509621227e-01
6.855148032187406981e-01,3.144719502918332799e-01
8.578903543908681373e-01,1.421118943692323000e-01
9.414899237069789262e-01,5.851253008701547131e-02
5.775995867026960662e-01,4.224155319434133582e-01
7.930718154587643731e-01,2.069341824442156308e-01
7.617383585523362921e-01,2.382566199807941987e-01
6.012576152214265113e-01,3.987441673788412744e-01
6.297729766328228340e-01,3.702516222074809238e-01
8.052186507296850149e-01,1.947810417909132952e-01
8.739292977572651333e-01,1.260789263582197395e-01
9.443665283154885071e-01,5.564050158898974779e-02
9.219193921543564763e-01,7.808483235899466024e-02
6.107620067227402805e-01,3.892422945768614917e-01
8.116229613709171620e-01,1.883910231644554678e-01
6.781683156321572925e-01,3.218237039676978273e-01
9.051411128422304220e-01,9.486629101254086260e-02
5.804611574957388997e-01,4.195572937536304337e-01
7.382940508296731430e-01,2.616952329141482569e-01
8.552322457714663928e-01,1.447922547091211043e-01
9.569257712767255120e-01,4.309266337672926911e-02
6.374799073835012431e-01,3.625164546707089208e-01
6.398897912940093580e-01,3.601171698010801614e-01
7.474917214006134847e-01,2.525031081983493131e-01
8.298595792847857089e-01,1.701433747560297804e-01
5.505712240693659831e-01,4.494493675670548360e-01
5.673192703646591228e-01,4.326645555597663506e-01
8.463463053018560611e-01,1.536636901862837024e-01
7.333126030618324354e-01,2.666849067744297974e-01
5.974284366027496906e-01,4.025625921298757737e-01
7.644348857193105085e-01,2.355949172081744369e-01
9.130904481971872100e-01,8.692566099884897757e-02
5.659735958010072565e-01,4.340349447558523033e-01
7.353743165331503295e-01,2.646233831383286161e-01
8.546373148530638231e-01,1.453596742738041125e-01
9.069800624023509616e-01,9.303985565688081827e-02
5.975869554858959098e-01,4.024151679942180593e-01
8.579991598056885271e-01,1.419985110612251855e-01
9.512263391025733705e-01,4.878859858202798383e-02
7.104360248103739339e-01,2.895706758072653098e-01
7.938435867068026619e-01,2.061849233608167298e-01
8.641210604246887250e-01,1.358860205264143250e-01
7.660034315158444906e-01,2.339884750136760061e-01
9.432609886857301618e-01,5.673778522448890554e-02
8.780557582031616182e-01,1.219748287533990311e-01
5.317150966610707519e-01,4.683012365185862391e-01
9.315948166058480862e-01,6.844046058023814383e-02
7.333175416951631664e-01,2.666916502647549425e-01
9.126607478555477382e-01,8.737093356802620725e-02
7.129621434125297252e-01,2.870672737867467350e-01
7.300990829235509683e-01,2.698972899675742276e-01
5.325520718369042283e-01,4.674433546494425884e-01
8.162749142031990868e-01,1.837275481396011267e-01
8.045905794833596580e-01,1.954389822358426898e-01
9.050334988511787859e-01,9.498225061932877300e-02
7.988830167730005538e-01,2.011457683173407951e-01
8.928041449831335408e-01,1.072092105587138938e-01
5.707262700417511381e-01,4.292857369596582706e-01
5.950162441702099292e-01,4.050011717067413808e-01
6.586413317485768637e-01,3.413745959360987570e-01
5.498888814758410293e-01,4.501284550840515819e-01
8.516424615484149419e-01,1.483734671156015927e-01
8.299057087511946262e-01,1.701055126767700709e-01
7.610035308779651286e-01,2.390118505813467187e-01
6.155212172701429729e-01,3.844831422047605418e-01
8.601823625372243542e-01,1.398537838962028712e-01
7.162756673503276605e-01,2.837434019253698980e-01
7.440170620395215595e-01,2.560027239554747425e-01
9.099193345059126692e-01,9.010747001224669872e-02
7.913973898617696623e-01,2.086153561752155106e-01
5.838434617386951686e-01,4.161645641009253938e-01
5.776810957855280648e-01,4.223269471751009974e-01
7.050190167294616561e-01,2.949872247043673346e-01
6.296408919819321826e-01,3.703666351255193723e-01
7.445925398648799431e-01,2.554036746003418012e-01
6.109526341429036833e-01,3.890394298718015120e-01
6.078780232406901796e-01,3.921202567529611938e-01
7.100150518387522425e-01,2.899761766720780898e-01
6.527974120534943969e-01,3.472282460581526120e-01
8.318177738139976851e-01,1.681823629687779487e-01
8.669732359604600536e-01,1.330392027660571297e-01
9.169251550241928062e-01,8.310805599199709570e-02
6.850055074554397549e-01,3.150131715847186431e-01
5.588973747670401560e-01,4.410916421486441585e-01
8.560621018717815556e-01,1.439528505056412166e-01
7.423963166000296932e-01,2.576047917682074417e-01
7.270762307441260841e-01,2.729353818242651886e-01
6.875658253293353006e-01,3.124269626278006196e-01
6.754385904873729807e-01,3.245711460317477481e-01
7.394684846004535572e-01,2.605578259433501409e-01
6.176390336208351650e-01,3.823669696652442496e-01
7.689704757884084918e-01,2.310381509645468845e-01
6.448593338074750658e-01,3.551550909939060752e-01
6.861076740946617791e-01,3.138890735170835611e-01
7.268182656375372641e-01,2.732115117565983020e-01
8.130911459438803224e-01,1.869170815089715998e-01
7.837612083171073829e-01,2.162619431259507341e-01
7.020891685935177762e-01,2.979095293579084314e-01
5.905573034939847199e-01,4.094261987096633471e-01
9.290002108330004393e-01,7.101107653175732504e-02
6.619100575208181070e-01,3.381054981015293448e-01
5.955864349081518849e-01,4.044073662609991571e-01
8.847060490279348155e-01,1.153296026870289509e-01
9.008877036564335583e-01,9.913842405685967252e-02
8.646673508931448371e-01,1.353399066176518284e-01
8.798535301281829035e-01,1.201451930831138326e-01
7.742128088206687853e-01,2.258019274481148919e-01
8.811508926809213937e-01,1.188723696829538240e-01
5.565297479116272372e-01,4.434572661078067246e-01
6.833654965912366874e-01,3.166432424016401570e-01
9.257221610567353265e-01,7.428348551844744796e-02
9.489259717655531556e-01,5.110589641181408765e-02
8.299626687146131054e-01,1.700517372339507283e-01
5.438839265129811196e-01,4.561036978630955141e-01
9.015431865806822209e-01,9.846847662540385293e-02
8.680378044960777029e-01,1.319623168843377659e-01
6.678449672140644999e-01,3.321485477924087659e-01
5.543579168397113621e-01,4.456565864175299208e-01
9.487673195624823919e-01,5.123376099878214351e-02
6.078265987586137786e-01,3.921596643958129569e-01
6.935557862034262833e-01,3.064724738010343730e-01
7.073289545285652569e-01,2.926899412376792187e-01
7.961026998235174457e-01,2.038915907488379753e-01
6.157369128776939426e-01,3.842729203113030567e-01
8.740512779201822235e-01,1.259489536092603668e-01
8.611795599073249763e-01,1.388353110281193847e-01
6.650802356258556092e-01,3.349166595178801886e-01
9.229643531441201754e-01,7.704173975952080533e-02
9.617213563916950925e-01,3.831579422914639654e-02
8.238479418383679587e-01,1.761761885222627722e-01
9.398098324351816801e-01,6.019955225355238387e-02
6.343018951269384642e-01,3.657149457304634255e-01
7.292789444070436611e-01,2.707156974973717323e-01
7.237286377988818575e-01,2.762687048259841460e-01
9.351846515012025574e-01,6.485141667038245294e-02
8.637258047572136110e-01,1.363075846543454206e-01
5.662734127563266995e-01,4.337335928519481798e-01
7.463757827304228210e-01,2.536421033440151573e-01
6.110124936192443679e-01,3.889833408555865568e-01
9.516490246349486037e-01,4.837022487206873306e-02
6.677211981389591378e-01,3.323072544832760822e-01
6.659398072227142862e-01,3.340584799687922324e-01
6.012232011273451748e-01,3.987721752924049401e-01
7.822513639383523731e-01,2.177816977259775522e-01
6.807239455551361562e-01,3.192940917345226670e-01
7.497986014555158008e-01,2.502104655491004803e-01
5.562254496272717175e-01,4.437958829140190575e-01
8.599846929021648378e-01,1.400270113594605792e-01
5.313026340542272852e-01,4.687149086423300082e-01
5.833837240707830940e-01,4.166225613325244548e-01
8.336361164697302373e-01,1.663693839346822023e-01
6.732203587319935956e-01,3.267797559717495748e-01
9.456885931175533777e-01,5.435056263262819098e-02
5.662860037848830297e-01,4.337000542513472223e-01
9.372948535275910098e-01,6.273543274107676315e-02
6.849777589446849335e-01,3.150432756379449306e-01
8.840458214254397484e-01,1.159669914391696782e-01
9.024187791127575853e-01,9.761795537504075471e-02
5.444929808389254999e-01,4.555020135887647426e-01
9.215160091536456211e-01,7.848248323416816274e-02
9.179882514923647374e-01,8.204175973641443520e-02
6.393433352928425961e-01,3.606604254145485133e-01
7.207748769754638296e-01,2.792230637760739209e-01
6.448170569924244200e-01,3.551764787713352911e-01
6.853595896374169438e-01,3.146450964451538157e-01
8.155506488795768449e-01,1.844592935130540956e-01
5.818300051956857288e-01,4.181892398094023688e-01
8.159917024994131074e-01,1.840311941674474261e-01
5.640258560835497148e-01,4.359905794117208688e-01
8.167511366139303952e-01,1.832490058685421752e-01
9.596088526022514831e-01,4.042529713627882743e-02
7.188780318861756058e-01,2.811455367513645554e-01
8.881632522171807320e-01,1.118503775104664061e-01
9.199923882370246719e-01,8.004340735241362303e-02
8.767945973855144626e-01,1.232085929161711585e-01
5.824587657454010081e-01,4.175332203076629334e-01
7.449403855294667309e-01,2.550896683262877107e-01
6.114316664580317084e-01,3.885731410288312815e-01
8.848928109329350367e-01,1.151436216032396959e-01
6.700204646257394980e-01,3.300019528255353496e-01
8.009501153037501542e-01,1.990522712001971117e-01
5.843649066304145157e-01,4.156422632822380780e-01
9.131193853686104811e-01,8.688797141009471647e-02
6.345911060772698731e-01,3.654044263760107825e-01
7.926031049416470964e-01,2.074042448377719783e-01
5.987806157618997815e-01,4.012046876963749065e-01
5.724385693501843342e-01,4.275817206906416534e-01
7.698981912857283394e-01,2.301315165223976889e-01
9.465848951569152403e-01,5.344646495900950978e-02
6.227550077522131522e-01,3.772343014671043493e-01
7.633261294715915080e-01,2.366984363115457457e-01
7.759296824361955336e-01,2.240810602863705925e-01
6.875585068042171510e-01,3.124569700448688314e-01
6.566503145110363926e-01,3.433441783578070061e-01
6.062102992537576895e-01,3.937991864592606528e-01
8.392321297798617241e-01,1.607927404584683084e-01
6.984264525792847067e-01,3.015929861662504652e-01
5.360508275951686441e-01,4.639427251724447254e-01
7.859710960489394438e-01,2.140536380950782969e-01
6.082938256023827650e-01,3.917087157701657496e-01
6.222960348299549915e-01,3.777294869217209250e-01
9.084243767554791571e-01,9.158150249467469917e-02
9.154860947515597314e-01,8.454448689073158774e-02
5.551305698487026818e-01,4.448847909292935054e-01
7.624568578859629575e-01,2.375384445131583089e-01
8.295393864809669227e-01,1.704758451315480927e-01
8.015897093995463241e-01,1.984229267719362644e-01
7.979994594642907391e-01,2.020248991821432527e-01
8.875478668222189782e-01,1.124610627716519790e-01
9.304116879515823557e-01,6.962594225821988614e-02
8.926171769747397455e-01,1.073791804472000733e-01
8.251186172625699644e-01,1.749154325808840171e-01
7.297901198419106672e-01,2.702341935750376956e-01
8.527734541866246465e-01,1.472550712501478065e-01
7.181137805781434569e-01,2.818855521728490521e-01
8.887411566664402685e-01,1.112685551844272425e-01
9.292911802072689742e-01,7.070741263190218062e-02
5.367797168357348880e-01,4.632398889526000985e-01
8.244682119594541891e-01,1.755295626244965657e-01
5.454258643440270671e-01,4.545633942444160525e-01
7.218603682486589568e-01,2.781528670214101773e-01
8.707509696251598541e-01,1.292475962677135659e-01
5.398344824647710594e-01,4.601762031973606337e-01
8.782497257357553266e-01,1.217772046204461250e-01
5.329805008076343720e-01,4.670291618299520775e-01
8.132770725743188045e-01,1.867253777088384858e-01
7.707522508352732116e-01,2.292537641917139768e-01
9.502899487580138693e-01,4.971482133785969787e-02
7.101815388501911963e-01,2.898394343720450128e-01
5.823735523120407986e-01,4.176351828164081570e-01
6.379131768534200830e-01,3.620758765816687874e-01
6.151014328230133277e-01,3.849119737552801901e-01
6.249459908555633492e-01,3.750382028902164433e-01
7.956516980871045641e-01,2.043453500826346303e-01
7.541664922744191202e-01,2.458660594829907009e-01
6.385791584924818132e-01,3.614072715385642787e-01
6.922981719338742179e-01,3.077057922476037488e-01
5.523886001166593562e-01,4.476210836120665393e-01
7.040869913970494443e-01,2.959118105111887553e-01
8.364025459248460859e-01,1.636031863608524983e-01
7.374060180012236287e-01,2.625842635587045670e-01
7.872748444885844243e-01,2.127565592270420636e-01
8.071736490602068326e-01,1.928312726957757128e-01
5.288458233146350329e-01,4.711344286176064045e-01
5.775781714213695794e-01,4.224318328840991343e-01
7.511080006757836491e-01,2.489060888378822611e-01
6.274126529892206650e-01,3.725826613450641811e-01
6.649997825680162844e-01,3.349986627204067369e-01
7.856631572323149459e-01,2.143623026812075671e-01
9.293973824237222736e-01,7.061863553994793263e-02
5.427820107466785338e-01,4.572396323715584021e-01
6.390901240524741178e-01,3.609134425889381492e-01
9.222691524652227857e-01,7.774086460202711546e-02
7.191464779076595093e-01,2.808443699264542293e-01
9.417704946824171364e-01,5.826327100356751276e-02
9.089190948342900089e-01,9.110605740087972249e-02
7.685192505189305523e-01,2.315132624702879727e-01
6.322072260359644646e-01,3.677963004333357211e-01
7.632311082276217462e-01,2.367842347741077325e-01
5.812183682041767163e-01,4.187783769157421565e-01
8.734634925863039578e-01,1.265457866483123972e-01
8.724872672577544952e-01,1.275249547986516407e-01
8.797427555462598026e-01,1.202572384668437050e-01
6.379962071243121535e-01,3.619967367807889747e-01
5.760324922889588084e-01,4.239785420121103265e-01
6.524281505986935237e-01,3.475897403636881711e-01
7.373222282151919993e-01,2.626708899513969797e-01
7.087801094540084890e-01,2.912460436214319714e-01
6.875422136856434996e-01,3.124632964520604461e-01
6.936295641945632307e-01,3.063754905389141081e-01
5.623037155747815374e-01,4.376921194043089658e-01
8.929760923462275457e-01,1.070427902511183055e-01
7.388726977960973219e-01,2.611247401956300895e-01
6.811998529149069226e-01,3.188009467312387657e-01
6.091269343487839549e-01,3.908771037675883853e-01
6.889210779786990591e-01,3.110667041814343392e-01
7.695683331699023633e-01,2.304561906377517178e-01
8.670908863304513936e-01,1.329295904845166632e-01
7.796643037749975136e-01,2.203425999790102341e-01
8.262047242450121232e-01,1.738095922111262404e-01
9.000870007442026699e-01,9.993831469327402184e-02
9.017689552891463567e-01,9.826199783752299910e-02
5.784197413866045689e-01,4.215693931098877800e-01
7.297795752249803813e-01,2.702333865129386559e-01
6.200645808604559051e-01,3.799547806845653408e-01
7.848251770890517509e-01,2.151989153158646029e-01
9.198369586475487747e-01,8.019780541963646148e-02
6.896280871971058879e-01,3.103740499349791904e-01
5.831489614527923804e-01,4.168704963822519871e-01
6.861583370317178021e-01,3.138373218035287460e-01
6.411083855578185720e-01,3.588935247875767454e-01
6.675342148666778552e-01,3.324885303578204998e-01
7.816197438266927477e-01,2.183860665009888236e-01
7.239832818217016852e-01,2.760146795875549897e-01
8.244441377376217073e-01,1.755906293633188731e-01
8.486847779906685485e-01,1.513419505062454096e-01
7.191297980661093270e-01,2.808641365739502072e-01
5.619036852303894714e-01,4.381114800326890713e-01
5.893940744048967728e-01,4.106066454690900369e-01
7.582397006874711520e-01,2.417780114391601676e-01
6.563829576553997791e-01,3.436169571433655978e-01
5.399804035287181225e-01,4.600377281297937104e-01
6.869404038823613279e-01,3.130698358770142020e-01
6.502226262115450295e-01,3.497904016004800276e-01
5.882907103819313699e-01,4.117100073436962271e-01
8.042619138727815642e-01,1.957621324735179802e-01
5.882249140868365256e-01,4.117895454887503526e-01
9.343697011987214252e-01,6.566953635609798501e-02
6.486757651611639863e-01,3.513119930992608109e-01
8.196157638944703283e-01,1.804075291046122187e-01
7.273430721229419138e-01,2.726619061398276589e-01
6.540146181081347709e-01,3.460010485324249152e-01
9.108343322253826813e-01,8.920323966131230020e-02
7.587370946694602658e-01,2.412623148364256565e-01
7.169940398160873363e-01,2.829990075207052258e-01
8.924481613512753597e-01,1.075677663211088014e-01
9.620544815012739281e-01,3.797267667186565027e-02
6.531362207914318541e-01,3.468732361169142298e-01
7.318732880395164564e-01,2.681329616525282566e-01
5.420989816868343469e-01,4.579136390638264276e-01
7.241905481563279956e-01,2.758094149611219903e-01
5.730197759797394097e-01,4.269664736406098560e-01
6.039118527698612571e-01,3.960950137525681147e-01
8.446561143975503949e-01,1.553707398617190094e-01
6.344179446113790144e-01,3.656092205132284723e-01
8.954727139008955561e-01,1.045245881370681362e-01
5.348942086949078911e-01,4.651025508436147371e-01
9.598015009123288532e-01,4.021173638427065489e-02
7.588166746268329987e-01,2.411808657315669679e-01
9.423453762384801369e-01,5.769442231795662845e-02
9.490913877531882425e-01,5.091473623073379529e-02
8.666554752406505635e-01,1.333701831940026228e-01
8.701206040126636676e-01,1.299152432130397661e-01
5.803648546372726091e-01,4.196343768174036759e-01
5.812663844975766159e-01,4.187548505935667076e-01
7.251442498969412620e-01,2.748705970761134432e-01
5.656319626899015685e-01,4.343723918696710817e-01
8.002366776079861133e-01,1.997724640651629691e-01
8.455332572617837439e-01,1.544942265526930147e-01
6.261172381953452604e-01,3.739000984160382179e-01
6.214331961291907902e-01,3.785728693575384218e-01
6.975354621644109798e-01,3.024710612582173774e-01
6.443536300394421268e-01,3.556520296132130721e-01
7.350059630689949053e-01,2.649838904943976892e-01
6.686736593965389996e-01,3.313157216403377348e-01
8.419267714109978096e-01,1.580927684156188950e-01
7.425206136786371980e-01,2.574756790625988279e-01
6.648419082667889057e-01,3.351862474205422049e-01
5.925186315658406144e-01,4.075050949369393161e-01
9.589644324191053393e-01,4.106690825889123403e-02
6.663593499139747189e-01,3.336422284988819209e-01
7.608527005908152230e-01,2.391419563176876706e-01
6.080930637597504740e-01,3.919257642703884437e-01
8.211612944145263437e-01,1.788684526934932462e-01
5.929282169452365636e-01,4.070797252109823461e-01
5.359551912851301392e-01,4.640600466084767173e-01
5.300394693070412666e-01,4.699625508814472830e-01
9.549448431564808715e-01,4.508369646628177657e-02
7.690172469290502688e-01,2.310058871251533530e-01
8.352162878042147520e-01,1.647783570703852951e-01
8.544038882186026918e-01,1.456197491581612269e-01
5.955774719962205754e-01,4.044072329597612758e-01
5.621506751855007700e-01,4.378706206900018216e-01
7.967792651550600347e-01,2.032131178044865039e-01
6.979371347532069558e-01,3.020748256607977966e-01
5.685158631419479081e-01,4.314933517660539675e-01
6.134910775126768412e-01,3.865126592117876236e-01
8.032655993778505810e-01,1.967350838561715831e-01
6.657245087811706208e-01,3.342989692736517138e-01
7.227220994648106966e-01,2.772850893449029797e-01
7.983115592735106070e-01,2.017183910533218438e-01
8.462050951492168238e-01,1.538064534543955586e-01
9.507062835480281082e-01,4.930133344530430312e-02
7.815604855462725542e-01,2.184428398575511965e-01
6.433348502597338037e-01,3.566926297913962651e-01
7.218283671129747114e-01,2.781685303488763972e-01
8.535553831228077648e-01,1.464593899852781878e-01
6.836767060671089524e-01,3.163516885096750997e-01
6.680050916230915181e-01,3.319929197885089778e-01
6.503236127834556290e-01,3.496991046227701516e-01
8.451428180860309780e-01,1.548802254110797916e-01
6.487213819219806998e-01,3.512981208120153909e-01
9.244651547429807437e-01,7.554829708814828071e-02
9.617792937672299258e-01,3.825256679909014301e-02
9.022190854083704803e-01,9.777902917206562905e-02
5.891158540899998908e-01,4.109044756858615255e-01
8.455592581677222608e-01,1.544481820440834485e-01
7.269186760433733463e-01,2.731088082585562682e-01
9.143272000537658872e-01,8.567266472729503923e-02
6.542957998635144934e-01,3.457087962145547477e-01
8.663979589537889048e-01,1.336369164488355465e-01
8.732311149082702117e-01,1.267971588346699097e-01
5.351142616633924876e-01,4.648867387859622058e-01
9.096976482266635466e-01,9.032039197383338880e-02
5.325515270211090835e-01,4.674502738297085513e-01
8.014072648086972839e-01,1.986207579640468790e-01
8.009727208809840349e-01,1.990218441094676882e-01
7.334163351709754863e-01,2.666055352232631903e-01
7.338783533094711542e-01,2.661382892480300133e-01
9.257260096344668288e-01,7.428052488809089304e-02
7.429708654280683389e-01,2.570218485427396282e-01
6.656351247982814634e-01,3.343532975982883015e-01
8.438656545724765312e-01,1.561598181636595084e-01
5.416241994834353202e-01,4.583785419563921604e-01
7.374077164912503646e-01,2.626209566712929822e-01
9.564782592576881459e-01,4.353011459529888827e-02
5.938577100289809119e-01,4.061490921013628519e-01
9.118839132440493822e-01,8.813777366446159944e-02
8.395522596660649484e-01,1.604693288127462258e-01
6.635160107473971891e-01,3.364812038297360086e-01
7.067400481834040793e-01,2.932545317140545227e-01
6.163025468757500347e-01,3.837054497741581027e-01
6.820320680220197662e-01,3.179810066686812875e-01
7.058902402287057232e-01,2.941281409849599848e-01
6.911101013652900527e-01,3.088986256921943396e-01
6.466584622083348943e-01,3.533647034237888396e-01
6.352696015829893961e-01,3.647395168391817100e-01
9.013596218101250779e-01,9.867305165783391008e-02
9.056545204762123102e-01,9.435944339201937647e-02
7.223017269163379828e-01,2.777020456187970776e-01
8.700833623441481812e-01,1.299115280280433993e-01
7.206639023190608562e-01,2.793338163914305672e-01
8.736883990304595837e-01,1.263427386002002883e-01
6.702283269267100829e-01,3.298004564915980041e-01
5.748881747280140120e-01,4.251028500905896790e-01
8.004314699011901846e-01,1.995675331627289051e-01
5.943981075093143218e-01,4.056021303130852296e-01
7.104073336194425270e-01,2.896094394980908149e-01
5.939471288501724233e-01,4.060438147333015335e-01
7.397892672224991584e-01,2.602168441083714256e-01
5.919879828916838616e-01,4.080274820131097879e-01
6.465641261291332764e-01,3.534522919399853413e-01
6.985481385360373663e-01,3.014628461549840321e-01
7.959957328105199403e-01,2.040289546609843907e-01
6.152989475658636742e-01,3.846935497875317300e-01
6.844394647914276986e-01,3.155495117800020122e-01
6.557487758401905342e-01,3.442393595417390650e-01
7.409795436568820115e-01,2.590188653329154600e-01
7.732560324024344567e-01,2.267503416417038231e-01
7.096398683559680398e-01,2.903730787646549572e-01
7.148729159737663430e-01,2.851345611064326491e-01
9.382171954016560456e-01,6.182164521202119373e-02
6.124763059379146890e-01,3.875492981024120653e-01
9.034692445376677483e-01,9.656022241192392663e-02
6.697650863859592185e-01,3.302568114933265853e-01
6.357849006237391576e-01,3.641993881558700519e-01
6.883756489885257679e-01,3.116456291422912694e-01
8.558864273030318826e-01,1.441221032436978133e-01
7.896229508306209510e-01,2.104029918639911401e-01
9.166397335160245685e-01,8.338491358953277477e-02
7.198434802230986307e-01,2.801564110086622872e-01
6.208380504050974302e-01,3.791473249045945182e-01
8.286853557374753709e-01,1.713360553213867099e-01
6.011376881154675278e-01,3.988710851434708604e-01
7.907164591253965646e-01,2.093140521855307024e-01
8.207013499639856935e-01,1.793264906024230887e-01
8.720786678369303324e-01,1.279291184126888636e-01
5.926950895852028944e-01,4.073284150743211596e-01
9.453180302771193588e-01,5.468982258050306827e-02
8.687916497535695948e-01,1.312064321853959048e-01
6.600052736955382970e-01,3.399911467860187719e-01
7.206694974234048034e-01,2.793522883590228711e-01
8.216238027747380102e-01,1.784022542851770587e-01
6.882437397985817773e-01,3.117545784506243756e-01
7.453986704627213467e-01,2.546308190971139362e-01
6.983063371737456837e-01,3.016809443709564942e-01
8.219719272548767774e-01,1.780557631315582701e-01
6.670796159850393980e-01,3.329101699587486141e-01
7.382182844694603618e-01,2.618130550635110465e-01
9.303958316422837882e-01,6.960467254530369741e-02
5.792551254813447237e-01,4.207318797405429356e-01
6.776802104362242840e-01,3.223184384686977322e-01
7.052373672894394208e-01,2.947704479214699469e-01
9.408454309405357430e-01,5.918765429682142087e-02
9.175754893739418439e-01,8.242236380086004344e-02
7.429661622245172792e-01,2.570349654383929372e-01
9.426094642494982079e-01,5.742505082129500948e-02
7.656609078514176048e-01,2.343498684136084143e-01
6.768617939511546444e-01,3.231494982956663597e-01
8.252843479258611392e-01,1.747474996997087637e-01
8.704981485049336776e-01,1.294998396633470494e-01
8.178829585910964983e-01,1.821107005565477666e-01
7.452657359607227638e-01,2.547646421860028099e-01
6.336045202867544024e-01,3.663797060146991025e-01
6.449975513788568371e-01,3.550149734371724208e-01
8.842948501448775200e-01,1.157334076479536039e-01
8.079361732777367022e-01,1.920871704894004939e-01
9.270590642116869340e-01,7.295882006283159471e-02
7.043965423472173804e-01,2.955931899872180080e-01
8.359600525441615027e-01,1.640536190566453112e-01
7.924347348932339052e-01,2.075769231474028920e-01
6.528083399829200939e-01,3.471824029384826815e-01
7.538649170119577914e-01,2.461435505479519503e-01
9.522657870990662854e-01,4.774050901095955313e-02
7.345763011779409268e-01,2.654301881030619592e-01
7.954542657197356537e-01,2.045456026437776631e-01
6.653339998209868433e-01,3.346734800639498131e-01
5.560707081890646775e-01,4.439215253853741605e-01
6.842024236085838540e-01,3.157852154769419384e-01
7.429687291341802169e-01,2.570583712573841773e-01
7.955950504181038552e-01,2.044127129935600362e-01
7.388048652145298156e-01,2.612033520922321661e-01
5.637346756703870421e-01,4.362814814454000767e-01
7.278489957882543493e-01,2.721547989787113653e-01
7.730038801953899030e-01,2.270272318333123318e-01
5.622247035477371258e-01,4.377695155023306750e-01
6.166615554864616211e-01,3.833345541619596619e-01
7.887789485351308638e-01,2.112413199551793908e-01
9.173428896258020160e-01,8.265966946011518712e-02
9.542240458951350979e-01,4.581358780199400182e-02
7.941893514390416797e-01,2.058080903945594120e-01
6.906220815801555890e-01,3.093832826130802349e-01
7.399944883764936199e-01,2.600111270229935045e-01
6.587485558796466467e-01,3.412453962849456568e-01
8.576911881299191798e-01,1.423395123433982279e-01
8.473843609902361740e-01,1.526434404206878648e-01
8.916414541426227469e-01,1.083598010400395606e-01
8.625811062139681074e-01,1.374512683711743566e-01
6.395077611901882619e-01,3.604905131929897477e-01
7.235556668126987834e-01,2.764484109663856160e-01
6.321562625528407420e-01,3.678558860274306896e-01
6.417825947842388246e-01,3.582219496919102908e-01
8.722718149567212365e-01,1.277243333047299867e-01
8.696565127236068893e-01,1.303785712152194798e-01
8.078659846017534063e-01,1.921633659320706178e-01
7.216613559921138954e-01,2.783497960761643908e-01
8.399777665414865924e-01,1.600538116195800442e-01
6.144443972774700224e-01,3.855675900450002969e-01
6.313492591759339856e-01,3.686751005611267895e-01
9.539950292515598784e-01,4.604287917498155192e-02
7.410571253830604554e-01,2.589359148905807095e-01
8.834402796895897136e-01,1.165588588188578023e-01
8.765317649185910831e-01,1.235020164508559837e-01
7.363834996869558225e-01,2.636419055263515276e-01
5.669471523699889381e-01,4.330624317102881315e-01
8.138790484009834625e-01,1.861291235952841905e-01
8.714318516722177055e-01,1.285736014864923005e-01
7.700115647942926689e-01,2.300030344915673375e-01
5.972380865005841866e-01,4.027680267626184141e-01
9.128702002599848875e-01,8.715474776614770547e-02
9.422479541210599940e-01,5.777771266460732247e-02
6.374140701279603638e-01,3.626078244611953827e-01
9.525171350983610008e-01,4.749682113956218976e-02
5.727690775510442256e-01,4.272185130725522084e-01
8.989008673474152555e-01,1.011247581734902451e-01
8.252074406630035552e-01,1.748211025234076010e-01
9.551081586682330649e-01,4.491347291996756336e-02
8.718070352534378342e-01,1.282056788418838300e-01
6.820564046867543251e-01,3.179415091140050942e-01
5.971146654662421449e-01,4.029063976655222756e-01
9.420428583243536380e-01,5.799112454760562557e-02
6.362336094349588800e-01,3.637632067092807509e-01
9.345552954172653415e-01,6.547862245900711031e-02
6.269077962711246954e-01,3.730764541831816938e-01
7.572140277309636902e-01,2.427775755526830614e-01
5.765395240768006468e-01,4.234646471310834492e-01
8.611159753359318714e-01,1.389079053696639365e-01
5.333200887951090596e-01,4.666759446633972352e-01
6.055708121734866278e-01,3.944483460309624601e-01
9.643423863988072053e-01,3.568225847406277657e-02
8.227216173815004030e-01,1.772822732347447139e-01
8.478934868181087214e-01,1.521373494293442041e-01
9.438157864212308734e-01,5.620712214279253993e-02
9.094285810796329805e-01,9.056974857884424190e-02
9.444909407782694499e-01,5.554295226601839441e-02
8.275179427554897327e-01,1.725172523926695733e-01
9.644945055396221267e-01,3.550912379428897842e-02
6.403004583378789638e-01,3.597109643174820626e-01
7.361720686212561704e-01,2.638580368510661245e-01
9.277186946327380390e-01,7.228667426668804186e-02
9.484287861742310977e-01,5.157953095636855917e-02
8.962887213280199550e-01,1.037331411067323739e-01
7.875437975770464005e-01,2.124728909712846059e-01
9.295223236036608272e-01,7.048257833398940964e-02
5.807334810675920389e-01,4.192692944688881096e-01
7.433211760514315536e-01,2.566703122111487767e-01
7.494154735989749794e-01,2.505744781259979237e-01
9.253427275093584203e-01,7.468627091339309632e-02
7.441918762785905139e-01,2.558012909962781301e-01
9.428594330567611204e-01,5.716708150935438659e-02
5.550128615070187843e-01,4.449993447716620310e-01
8.480212264194493255e-01,1.520032206398110042e-01
5.646985582685731808e-01,4.353045673567189078e-01
7.954677658788253947e-01,2.045595584268503631e-01
6.221621121495546358e-01,3.778594397965744922e-01
8.265029458814718843e-01,1.735191798447522082e-01
6.275580015428341429e-01,3.724335573147191658e-01
7.396570617931118585e-01,2.603622010799283570e-01
7.358700499629399205e-01,2.641383417200869888e-01
7.319969598169994152e-01,2.679966538581075586e-01
8.471609654570460002e-01,1.528358278529027559e-01
9.316843568047938895e-01,6.835539122569145309e-02
7.604438474674222181e-01,2.395562785214174761e-01
7.564986841620295888e-01,2.435090866357962625e-01
7.390190259629789704e-01,2.610055679165038112e-01
6.725863275822863141e-01,3.274054240716385289e-01
6.774184467916490870e-01,3.225720199792145304e-01
6.942663721461379556e-01,3.057397746059479782e-01
7.592190862786482031e-01,2.407898823103461761e-01
7.005563384623141321e-01,2.994495559899726933e-01
7.302437666613704748e-01,2.697760775373805875e-01
5.721942566625396465e-01,4.278179172219273574e-01
6.728952150626417161e-01,3.271297243439734714e-01
8.830289143227243454e-01,1.169983714046280571e-01
7.607203154973223302e-01,2.393006004938366127e-01
9.262515693007236095e-01,7.378225445856886888e-02
6.961254273966638317e-01,3.038664920176696871e-01
5.648605648493210118e-01,4.351564101754137881e-01
5.703009756691787002e-01,4.296912845624074606e-01
6.867782798122451515e-01,3.132210466291961426e-01
8.591680259713473378e-01,1.408325624186259339e-01
6.211687910670107282e-01,3.788297166427892493e-01
6.024166653330358390e-01,3.975902529064400115e-01
7.950870479213593134e-01,2.049399884789446791e-01
9.628015136484209258e-01,3.720779654460087266e-02
6.643015556421898449e-01,3.356868675727201490e-01
9.206525131085030456e-01,7.935382124267073567e-02
8.303268638329817097e-01,1.696866139187012956e-01
8.478063516159167756e-01,1.522213349407022798e-01
6.639617190025836058e-01,3.360472718736393083e-01
7.602470243800372174e-01,2.397669621226947712e-01
9.166115402705221626e-01,8.341778468339930419e-02
5.594600908598023059e-01,4.405428101716417633e-01
5.350272225765174694e-01,4.649586089330249306e-01
8.901248517817864636e-01,1.098888142678542817e-01
8.931358696841654732e-01,1.068748405490527603e-01
5.532133823559903796e-01,4.467927846047138885e-01
7.035103742860331355e-01,2.964977545051556973e-01
7.577571064844883519e-01,2.422520817454813236e-01
7.856564147012214949e-01,2.143640775405719345e-01
9.641592192464112365e-01,3.584534372907887539e-02
6.070138644127262006e-01,3.930036065306724558e-01
9.544431130261792351e-01,4.557767839669944060e-02
8.029533999243452236e-01,1.970756203478544188e-01
6.350157515690667553e-01,3.649824117253833156e-01
6.844024065546663316e-01,3.156185747713933787e-01
7.888955470319991559e-01,2.111194576845310533e-01
8.378730724109143546e-01,1.621466892205500610e-01
8.326660557075404867e-01,1.673690895077089846e-01
5.378336782446585529e-01,4.621551870836436149e-01
6.285126442889155118e-01,3.714780321896324899e-01
9.331204637589530781e-01,6.691909674833715349e-02
5.715974982939258098e-01,4.284116809813438009e-01
8.429173084389615100e-01,1.570911644728960332e-01
8.854382197441866831e-01,1.145799765827973798e-01
5.557421427385589308e-01,4.442713032951914331e-01
9.393189310249230317e-01,6.071727670183003911e-02
7.973236025472921762e-01,2.026959841561557507e-01
7.795234391772550842e-01,2.204775597905525575e-01
8.456533151973475437e-01,1.543507806326772647e-01
9.547195910545283049e-01,4.528563523022538506e-02
8.249993019041372833e-01,1.750080768842826873e-01
5.919097445369823074e-01,4.081079690833100404e-01
8.522227595327864780e-01,1.478131356674607100e-01
5.426209384599122165e-01,4.573760001034489209e-01
8.537087845627908678e-01,1.462975545980900183e-01
6.210195897545517374e-01,3.789725442151085089e-01
9.125885170053524842e-01,8.741991897427278668e-02
9.572501675622784312e-01,4.274812460594957370e-02
6.274919221571008121e-01,3.725288060098955745e-01
8.613711215814265909e-01,1.386643638928555244e-01
7.095412528892526272e-01,2.904706132661403761e-01
7.909750966423466645e-01,2.090508299769944234e-01
5.774311783892414063e-01,4.225593642513588155e-01
6.463083873436692439e-01,3.536950706767484909e-01
9.217937787396672800e-01,7.822799093485834077e-02
6.490284705935267517e-01,3.509698732733434468e-01
6.043620534381253240e-01,3.956417512124457136e-01
9.648208117002085027e-01,3.521917081610652367e-02
9.292026613150669023e-01,7.082365054079570177e-02
7.168949393883465859e-01,2.831262437428714307e-01
6.467607847561013257e-01,3.532268753198685163e-01
5.944904950362255303e-01,4.055012303872201906e-01
6.937299049538840912e-01,3.062625899600902590e-01
7.006493193139485820e-01,2.993774421334264302e-01
5.345883545837036843e-01,4.654291165978116651e-01
8.852245615506142418e-01,1.147755114232400370e-01
9.240676349395775535e-01,7.595074553936309592e-02
7.114535407749922324e-01,2.885606369190735765e-01
8.779295855190617504e-01,1.220733075881733493e-01
8.575653914771003139e-01,1.424647032105829658e-01
5.547843150680303870e-01,4.452207557290854267e-01
5.974691629160101547e-01,4.025353152340264695e-01
8.643020262739820048e-01,1.357010579689200691e-01
7.234514779939067441e-01,2.765648681105221662e-01
8.595938131942016946e-01,1.404402289533311921e-01
7.143846205011575856e-01,2.856299856933005032e-01
9.578476656465750860e-01,4.217476876908845401e-02
6.483091391754771671e-01,3.517036534266359538e-01
7.019135309002667578e-01,2.981077149731994891e-01
7.556375375312249787e-01,2.443611392056430909e-01
6.663024594780514454e-01,3.336891294347058001e-01
9.590868165416934765e-01,4.092122464711419466e-02
8.947903387886932958e-01,1.052291922343476377e-01
5.363202027908110514e-01,4.636663651398050812e-01
7.780386397862755210e-01,2.219777054633639557e-01
8.854656273438322733e-01,1.145553442099932345e-01
7.081992696210988036e-01,2.917892267407002915e-01
7.767259464733421437e-01,2.232678575106713803e-01
9.590688549795601814e-01,4.093317186682799563e-02
7.113712090188043513e-01,2.886249592651160545e-01
9.038058074971344613e-01,9.621825594076315047e-02
6.598526804702856685e-01,3.401462560007385005e-01
5.443589770911745340e-01,4.556561160497384910e-01
8.197526166450018748e-01,1.802727456957404495e-01
6.393832497215818922e-01,3.606245329803879351e-01
8.665571155806971460e-01,1.334471039373075207e-01
8.872645931428276844e-01,1.127494375460643822e-01
7.615485296480576372e-01,2.384608740869093302e-01
8.882815841292088788e-01,1.117267017873371654e-01
7.986786674457523327e-01,2.013439854845670007e-01
7.335980873460377083e-01,2.664089230684641985e-01
7.813325044008411213e-01,2.187003139572660793e-01
5.884760638825010659e-01,4.115145382134027252e-01
6.107023183620176043e-01,3.892858891896691653e-01
6.255467448364784300e-01,3.744565849380235845e-01
7.795900476899477738e-01,2.204363826428001882e-01
6.126383809864806018e-01,3.873849749202633586e-01
7.829394752892762099e-01,2.170611047856401687e-01
7.579325984840892261e-01,2.420666052021320236e-01
8.592854913277419016e-01,1.407331476670827530e-01
8.543106503131869811e-01,1.456849893314110245e-01
8.699846425084784007e-01,1.300251442789542300e-01
8.418236502728770887e-01,1.582052519094549747e-01
6.053466855636959743e-01,3.946563991786518066e-01
9.516326585397036908e-01,4.840006625581186328e-02
7.512088379837302821e-01,2.488119926760857525e-01
8.857719703371940145e-01,1.142384393754533184e-01
9.472486940822868462e-01,5.278206095500694722e-02
7.613585040536632320e-01,2.386715842097000828e-01
6.050091510026756048e-01,3.950060990611081735e-01
8.201010180882426504e-01,1.799145966720959444e-01
8.774196412854566862e-01,1.226175947577542863e-01
8.998585051643179789e-01,1.001539189432850002e-01
6.816332135535215775e-01,3.183606104966615336e-01
8.571760203995565375e-01,1.428184673476090571e-01
7.293271011923206926e-01,2.706638917996391780e-01
8.201152618286616791e-01,1.798904508184543949e-01
7.166665447526944233e-01,2.833439000744057967e-01
5.900238872407427282e-01,4.099781178369085732e-01
