5.012370445648164224e-02,9.498763556679621356e-01
4.921314263119673238e-01,5.078686566709732508e-01
1.865362642693235359e-02,9.813461989707776834e-01
4.273978490734210017e-02,9.572604205385116805e-01
6.391699522380192566e-02,9.360827470107757620e-01
4.711478272070543372e-01,5.288519145092671625e-01
5.723771435053277151e-02,9.427625692591309337e-01
3.257008832829829115e-01,6.742994266052309005e-01
5.920608047261828322e-01,4.079388686653598883e-01
1.786465582908743077e-01,8.213538357864852424e-01
1.671785944035042437e-02,9.832825972682687210e-01
3.252320358441170844e-01,6.747684213023606992e-01
1.923494400550843086e-02,9.807655417316081259e-01
1.413115961946658228e-01,8.586879037107129076e-01
6.656690610052420354e-01,3.343303893387463144e-01
9.098970936755541861e-02,9.090108535627154929e-01
1.376057660362416668e-01,8.623948477109947275e-01
3.625271162230334077e-01,6.374735117497241088e-01
3.015139755446217817e-01,6.984866773977564947e-01
2.523368694006829921e-02,9.747656595731868379e-01
2.669209504962439805e-01,7.330783492203510887e-01
6.485732550917076011e-01,3.514274934726839827e-01
3.523921103733639038e-02,9.647615614253494121e-01
3.908901925094506735e-01,6.091089935871389915e-01
2.343130443482228931e-01,7.656860904775238952e-01
4.600963535426317863e-01,5.399045141631261258e-01
5.994634657618492790e-01,4.005374071474964714e-01
1.947919794049760289e-01,8.052071178545109342e-01
3.079988822396099724e-01,6.920002103511508906e-01
1.109936743226569988e-01,8.890054165530004715e-01
2.296670528022238394e-02,9.770323680102710462e-01
3.734744144312777681e-01,6.265245747987127078e-01
7.472544684579027208e-02,9.252735283823316781e-01
4.277635860879330232e-01,5.722353491272589299e-01
2.053980330571724133e-01,7.946031068689790589e-01
2.434837318029500208e-01,7.565174339380010826e-01
1.811869732217902262e-01,8.188117930727832894e-01
5.402731752771663398e-01,4.597280739847867670e-01
2.416690600273482120e-02,9.758318428451900894e-01
5.727291567677100792e-01,4.272720987075356303e-01
4.989492668287717758e-01,5.010494395444354820e-01
6.102580801471708671e-01,3.897432311327726495e-01
1.618903162089150582e-01,8.381110499794679480e-01
3.949394900308904055e-01,6.050619167938806608e-01
4.805543380552981803e-01,5.194470816957639236e-01
1.824475802837325078e-01,8.175509551769931660e-01
4.786222129583986296e-01,5.213762993459519768e-01
3.655396341230637280e-01,6.344618542339700573e-01
1.834522727086201344e-01,8.165461679117024252e-01
3.083563017047056820e-01,6.916452961864800741e-01
6.848011222913703844e-02,9.315182539821706964e-01
1.134558533451059809e-02,9.886560627195006834e-01
6.065162612692005517e-01,3.934854861009163263e-01
3.105441357536284919e-01,6.894576730847443713e-01
5.774002593954895568e-01,4.226015892131375074e-01
2.188441385467967959e-01,7.811539660288296938e-01
2.188919337793990283e-02,9.781127169112270314e-01
6.596369839986272743e-02,9.340382572394576588e-01
2.161892807732019028e-01,7.838127343426766203e-01
2.015766412356418957e-01,7.984254384520583780e-01
1.501303962727684460e-01,8.498674952918248149e-01
4.838088323514339595e-01,5.161890529503154745e-01
3.638564938760154022e-02,9.636122358803078658e-01
5.541222984517332750e-02,9.445898975390786267e-01
6.225262967449837204e-01,3.774758369815561787e-01
4.199197679134122896e-01,5.800824339943763119e-01
1.424187604039822974e-01,8.575835396605476779e-01
1.772928295024331913e-01,8.227048507555374535e-01
5.417510187699817736e-01,4.582466410519988598e-01
5.750414924110732739e-01,4.249561666407777882e-01
3.634105887485497566e-01,6.365870338280432694e-01
3.528706183978110866e-01,6.471318183877396990e-01
4.952274017377090165e-01,5.047751473892242435e-01
5.353445541246900641e-01,4.646528714289880901e-01
1.700562601076781033e-01,8.299411408679203683e-01
6.611371953022345815e-01,3.388654094158581320e-01
4.395766733217599254e-01,5.604207161050953623e-01
1.359847631858635275e-01,8.640178707263984625e-01
6.369952604556581299e-01,3.630020984781755500e-01
3.931674700949668311e-01,6.068351743801971843e-01
5.633856129250147671e-01,4.366116916068649711e-01
6.222446499834322076e-01,3.777526422164378950e-01
3.102502675367573848e-01,6.897524918413716621e-01
2.601607795663117284e-01,7.398363656374337127e-01
7.137435514953313631e-02,9.286286227265625470e-01
4.063997249457103611e-01,5.935972769814918948e-01
1.180252278658069920e-01,8.819717571243409493e-01
3.349770036324165035e-02,9.665053279043206436e-01
1.958931725366247489e-01,8.041037854086786618e-01
5.271663796367651589e-01,4.728305204636010228e-01
2.690532449464849152e-01,7.309436167200513701e-01
1.553925805292589724e-01,8.446105903933253112e-01
6.626799217575095602e-01,3.373168974370517326e-01
2.448626099593317340e-01,7.551341696058905262e-01
2.416280148250406212e-02,9.758404245302866320e-01
5.778066813772165800e-01,4.221965480615502142e-01
2.724042789864931646e-01,7.275989655543163570e-01
5.415153990190538780e-01,4.584878934743185086e-01
2.847618766362883802e-01,7.152347525217407354e-01
1.336685949996060108e-01,8.663280250490466017e-01
6.382531276360267070e-01,3.617502648438114532e-01
2.396112193283952418e-01,7.603853774165116874e-01
1.535907797922582418e-01,8.464126541676038062e-01
2.675742632413513067e-01,7.324292325283920935e-01
2.725483649579829026e-01,7.274480730436656550e-01
2.475549096497635104e-01,7.524486588995885628e-01
3.724036797491175332e-01,6.275998964919631273e-01
1.767294432930070491e-01,8.232669234129127434e-01
6.320669562269393138e-01,3.679367311763684922e-01
1.212837621467763305e-01,8.787199300794947820e-01
1.429069093055251038e-01,8.570968054111447465e-01
2.607953069046093364e-01,7.392009637978143033e-01
4.480911375263965657e-01,5.519126034607174658e-01
2.022276882899699535e-01,7.977685630974886699e-01
5.715946778072494849e-01,4.284090716610214900e-01
3.047993980277633463e-01,6.951968351473123420e-01
3.146615186569368117e-01,6.853422801061297420e-01
1.084004821556075471e-01,8.916033290162773683e-01
4.734444525690444383e-01,5.265593605967449076e-01
1.730842447563035458e-01,8.269119414714327654e-01
4.695599496508303661e-01,5.304438694335191773e-01
2.089403533836760585e-01,7.910558141877074290e-01
2.017171404175594762e-01,7.982790010006566295e-01
3.323471201876444514e-01,6.676490067894699232e-01
5.722894876295633870e-02,9.427671584874519617e-01
4.161285041214295988e-01,5.838675673251868536e-01
5.884577221899422311e-02,9.411581679733622696e-01
4.369737850811593050e-01,5.630222639103706905e-01
4.068930208633022572e-01,5.931030157665754254e-01
4.587808943045758037e-01,5.412150944392843943e-01
3.756895638520739433e-02,9.624350563820366355e-01
4.815035934291053699e-01,5.184923850550504643e-01
2.762871939591094450e-01,7.237087755767354080e-01
2.300028150262008464e-01,7.699931487652055262e-01
4.309432589790124779e-01,5.690526820225255689e-01
1.758810007644566187e-01,8.241149180763681636e-01
3.582855686331437584e-01,6.417103359357021475e-01
5.227642903788403128e-01,4.772398499004986694e-01
6.002040764473288298e-02,9.399754181529851316e-01
3.783581040584810817e-01,6.216460890571652298e-01
1.136935339545674939e-01,8.863106656851293952e-01
2.537802707787993883e-01,7.462239342942339482e-01
3.176216503095206090e-01,6.823825813925631367e-01
4.790269539369163554e-01,5.209688119817874608e-01
5.092898960752073600e-01,4.907057913622479561e-01
6.540398118861846521e-01,3.459558684330494849e-01
5.116574441616091873e-01,4.883381846843929397e-01
1.286036456506970127e-01,8.714007970405349690e-01
3.244994059073740833e-01,6.754961304674922395e-01
5.183796827815141395e-01,4.816158534484563658e-01
3.888522569548722441e-01,6.111432621411496680e-01
2.094969647456312589e-01,7.905075280026537810e-01
6.105946571270318701e-01,3.894007514624285848e-01
5.008686389833874042e-01,4.991359623779158539e-01
1.181215384298914678e-01,8.818738561430040646e-01
1.160211480850763949e-01,8.839742449662967294e-01
4.180927165585356098e-02,9.581861177372141825e-01
4.025908465609557840e-01,5.974045427403454900e-01
1.738300122119422753e-01,8.261746041277302499e-01
2.687487923175247428e-01,7.312558569430513966e-01
3.880890680840404228e-01,6.119062344478390925e-01
3.259701851648720838e-01,6.740250687454987233e-01
3.463999283308281663e-01,6.536048235388111083e-01
4.567303357117925844e-02,9.543317274330481714e-01
4.436548576432216007e-01,5.563402926039019425e-01
2.393245885408801232e-01,7.606705563627764732e-01
2.579478177981799902e-01,7.420473068747083234e-01
2.712136838131297134e-01,7.287912238144639288e-01
3.643237325320909936e-01,6.356713545209096150e-01
5.203581296442281179e-01,4.796467847379551341e-01
2.223617194915480655e-01,7.776333030412019287e-01
4.904520419153281519e-01,5.095529413756555437e-01
4.502127272198142016e-01,5.497822007613653028e-01
3.085671717744420395e-01,6.914277472139974678e-01
2.308684554292562696e-01,7.691366457134987122e-01
4.761712883359872639e-01,5.238338966037613398e-01
3.634407493604566719e-01,6.365540391084772986e-01
1.539565399761785580e-01,8.460487778547446380e-01
1.402577771253363526e-01,8.597475648674646198e-01
5.155645967914264105e-01,4.844300280625243871e-01
3.262820591037365325e-01,6.737233480808992869e-01
7.275952907120192270e-02,9.272459183094483581e-01
9.698515932536495854e-02,9.030093690195055700e-01
5.807383915964684507e-01,4.192670883536541160e-01
4.005929998628798283e-01,5.994015084990017561e-01
4.556525877400193214e-01,5.443529258827546347e-01
2.502420817977732762e-02,9.749813234882197532e-01
5.542432194852541238e-01,4.457512094684304982e-01
2.057211428422290045e-01,7.942732351709801408e-01
3.025280454400168240e-01,6.974775806049268168e-01
2.315941305420007867e-02,9.768349435652803336e-01
6.340096717878261623e-02,9.366047160467214638e-01
2.903416902397471522e-01,7.096526248310934815e-01
1.435578557105700592e-01,8.564478387872023202e-01
5.204888440193671251e-01,4.795054455272144134e-01
1.719481104262332860e-01,8.280576148042572138e-01
1.725767642337486252e-01,8.274289752579305768e-01
3.510907407332182206e-01,6.489035011187940238e-01
4.095763587625567137e-01,5.904178475280716931e-01
6.451405124897369170e-01,3.548536906594403906e-01
2.200846921576775639e-01,7.799094895478851930e-01
4.412613789781106854e-01,5.587327451246653087e-01
1.193182113115364706e-01,8.806876778191844446e-01
2.026108346784434300e-01,7.973832722626221781e-01
4.182499399444534194e-01,5.817559618605849803e-01
5.762199083502543839e-01,4.237860276087344058e-01
3.148892666484019998e-01,6.851047362849599365e-01
1.035668910269765680e-01,8.964271099025559186e-01
4.812366761061834253e-01,5.187693681954764768e-01
3.744013726661953034e-02,9.625659214635099437e-01
1.836771562840120997e-01,8.163167392106885911e-01
4.187927798816646341e-01,5.812011141099437950e-01
3.414173867477203195e-01,6.585888126214282101e-01
1.812102274810872549e-01,8.187835640144742744e-01
7.743265921439811128e-02,9.225610985896446348e-01
6.246203247670949477e-01,3.753734185075301433e-01
1.678293760829136783e-01,8.321768837612871783e-01
5.950601636208151524e-01,4.049335720404264038e-01
1.391967932967655419e-01,8.607969307667713288e-01
3.264192286013667399e-01,6.735744653016869643e-01
6.436794022910576896e-01,3.563142766436057096e-01
3.551052372017426267e-02,9.644831076591717789e-01
5.600414827268271889e-01,4.399649064007208343e-01
2.127628389287722632e-01,7.872307449920333822e-01
5.278989659826852643e-01,4.721076029242928240e-01
2.340603506079578233e-01,7.659330767716281407e-01
4.910656982282524119e-01,5.089277105045431071e-01
3.596250592405798030e-01,6.403683332641018078e-01
1.562296392249514637e-02,9.843704164960910274e-01
1.138513145250950598e-01,8.861553103324510960e-01
3.170335686608998782e-01,6.829597677585471649e-01
1.283346886116717989e-01,8.716584963899665084e-01
2.625876122993650030e-01,7.374055618452101113e-01
5.973780210805995639e-01,4.026151498149385666e-01
2.698143841890918715e-01,7.301787747826863351e-01
4.570147105405496513e-01,5.429784089900243638e-01
5.139190263783572910e-01,4.860740516025569002e-01
3.373752760653795368e-01,6.626316514098462562e-01
7.419916864085571162e-02,9.257938795969434809e-01
3.140153459811572678e-01,6.859916089151543162e-01
1.992803242719740769e-02,9.800789288818109180e-01
1.698334128265489296e-01,8.301595914855074421e-01
3.690205707567305038e-01,6.309864346553235581e-01
5.569800203728078047e-01,4.430270109603546280e-01
6.632361582253538945e-02,9.336834963339744053e-01
1.031323044019560042e-01,8.968748274962798916e-01
7.597106355553803758e-02,9.240361840058550769e-01
9.697651007195232098e-02,9.030307632143567131e-01
5.591533866172813116e-01,4.408393271059617424e-01
7.554076478887337964e-02,9.244519262984592922e-01
4.421404033350023188e-01,5.578669558986695254e-01
1.760755409951675621e-01,8.239170795431077776e-01
3.412233835651722336e-01,6.587692318250140122e-01
5.154159885195106483e-01,4.845915265518587756e-01
2.128428280934413497e-02,9.787232531809061387e-01
2.755938202346804311e-01,7.244137228843274823e-01
5.850753098034641164e-01,4.149322450696097953e-01
3.194556689760864043e-01,6.805518911725911835e-01
5.949009655773974670e-01,4.051065978542193746e-01
4.852380000884420341e-01,5.147544044496491500e-01
3.684902501523901752e-01,6.315173544948712303e-01
4.389356740550210967e-01,5.610566844233981776e-01
3.062284751342165268e-01,6.937791723441961711e-01
3.970650586747555277e-02,9.603011515967806444e-01
1.302962128479852877e-01,8.697114541625474704e-01
5.811969477250794602e-01,4.188107386119011566e-01
3.393952802864045326e-01,6.605970296049947788e-01
6.572132786451750919e-01,3.427944134281463162e-01
4.681872084303532744e-01,5.318206081389847961e-01
4.083112920737179130e-01,5.916808748912620874e-01
2.149510400872108040e-01,7.850568254503620391e-01
9.633311861919340024e-02,9.036590151222734235e-01
4.793354389412975980e-01,5.206566906721273869e-01
1.230065519627149551e-01,8.770013186772471769e-01
2.333711254154802461e-01,7.666209770402765411e-01
1.963879465896654353e-01,8.036199593667979757e-01
1.712333294788717097e-01,8.287745905053511830e-01
7.422233144199108512e-02,9.257696993625847970e-01
1.733038820304176886e-01,8.266881255961807673e-01
3.715609068101132784e-01,6.284471118051789817e-01
1.327318958161461393e-01,8.672761679981173533e-01
4.758395847254405231e-01,5.241523424788635532e-01
4.958153175050212247e-01,5.041766077732638962e-01
2.630338906492957207e-01,7.369579677591120426e-01
4.683006835581101091e-01,5.317075328788473110e-01
5.417442211699620147e-01,4.582640538499883065e-01
5.855991901727940485e-01,4.143925281310560371e-01
5.626194660190132479e-01,4.373722289905910277e-01
6.630071732894191605e-01,3.370011496328362832e-01
1.430275680086685597e-01,8.569807611119938384e-01
1.206358031518450225e-01,8.793725277701334164e-01
3.999756848322530423e-01,6.000326500778846439e-01
2.113236258975227377e-01,7.886680196711284285e-01
8.180431492260570314e-02,9.182040466645928767e-01
1.369913852133399640e-02,9.862924653875432268e-01
1.956901925180225821e-01,8.043013950177637650e-01
1.948507438738828756e-01,8.051576745772170973e-01
6.649918279739761573e-01,3.349997451824226480e-01
3.459589467888858905e-01,6.540495628936271455e-01
2.256367395513425855e-01,7.743546764150511796e-01
3.463809405408865838e-01,6.546543579529603418e-01
6.333202714381985787e-01,3.688537289121368024e-01
4.109421989677097264e-01,5.865967332419115277e-01
5.234093572644864523e-01,4.733899764326213733e-01
3.350132394455066498e-01,6.635869485239629384e-01
9.837357983544869899e-02,8.971490974665434770e-01
1.424079360835999730e-01,8.522541057916710461e-01
4.326759158706603992e-01,5.668464498581108346e-01
2.467538101414700480e-01,7.504741923051128083e-01
6.612442230680585231e-01,3.389486151405016745e-01
6.331310725358080260e-01,3.675603132091189162e-01
1.889003534835193010e-01,8.110839507338810650e-01
3.584641351886626026e-01,6.419542953566900190e-01
1.664799414802671518e-01,8.313200044532804700e-01
1.943826213565227612e-01,8.011327775019702058e-01
5.680146087531648957e-01,4.297305000733276925e-01
2.153815038947564375e-01,7.837096781691190728e-01
6.113981105709014319e-01,3.898996527197865491e-01
1.054436120396771703e-01,8.891810121102277087e-01
4.369272614308182812e-01,5.661696106697647890e-01
3.964355210198980961e-01,6.057941000143962640e-01
4.345645147158130883e-01,5.616202973192829795e-01
5.925003995136706170e-01,4.089042564365749088e-01
1.468404584178382710e-01,8.537642764028517961e-01
2.471967697396166008e-01,7.497783490392715411e-01
4.839737613864503185e-01,5.190673264836995759e-01
2.248879565383167245e-01,7.725910606660109092e-01
1.090371475320971728e-01,8.874531293232830187e-01
4.464821150082349255e-01,5.504515848228601627e-01
4.510592417433597068e-01,5.487383879205403048e-01
2.692610391940775116e-01,7.283803626946817600e-01
3.927680139150079713e-02,9.569308358822025129e-01
4.760219842351015584e-01,5.263202913747133671e-01
1.827848890420787631e-01,8.168216476904943679e-01
1.751217510348718753e-01,8.238600422181997507e-01
4.064662652679822963e-01,5.924200092167652976e-01
5.068210144056379818e-01,4.921592032188016330e-01
5.769752023530465568e-01,4.266976140777156701e-01
6.487139252598334016e-01,3.498352629000656688e-01
4.030130425676924366e-01,5.970365567687585528e-01
5.804065226331637239e-01,4.171868798987413141e-01
6.017430417094096207e-01,4.009310728511925603e-01
5.221056046291860930e-01,4.773350426977635008e-01
3.255103101994955006e-02,9.670582204049353869e-01
6.164548745803467567e-01,3.860955534316730109e-01
2.662871030100760761e-01,7.330331569997980967e-01
3.196672064559829551e-01,6.813734932569691649e-01
7.090306257303433113e-02,9.279043140197744677e-01
5.890027137636012489e-01,4.116597268420876810e-01
3.261332877937286323e-01,6.691725363527781800e-01
5.930000477716284024e-01,4.081363567654092139e-01
5.082507281226923412e-01,4.919455922153181393e-01
3.224573109419309747e-01,6.760889268148806419e-01
4.466982577496724227e-01,5.498816981397113279e-01
5.454975023147299318e-01,4.522761137500149742e-01
1.756942121007087909e-01,8.227649446153706414e-01
1.281953326408207805e-01,8.707318044211082020e-01
3.400507553621979207e-01,6.603818156962228958e-01
6.642259786589347348e-01,3.397294578239075657e-01
1.669505829269426200e-01,8.315156416116826765e-01
5.725626411234617796e-01,4.298986649029984397e-01
1.569409870672387464e-01,8.387065976375530640e-01
6.178929795221003995e-02,9.334701601018592365e-01
4.525018527808261776e-02,9.487941702940361210e-01
6.796266721124519239e-02,9.267150829732793138e-01
4.129864830992344138e-02,9.520354925042098237e-01
5.760663093102921239e-01,4.222326574108128394e-01
4.200732848542589881e-01,5.817363989292843041e-01
6.035701303048709998e-02,9.384162530894589738e-01
6.308360252096731902e-01,3.697447134470304153e-01
2.345608035715099071e-01,7.636318394626208095e-01
3.254866430306376235e-01,6.750643741987950586e-01
4.705618508267426781e-01,5.307742517635645196e-01
3.282643263666489286e-01,6.729790876998099636e-01
3.573517988282542968e-01,6.401450623545680285e-01
3.518050906602955552e-02,9.594837156052422600e-01
4.627031795804251169e-01,5.382926954186952884e-01
4.640383417452467740e-01,5.339848438468208780e-01
2.032529641766210315e-01,7.974860270235363258e-01
1.418522285259740112e-01,8.568442446061436124e-01
7.979301207281258579e-02,9.172440247033005756e-01
1.056142546758271350e-01,8.898173763062348085e-01
3.500109985389938116e-01,6.502946487530436581e-01
4.232127382475183719e-01,5.767394806377961203e-01
3.907003334295577890e-01,6.086047178403872771e-01
2.516377383568054737e-01,7.483550945679682265e-01
3.806484532814929933e-01,6.162210419992507626e-01
5.652992964924917763e-01,4.318469095771312327e-01
2.855508451260593827e-01,7.146608121478668085e-01
6.654834473889915669e-01,3.340183886322927176e-01
2.641436281304443967e-01,7.355463701161217838e-01
3.641773535495239078e-01,6.346640740954383464e-01
2.784070023541798666e-01,7.230764295285714294e-01
2.392774287174529724e-01,7.564437520964935047e-01
4.758890961751197635e-01,5.234018564503503113e-01
5.711847430117918956e-01,4.296414266342080679e-01
7.741976083466819980e-02,9.189176489644528267e-01
5.939064650598587791e-01,4.052964286459444510e-01
1.101375399861511117e-01,8.899279983045159659e-01
3.882112942413762369e-01,6.136693224025135951e-01
1.714235635612360864e-01,8.268716872409919150e-01
4.000296410994543250e-01,6.014314349386635783e-01
2.049666666047547103e-01,7.936259213766270193e-01
1.468769839898734220e-01,8.483579031823106353e-01
6.104477053089903960e-01,3.935468253957893903e-01
1.433613596118193112e-01,8.566066106159259119e-01
4.904392678147050932e-01,5.089425991131802940e-01
5.840893962899981195e-01,4.158211085005948937e-01
4.025816500271117149e-01,5.951190373276502577e-01
4.434649035223635627e-01,5.553540647769988903e-01
5.784986400399370066e-01,4.225436839720809745e-01
4.969362732151279549e-01,5.017274180660959981e-01
2.581973151461021687e-01,7.435315241739155478e-01
3.836366421600794774e-01,6.148955470493079334e-01
2.338340366139944337e-01,7.665208110818766407e-01
5.232044640664625934e-01,4.748786006177965757e-01
1.067642435371805587e-01,8.916133335762224110e-01
4.428029216585931960e-01,5.567853577502798190e-01
5.897902199223967745e-01,4.088804696744085532e-01
4.247429215795393564e-01,5.770993677538963640e-01
1.698214919208987095e-01,8.312396127283733227e-01
2.041241819309621286e-01,7.927265308672810651e-01
2.928499775668115257e-01,7.051436637638529570e-01
1.522313731529541248e-01,8.463437114921742443e-01
1.479298768466293101e-01,8.491232173264723349e-01
5.222055957316383834e-01,4.804252310408680393e-01
4.697677278997391959e-01,5.271481958631918374e-01
5.962561485584135790e-01,4.073639232400803611e-01
4.675362452904167215e-02,9.528977024215513625e-01
5.673423838673079533e-01,4.307125762854583928e-01
5.689618802547075083e-01,4.294890615193491801e-01
2.936187008200815685e-01,7.014125262840005259e-01
5.109307388820217843e-01,4.918522205715488149e-01
1.119522054324233740e-01,8.849960522934807727e-01
4.171555864581426298e-02,9.535144790063393438e-01
2.598131298651234489e-01,7.386328731708632356e-01
2.494677581353212104e-01,7.501346649084842388e-01
6.367877725481893014e-01,3.657974192523436030e-01
4.225488321921292423e-01,5.762062985911172719e-01
2.274066965883534408e-01,7.710319044143123524e-01
5.528637190216002528e-01,4.471222733067529154e-01
3.584215706364290988e-01,6.441737046539134370e-01
1.017243048518601534e-01,8.930176230316075880e-01
2.932957524330785382e-01,7.064916865114712063e-01
4.401889810291896299e-01,5.570312633534419966e-01
3.630725275658446272e-01,6.374736663272564385e-01
4.549614683232385270e-01,5.434273042878171589e-01
1.475866223035819103e-01,8.525591237341537676e-01
3.934591305443168596e-01,6.068504953185327455e-01
7.560330360311889875e-02,9.231240733721571834e-01
1.785878943099618588e-01,8.167526264033179162e-01
4.133935682521682753e-01,5.842578177214410307e-01
3.584039179893186988e-01,6.401502831432070995e-01
5.533835612904184353e-01,4.505670189114217017e-01
1.565116447409220790e-01,8.407411770008866858e-01
6.249297793586416905e-01,3.750786973948719849e-01
5.985268236771701389e-01,4.026691117034514322e-01
6.451562250698339440e-01,3.577591960434621798e-01
4.358872927276711412e-02,9.496708295122431309e-01
5.583449963960133156e-01,4.452801317895921374e-01
3.891430735905251903e-01,6.083580456932379255e-01
6.386163761615617496e-01,3.611531226052298038e-01
4.397007561605895815e-02,9.518252316987458883e-01
2.617085928237987136e-01,7.385961942907963707e-01
1.461004857505897314e-01,8.498807160584777032e-01
5.628628083726162634e-01,4.361175997110338098e-01
4.446011691589089598e-01,5.522661774173242000e-01
2.328053185024354932e-01,7.664332746035321664e-01
4.994126168826795026e-02,9.469875471155011493e-01
4.287998241400838850e-01,5.734637113056105795e-01
6.542570607992354015e-01,3.497556699113774092e-01
2.145798830230536969e-01,7.832864536951199552e-01
4.879980474977319710e-02,9.486821917573309282e-01
3.167280410592638873e-01,6.800213167504590706e-01
4.999350234543082916e-01,5.009812855053803471e-01
6.561048852267862275e-01,3.414617840098397306e-01
4.610199773186869909e-01,5.358409997128555924e-01
5.157665521089650484e-01,4.845256038175151381e-01
3.835946465597434574e-01,6.159419023937581228e-01
2.497588375216368839e-01,7.477495849259369054e-01
6.097270612289956704e-01,3.929779356132666601e-01
4.358862174149845115e-01,5.628246372806235964e-01
3.964527633442848087e-01,6.019223619753659715e-01
2.683744822059750401e-01,7.315168853996268927e-01
4.968798716391915060e-01,5.057390664479618492e-01
6.602351327364573974e-01,3.380965621149661371e-01
1.217540472108408212e-02,9.825768750878937086e-01
9.018164737961587019e-02,9.068983807366105543e-01
2.169031147026166950e-01,7.839597022521306302e-01
2.451519657537912511e-01,7.555410642731124060e-01
1.214187662795156164e-01,8.767376804231191700e-01
3.092584917534871303e-01,6.897579937213342838e-01
2.915563756175641730e-02,9.688046444289049042e-01
3.103502249606232555e-01,6.866551573125625474e-01
5.835288057550429563e-01,4.150795148543733326e-01
5.351234326568580224e-01,4.669346330902145459e-01
4.348699277750776582e-01,5.671239787539060773e-01
6.377540839562357844e-01,3.622689293621285112e-01
5.154228824834852229e-01,4.835398110789843051e-01
8.213176411505493379e-02,9.114962655943700254e-01
3.294124390539274194e-01,6.723390958081469915e-01
1.486652014293316504e-01,8.453318088454031543e-01
2.762146773057453375e-01,7.197297001663961469e-01
1.142057837527908626e-01,8.798488634831429511e-01
5.145609262100443032e-02,9.469648615836231409e-01
5.570543625157617917e-01,4.435110959375794248e-01
4.233898274741382250e-01,5.748158259183101526e-01
1.619449483848236226e-01,8.388639923012046751e-01
4.270520975142135245e-01,5.734315383184408477e-01
5.225233383014403765e-01,4.793188614373825041e-01
6.154279443265238125e-01,3.865429243805694748e-01
1.475116990052729726e-01,8.469908481503352071e-01
4.254713823009000362e-01,5.719981692118840666e-01
3.281065267203397973e-01,6.672826182138013040e-01
4.353910236873567152e-01,5.619750833595049677e-01
1.822786372184467540e-01,8.118182861040122988e-01
4.252537964224141209e-01,5.717217842545364581e-01
2.703607998757262543e-02,9.676628305200737357e-01
5.142510222740457326e-01,4.829267378013323841e-01
1.279677255148685758e-02,9.827280746914838216e-01
2.845274852116758124e-01,7.124740931613304795e-01
3.085288073792564756e-01,6.901597720825817239e-01
3.033761280890278633e-01,6.957646543015182372e-01
4.714945522411375656e-01,5.254074066688716460e-01
1.787099723600562573e-01,8.194710268362784822e-01
3.613318516178931072e-01,6.347334166378003628e-01
7.855529447075063065e-02,9.218071602903625816e-01
6.321219441230869762e-01,3.713999095053397426e-01
2.336422984897802979e-01,7.678528349625405314e-01
6.652404790402250967e-01,3.332560116001034300e-01
5.355525974177248738e-01,4.670224772618662423e-01
5.651415569681805806e-01,4.385502662193208057e-01
6.316008502855335882e-01,3.684325509931052900e-01
4.958445842671872494e-01,5.022800772435017658e-01
5.198485271377801809e-01,4.814705662795792929e-01
1.976954910945320776e-01,7.973685815617763684e-01
5.148851033555219836e-02,9.480536617519177423e-01
5.383371924637055939e-01,4.623394807483032776e-01
6.541209844733674172e-01,3.468331932566109943e-01
3.250349918809222749e-01,6.713557571647654765e-01
4.068572758999288719e-01,5.902923163071044366e-01
2.165852342635802424e-02,9.772928314957683993e-01
3.681655754322775143e-01,6.323696774748428506e-01
2.823852821554532766e-01,7.127659180492625923e-01
3.547011328693673304e-01,6.429001109250941370e-01
1.901445725644088092e-01,8.061902701263089499e-01
5.537307602914606081e-02,9.415342988259799428e-01
6.158459193672014553e-01,3.882736720929425567e-01
2.135207272100401454e-01,7.865986533489801591e-01
3.948035131839267575e-01,6.066876780059385910e-01
4.269230959402280923e-01,5.738882764412052140e-01
4.582216205291940736e-01,5.427416745659010555e-01
5.474588377703737407e-01,4.562055697095907525e-01
6.430148812886280485e-01,3.558703247908493461e-01
4.253629894105752096e-01,5.711165775884634588e-01
6.675461649872672654e-01,3.369200171809746402e-01
2.875877003804376830e-01,7.117735089981486185e-01
6.336918567415553705e-01,3.659579522538035090e-01
3.298707485798657024e-01,6.695961872938254178e-01
1.940742447234516943e-01,8.052134730370814619e-01
3.493603249374019892e-01,6.515893841792351759e-01
5.474274805386741827e-01,4.544583236077725519e-01
5.332856231857145690e-02,9.437833590013224860e-01
5.390925289271104592e-01,4.628744318931570789e-01
6.449722830686457353e-01,3.577823574989795197e-01
3.356678712648704654e-01,6.663547258518683902e-01
1.452562485227795186e-01,8.520737094914782039e-01
2.592257276564614021e-01,7.397450251686851219e-01
4.890431877201376065e-01,5.076896107243019651e-01
3.915218200227710277e-01,6.048749085714513196e-01
1.765755978095709042e-02,9.752286060228714248e-01
1.204266408395909260e-01,8.744206611495179970e-01
7.120320594096149480e-02,9.276082380951171658e-01
5.315377210225323834e-01,4.715575552470578913e-01
5.433169142626929071e-01,4.569049246256544627e-01
3.036397414328408928e-01,6.971425738912652159e-01
6.225252392454613259e-01,3.768587146225677587e-01
3.305930065117284600e-01,6.673311127750131133e-01
6.388729212258131840e-01,3.638741809150902728e-01
3.447598409808420583e-01,6.566114602878098117e-01
4.996631398355098619e-01,4.973856770709372266e-01
3.143358572788352845e-01,6.859786152753373223e-01
3.798261262853593889e-01,6.188270870461508588e-01
6.022912088160992106e-01,3.980825696580236883e-01
4.519554542927320950e-01,5.480271502678699669e-01
1.873855371490459609e-01,8.115757749917416053e-01
2.452568577339633293e-01,7.511307737341160751e-01
5.703726769181282075e-01,4.284253399362960568e-01
3.667519101029161344e-01,6.358343350385224912e-01
1.207238465010993800e-01,8.792857049742477393e-01
2.999006658861813057e-01,6.976822919952585522e-01
6.319752558938461773e-01,3.693436184097060315e-01
3.314389799181013396e-01,6.700805631462545264e-01
9.589951070695101887e-02,9.006991785798617034e-01
4.938337034617527599e-01,5.063399826371064449e-01
1.051381561380733409e-01,8.884304972546028800e-01
5.533273531691235148e-01,4.463346716303772665e-01
5.346571919318100496e-01,4.638622705834524740e-01
4.772398771745666735e-01,5.204132053077168418e-01
5.258390331707321064e-01,4.719230100256912031e-01
1.311488447127579782e-01,8.634053007245566791e-01
5.503000972534280999e-01,4.503018486058600889e-01
5.302846598006095702e-01,4.687896147921131185e-01
2.852645637496640241e-01,7.162005715181523069e-01
2.226782696768508651e-01,7.757130204789504102e-01
4.550180964410664441e-01,5.473839489216499876e-01
4.742225286511057569e-01,5.278137958300066490e-01
5.705767688010832117e-01,4.302785918057829284e-01
2.308467965572934821e-01,7.637822788306711796e-01
6.659530566775315741e-01,3.336111886497353241e-01
5.569159923135971191e-01,4.406926031860186055e-01
2.986220050312600738e-01,7.019202783971519866e-01
3.307562286718847000e-01,6.648648622001164243e-01
3.076417849406799521e-01,6.932482710173770712e-01
6.317922967959735403e-02,9.337138697359127493e-01
4.290179968717727776e-01,5.709503915656769513e-01
3.911057981385692162e-01,6.095984610825613270e-01
3.987141136169353173e-02,9.540038089153259904e-01
6.028195392457552648e-01,3.974916184573746847e-01
1.321749351091984215e-01,8.678292153432769496e-01
1.345200378862299040e-01,8.635083414678746960e-01
5.736115712925918819e-01,4.288341100231924385e-01
5.854759884514521007e-01,4.138350236824181461e-01
1.855474863710192268e-01,8.088819886692193428e-01
6.306478645098434477e-01,3.706578553739586779e-01
1.938974766723295176e-02,9.796604259368886236e-01
7.417208683422035764e-02,9.202289762943931528e-01
1.751716229806222214e-01,8.252103226573765937e-01
2.441107708631275464e-01,7.529492359030597326e-01
1.138676977642647525e-01,8.820021549652283799e-01
1.545235371109833777e-01,8.394975457742391844e-01
2.844002272928643563e-02,9.662391241329021385e-01
9.008634346216554123e-02,9.090213949521388503e-01
5.235392139241111797e-01,4.748098655051418149e-01
5.145289749364603260e-01,4.824755234576159069e-01
1.301067698253475236e-01,8.707854232498033475e-01
5.664543054414021839e-01,4.333338723787261149e-01
4.372233930955638503e-01,5.641055514326743792e-01
1.416190455606965506e-02,9.834365986033326568e-01
3.177248348707987780e-01,6.799231560935606877e-01
1.017522261778630588e-01,8.942918956523767671e-01
4.045783342526007575e-02,9.565165063460968620e-01
1.425033362877073106e-01,8.520222830281676263e-01
5.440666938410820830e-01,4.567226495446086720e-01
3.083491165459988359e-01,6.911716178741083016e-01
2.701575265304566043e-01,7.300806048588679431e-01
9.156788419936509604e-02,9.023520156595621344e-01
2.674033314078960166e-01,7.342028336390161725e-01
1.389060842880619484e-01,8.598372533527824935e-01
1.779763156674284696e-01,8.163131498428121136e-01
6.445508793698619954e-01,3.532000878646915920e-01
3.402934171040697398e-01,6.575269083320359753e-01
6.465109906803438999e-01,3.571262414335855673e-01
2.869839461436551331e-01,7.092360291081688528e-01
4.985801276076495259e-01,5.013824155491380941e-01
5.541565575515939868e-01,4.459335229124291033e-01
2.915292689100575929e-01,7.092253261326431080e-01
3.816873751438654705e-01,6.208268936062634191e-01
3.351496142573133497e-02,9.639631656401876914e-01
1.873973192247561093e-01,8.117591286982216436e-01
4.245065075890166462e-01,5.725809879232087729e-01
4.006231877873348002e-01,5.987793362259646868e-01
5.261221149339906367e-01,4.764923186574581693e-01
3.209990718456757763e-01,6.760286796262935383e-01
5.099276036815304503e-01,4.897235028544802415e-01
4.422595563676330332e-01,5.602096429202014782e-01
6.557113419940243659e-01,3.445101405434471409e-01
2.468363867368600084e-01,7.504785557201574253e-01
5.731578361521014742e-01,4.275271771344681948e-01
1.106573347753375125e-01,8.856556139513114267e-01
6.349096579008399743e-01,3.696764867688032696e-01
1.977554272501069466e-01,7.970469932221339038e-01
5.412469859057127408e-01,4.599107166656379864e-01
2.201325134968190600e-01,7.752718673348475420e-01
1.931392724928394367e-01,8.029906747649602217e-01
9.965764853831693415e-02,8.989509422343756606e-01
1.931178975880092907e-01,8.067323889609542276e-01
5.053045150060705426e-01,4.937519316052399465e-01
2.190138826295018604e-01,7.756283078316382751e-01
2.726569241448797420e-01,7.231631799468409838e-01
1.251319570777953416e-01,8.697220903808353665e-01
5.307721257498677625e-01,4.700960311549135517e-01
4.822852467497201201e-01,5.200906318517588556e-01
3.871105063898013787e-01,6.139288888013423318e-01
1.089020061126660666e-01,8.869032771105476165e-01
4.880331944568472857e-01,5.134447710541979459e-01
6.234805077303658960e-01,3.782952893405000516e-01
3.128705479685378599e-02,9.684603959395492456e-01
6.345174702000061506e-01,3.697333818171507080e-01
6.658536076071869259e-01,3.323842873241589779e-01
3.485142079132684256e-01,6.526364599724169269e-01
1.668367272461547535e-01,8.324446341364760693e-01
5.360570549853710398e-01,4.632406289896230378e-01
3.044096196015426137e-01,6.961746273134404861e-01
5.162301957472831271e-01,4.820690288343569274e-01
5.803542373680395938e-01,4.225459806070579472e-01
4.349142136638450840e-01,5.652527558293236609e-01
5.068449645756424315e-01,4.907913225164644011e-01
2.808549300258494572e-02,9.718981687224823585e-01
1.366503586940856219e-01,8.588965240126572587e-01
2.737560325973351638e-01,7.240818495023002566e-01
2.266451652165096253e-01,7.686412186498216004e-01
6.001399102068341040e-01,3.980684305124243538e-01
4.964280652100471758e-01,5.060821064561846772e-01
3.956153912897178992e-01,6.059467550716524098e-01
1.514549565104912898e-01,8.444135492605739923e-01
2.429087034472711959e-01,7.536855615551346643e-01
1.217125391820365055e-01,8.719513168622724519e-01
3.147189539587310625e-01,6.852696420774495589e-01
3.387155499941356673e-01,6.565487296843519616e-01
3.521677265108239668e-02,9.593558766492857881e-01
3.534353452316516542e-01,6.478622953825418085e-01
3.116963043843787862e-01,6.899423130221693512e-01
5.205554711789853739e-01,4.775125420302091528e-01
5.919806952318487081e-01,4.078540113115000088e-01
5.935892742847217463e-01,4.083290594862774570e-01
6.062653751960060955e-01,3.962032561294678290e-01
1.104267373363997662e-01,8.891681916052462942e-01
3.977868464067361165e-01,6.043692764044232835e-01
1.389597476768918149e-01,8.560803264255051337e-01
5.117599916058417353e-01,4.905802282443525453e-01
1.244946030326161968e-01,8.759673384653380301e-01
6.441137940407076767e-01,3.576389631076636877e-01
6.341994521128657691e-01,3.674573228164489946e-01
3.448150373429543780e-01,6.520731132327443058e-01
4.202388043744735846e-01,5.819614401619863653e-01
4.570072221738906149e-01,5.398680750919157001e-01
2.569812165819630456e-01,7.382776609778911592e-01
1.211084347080683410e-01,8.736115980131984315e-01
1.246722674147104915e-01,8.717132333016542889e-01
4.889500285878265462e-01,5.083474137453547481e-01
4.313657341279227841e-01,5.705137081663541609e-01
1.459106252324079422e-01,8.491037018751650400e-01
1.920709106090376928e-01,8.038850087900224484e-01
5.199086744896761481e-01,4.794793187414504998e-01
3.359350881131712985e-01,6.616393888970342196e-01
2.347011085532434982e-01,7.641299678550248498e-01
4.785303042362729631e-01,5.222157528798760939e-01
3.847179954448073924e-01,6.123867660970671034e-01
6.622594772882949288e-01,3.410402383380295999e-01
5.994482129747541466e-01,3.977472004535665961e-01
4.445373571838862059e-01,5.585246477410865662e-01
4.136927491995331385e-01,5.873046291157110188e-01
6.531208096836425003e-01,3.506573948033019916e-01
2.307925379848115022e-01,7.676173727187777240e-01
4.351352529063549079e-01,5.661457614175778863e-01
4.695419070994029387e-02,9.497221232265230517e-01
6.072126353576009494e-01,3.903721153047683412e-01
3.014071662420371722e-01,6.998205070480449930e-01
2.424906247949252386e-02,9.755151664277017520e-01
6.170625239786429184e-01,3.824214132428303548e-01
6.384093061903785282e-02,9.330575336185000790e-01
5.414991333048354422e-02,9.424768772142541051e-01
3.894790480972346036e-01,6.124831007517123060e-01
2.195650323621007594e-01,7.777112186812610295e-01
1.591162437507197547e-01,8.389311145279760851e-01
4.511317167998646904e-01,5.481204260603300682e-01
5.724569598482619481e-01,4.314602729392723046e-01
9.452517078229263903e-02,9.023957709042070841e-01
4.767188573028436349e-01,5.252500793691976533e-01
2.759637674029144505e-02,9.672338879259497757e-01
4.949332512253029059e-01,5.081392731406535468e-01
2.039300118936643591e-01,7.946251900202524476e-01
3.827773104439149421e-01,6.153670036717492353e-01
1.843547449138446259e-01,8.116884508997411762e-01
4.339768594045494421e-01,5.645103465950412902e-01
4.947138640162943024e-01,5.054524067311267910e-01
4.272703533488326766e-01,5.752265993650644837e-01
2.740970464601570900e-01,7.222290436369969147e-01
1.615732178209905723e-01,8.384191313104012444e-01
4.875247421226899802e-01,5.099425008805040793e-01
1.158553162902048184e-01,8.790043888936174277e-01
3.584502174519708650e-01,6.438823894761045441e-01
3.069465784215544835e-01,6.936069349559708108e-01
3.501631543651936851e-01,6.498124455784288767e-01
1.925774589662239689e-01,8.021714024156789691e-01
6.529312335583875582e-01,3.480256791564958485e-01
1.829954667306395721e-01,8.122150552147526792e-01
2.326350372523710297e-01,7.620599025325127673e-01
5.705452028168565004e-01,4.329083146849274644e-01
1.214226431445943888e-01,8.767119554323651309e-01
3.918417417722658835e-01,6.095034088447313092e-01
4.762374026473883415e-01,5.218551682130577740e-01
3.244118435336500461e-01,6.713457514629952438e-01
5.837624318495475695e-01,4.200757992751421588e-01
3.161468101525908847e-01,6.808434762383221983e-01
4.808984704108691388e-01,5.160101039069822093e-01
1.917857293930645690e-01,8.024013261556814935e-01
5.569816513567305005e-01,4.442089227412618357e-01
6.754512722454183993e-02,9.281220670957129881e-01
5.854194793113193240e-01,4.121780404107928120e-01
1.514932954599307879e-01,8.485869759783188915e-01
2.066717124142858353e-01,7.923232053454114521e-01
6.246176316307671117e-01,3.737062669089048494e-01
2.546126806743115312e-02,9.745282632554106428e-01
1.624012168304306281e-01,8.347507121482276027e-01
3.183636533567259508e-01,6.813665476430426082e-01
4.633617852459421815e-01,5.332104244896495038e-01
2.196214495920228438e-01,7.779356576343926521e-01
1.533009521064938874e-01,8.425523827002191490e-01
5.103983424034963523e-01,4.901925022546915756e-01
4.643230933776923974e-01,5.338336688623461779e-01
3.162323701334819881e-01,6.845534850849823716e-01
1.088424956751696537e-01,8.898022096893558608e-01
6.104481673622799143e-01,3.891423434090258704e-01
3.406309615799447965e-02,9.589740402569358890e-01
5.192858910169656506e-01,4.839319423984769220e-01
7.256968694983784163e-02,9.261118643775594350e-01
6.001356564653885783e-01,3.990005822757498599e-01
4.587698432605994414e-01,5.381904503152704633e-01
2.645913379169421709e-01,7.309135166937010819e-01
3.238837927378655501e-01,6.719118762776007392e-01
2.927269161519182039e-01,7.060362368028171298e-01
3.433066527088353137e-01,6.553361893363096602e-01
1.419414713302344921e-01,8.525783016223758004e-01
2.484122390291839677e-01,7.478531306236131382e-01
6.090098483642462091e-01,3.918144476579625279e-01
3.730725422089352095e-01,6.263950030258411683e-01
3.911102495407829394e-01,6.116820231109134642e-01
4.880909451084312622e-01,5.124150865134401434e-01
1.360148496356057835e-01,8.596369924356053183e-01
4.525379111127777465e-01,5.490847394066751264e-01
6.233167188960179184e-01,3.775551712001256055e-01
2.672954178202771036e-01,7.332088612729321664e-01
4.214706807722778947e-01,5.793946538999257267e-01
5.290783069041494757e-01,4.710073286002475768e-01
3.842579727735975781e-01,6.145119256793275531e-01
2.340218854698163931e-01,7.664454957760257203e-01
3.207626279016603105e-02,9.674120580016675186e-01
1.440062753156938664e-02,9.821928772646749684e-01
4.125059457479447467e-01,5.839827966259303338e-01
6.498564394255476051e-01,3.509284814195098301e-01
1.909728094979692981e-02,9.790359451340028274e-01
6.023492777212587912e-01,3.964002044781531064e-01
5.706526187366333103e-01,4.293124704311546136e-01
6.343711426611642334e-02,9.319330865533982378e-01
2.284170183857011371e-01,7.718476299342839075e-01
4.967933822096043950e-01,5.044929273060724251e-01
5.557111232092825093e-01,4.438891427650705768e-01
1.177376724755136161e-01,8.797204278124113319e-01
5.810350477655156221e-01,4.207757562644657279e-01
5.583838210377953803e-01,4.385525818962583422e-01
5.824493635523912000e-02,9.373830113014696153e-01
6.557445109957411589e-01,3.453899785837621916e-01
5.647542629319571850e-01,4.346727230309002654e-01
1.999659863884598321e-01,8.010441620554316078e-01
3.886579645523962623e-01,6.090021769364448723e-01
5.875090170536914624e-02,9.369404064798451115e-01
2.920259652239577952e-01,7.054961959596784959e-01
5.784959291146123395e-01,4.246386406718684614e-01
6.444336772042978945e-01,3.537982962126831610e-01
3.630712091248162743e-01,6.393076923616325402e-01
2.155724805050824311e-01,7.826998049867287532e-01
2.109794284745736548e-01,7.888107279004459294e-01
3.743503159555580662e-01,6.228658067177776925e-01
5.675764757047465636e-01,4.339085118266913232e-01
3.246656874687539607e-02,9.645278007879226623e-01
8.026959492915047845e-02,9.176393346330700140e-01
6.527994080864546467e-01,3.478383438896833213e-01
3.404730716907022892e-01,6.550487880223151427e-01
5.771543930373259634e-01,4.269425798686727336e-01
2.162428276620741996e-01,7.835218254471614241e-01
6.051865999493347692e-01,3.955092014907062303e-01
6.472310207579581309e-01,3.540431838952911581e-01
2.457192229279512308e-01,7.502305431920061052e-01
4.968094320615426551e-01,5.023278634020875710e-01
6.563771096565805818e-01,3.468485348933202927e-01
1.768717994072037392e-01,8.176806122832535051e-01
2.415602619696460840e-01,7.536018602326378657e-01
4.635588945113264803e-01,5.378567208997605542e-01
6.633911141441525272e-01,3.344009748730315534e-01
3.167746528306587539e-01,6.788742565667755802e-01
2.635689497170836670e-01,7.381439470694289851e-01
1.966179272918579246e-01,8.039600778193459751e-01
3.273432181410160791e-01,6.718019045869143557e-01
1.774738924748518187e-01,8.212615233038151885e-01
5.518293834664685926e-01,4.516015859156905510e-01
5.472873588331627071e-01,4.564484516894904975e-01
1.122813654227061420e-01,8.848595513070244278e-01
5.910789974487438148e-01,4.118763400020689636e-01
1.224759290777028276e-01,8.722273674172997815e-01
3.834109547855892863e-01,6.141890744287364923e-01
1.195150024695422752e-01,8.807118095111055034e-01
4.927465184543107779e-01,5.083232853503749649e-01
2.054057302689901443e-01,7.897461640609401146e-01
3.550429348852409128e-01,6.460766066474935565e-01
6.265749070585351355e-01,3.745853746322587718e-01
2.956593166419309027e-01,7.044594886976051074e-01
2.628929796397026508e-01,7.385018871234018123e-01
1.271095969432090855e-01,8.686560195204784396e-01
5.170725923732585327e-01,4.802643295158580683e-01
4.352937953691992518e-02,9.564037292802876067e-01
3.549255947097395558e-01,6.474510729712388279e-01
3.350645617270961441e-01,6.643216271157923458e-01
1.193994984621671307e-01,8.806482969966363816e-01
6.064685376681849815e-01,3.944317503029861616e-01
4.821176116926981225e-01,5.207267281502407918e-01
4.803574653829632557e-01,5.159338312678010130e-01
2.121370936054508549e-01,7.877981793087559526e-01
2.440136257595496849e-01,7.561391453091973469e-01
3.846720698681506678e-01,6.122888872141979411e-01
2.552659602833954877e-01,7.403259454660429117e-01
3.000728697152350022e-01,7.017794622996498255e-01
4.411488850406307671e-01,5.579045311421547693e-01
3.095461490365734036e-01,6.888616684220745245e-01
5.308350764122746757e-01,4.687502414396742534e-01
3.255088871386127569e-01,6.696885344857788080e-01
5.106201839273525334e-01,4.890859802109107646e-01
5.916743601932756835e-01,4.062868858567570962e-01
1.540521645193625444e-01,8.457254846774614476e-01
5.601603282001564876e-01,4.374439754013821902e-01
4.507773694001943054e-02,9.506157875444907202e-01
1.972024340818673838e-01,8.023623742276578819e-01
5.816998477556638569e-01,4.195060765175793738e-01
6.232134175838969226e-01,3.812037164986464277e-01
1.192571997954089413e-01,8.749664706757488419e-01
4.386260206525827710e-01,5.604993646442950617e-01
3.384245918309540246e-01,6.568995926585546874e-01
4.996200627751464229e-01,4.995845043233912985e-01
2.637868300525706422e-01,7.340233851232319529e-01
4.051673194480140960e-01,5.950284835987600385e-01
2.553262530980617839e-01,7.436905085882441480e-01
3.815069925773036941e-01,6.188890554826561585e-01
6.346641181269290222e-01,3.677708087544371285e-01
4.784314036293892403e-01,5.241796826575753077e-01
6.062952083420702909e-01,3.933499721990671993e-01
2.050071338207336835e-01,7.948826209225450246e-01
3.550396047277270539e-01,6.409146408025794273e-01
2.115764735805175378e-01,7.883328239419695738e-01
4.064673363726558075e-01,5.898439935155446179e-01
1.757837405565530753e-01,8.206551772474787176e-01
1.187019701585033948e-01,8.804041826082519284e-01
1.868714069168944947e-01,8.133949046343621481e-01
1.008680759177975894e-01,8.935601015919073520e-01
4.252194027525840053e-02,9.553666775993155946e-01
2.261978426963517919e-01,7.749175036960059826e-01
1.238891567579709363e-01,8.706260256065215808e-01
5.013075407317525434e-01,4.970366942223899964e-01
4.577405131406237504e-01,5.403161756778890323e-01
5.421017254181493827e-01,4.601384722445344688e-01
5.718010628196372735e-01,4.261998014808504598e-01
4.334202929404642468e-01,5.636467165352971875e-01
9.480177535080355766e-02,9.023572301810558471e-01
6.234373620643315350e-01,3.795708064113871294e-01
6.006585400552235665e-01,4.003300121001125977e-01
6.471417077822650965e-01,3.523602538760556291e-01
4.668847805347492996e-01,5.342669859239175256e-01
1.112317965216499949e-01,8.884193636474261302e-01
6.043992859214274427e-01,3.950858681411389961e-01
5.135496568524474670e-01,4.867840073656787281e-01
3.498944579390290133e-01,6.471206837325660377e-01
1.904201375643385374e-01,8.066947435980087455e-01
6.141151720759768784e-01,3.890439854783987461e-01
3.013950963182844278e-01,6.999561801252575099e-01
1.637474704249906876e-01,8.337839688804664640e-01
4.056696809377025592e-01,5.961561868682980769e-01
4.575071939368693247e-02,9.487473790423150977e-01
5.909642725852725098e-01,4.063193918064765819e-01
3.466489987578029730e-01,6.530515966703064334e-01
2.454879353585596446e-01,7.516984744213269787e-01
2.817776166008120198e-01,7.130320801197513880e-01
3.748057393268000581e-01,6.266997616237813817e-01
3.059181053134781281e-01,6.900916918563402280e-01
3.417759340133685875e-01,6.589968179470873100e-01
3.245834477529362383e-01,6.756473850493602828e-01
6.131010367735547500e-02,9.348491012006282519e-01
2.843718474856474776e-01,7.168531177023235168e-01
5.319619504540471500e-01,4.695618279819892549e-01
6.349504457071440955e-01,3.649963901629402208e-01
1.579740328731555621e-01,8.419613382987614081e-01
2.457546800411234203e-02,9.727977389392722385e-01
4.325617623078924501e-01,5.676572507639565668e-01
2.408775674672204159e-01,7.577732635976679454e-01
1.088678593712246734e-01,8.880458330015140733e-01
3.637763256752893359e-01,6.359407677217273624e-01
3.523412977866435813e-02,9.589163161125493495e-01
5.074043992516130697e-01,4.898840061989740424e-01
6.503898625142758849e-01,3.536847318878826307e-01
6.107545300910359742e-01,3.921514088550014376e-01
4.438821105890737306e-01,5.574666884370158559e-01
4.743992332284081015e-01,5.263930707857547020e-01
5.509288031272632224e-01,4.527986663938369793e-01
4.648527568758296091e-01,5.378889966033397751e-01
3.386508014497021102e-01,6.634757975185657797e-01
3.049666361762062294e-01,6.927981530872535654e-01
3.152660060175617174e-01,6.839844948848817774e-01
5.982163838212650742e-01,4.018966910440992524e-01
3.559082681325094200e-01,6.394124300689700835e-01
6.153053956570644356e-01,3.848657480726404012e-01
6.466260561596700596e-01,3.547378093553462675e-01
5.119922778400679553e-01,4.903287772541870537e-01
3.215500530537806489e-01,6.787212003902658441e-01
3.547184327404791504e-01,6.477114797185679063e-01
3.563543365903718563e-01,6.438169644410255410e-01
1.918036985625009572e-01,8.024665027289736852e-01
2.186660973484635256e-02,9.781901941634333353e-01
1.377921868735175748e-01,8.628446445192213821e-01
6.099236618004065802e-01,3.941191679481831356e-01
3.670451643052842772e-01,6.299354062952333688e-01
2.920803198340917173e-01,7.036711172679611659e-01
1.103762389736286931e-01,8.839947475750665751e-01
4.293476320615991493e-01,5.731746428476067745e-01
6.963035868975289699e-02,9.297972816301266485e-01
3.414250286953689484e-01,6.553280137898856994e-01
2.689651342612772722e-01,7.275614453603881371e-01
6.558501431786144531e-01,3.432461591248211485e-01
3.789018450670976201e-01,6.230900428792265355e-01
7.459406264973811318e-02,9.251715113312083405e-01
4.229901062555813107e-01,5.744036846796591878e-01
5.163594071996094881e-01,4.805439364959493420e-01
1.516485953120885466e-01,8.451714271677821522e-01
2.918106441597220768e-01,7.045862663359204747e-01
1.002375572325641395e-01,8.937039003733985298e-01
5.324890468831572354e-02,9.417451797549459824e-01
6.592436654896280945e-01,3.417672953884489107e-01
3.977492643323378707e-01,6.007895668039907600e-01
4.407714950827222866e-01,5.601269706317364427e-01
4.078381324809441932e-01,5.899319646723677479e-01
1.590085735890068852e-01,8.417755036036568272e-01
4.152046921765412124e-01,5.856620580890992134e-01
6.635354433660782814e-01,3.349429508193733640e-01
5.359986258418386607e-01,4.648453692855811226e-01
2.939184853978386580e-01,7.049846955718379604e-01
6.144547656078100939e-01,3.858332637958943323e-01
1.475457071375435858e-01,8.508532785821525390e-01
9.650446934154804923e-02,9.002569862651212951e-01
1.385983519658598277e-02,9.803224685565438135e-01
5.738218572497709724e-01,4.253193218487799632e-01
3.962026543705913784e-01,6.043172878487884647e-01
4.782820632548786532e-01,5.188604171723788516e-01
9.070969184902669125e-02,9.033089866704547832e-01
3.276084244203015805e-01,6.704299963885421709e-01
4.918863805086208796e-01,5.115434968855663289e-01
2.408664707183489628e-01,7.544845872551292354e-01
1.920989646295142295e-01,8.042848781530641533e-01
2.086198945081444156e-01,7.897845572346816612e-01
2.428802698814511163e-01,7.530574733686781208e-01
4.274108140212428131e-01,5.686190960712962372e-01
2.654242528676291624e-01,7.328319270474743519e-01
6.605256868057088893e-01,3.441080111460996238e-01
3.776762901989725862e-01,6.238656728398752627e-01
5.001906614730596834e-01,4.971170650055208307e-01
4.572250246827279652e-01,5.394579849480586331e-01
5.106162595965751949e-01,4.907511732395535842e-01
1.947403854115681981e-02,9.785453430482922155e-01
6.078698558287776166e-01,3.936273565337696789e-01
4.865846018215997382e-01,5.101680217431145969e-01
4.485724633159616226e-01,5.543478350367554430e-01
1.451101485982594086e-01,8.495364901797152202e-01
4.900084534563696192e-01,5.109584775672850743e-01
5.710146474458590582e-01,4.305022323055354150e-01
4.615914970283993002e-01,5.416391075751455508e-01
5.135384452160585145e-01,4.845022143481732546e-01
4.526797178842071334e-01,5.500830080411177603e-01
3.520171264873108163e-01,6.449354728343704712e-01
1.367129414779580665e-01,8.586986181551230501e-01
4.661818601826979158e-01,5.350738430439481164e-01
8.094809436294503335e-02,9.169623577193409814e-01
2.410853058878447419e-01,7.541941263152328601e-01
1.619472830467386104e-01,8.359430073498769209e-01
2.599164965211893663e-01,7.389740475551965782e-01
2.287564474416366178e-01,7.718160288905209221e-01
4.963186358674697707e-01,5.041286061777355831e-01
1.249908291998560739e-01,8.751804227694475191e-01
5.882536707941202758e-01,4.105535316298074000e-01
6.025021115686642892e-01,3.970018612737177821e-01
5.300264166864903093e-01,4.681869705929597725e-01
5.821810970578050748e-01,4.207510588096832205e-01
2.891489320909123584e-01,7.065062048239116876e-01
5.519848695331662780e-01,4.480393238242748599e-01
1.275615745040944993e-01,8.697884950543528504e-01
5.961160854589708791e-01,4.029092549294867043e-01
4.800155780158841257e-01,5.194240292793419478e-01
4.310517641419022716e-01,5.688755035126794590e-01
4.592424979265760099e-01,5.396391819944229562e-01
1.191651402981100671e-01,8.792142281929848924e-01
2.052048165374641686e-01,7.907946091782862563e-01
7.205270733106536318e-02,9.238104644032414381e-01
6.642538635829893234e-01,3.392594643766563278e-01
1.294999210405431977e-01,8.650655959742490353e-01
4.733995456200446039e-01,5.296464501199860120e-01
3.178023238265591521e-01,6.831921838173382611e-01
5.488200896640955673e-01,4.517188309013675518e-01
3.638495140672626804e-01,6.347674478646737617e-01
5.918975757149684824e-01,4.080733695917886927e-01
2.014672689678817241e-01,7.942699962523348534e-01
5.946408765013667663e-01,4.079547223433342418e-01
4.127999270476155891e-01,5.855295394309243395e-01
1.782128170195918515e-01,8.204892507746042174e-01
7.041219328938796984e-02,9.259247287396862314e-01
6.285040592510592328e-01,3.726476486393343057e-01
4.148870366445299718e-01,5.854968088546569360e-01
5.564773398845415109e-01,4.459789210324021091e-01
1.156741567937548121e-01,8.834523062793984138e-01
6.536259026195979649e-01,3.438619003322703205e-01
6.078985026894707655e-01,3.901105106521972621e-01
5.907334199161349275e-01,4.109470263140194146e-01
9.014187466827655593e-02,9.043333447235797351e-01
1.108225182436462231e-01,8.861063209879246338e-01
4.854704203232236281e-01,5.146740340162080374e-01
2.976565526697496633e-01,6.978534668307614375e-01
4.835990902574396344e-01,5.194367231257662754e-01
1.734654578419897175e-01,8.238262516049473794e-01
3.078926461919154201e-01,6.909561279349490936e-01
6.158854226088876782e-01,3.814016608110440409e-01
4.096703248200617709e-01,5.926790340754256592e-01
2.838611967975637751e-01,7.135438214030934700e-01
6.038269327599036229e-01,3.964817892997321014e-01
6.553543495304816613e-01,3.436709240213915995e-01
4.502719725688158481e-01,5.513327790450460730e-01
1.190511645061091694e-01,8.812391743577244752e-01
3.838410928215523210e-01,6.127272169150248526e-01
6.075780459648172371e-01,3.961906183856286900e-01
4.399201590622535130e-01,5.585893338581847667e-01
5.906647562180619149e-01,4.101786655857628250e-01
1.138960183218690747e-01,8.843787055690524035e-01
2.950987735755720709e-01,7.025294088045994645e-01
6.663342224596016106e-01,3.348004419550457134e-01
1.393150188915957821e-01,8.571657900766777027e-01
4.996493927664096835e-01,5.009158545026320963e-01
3.552993610189938423e-01,6.432979688705958710e-01
1.394281712621566749e-01,8.568877101170182531e-01
1.855764187418502409e-01,8.149738511159275722e-01
1.341970123354956357e-01,8.626613368416620187e-01
2.634906945810809586e-02,9.683050650113385061e-01
7.887198348389529157e-02,9.197917833211479710e-01
5.632553181474668491e-02,9.392048808962869533e-01
4.432506711206385952e-01,5.573791257132431065e-01
4.828232744619397332e-01,5.136983787068155616e-01
2.713757874278826532e-01,7.236344312970334203e-01
5.280442485458980428e-01,4.711860217253116545e-01
5.010715989458751629e-01,4.953588457234442965e-01
3.889318668541085211e-01,6.073321051856351849e-01
1.026425729329626946e-01,8.945193144730355650e-01
2.291589539880680704e-01,7.707004060959066205e-01
2.701178389782881162e-01,7.267329170164361640e-01
5.715701921290223808e-01,4.325030824016775632e-01
9.218464924227726121e-02,9.051645887456735151e-01
1.910376751473200352e-01,8.042998682164304025e-01
1.852711322802799154e-01,8.114954759003873974e-01
4.556580778356252304e-01,5.469130917828367577e-01
3.501156486245987076e-01,6.477087175782988426e-01
3.119269341540856222e-02,9.626640700239390558e-01
5.649274016717906743e-01,4.350689357066975238e-01
4.681061799625731434e-01,5.287004424130875568e-01
4.322824364185642310e-01,5.658624468210351477e-01
7.516748590266811303e-02,9.243894244578798602e-01
5.404734923919209955e-01,4.631353705570362966e-01
4.579861680641382216e-01,5.396136466225662787e-01
3.955508805621661961e-01,6.067386963082048723e-01
2.979357752755473210e-01,7.022159845501351194e-01
1.465090482263680660e-01,8.523958041419023024e-01
5.076266386517768181e-01,4.955224918530486966e-01
4.280692483672351445e-01,5.703968056775879925e-01
1.643978617749229376e-01,8.332893727069436984e-01
2.216416151552651759e-01,7.761105543382886829e-01
6.150933579253169414e-01,3.868661326935856626e-01
2.678147322877754144e-01,7.321037588237323535e-01
4.072512595057798945e-01,5.931077305280293421e-01
6.177690549129995212e-02,9.382982991501401804e-01
3.003334922792229578e-01,6.981256338234803627e-01
3.293678087962915724e-01,6.672321525325121128e-01
4.396343292216293164e-01,5.563791003222442466e-01
3.055362505118560668e-01,6.909702216965100119e-01
6.083157271964863000e-01,3.893530068657883314e-01
2.493063107147570068e-01,7.466723825652613611e-01
5.678870214655468152e-01,4.311797826338998885e-01
3.403848136347395470e-01,6.616014476157328073e-01
2.575232555481323238e-01,7.398238145855416947e-01
2.759254419768950584e-01,7.228281096584342480e-01
2.600982466628861123e-01,7.407779292217619993e-01
2.567694461182877252e-01,7.395066962431336988e-01
2.479901383975187945e-01,7.535711737234880303e-01
3.681592383194961515e-01,6.282145956384566077e-01
3.589315823185627863e-02,9.587489888720481801e-01
1.918617148836063990e-01,8.031102255671740409e-01
2.128348898427546432e-01,7.832935014890990422e-01
2.669897199662621401e-01,7.341280626711617074e-01
6.432419524550554435e-01,3.542587304715754670e-01
6.417012655426446166e-01,3.577749462520989354e-01
2.947647787102200545e-01,7.019885363584847937e-01
4.808005281522924057e-01,5.189654999139706737e-01
1.284938511903940261e-01,8.720111388477654879e-01
3.280789542329253239e-01,6.709307827954145154e-01
3.807226112997486034e-01,6.153374753955113130e-01
4.519706138045219701e-01,5.468564139912513999e-01
8.310641017958964039e-02,9.133090305923344809e-01
4.311176460021453050e-01,5.710635490626473354e-01
2.204961768910056186e-02,9.750659623870867598e-01
2.609249128327645884e-01,7.369863526320342695e-01
3.454810923161306668e-01,6.531385147026539384e-01
5.949057868716118858e-01,4.087044263976837843e-01
6.406248553559509284e-01,3.594909801327983989e-01
4.408223407421410500e-01,5.574744452299509323e-01
5.631176971908570250e-01,4.358824661004751522e-01
2.785177441505484186e-01,7.172043258943798794e-01
5.932142075233464568e-02,9.381856164588253666e-01
6.413647523698856601e-01,3.574724607827143297e-01
9.004670787480326122e-02,9.041269142356309629e-01
2.079553336854976231e-01,7.886451083859666866e-01
5.704078652781359171e-01,4.303982394969443903e-01
4.399048660734026228e-01,5.570533588147227322e-01
2.833998409421386033e-01,7.169096463930492158e-01
5.568220558805236919e-01,4.451119531285132047e-01
5.778067920490352893e-01,4.240199040579323286e-01
1.464622885041291789e-01,8.477228926298194800e-01
2.764199277700323254e-01,7.194001525940770803e-01
8.311079532118331725e-02,9.114583951656104466e-01
5.070364575416785868e-01,4.899939974787782537e-01
6.481873577400081299e-01,3.541518036937055247e-01
6.280398848312767068e-01,3.737727889356016187e-01
3.854066732429868303e-01,6.108029296284169796e-01
5.675743246260803732e-01,4.324844032824771700e-01
3.854755629349726487e-01,6.156707311241510494e-01
1.114715441436019139e-01,8.888466732329058928e-01
4.705718689657092946e-01,5.256259720390175083e-01
1.783458515643386033e-01,8.194370998583778709e-01
6.152072585350440992e-01,3.825107200457690815e-01
3.677684881887943180e-01,6.325038548440643504e-01
2.527405525576817066e-02,9.713923197377692942e-01
3.195068061816169758e-01,6.818921958548691542e-01
1.534074114128081701e-01,8.435865243094322619e-01
3.972234027207527385e-01,6.030580146084937310e-01
5.839714091981356159e-01,4.182706739965370013e-01
7.623084585592859730e-02,9.192780371676232409e-01
2.293408342860272509e-01,7.662704742174504258e-01
5.325875141771301280e-01,4.667681355695839085e-01
5.375423552369322788e-01,4.622531440626666543e-01
2.793157349889132668e-01,7.196066653856699746e-01
3.115288324036077916e-01,6.888020301839399284e-01
4.111398474748897969e-01,5.860828596068490270e-01
2.607721248162614969e-01,7.382139771599932621e-01
3.940629546020137930e-01,6.056334926121570428e-01
4.956579011196435847e-01,5.067476167254076902e-01
9.134058895773813913e-02,9.072580191888078849e-01
2.429881788804506837e-01,7.566116041768686795e-01
4.098095935091914388e-01,5.903661784425904280e-01
9.212123949111325483e-02,9.061975439409606370e-01
1.932887766060012169e-01,8.027355428303178941e-01
2.342926292435919267e-01,7.640183529216976188e-01
4.800362508176752030e-01,5.226891204369644717e-01
5.649159892138775341e-01,4.332946841700841545e-01
4.501344616310553604e-01,5.463288101272982811e-01
3.205789051783643484e-01,6.781804983558776811e-01
3.661955368441197622e-01,6.292172902739746609e-01
1.488998264076403510e-02,9.821595977064285776e-01
5.117544560050848457e-01,4.898010834040025241e-01
5.195455620659975571e-01,4.780367186902849119e-01
1.420784221018778493e-01,8.532135460549290507e-01
3.052101650844632474e-01,6.914047225700998833e-01
1.525488865905282321e-01,8.433470542907466339e-01
6.091960734186229187e-01,3.896105984117624876e-01
3.959196824886340726e-01,6.045847361332343795e-01
3.899797148602686114e-01,6.118641179540723618e-01
2.538436571764312033e-01,7.455624928995456813e-01
4.877143870789272251e-01,5.154112951623921468e-01
6.625850877828416419e-01,3.365826818121769870e-01
6.180084803538391514e-01,3.830492637030600833e-01
4.950812421410366593e-01,5.073460758922412328e-01
3.933535889622246651e-01,6.084735791367537061e-01
4.186999516351205264e-01,5.805577422800877185e-01
4.368032956989914561e-02,9.499415873548007205e-01
5.600802183013559032e-01,4.387943735257102684e-01
3.935837813638659033e-01,6.069667394620367196e-01
4.723824571130280092e-01,5.259512982329904718e-01
5.166659793654910793e-01,4.851587821553552948e-01
1.812019515946604320e-01,8.168808996342450390e-01
5.683407517411661614e-01,4.302808410660662886e-01
1.961787187119570230e-01,7.983998812613868346e-01
2.113573804763956565e-01,7.834172273211724713e-01
6.137816801812764345e-01,3.880912234746028977e-01
6.418406859801377706e-01,3.628084136856328246e-01
6.318416766917811511e-01,3.690584120940502144e-01
2.714470841785021071e-01,7.236869855164888010e-01
4.871515689419735340e-01,5.155368687531349803e-01
5.574128095331523092e-01,4.410080516361610803e-01
5.344083605816368765e-01,4.694122460153876686e-01
1.024516109151921983e-01,8.926939582025112951e-01
4.962871166373207799e-01,5.030682818311514870e-01
5.137342844060991398e-01,4.850968451987992536e-01
2.878382384083109091e-01,7.100986745916445519e-01
6.507362534899148176e-01,3.517571596229694952e-01
4.566032484989757112e-01,5.459873637208958463e-01
2.646262212905269307e-01,7.331800295667698641e-01
8.825060961322075959e-02,9.093385283520000195e-01
1.815868171394014186e-01,8.148759746407172599e-01
1.621453455128333276e-01,8.372927486994037327e-01
3.488127279570175099e-01,6.529717135151460461e-01
5.204338094359304279e-01,4.800363401342803704e-01
4.417090568188367650e-01,5.577872710422908664e-01
4.951121788813226954e-01,5.018087797241770343e-01
5.756201060079635390e-01,4.231598591345740457e-01
6.132794036830903073e-01,3.901211220946101954e-01
4.018246422636742032e-01,5.988176976547846531e-01
5.880920508465176111e-01,4.149165495884588051e-01
3.300656445822451324e-01,6.698764531579680659e-01
5.719924194723868816e-01,4.281843083962106333e-01
3.093133518551718919e-01,6.857510948033992415e-01
3.544996046029963432e-01,6.449071735411134876e-01
5.076340505569627848e-02,9.448151930790809061e-01
5.046992192222332640e-01,4.959929708610098520e-01
2.605777024905279737e-01,7.377390128240812750e-01
2.650616804792241821e-01,7.297404208856550500e-01
5.719260996865617175e-01,4.260477011457914354e-01
3.858164469054647383e-01,6.140518535834182945e-01
2.542623176457916578e-01,7.465045100698216585e-01
5.782613402591282314e-01,4.205217781252034714e-01
2.829036991877098006e-01,7.141627013520625011e-01
5.055489857368378193e-01,4.978967043278834659e-01
4.203316497263938079e-01,5.790332611169940469e-01
1.394583388437214133e-01,8.564315449394424018e-01
4.812869654042319922e-01,5.186851210495868614e-01
5.304095350368455142e-01,4.707796137951908433e-01
2.823188994758279446e-01,7.129870716690474008e-01
4.093706259116246526e-01,5.904679845400262472e-01
6.172533927289870492e-01,3.829489785511270838e-01
6.190390815016770520e-02,9.350379658387217852e-01
1.671791693627996400e-01,8.296074408669847911e-01
6.315091876022300710e-01,3.718900855004892980e-01
3.293186050551949462e-01,6.658110292234421523e-01
1.584107992797567296e-02,9.828840379269594418e-01
3.500074108379573334e-01,6.472008138270430866e-01
2.646451077958493214e-01,7.369813269018299362e-01
6.548302320785858166e-01,3.481116254415769218e-01
1.050492988421264096e-01,8.938657645778882443e-01
4.717284316051256754e-01,5.253048632447763211e-01
5.687204524494448021e-01,4.306650147715764820e-01
4.628371625950645218e-01,5.387421738483505473e-01
4.873411953770574456e-01,5.091184585686648889e-01
8.817713918402289575e-02,9.079902860842553602e-01
4.321577582347829183e-01,5.701930387727730531e-01
4.499079646525240284e-01,5.480053465750182040e-01
4.925560688481804283e-01,5.051948267795810521e-01
3.095571833286674401e-01,6.879493361143506069e-01
5.441048194468329768e-01,4.585000313019214069e-01
6.457062970642937216e-01,3.543213064363052167e-01
2.714259656817124555e-01,7.277882800017512199e-01
2.930490899677363204e-01,7.077333943409737094e-01
4.388941946859796217e-01,5.588941434762222382e-01
2.543116128892325412e-01,7.435047513444209555e-01
2.368250809464015616e-01,7.633045253420487342e-01
1.187967454906267012e-02,9.847489056519913575e-01
3.964804165330617081e-01,5.996360287707315218e-01
4.877880782337488674e-01,5.124456960035568276e-01
6.374397755213723205e-02,9.314934257741076529e-01
4.516262523437449827e-01,5.506454061612037210e-01
6.236084123430056803e-01,3.776654822525009614e-01
3.601828691382101821e-01,6.413013118631297749e-01
5.133577741468147160e-01,4.902564162091372912e-01
5.908980728918313829e-01,4.062101743723304792e-01
6.251467333043895236e-01,3.774222361528445369e-01
4.982555304694956666e-01,4.997224769369127961e-01
2.910259339077590768e-02,9.710194489997628908e-01
1.741265085687166564e-02,9.814082666892658402e-01
1.767434187298163317e-01,8.229576932191782213e-01
3.505308866617894425e-01,6.470135982543586683e-01
2.828264065923125625e-01,7.165283887018821796e-01
2.054161170106305889e-01,7.920997985703559507e-01
4.716406076903637556e-01,5.315827708002113239e-01
6.308488271089106592e-01,3.729934777957392700e-01
2.950382447103448436e-01,7.059170420120862710e-01
5.924822278308835566e-01,4.068257423714228271e-01
2.317670066682475105e-01,7.649474964084462814e-01
4.881154626255718165e-01,5.135016704148479549e-01
2.087429538333655243e-01,7.891519183162515327e-01
4.311622286884800315e-02,9.531042924422081786e-01
2.579203637615552491e-01,7.398203776488689876e-01
2.635612130181671370e-02,9.729381441038480460e-01
5.708664831661726113e-01,4.288217632247788846e-01
4.922935704679480273e-01,5.073407424292493140e-01
8.358259691516040091e-02,9.118660415521919749e-01
1.181034665843959386e-01,8.763949415208023286e-01
2.001966471237494882e-01,7.979077399706869800e-01
2.908158183428279919e-01,7.093656486550152795e-01
2.330901140710805453e-01,7.641671482746164035e-01
4.105421353556030217e-01,5.866468630913522775e-01
5.692715796084053537e-01,4.332888084816350349e-01
4.098935552505902358e-01,5.863949929222097568e-01
1.176011894655741297e-01,8.814023259472042460e-01
3.645561999560804067e-01,6.313055557492929237e-01
4.026006516848433525e-02,9.553931471508134710e-01
4.420105563573404339e-01,5.539929824390962265e-01
1.865272498484131791e-01,8.096303228427020882e-01
2.985952746622251297e-01,7.022949573186302308e-01
1.451370399653761634e-01,8.534901671279512270e-01
3.484451968041087366e-01,6.499081223355525072e-01
3.731440915858124097e-01,6.228128088199108570e-01
2.866648444308053656e-01,7.105395940652386999e-01
7.701110375638575700e-02,9.169182095195077542e-01
3.203165524328299707e-01,6.812988469692397020e-01
5.714763949436798551e-01,4.299479198108822064e-01
6.078721186695397183e-01,3.944224760357586956e-01
3.296618213386568463e-01,6.656425771751534048e-01
2.674117732032384454e-01,7.277441741786897511e-01
3.972740752575524281e-01,5.993613272805686787e-01
6.424951742891973350e-01,3.616115403010501939e-01
1.158470045194322506e-01,8.833770769489333041e-01
4.646481131701736267e-01,5.366840838492896726e-01
1.451963311173763427e-01,8.512636894668709209e-01
6.551924416478209778e-01,3.482413330239270133e-01
2.135137761800085243e-01,7.879393270702652607e-01
4.136127824886255966e-01,5.883204582530409121e-01
3.105350743217210607e-01,6.882742453245975778e-01
1.658265884220257447e-01,8.293221595398985180e-01
5.632986020355059686e-01,4.402057319457420292e-01
3.415844082550139049e-01,6.587999997064397650e-01
2.136254077187932920e-01,7.816161612773110390e-01
3.610407255314471153e-01,6.348817553673468117e-01
5.854648543351065326e-01,4.130098893724426512e-01
2.648145985624042464e-01,7.312613515508340489e-01
4.337686318285688403e-01,5.623822179156178214e-01
8.070444929748557539e-02,9.159528904660950710e-01
2.388051022739810791e-01,7.580245226552295712e-01
5.205481506300191352e-01,4.809636090880750614e-01
1.770016789184394312e-01,8.228743913698011170e-01
4.806842906675056204e-01,5.208601753289779923e-01
1.102399729279994467e-01,8.834190566046715709e-01
1.580841781023221149e-01,8.380541444868955248e-01
3.748280492357904392e-01,6.262689768932226952e-01
2.570671223571475705e-01,7.410236983529088217e-01
2.428918192834380319e-01,7.525572512494437261e-01
6.296002879209351422e-01,3.740714634127948468e-01
5.397912727439482111e-02,9.409142177081591951e-01
1.194967603066903750e-01,8.754060225140877227e-01
2.598274583942530302e-01,7.394960577816774849e-01
2.147068901438154986e-01,7.825194148114055226e-01
6.561755569294205337e-01,3.416278903128801003e-01
3.733095733390671134e-01,6.270959718964781437e-01
3.134560369921159939e-01,6.833224048632544623e-01
6.460830079472129617e-01,3.583759254430669561e-01
3.787274555325151337e-02,9.585867174995708062e-01
1.117649120926204331e-01,8.842881927752006543e-01
5.864464175123436096e-01,4.156738987356429216e-01
2.542114420375859440e-01,7.467462197333815110e-01
4.169500981391535688e-02,9.555033260198686484e-01
1.211862507377461096e-01,8.761873248615031917e-01
2.112639027658470559e-01,7.835590404488129712e-01
5.958254827654642094e-01,4.059725427555714306e-01
2.318462108966979074e-01,7.666330693217388026e-01
4.562337428809148249e-02,9.523256047535585411e-01
3.972553285745394902e-01,5.996876361206979755e-01
5.852157315875161636e-01,4.124069247055795473e-01
3.104213441844673738e-01,6.894629765405515531e-01
2.558228453262448299e-01,7.441900010997637427e-01
2.946919399624902680e-01,7.050754445133781134e-01
1.795409151461828945e-01,8.186422208288549607e-01
2.479200989238144470e-01,7.504710118153498088e-01
3.218008597860703146e-01,6.773163987408297171e-01
3.500376924325273587e-01,6.524881817902034031e-01
4.680278084846828390e-01,5.347136936499614634e-01
5.714250437086619561e-02,9.398358758830962500e-01
1.841690915682068219e-01,8.157246830468333210e-01
6.547194689642781285e-01,3.471902780760059981e-01
1.940591794676455872e-01,8.056448586216491403e-01
1.595859965947874493e-01,8.353483187047560099e-01
1.047321903863440984e-01,8.902474332463496953e-01
5.170282350104896674e-01,4.854133144209921147e-01
2.368634532017570016e-01,7.580577783385817892e-01
4.606198222245360685e-01,5.410883705988556169e-01
1.335133978202133476e-01,8.648762772359408491e-01
9.539465351470924337e-02,9.049942878764389853e-01
3.852763307041733309e-01,6.110066267470068979e-01
7.877005739593667677e-02,9.146440652467493493e-01
5.542594093731811888e-01,4.474619020078396958e-01
5.431301336949461156e-01,4.538180594661964662e-01
2.725826990707446718e-01,7.231417562406372568e-01
5.735772915361243562e-01,4.298669890401124460e-01
6.621036042226107199e-01,3.364091448993942191e-01
5.342262781074139794e-02,9.430123585722377522e-01
2.613421986059455415e-01,7.333726701159690720e-01
1.165103950032071178e-01,8.790266997764949464e-01
4.205554608679679118e-01,5.806698557474737621e-01
9.927001211150457416e-02,8.966093695954771015e-01
4.286056389248921183e-01,5.744509407301053860e-01
4.956475484317623970e-01,5.042921041175624230e-01
3.985931822121703827e-01,6.041801270414929315e-01
7.963689619010996812e-02,9.153590258536218327e-01
3.156152774637402958e-01,6.833101291647089015e-01
5.063307963980185900e-01,4.953189038343375206e-01
2.843992528884073945e-01,7.156024219567012068e-01
2.622684711171793803e-01,7.330565470676815298e-01
6.236885808843473100e-01,3.800094667272812532e-01
7.042134446752665311e-02,9.265036465000792143e-01
1.669904185061822366e-01,8.311903930031497856e-01
5.657472907239209370e-01,4.354250493367662900e-01
1.604745045594313801e-01,8.353743552758493562e-01
1.901645450622355682e-01,8.073561270848085281e-01
2.754913039589511614e-01,7.216101842580754377e-01
1.616746232728834276e-01,8.358119284225450363e-01
5.172369583365272749e-01,4.807010146503527537e-01
5.701638924750824788e-01,4.276537440465325024e-01
4.493848111853501748e-01,5.467617848108899947e-01
1.018105840834124254e-01,8.926210890796427710e-01
8.757168951291641190e-02,9.122813402784643033e-01
1.807784143701332558e-01,8.175220500919321287e-01
2.076604415059014330e-01,7.917817382469671816e-01
1.558608012783094243e-01,8.399589114948738944e-01
5.060721886014339921e-01,4.916700361278949494e-01
1.049928098300939860e-01,8.949064115777729533e-01
1.833794421922163576e-01,8.139775304393280786e-01
