7.883151629188580589e-01,6.152716423310333749e-01
4.635080035141697641e-01,8.860927407021645941e-01
5.605786108194832362e-01,8.281012024360492330e-01
5.592598543529360144e-01,8.289923893094000018e-01
7.548919740458008842e-01,6.558491836532518438e-01
5.519410931603973003e-01,8.338830674354746897e-01
6.186346497900701014e-01,7.856788576698833237e-01
4.476763485091260764e-01,8.941956131938235686e-01
5.137765827590754508e-01,8.579240801247111081e-01
5.325887696669251437e-01,8.463742145056611932e-01
5.901241858188919220e-01,8.073124106079820894e-01
7.499659533362843522e-01,6.614765320508663171e-01
4.544273969333324503e-01,8.907838574477179305e-01
5.552825144187478745e-01,8.316616888927519380e-01
7.583818079671145185e-01,6.518104457060714951e-01
6.110413253067727979e-01,7.915988107614431168e-01
4.673973060357267117e-01,8.840474668695585958e-01
5.072806015488239284e-01,8.617810539665736735e-01
4.647827275337410580e-01,8.854246613351024475e-01
5.599659335384846726e-01,8.285157605808777248e-01
7.615364398353713371e-01,6.481218941456520222e-01
5.356665608397778167e-01,8.444294490257310271e-01
5.194729097793417960e-01,8.544870585123135465e-01
4.810602423984384202e-01,8.766876705820918492e-01
7.381460968194115679e-01,6.746410986031914359e-01
5.076633569143519376e-01,8.615553785593006442e-01
7.563370569964175116e-01,6.541818878989140718e-01
5.302904566494095473e-01,8.478158646138551635e-01
5.439297681293459030e-01,8.391309347073592217e-01
7.502838271061620379e-01,6.611161218078461799e-01
7.672762644924869813e-01,6.413164481341533385e-01
4.659745319652306428e-01,8.847979564958609044e-01
4.724502927654600226e-01,8.813571354336485753e-01
5.008865178481080038e-01,8.655127704406945233e-01
7.093870276278562148e-01,7.048194376532511685e-01
6.527340219515999076e-01,7.575868958217018001e-01
7.561682995275171848e-01,6.543768833566609988e-01
5.052825635211763977e-01,8.629537443160676391e-01
5.713089256393000248e-01,8.207353523721795385e-01
5.329208612356883812e-01,8.461653260711793356e-01
7.411925998324904175e-01,6.712920993157159844e-01
4.653730733051775204e-01,8.851144122240170997e-01
5.239026097834417195e-01,8.517784248022461924e-01
7.558305536447966766e-01,6.547676316582503597e-01
5.622884326421915269e-01,8.269409080609524398e-01
5.367351684417143165e-01,8.437510303443893633e-01
4.682195983370887604e-01,8.836119053876844154e-01
5.144737941091012123e-01,8.575058404246489463e-01
5.491498604908223724e-01,8.357242006256954125e-01
7.367605468596504226e-01,6.761541620742386183e-01
4.466889758272565847e-01,8.946890598118507620e-01
5.667609347858427737e-01,8.238826153072552616e-01
5.503555116534812885e-01,8.349307367787928147e-01
5.342342846308960613e-01,8.453361517947403092e-01
5.632270189356987089e-01,8.263018537427003762e-01
7.895727032553117031e-01,6.136565352305052290e-01
4.552450437056507759e-01,8.903664962455828391e-01
6.373815532100186587e-01,7.705479039972842337e-01
7.663423515892175963e-01,6.424318628723799662e-01
4.895297787253712896e-01,8.719869334806507055e-01
4.519300391909971681e-01,8.920537133452040024e-01
4.560792507651600936e-01,8.899394997099410176e-01
4.409062671449451853e-01,8.975528232957671326e-01
5.701146366516924857e-01,8.215647206538830849e-01
7.557965007077305231e-01,6.548059978961003891e-01
8.001743823151137303e-01,5.997680452743215929e-01
5.506408131724442878e-01,8.347427248385135279e-01
5.598986036714058701e-01,8.285606939756454681e-01
5.527952283423449575e-01,8.333166774041371738e-01
5.433136660077074742e-01,8.395293367235990845e-01
5.087190252387522316e-01,8.609321832802069308e-01
5.060175179398156420e-01,8.625227715979735255e-01
5.172259994185890442e-01,8.558484094439934298e-01
7.603047606671533565e-01,6.495658440205990258e-01
5.497615098693077185e-01,8.353221584968727464e-01
5.075396960439200189e-01,8.616288368119565666e-01
5.212022783345827692e-01,8.534336499772873230e-01
5.957668480408839784e-01,8.031579778340837139e-01
5.737647962864833584e-01,8.190206456014507141e-01
4.606384592081619322e-01,8.875882948762467972e-01
5.158951754731117001e-01,8.566522096042934464e-01
5.327591468891252902e-01,8.462664021248336166e-01
4.450539180286747776e-01,8.955033456520872237e-01
5.278762981401268206e-01,8.493217785297603184e-01
5.409966873862748216e-01,8.410241951160110085e-01
5.171508628883594305e-01,8.558937544635104588e-01
5.033448918913980830e-01,8.640860939776007221e-01
5.301115331063092073e-01,8.479284462505772835e-01
5.488420176062110967e-01,8.359255507068248381e-01
4.119362269591519410e-01,9.112122606471619868e-01
5.242314072596102603e-01,8.515763897566960283e-01
4.844868926104768381e-01,8.747980079857896607e-01
7.554994540807082881e-01,6.551484586456055581e-01
6.080949392417123178e-01,7.938649805831961004e-01
4.570199419548072739e-01,8.894569558126818043e-01
5.643829214666163940e-01,8.255124965921291080e-01
5.177929250305004505e-01,8.555065953666306511e-01
5.187421434890877592e-01,8.549301219123032203e-01
5.672315574399815485e-01,8.235590490180338952e-01
7.754304606734514493e-01,6.314339269798977528e-01
4.427513984073119802e-01,8.966438586711159564e-01
4.760876655479514552e-01,8.793972185199901981e-01
5.352993575233878643e-01,8.446617310381766552e-01
5.534231012972926633e-01,8.329009864972090060e-01
5.701657251381747615e-01,8.215289657359617914e-01
4.854455654580715485e-01,8.742675214741265632e-01
7.573389562268801889e-01,6.530209894828806760e-01
4.246378219073980720e-01,9.053627428604761329e-01
5.117219722145430749e-01,8.591504050238272239e-01
4.588772997907711315e-01,8.885002766189645795e-01
4.544860956678189456e-01,8.907532042540680095e-01
5.286881301052572812e-01,8.488168858398734695e-01
6.017745004241297213e-01,7.986668879519865927e-01
6.996688299050286552e-01,7.144683046706425955e-01
7.487007667544907097e-01,6.629091892465719393e-01
5.532613532440719961e-01,8.330085359988212979e-01
4.927444798481379062e-01,8.701747773427065402e-01
4.931053912836171893e-01,8.699703276219646897e-01
5.217448052282154247e-01,8.531008143705950397e-01
5.052142492419844366e-01,8.629947250082353749e-01
7.597324927286280838e-01,6.502369210996538085e-01
6.291176376199845155e-01,7.773110895374031326e-01
7.543049836328501456e-01,6.565253632573280207e-01
5.216147837192750547e-01,8.531819468384176375e-01
5.536282864318269326e-01,8.327648083898825382e-01
5.532686336181662501e-01,8.330019890541445760e-01
7.709391797482803010e-01,6.369074987135220356e-01
4.297379584122102969e-01,9.029529336203639955e-01
5.229602410588989336e-01,8.523562083078730645e-01
4.802046571200734859e-01,8.771572785422083740e-01
5.601569982703777928e-01,8.283874006467627504e-01
3.910119601033023584e-01,9.203849439830971146e-01
5.095597344377946758e-01,8.604344275483536419e-01
7.136688931824688442e-01,7.004819897427440045e-01
4.893742919788156009e-01,8.720730151545185160e-01
7.612704146138820072e-01,6.484358776794990620e-01
7.632688355871358743e-01,6.460823699249419461e-01
5.417942576464971349e-01,8.405101853017622471e-01
4.651943079433052963e-01,8.852077704480372233e-01
5.495331772599173492e-01,8.354709114794592884e-01
7.534737418429885425e-01,6.574793701079534314e-01
7.619163125338515030e-01,6.476740925604320687e-01
5.021143544444633955e-01,8.648003140327676919e-01
4.940243352105473940e-01,8.694489867132518812e-01
4.438195299368142832e-01,8.961153685447759143e-01
5.197099013380391819e-01,8.543418368042978717e-01
7.219809589120298465e-01,6.919142684928917264e-01
4.915142314897154030e-01,8.708686172753313803e-01
5.543345803762074198e-01,8.322949818609466366e-01
4.217000775399628032e-01,9.067345706442003772e-01
4.849911456609944382e-01,8.745181273646619458e-01
7.538685792183403844e-01,6.570267148027824078e-01
5.575629203919827415e-01,8.301357799062724085e-01
4.554356873448802689e-01,8.902677795325519838e-01
5.795892840259605494e-01,8.149098991758966237e-01
5.136512524210998798e-01,8.580000942738723602e-01
4.581552025228661229e-01,8.888712872915387475e-01
5.555500398907758930e-01,8.314842341618559063e-01
5.559323896014300992e-01,8.312286442242368123e-01
4.912557822880156966e-01,8.710143542177052334e-01
4.791143623733963297e-01,8.777514985405454606e-01
4.667854838791171690e-01,8.843715406836089032e-01
4.846647856125042009e-01,8.746989701222510627e-01
5.569429476676517332e-01,8.305519096555853409e-01
7.551838337033307536e-01,6.555146359243790855e-01
4.950942169206740129e-01,8.688382594168001516e-01
5.286994721494679972e-01,8.488079830549730698e-01
4.827434017294667257e-01,8.757628639940111537e-01
7.631331193796533352e-01,6.462429341637182523e-01
4.972728790415630318e-01,8.675931333638606802e-01
7.399670617721704202e-01,6.726415101588504308e-01
5.062838094647169607e-01,8.623680150594436045e-01
5.567528391177408720e-01,8.306769957986788189e-01
7.595677952653587806e-01,6.504264823714619448e-01
5.081321279052061213e-01,8.612802423519209105e-01
5.656689969115218375e-01,8.246336325086751629e-01
4.670032550977580854e-01,8.842566196254033617e-01
4.549710850651677019e-01,8.905052118506889824e-01
5.451963479194021911e-01,8.383071702333593223e-01
7.185585900156380434e-01,6.954680304880689334e-01
7.645625162578718603e-01,6.445512968741806681e-01
5.812219013209050100e-01,8.137464150161930476e-01
5.870257754372143477e-01,8.095695679307286508e-01
5.424267088266705450e-01,8.401043574569811989e-01
4.563039989350190506e-01,8.898249843913800250e-01
5.585298415096142666e-01,8.294856958999283769e-01
4.735966748411087890e-01,8.807407599056077396e-01
5.670622148018522601e-01,8.236736598706010382e-01
5.200660399525367517e-01,8.541272528088630356e-01
7.495664810556486035e-01,6.619308073823818583e-01
4.739392760782764613e-01,8.805586479827767210e-01
7.340516692587861769e-01,6.790918842058933924e-01
7.445796365954631124e-01,6.675354292061504990e-01
7.616602794649839359e-01,6.479783869430268961e-01
5.511180849150206784e-01,8.344285871615204631e-01
4.765933608590270376e-01,8.791250204801898116e-01
5.973451744615176917e-01,8.019827938228707431e-01
7.609965033790966338e-01,6.487541205589264504e-01
5.525004365005792284e-01,8.335139647628739823e-01
5.017374704663674079e-01,8.650187066835952621e-01
7.638801895535078934e-01,6.453600101690788460e-01
5.349673647611321581e-01,8.448713733937373016e-01
5.230766342361677923e-01,8.522843292116220049e-01
5.398318913533995955e-01,8.417742223168622751e-01
6.211481445279209979e-01,7.836947502274945743e-01
7.615982025248423382e-01,6.480475564639938124e-01
5.660136087886324940e-01,8.243973601598973966e-01
5.517449751918774847e-01,8.340114520316990188e-01
4.592257987266790131e-01,8.883207649933659855e-01
7.370147075300385042e-01,6.758747910400247916e-01
5.019214970378469420e-01,8.649144927239666991e-01
7.562341706536984676e-01,6.543030411700557769e-01
5.813629702741489602e-01,8.136458535323670693e-01
7.596565697587414068e-01,6.503264564262607461e-01
5.352135339660720748e-01,8.447153891279111093e-01
4.992351971443262926e-01,8.664651963143552571e-01
7.576568934907630393e-01,6.526550843292421300e-01
6.117591368969372834e-01,7.910457221594991983e-01
5.283537584781057284e-01,8.490229073066929422e-01
4.918520832276424004e-01,8.706800991424503700e-01
4.985554451726762482e-01,8.668564697547795905e-01
5.542827662539562272e-01,8.323269295364477127e-01
7.581500799933856838e-01,6.520821543291934752e-01
5.178129320509819999e-01,8.554952772737454136e-01
7.275548248669644336e-01,6.860515464837488864e-01
4.563950366736909681e-01,8.897759982806965340e-01
7.501681168035634339e-01,6.612450774045652846e-01
4.726217334048302687e-01,8.812667233416167090e-01
7.356490976611718136e-01,6.773607637081195953e-01
5.080301345329025775e-01,8.613378577273661518e-01
5.601288188911699439e-01,8.284039175582353920e-01
5.181009580439500661e-01,8.553209585245857838e-01
5.616109178489365750e-01,8.273998468774135251e-01
4.636990839439780188e-01,8.859941067438814599e-01
4.544322904505476712e-01,8.907799412567805053e-01
6.011585857553608525e-01,7.991279677750965371e-01
5.696366613072596508e-01,8.218949428578441463e-01
4.495568683775650332e-01,8.932530491802802564e-01
7.548030444729871835e-01,6.559492510792273023e-01
5.844446703211524374e-01,8.114353075447918728e-01
7.541694759763331035e-01,6.566775644332646378e-01
5.918291554202030902e-01,8.060616481217368623e-01
5.651263248541114059e-01,8.250060915214496582e-01
4.086476701634950692e-01,9.126909828420005644e-01
5.283713916120228449e-01,8.490117517191453356e-01
5.103360104337469894e-01,8.599766447367133138e-01
5.903377040592608926e-01,8.071545523443277581e-01
5.055204519886857817e-01,8.628161844547170833e-01
5.124468134301503053e-01,8.587205603468747173e-01
6.585514779561028043e-01,7.525336320444400151e-01
5.472561429560058865e-01,8.369634743002043464e-01
7.577661576168615021e-01,6.525238432485508389e-01
7.778091838958270943e-01,6.285029244355783140e-01
5.872179654462008624e-01,8.094307040134931519e-01
4.893289114914247673e-01,8.720977691811551136e-01
5.216340735654343419e-01,8.531710066636056800e-01
5.119274449433374174e-01,8.590303466515958331e-01
4.996602111308948713e-01,8.662231205904600273e-01
5.893256553970910305e-01,8.078975031800345041e-01
5.111886623474501956e-01,8.594668511617673534e-01
3.809617340800817153e-01,9.245920632733387601e-01
5.069472912390570185e-01,8.619787294697087709e-01
7.319766223001713534e-01,6.813273293670544239e-01
5.438347544903275876e-01,8.391905246226020187e-01
4.806972479389581276e-01,8.768850309469020665e-01
4.564928731173848453e-01,8.897285870891360471e-01
5.160113442590524846e-01,8.565800174099708064e-01
5.652976810612891923e-01,8.248888789037776004e-01
5.642873226216895688e-01,8.255803703620454570e-01
7.860075987376615725e-01,6.182141932230107439e-01
4.879108558396031414e-01,8.728951050525184385e-01
6.444925687376950041e-01,7.646084021137712350e-01
5.267497583668010463e-01,8.500186287613195057e-01
5.606677162032680517e-01,8.280389663679015300e-01
5.537425623725775736e-01,8.326860213989301096e-01
4.484076687053316634e-01,8.938276178918321824e-01
7.609599083670792741e-01,6.488015167548488726e-01
4.721741751964214084e-01,8.815036523044190719e-01
5.680169054539223605e-01,8.230149309570959915e-01
7.560013429505032523e-01,6.545726706227843472e-01
4.187211244880674754e-01,9.081134241841959387e-01
5.838958110414380620e-01,8.118265803767441557e-01
4.310729202341013200e-01,9.023186047650570973e-01
5.408608006911295174e-01,8.411102183298109214e-01
3.916999498101828014e-01,9.200916341222805661e-01
4.332818214656754541e-01,9.012600244786411752e-01
4.861636428267426258e-01,8.738695180792633854e-01
7.629656852258437372e-01,6.464417113729125086e-01
5.253425499405599552e-01,8.508927156134116210e-01
7.594784237155047801e-01,6.505352232157223247e-01
4.629178062050055553e-01,8.863995445081956914e-01
7.509283425211210616e-01,6.603864069528725400e-01
7.625145123688565896e-01,6.469683525243057343e-01
4.760609631430126609e-01,8.794140044721404648e-01
5.481704143247307925e-01,8.363646447932585604e-01
4.422184424474530084e-01,8.969057466499542608e-01
5.460556142024544091e-01,8.377509791264240446e-01
7.640814028764935095e-01,6.451169688381334089e-01
5.393416751565690559e-01,8.420849934441324569e-01
4.803773052889225292e-01,8.770601096056779289e-01
6.461986211128571966e-01,7.610634727564479229e-01
6.284953383887040834e-01,7.759897217397280222e-01
7.215191006858927558e-01,6.907120387617659008e-01
4.177163066462932228e-01,9.067582035325727485e-01
6.144538424815412236e-01,7.876632057620515104e-01
7.242949464456091002e-01,6.874064148857058631e-01
6.451460208173259714e-01,7.623121608002797478e-01
6.544339474506899457e-01,7.542310086033895411e-01
5.080546890564461293e-01,8.617528520505693956e-01
7.083746777036422637e-01,7.035027645596402257e-01
4.000616640610736297e-01,9.137661670329443320e-01
4.345080842292605161e-01,8.999525531386115551e-01
7.594851900151420310e-01,6.508764664900283936e-01
6.769947234343669518e-01,7.332924176908282021e-01
6.235264284216740505e-01,7.798879637609869020e-01
6.906061483541128254e-01,7.209776688247366838e-01
5.786204833894618149e-01,8.151982507717935311e-01
5.712223062696896170e-01,8.201909699888743077e-01
6.814995703767855462e-01,7.295658930308045464e-01
5.931095674347599545e-01,8.044142020752491629e-01
5.204732906954389060e-01,8.542274076722397025e-01
4.085072171301292743e-01,9.109552270181958677e-01
5.639492471847749044e-01,8.252143613913547338e-01
5.122054783636250663e-01,8.593061101379184663e-01
6.368176789727371112e-01,7.688509983898924594e-01
3.943010763840392729e-01,9.158337160508546182e-01
5.393567177494398290e-01,8.424591656779382154e-01
4.525510742909917283e-01,8.912056876404534922e-01
4.937206538718682536e-01,8.698603588389799413e-01
7.027143142451484081e-01,7.089144200862294021e-01
3.967130869713794139e-01,9.153121385358131690e-01
5.151958108086035493e-01,8.575212454204065304e-01
6.785488226249105637e-01,7.321827479265975436e-01
5.294389676003053991e-01,8.483185009202816040e-01
3.828740166120718769e-01,9.198419491258279512e-01
4.888413697256558388e-01,8.728053434067923888e-01
4.672477023170630850e-01,8.843794216162846888e-01
7.516470976629650025e-01,6.588782663618506508e-01
6.668503521651227839e-01,7.427382727487273906e-01
6.857828169112187844e-01,7.254851538111591891e-01
4.509859118235618469e-01,8.924478482559486947e-01
5.211460505080085515e-01,8.537049357064920851e-01
7.673710385251553134e-01,6.417234585305584549e-01
7.679048764353603174e-01,6.410326039202832726e-01
7.358592265348313788e-01,6.759382081287973465e-01
5.691991422883787566e-01,8.220741523558038333e-01
4.905374441633675864e-01,8.717420706663492336e-01
5.729699928115490337e-01,8.191787237562871971e-01
4.787682899323638108e-01,8.779738509376513456e-01
6.462086553931244426e-01,7.609740768035685443e-01
5.379413285862899574e-01,8.433736899029611322e-01
5.198403595724361281e-01,8.547590241931631860e-01
5.935649522617562068e-01,8.040270327124878769e-01
4.869976143932783774e-01,8.735584809246267346e-01
6.985018359269125066e-01,7.130004762398638452e-01
7.487281500911044940e-01,6.618238434874206266e-01
6.746117965916096360e-01,7.355606643892139695e-01
6.799346565713328960e-01,7.310710133510209818e-01
7.509480382384138286e-01,6.598375569684128417e-01
7.205598886055111230e-01,6.914186752243677292e-01
7.467170462005092713e-01,6.645050227573415791e-01
4.398571226279939239e-01,8.970445336799319769e-01
5.485301589931947941e-01,8.357617970491384440e-01
6.209142519219559286e-01,7.820638710364842261e-01
6.959550294949565785e-01,7.157660684024533815e-01
6.521462867658817109e-01,7.561182699086839154e-01
3.958240929744215597e-01,9.152135199501555407e-01
7.963431032147232358e-01,6.092244823298825773e-01
4.539588725916727241e-01,8.906178612843944631e-01
4.896988310702270475e-01,8.718729366171676931e-01
6.912293295000511151e-01,7.204119316253023708e-01
5.033517238115838843e-01,8.641178857488990284e-01
4.648944903689499752e-01,8.855828270590909712e-01
7.878883158500646910e-01,6.186771002142102960e-01
5.693533091066041996e-01,8.214893670863635533e-01
4.540833777995936238e-01,8.905071971140969822e-01
5.973660916795766607e-01,8.005975049273611477e-01
5.684314911092259726e-01,8.222505975882575813e-01
7.627563308350053806e-01,6.469249251220132724e-01
6.564536155309004251e-01,7.521447751669440018e-01
6.957822679682996725e-01,7.156193781775296303e-01
4.816147274624222874e-01,8.766920335909083040e-01
7.679279227449844480e-01,6.411080131183708453e-01
4.164053204439207012e-01,9.074905357288270968e-01
4.712985539991615402e-01,8.817510911342116842e-01
5.604460290628867636e-01,8.280526430643098124e-01
6.594087920020355043e-01,7.493073039726140250e-01
6.624536304673553921e-01,7.468963913294793810e-01
4.452245421686175653e-01,8.951354128929239762e-01
7.793186990015276150e-01,6.287087503369974684e-01
4.967525469286145912e-01,8.679620225438083869e-01
6.434622647221974745e-01,7.634679557029823149e-01
4.502190039020828594e-01,8.927647603548353183e-01
6.111637505254398084e-01,7.904905046257930668e-01
7.646935875521063686e-01,6.446821335600956271e-01
6.212320811831173462e-01,7.823468794688087646e-01
4.837439434717918374e-01,8.754198164872042387e-01
6.316455905865001608e-01,7.733994613753214509e-01
7.221992352459030151e-01,6.899602378803837421e-01
6.543044295771112129e-01,7.541157972415155619e-01
4.086081458422250456e-01,9.105760571280416826e-01
7.622809530802497902e-01,6.472042095776714410e-01
5.072278295927193925e-01,8.617748558784428248e-01
7.590039422997683083e-01,6.510324112715173417e-01
6.434064057568583683e-01,7.634122985957534357e-01
7.408474204140071961e-01,6.706580769707141121e-01
6.336930868223286106e-01,7.716206098402526026e-01
7.013810767888867259e-01,7.104018881215857784e-01
7.857654771884878819e-01,6.215521474908242139e-01
5.910567940309251478e-01,8.060131774488114020e-01
7.733495394273605106e-01,6.349877014113456397e-01
5.063352311469759837e-01,8.622755919775598743e-01
7.431754924986661015e-01,6.678955422232718542e-01
7.724471643160542023e-01,6.365081989756434799e-01
6.131274012090541792e-01,7.886418960522998400e-01
4.555831328055792717e-01,8.898942873772537343e-01
4.112517978815622977e-01,9.093224106935743345e-01
4.762035474742763452e-01,8.792534728529035615e-01
5.694736465035898920e-01,8.217602759666219336e-01
7.076370953071267067e-01,7.039956976213209705e-01
4.130701598292076393e-01,9.088686171909287070e-01
7.007965746124161788e-01,7.110200937021807777e-01
5.240780652018317554e-01,8.521257086014198956e-01
6.182187435006794018e-01,7.844842406137753077e-01
4.303819036018450284e-01,9.012429898925365945e-01
6.042972812962748019e-01,7.958815683647044725e-01
4.553615531534023209e-01,8.899567454055977711e-01
4.636440817104894307e-01,8.857900852118798518e-01
4.717347882191052499e-01,8.819900903327054786e-01
6.272602240172783228e-01,7.767804589237878865e-01
3.987365098281093201e-01,9.141388429927637116e-01
6.481251242610595042e-01,7.593614737811325011e-01
5.299241046041321956e-01,8.479726709403636598e-01
7.569399436645806167e-01,6.533132273970404524e-01
7.555649562607635872e-01,6.547202960207534339e-01
7.897617808228171166e-01,6.167639813588680076e-01
4.078419064085790913e-01,9.111384813371121716e-01
5.040788166172222029e-01,8.637871308504075918e-01
5.221476046088320278e-01,8.531794274283928114e-01
6.318280963250364479e-01,7.734154319862527327e-01
4.439154621661541844e-01,8.954218846179257119e-01
5.870649246725490045e-01,8.088070070900486019e-01
7.375762117950648289e-01,6.737744221186852123e-01
7.050788823775622216e-01,7.067805837268352764e-01
5.147036942278617744e-01,8.577892497868955246e-01
7.687098578510709324e-01,6.401310635011224770e-01
5.687198539301541178e-01,8.222559211905734466e-01
3.822080838545158232e-01,9.202014737756992746e-01
7.802153870696368898e-01,6.275697432108536811e-01
5.959501589910166652e-01,8.022791429185921475e-01
4.294558912975416920e-01,9.019271666499441009e-01
6.475263805121462823e-01,7.601043471730205559e-01
6.978048517010032592e-01,7.136252179338269386e-01
5.730334391542744044e-01,8.187828429875095848e-01
4.553147171643753821e-01,8.898376199891663285e-01
4.119865065628218193e-01,9.091749718291641802e-01
7.753643718003413454e-01,6.330473288815442467e-01
6.762483855169805214e-01,7.342504151484285924e-01
6.700810233455379850e-01,7.399003917394234575e-01
7.141240117625222705e-01,6.976729684125613229e-01
7.748026635548663776e-01,6.337428419399193658e-01
5.894305125215540953e-01,8.072612059058302814e-01
5.395258364036492615e-01,8.423160550456317841e-01
7.676242132651815986e-01,6.413902851179099640e-01
7.673236574455275516e-01,6.420511244967083142e-01
5.846063086148589605e-01,8.103161612807443515e-01
7.160520947951201087e-01,6.956947481704028879e-01
5.343255229922052596e-01,8.452947849000708169e-01
4.798519612165002002e-01,8.775722290478870091e-01
6.039493734530627655e-01,7.956967781687792618e-01
7.063921034136884103e-01,7.054889414587300900e-01
6.158703196889074860e-01,7.865330123956965069e-01
5.961993125335975918e-01,8.018396226315124276e-01
7.876743757961310877e-01,6.188292880386362382e-01
6.001623453984965550e-01,7.987151266847358766e-01
6.917439977616172131e-01,7.199392395726497140e-01
7.431893992023689277e-01,6.683304389233635234e-01
4.281978566743155912e-01,9.027100370532138429e-01
6.222781327587707523e-01,7.812867783776729080e-01
7.347062407278590612e-01,6.770444096884169483e-01
5.866392842827219400e-01,8.087744794467689458e-01
5.983234314278429444e-01,8.001248552408288806e-01
6.591161820379701775e-01,7.496676781638934584e-01
4.480153377815990212e-01,8.937030831509970019e-01
6.903461686580956158e-01,7.213223015967502594e-01
6.976066165954781795e-01,7.141009368623315590e-01
6.183130909716265666e-01,7.846546296299707901e-01
4.343217311267516534e-01,8.995585660489248125e-01
7.180454349669312952e-01,6.940182352403820865e-01
5.140791777912840921e-01,8.577392706300712710e-01
4.573086815787198445e-01,8.891673610439828623e-01
6.352713388874073885e-01,7.707148206002353286e-01
6.620728266040541987e-01,7.472281944245166008e-01
6.975538782339105737e-01,7.144250730958356943e-01
4.461478850011323383e-01,8.947102934035254806e-01
7.017174385020847893e-01,7.098649668349656938e-01
6.944218864618962872e-01,7.171277357012109110e-01
6.583441047352101005e-01,7.502355040255876961e-01
3.942278836076461568e-01,9.163304839497272702e-01
3.912685456220515445e-01,9.169112875556021391e-01
4.258143184286685146e-01,9.033600998991556663e-01
5.685428769205311816e-01,8.225584546813053954e-01
4.148330695995391393e-01,9.078016323769801943e-01
5.221412334171273706e-01,8.531381856806448116e-01
6.785677331200022921e-01,7.321099021359295245e-01
4.117505167092426754e-01,9.090628108426316301e-01
4.464862511215695329e-01,8.939134333118730069e-01
6.994970301443148575e-01,7.120213096955031462e-01
7.093529136695181370e-01,7.023301366701205639e-01
5.394783935527578400e-01,8.417678062515632220e-01
6.033283626550571821e-01,7.960099058846352715e-01
4.421477128585699079e-01,8.960482538661178609e-01
7.619443236290843746e-01,6.481767591041818211e-01
6.205095512675240510e-01,7.828749119449248672e-01
4.093591339690150210e-01,9.105242257842918185e-01
6.307616548934591449e-01,7.743030022867544160e-01
7.534392124901150289e-01,6.571342763645687812e-01
3.856379645177700488e-01,9.193123846680635314e-01
6.058145723631975788e-01,7.940980007747291403e-01
6.962367044675306094e-01,7.153797728713087167e-01
4.304496534935209895e-01,9.016283363196930800e-01
4.542551618286457260e-01,8.906847309615221198e-01
5.349878553810827331e-01,8.446368883197582500e-01
4.759133424534956469e-01,8.795799975669953419e-01
7.114069153759415842e-01,7.005123207501668947e-01
5.334893306601009577e-01,8.459619133823447212e-01
5.074331294252399926e-01,8.618636371015137021e-01
7.423978321337716402e-01,6.687863100887050383e-01
5.660450343704397369e-01,8.237474569539746660e-01
7.780151416477578685e-01,6.301292297267633291e-01
6.262298400413069954e-01,7.781187505251995207e-01
5.219963145731842946e-01,8.528714602980647097e-01
6.352993595983910113e-01,7.703896856898542200e-01
7.575625516495732015e-01,6.527495788114734410e-01
6.480192864558708132e-01,7.597430686184435400e-01
4.106778612539802586e-01,9.097150002531441126e-01
4.553493571591805678e-01,8.901098791203947425e-01
6.727279872224583013e-01,7.375035768420078464e-01
6.050526049684803453e-01,7.953050184504814046e-01
5.997384169692782097e-01,7.991932115241372481e-01
6.468152172751118201e-01,7.604069005869722453e-01
7.735845364784308398e-01,6.347256168803759868e-01
5.651886873800804345e-01,8.244811378786781608e-01
3.971462647584809713e-01,9.150332852493638924e-01
4.470520910668915326e-01,8.939415172455463798e-01
5.356248517575208368e-01,8.445157962256956141e-01
5.402376198624497805e-01,8.414309905908612386e-01
3.947958468037091051e-01,9.160363691174624456e-01
7.933023248536900107e-01,6.123611514394311506e-01
7.208717487655821321e-01,6.909671877705274579e-01
6.614896545196097266e-01,7.477809434887892071e-01
5.480159441617902250e-01,8.364244315657161088e-01
7.674960725849511167e-01,6.417649277713933786e-01
7.685689022624808686e-01,6.408285411119467589e-01
8.000441782481628739e-01,6.047086858885319938e-01
7.799196194531159421e-01,6.282067288562228624e-01
6.675777376159107712e-01,7.421523151886098013e-01
6.827131848501684086e-01,7.285804828690887192e-01
4.226829096337613723e-01,9.051264872190657451e-01
7.156808559787425361e-01,6.962080325286283955e-01
7.673883158784688963e-01,6.420065377303938448e-01
7.116875952585852705e-01,7.005786366431110412e-01
7.150733041366574838e-01,6.967064589624243354e-01
4.191931097252742378e-01,9.065071552780675779e-01
7.418642884498434231e-01,6.695342108749374743e-01
6.318973480024783207e-01,7.734385683291662428e-01
5.427949126193962748e-01,8.401497011024956496e-01
4.429481165183741243e-01,8.961415295101630152e-01
5.468196842754076137e-01,8.372915625881710566e-01
7.989161341400492500e-01,6.060023875131658189e-01
5.133698468996501507e-01,8.585977317305829581e-01
7.632271993746861938e-01,6.461716218958402091e-01
6.100114203314737082e-01,7.913868543949116319e-01
5.734350465114916862e-01,8.187948337848752756e-01
4.048100561009809750e-01,9.117696775872848880e-01
4.329564307375429189e-01,9.001031624308665213e-01
5.766506902230970066e-01,8.165433932661912975e-01
7.173875023818581109e-01,6.947312776499681153e-01
4.388401945149361105e-01,8.976194739094799369e-01
5.192370811576737522e-01,8.546153912920583240e-01
6.369831989379086679e-01,7.687537613293354832e-01
6.812500094537945472e-01,7.297497984946959004e-01
6.037055012857183156e-01,7.960299620782198549e-01
5.616448326473326702e-01,8.272219673931250350e-01
7.011346815551326994e-01,7.109146013953420162e-01
3.839879319554960757e-01,9.193980574173949982e-01
7.922365310274499528e-01,6.138464261459654070e-01
7.054612995900504391e-01,7.067522313047204241e-01
5.632760256514894870e-01,8.259234365649894549e-01
5.947542677846084924e-01,8.032232004107010548e-01
5.018962408182425783e-01,8.650458672525362935e-01
6.393443268066321128e-01,7.670755619097316957e-01
7.150685825079603486e-01,6.972089076024354792e-01
7.966023506448155489e-01,6.086388531515869449e-01
7.995343264909055003e-01,6.057358960229901612e-01
7.594023063457721046e-01,6.506143108526692975e-01
7.781311221915827581e-01,6.300937623290256973e-01
5.738950717164518212e-01,8.185036763951208938e-01
3.886127868081602488e-01,9.182563582574231331e-01
6.800766262135918838e-01,7.309101952694281312e-01
6.065619768329424399e-01,7.934972863276598121e-01
5.929400138345928273e-01,8.042452981251357880e-01
3.929894228539891343e-01,9.164125421616852174e-01
6.701910094214472702e-01,7.398493362560512043e-01
7.990855366438620599e-01,6.060667535138795081e-01
7.621581855677855843e-01,6.478004363220993822e-01
7.039400277178775589e-01,7.079422263654006064e-01
5.550762147352892306e-01,8.317923802243405440e-01
5.419886451252919901e-01,8.403932784513526988e-01
4.414434129472351032e-01,8.967049226861215638e-01
6.692165232826607912e-01,7.405089223809632193e-01
6.531039564820830812e-01,7.551544710701534324e-01
5.174152187809202275e-01,8.558328879397204547e-01
5.917592047644131270e-01,8.052004260717517958e-01
5.804721501710007336e-01,8.137983780939949119e-01
6.780884801582776067e-01,7.325150896755070473e-01
7.789584508939890739e-01,6.288152725248644659e-01
4.970113834176765888e-01,8.681974312272244809e-01
5.614547090311021726e-01,8.271917839014996110e-01
6.188629993092407133e-01,7.837045076176891722e-01
7.146283728915350242e-01,6.974837506293800615e-01
7.462115874401681337e-01,6.646964629538731906e-01
5.229952660527792396e-01,8.526760418876914160e-01
6.743486302300438773e-01,7.359720830393167157e-01
6.652378455355321130e-01,7.445319759343616006e-01
7.342682525273092065e-01,6.776378467769142988e-01
4.648472401490376660e-01,8.852945712576748560e-01
7.530404521778653049e-01,6.571868084934718857e-01
7.531912120631254481e-01,6.573676420151236544e-01
7.393789064837584801e-01,6.718753207973395813e-01
7.657737477330224252e-01,6.436624783420644702e-01
6.042535101491315341e-01,7.957385450784657532e-01
7.206778152106062540e-01,6.909989015025969072e-01
6.762515908766948414e-01,7.340419795168264816e-01
5.143027685041162700e-01,8.581986351694215198e-01
4.852628504158343903e-01,8.745662562047760158e-01
6.540909508092708213e-01,7.542806299311763940e-01
5.937481212938362507e-01,8.033936013003066812e-01
5.310660282123857989e-01,8.475377828436045924e-01
4.490329767945285266e-01,8.932216396838547068e-01
7.162703137900798822e-01,6.954470611004075487e-01
5.434832936938316372e-01,8.393157032686817676e-01
4.216297647246494695e-01,9.050935124642521812e-01
5.131920566404645223e-01,8.588047950253292484e-01
6.217544496017093358e-01,7.816460672993256198e-01
6.107225262736377669e-01,7.904299428017078633e-01
3.941705763131789220e-01,9.159337941509281267e-01
5.244011405337695164e-01,8.515862069031520099e-01
7.240974417117078676e-01,6.879470786099165514e-01
7.545322014265514188e-01,6.560437094086393195e-01
6.065409192234281210e-01,7.941077235708644544e-01
5.453217892580382031e-01,8.379941904371324135e-01
7.585031774270754035e-01,6.519115031599373999e-01
4.664564491067910712e-01,8.846015520101414564e-01
5.579194298882922398e-01,8.296421280485434258e-01
4.058818243792613467e-01,9.118205643254122528e-01
4.362280608485833988e-01,8.988856856611453505e-01
6.835602955574147099e-01,7.277047457157429511e-01
4.631142134821877865e-01,8.859278283655740438e-01
3.854379917404578970e-01,9.191353904389311102e-01
5.143868840958711885e-01,8.576260122875262182e-01
4.694898281356376657e-01,8.830341901128065940e-01
3.843397949063381835e-01,9.197237465728194117e-01
6.677314876193778392e-01,7.420182758124888034e-01
5.020935918177804602e-01,8.652537550707948277e-01
5.042126922149952062e-01,8.640946276121713732e-01
4.957082223642089724e-01,8.688837427770887967e-01
4.246774726193863758e-01,9.041664008007289643e-01
5.826820746451019106e-01,8.119778530675899608e-01
4.214756775511297460e-01,9.056571432849978009e-01
7.979892372479930884e-01,6.073507949907416270e-01
7.542918347496168074e-01,6.562754992877346538e-01
6.649153050701857026e-01,7.447924923025910360e-01
3.943978529932808952e-01,9.161830010835827487e-01
4.840085734744252743e-01,8.752964047034995643e-01
4.800438865958052692e-01,8.775105816163030203e-01
4.510908691056044195e-01,8.920766545205237597e-01
5.270175464144808419e-01,8.502633280979914332e-01
4.378283875511830292e-01,8.979373913850697830e-01
6.123673870051409285e-01,7.891521015802025474e-01
5.421826692887430355e-01,8.399509620350577022e-01
5.396905148513297945e-01,8.420117967717648533e-01
6.042804056565285187e-01,7.956388140841589296e-01
7.114028772885275798e-01,7.002241729918895485e-01
5.614396758802177034e-01,8.271057874105272045e-01
7.007251174697226581e-01,7.109130247986890083e-01
6.714749379854094702e-01,7.387704095185153585e-01
4.271243970495512965e-01,9.030583953317762314e-01
4.195845390902869787e-01,9.063160546378575821e-01
4.295140361630540582e-01,9.019864357869091798e-01
6.775375891453717658e-01,7.331556380527118888e-01
4.515842079371132911e-01,8.915189096234219512e-01
7.525838976797896152e-01,6.577051718886159914e-01
5.152875638270900671e-01,8.571340889301974908e-01
6.519353379666465997e-01,7.564141603685737847e-01
7.164109847264483744e-01,6.953287961729933686e-01
5.198614498981316556e-01,8.545159145592470251e-01
7.014400500482212975e-01,7.100345565857953956e-01
7.370246691141000284e-01,6.745776474791265187e-01
4.856869316482627097e-01,8.741617655304608769e-01
5.248908210615214065e-01,8.515656963865613216e-01
5.192472384178430378e-01,8.551030715167384777e-01
4.010176290980874136e-01,9.134335172674038494e-01
4.220541449350699859e-01,9.051543158216103224e-01
5.710225075846350196e-01,8.207128690926136505e-01
6.449032117832185218e-01,7.621244046694585217e-01
5.322486421081558117e-01,8.467084372204873866e-01
6.071809305969680937e-01,7.933099844870994399e-01
7.823681145248365665e-01,6.250590583638726550e-01
4.456860774012676996e-01,8.945609122364401866e-01
7.217454988442156827e-01,6.901448577752536950e-01
4.244917430725013707e-01,9.044155439217947956e-01
6.618334307688402696e-01,7.473291813462842326e-01
4.754189357757113710e-01,8.799667793296022111e-01
4.064114928947504812e-01,9.115060449744892823e-01
7.323536170497559894e-01,6.793043195178409821e-01
6.230385570489266334e-01,7.809218505117357934e-01
4.782676255202220617e-01,8.780073877059064724e-01
4.977171046165435042e-01,8.677074404329406798e-01
5.810417545957083929e-01,8.133475581561679935e-01
7.224531273104450868e-01,6.891615160507986726e-01
4.849022922046598016e-01,8.747963135923544353e-01
3.998132758421374944e-01,9.140615112194009351e-01
5.503155842496806338e-01,8.346532868701190822e-01
6.956019646937151579e-01,7.160406480697283360e-01
5.864301576741832722e-01,8.090857326314032649e-01
6.078308928856391846e-01,7.924856904407912017e-01
5.639176817938759134e-01,8.257786316659798675e-01
5.931413818770706614e-01,8.041596980126821670e-01
4.492589566100105847e-01,8.927160352775532770e-01
6.199058509049382160e-01,7.833083313635434974e-01
4.621150683770877676e-01,8.865024582605446346e-01
6.788234993119947047e-01,7.321222823236943622e-01
5.202727017096168138e-01,8.545592148813352384e-01
7.825618266434989367e-01,6.250291535581868896e-01
7.674066851645453546e-01,6.416992351090154978e-01
4.060276152379549974e-01,9.115922278809576174e-01
4.370264515611166911e-01,8.983503856526843245e-01
3.976495847648574000e-01,9.149374066323552324e-01
3.920283782503702352e-01,9.170360427717744178e-01
4.011332457406111551e-01,9.132835832355786776e-01
6.477172676435145604e-01,7.595872333049347169e-01
6.642585588378622230e-01,7.448997239039520935e-01
4.254451624776398599e-01,9.040198511711728946e-01
5.398283909966674621e-01,8.417507906392448502e-01
7.713586263109901697e-01,6.376617976622022121e-01
4.268287427834501213e-01,9.030654254256278435e-01
6.876281445213690002e-01,7.235859075243616934e-01
6.483964971348543660e-01,7.593983487501284602e-01
6.883000202020982394e-01,7.230774920316317411e-01
4.088789274579893718e-01,9.106264668054863121e-01
4.012948766501227560e-01,9.131468559767520476e-01
5.148941509665077021e-01,8.573011341805284458e-01
4.831101733864954784e-01,8.760029781469147458e-01
4.449509799900249196e-01,8.951517299590039389e-01
5.428072648901260955e-01,8.402128196301827945e-01
4.530137994872212026e-01,8.910480404999736592e-01
5.153408017242744332e-01,8.573355148217031152e-01
6.187924976355210216e-01,7.839334370822238496e-01
7.274881000761274086e-01,6.841461631521159603e-01
4.873296504760709635e-01,8.734030473573297648e-01
6.205689376196346085e-01,7.826700061256450791e-01
4.216535874742265433e-01,9.055713483580856149e-01
7.560441715463497303e-01,6.545209890673273634e-01
5.651368326240646667e-01,8.247890989465083145e-01
4.766233619003699129e-01,8.792719607964613049e-01
7.549887459940329837e-01,6.555901427292076811e-01
6.126624339650836859e-01,7.890110651773034611e-01
5.991532266836980813e-01,7.998077542158961162e-01
5.658983514000539561e-01,8.241718168069473993e-01
5.799277760700616291e-01,8.142972741292868744e-01
6.482708683284164053e-01,7.595681457555107929e-01
7.788466737483110691e-01,6.292998937740140741e-01
4.767142643596696816e-01,8.789172856982908622e-01
5.435121700873908335e-01,8.393820361956377818e-01
7.654236032724047734e-01,6.437489962800022614e-01
7.998772567785801257e-01,6.052924591552037992e-01
5.113178303579227757e-01,8.594170078600396057e-01
4.175113201027615961e-01,9.066820458539861516e-01
7.686032335678706362e-01,6.407287013117743957e-01
6.942649988860735144e-01,7.170063491574486525e-01
3.833175687636744544e-01,9.202831323137433683e-01
7.597040512941088952e-01,6.504064851100234135e-01
4.569663530877761115e-01,8.891834092545750634e-01
3.824587570389759161e-01,9.204247366390189145e-01
6.282830064170740192e-01,7.763737189707257125e-01
5.674970177289088147e-01,8.227844771061780804e-01
5.628647534193356172e-01,8.262567285098307845e-01
5.267718264821973362e-01,8.501368438170343600e-01
4.742716188735603411e-01,8.806282985371337579e-01
4.224406026491440702e-01,9.046925163566763572e-01
6.560022183426843512e-01,7.523433983891981702e-01
7.714592091167172816e-01,6.373900248883177522e-01
7.185586052662396028e-01,6.933299315226523207e-01
6.813756164968738371e-01,7.295366430046736905e-01
6.257700339567777714e-01,7.780945582450016218e-01
4.033915761733439798e-01,9.127943522740020743e-01
7.573622676729090397e-01,6.531592724105508285e-01
5.417691186274662396e-01,8.405070205847542386e-01
6.086972264977398295e-01,7.924593321495106979e-01
6.223356754701727667e-01,7.812454722445519861e-01
5.675602138500177585e-01,8.232159974738550989e-01
6.377026426593060959e-01,7.684293659639135354e-01
5.462559079818500862e-01,8.379236748684325553e-01
4.712739088619019023e-01,8.822543099597492944e-01
5.836496133668317432e-01,8.110265411057852036e-01
5.545800167747212406e-01,8.322887382010084600e-01
4.279307780674008743e-01,9.023778901997279167e-01
4.759762712509033600e-01,8.796735795511404499e-01
4.018444953771674877e-01,9.132226042035112012e-01
5.867160551542759395e-01,8.091505521637852860e-01
4.309958343117449298e-01,9.014686929411354077e-01
6.238299698976222940e-01,7.796962927779381713e-01
6.420777988432928574e-01,7.646609841234879301e-01
7.324314773557347724e-01,6.795288972384588844e-01
5.060040718341536348e-01,8.624719544005240435e-01
4.015536978727505257e-01,9.136812762722781311e-01
6.031764278976650129e-01,7.962412923378801022e-01
4.712400732164261918e-01,8.818227195371043381e-01
4.159545774372794824e-01,9.073444324007479134e-01
6.519289320774647178e-01,7.562236350104647453e-01
5.409149483569707373e-01,8.408546268840574323e-01
5.219835673504783502e-01,8.532648946964780379e-01
4.822296573040251166e-01,8.762222184676213832e-01
7.586077135023366891e-01,6.511859032606955866e-01
6.932014753200866908e-01,7.180628054851350139e-01
4.993381634298910132e-01,8.665707287706649886e-01
6.316671088787370048e-01,7.737161720475398408e-01
7.413877496979714987e-01,6.701272783002379940e-01
6.744125066490229692e-01,7.358124965614810664e-01
6.792369677538261374e-01,7.316263594604560661e-01
5.816710038627839197e-01,8.128659723774535051e-01
6.193882880568476468e-01,7.832960828107463636e-01
4.341504702437352092e-01,9.001195706634907978e-01
7.906708300319582605e-01,6.153218575340788643e-01
7.860714103932591179e-01,6.208040562500819481e-01
6.582831975143369485e-01,7.506295954651033275e-01
5.969240025474932265e-01,8.012989096051337246e-01
6.432874610506038593e-01,7.634963154932994378e-01
4.687785606207849343e-01,8.830579203872400695e-01
6.632602624459285057e-01,7.460024428959249887e-01
5.204910211754724125e-01,8.543456289975140949e-01
5.604962255351841893e-01,8.279431343197715121e-01
3.859128319553133957e-01,9.192895432053356242e-01
6.032276672895389158e-01,7.961406836657590746e-01
4.567060879704930576e-01,8.896810018040186563e-01
4.567112750699120483e-01,8.896156570206992242e-01
7.848255474039400603e-01,6.221542010454869098e-01
5.141510682703046564e-01,8.579042026334460225e-01
4.762514094318606173e-01,8.791990424258694370e-01
7.260585458223671740e-01,6.858579929093022720e-01
6.299628737110897214e-01,7.748087635293557929e-01
4.427907345163736297e-01,8.957656897059058654e-01
7.332108333789549848e-01,6.785221050739081994e-01
6.900737645731971348e-01,7.211163093892065667e-01
6.828095121215320695e-01,7.280178084243520420e-01
7.195610264325049688e-01,6.922814306218612046e-01
7.725508068089216307e-01,6.360827291712845000e-01
6.895117112684882033e-01,7.220095745379493390e-01
6.929380993426683677e-01,7.184108451979908105e-01
5.038923730167739201e-01,8.638087073039709685e-01
6.081143686721406372e-01,7.923223113603324874e-01
6.657620617782020744e-01,7.435459745907065932e-01
5.785775904325396457e-01,8.148415495123495500e-01
4.670909441261259509e-01,8.840534774912059968e-01
5.537419719003465746e-01,8.325574782882257940e-01
5.023643297337233582e-01,8.650894637691741718e-01
5.231411029979683436e-01,8.524028078165519773e-01
6.288132888071188420e-01,7.759293141571885766e-01
4.593056124310415655e-01,8.881421664296624829e-01
5.153765215451269199e-01,8.570925233888078143e-01
4.621490763642082111e-01,8.866472711219099967e-01
4.844450055866654781e-01,8.747130340192913467e-01
4.023883228067858253e-01,9.129422615889069004e-01
7.347568088756375460e-01,6.766062377820956097e-01
7.965646588693876540e-01,6.086883683738186779e-01
4.869354969242179476e-01,8.738680527320750180e-01
4.868279307313415627e-01,8.736906985352526078e-01
7.862609065027302835e-01,6.207004331999590452e-01
6.634716973149030750e-01,7.456520959652988001e-01
6.986203859867721189e-01,7.132976387607191660e-01
4.347531093920521394e-01,8.998215954378082637e-01
7.819756488998447219e-01,6.258915145808154890e-01
6.107090550891597358e-01,7.903575668235678364e-01
6.685587175451235264e-01,7.410325330813686273e-01
7.582054514875334883e-01,6.522621320560181291e-01
3.842437621795825042e-01,9.196942347170700138e-01
5.844641422331123826e-01,8.104321564054562943e-01
7.097051461715755405e-01,7.025462225328666932e-01
6.176245451905245654e-01,7.846917796396895017e-01
4.946393213962696489e-01,8.696699816232090763e-01
4.518864257865014555e-01,8.914465279434173883e-01
5.737959225174051880e-01,8.183939512111825243e-01
5.181510348876796623e-01,8.556476697535929654e-01
6.226681134438172283e-01,7.805864312816447326e-01
4.636149458179517624e-01,8.860164178568109561e-01
6.197585781099759217e-01,7.835884179781905656e-01
5.032554241685850416e-01,8.644235133071256350e-01
6.196600218084700185e-01,7.832052835581939654e-01
7.241935563695509614e-01,6.880458596966385620e-01
6.233091131624813874e-01,7.804416832509730728e-01
5.235077467796430684e-01,8.521871901574683550e-01
5.805422960499335705e-01,8.137590464016172254e-01
5.029148625190578148e-01,8.649288980797826820e-01
4.134151437300143672e-01,9.089757319058553442e-01
6.981374338160226678e-01,7.138031269371019061e-01
5.619211428292475441e-01,8.272307157062398497e-01
4.163906479894624035e-01,9.072136962804779881e-01
6.002154181173696701e-01,7.987546263106498623e-01
7.168476021097955897e-01,6.952468061504023522e-01
6.447260146406611492e-01,7.623112617007373748e-01
7.847458719712221420e-01,6.220910411803884932e-01
6.555302838245681274e-01,7.526399430408258207e-01
5.662573865129174600e-01,8.239961804684808877e-01
7.418135304890985937e-01,6.695916726375858996e-01
5.827854302167494449e-01,8.115953251521287326e-01
4.207915070040944006e-01,9.053441317304871117e-01
6.066031978227144350e-01,7.935762896412930090e-01
7.309742438215507399e-01,6.808175846572661616e-01
7.016380855858801446e-01,7.099739791891628293e-01
3.871119528324398207e-01,9.183059258555543725e-01
4.355682746278766171e-01,8.993102606476517380e-01
5.951724187133426991e-01,8.028547164233859057e-01
7.509141147232152314e-01,6.600714146516983849e-01
5.533837669069456844e-01,8.330874648263694171e-01
5.901149720327659720e-01,8.064535607132953254e-01
4.568702584038608627e-01,8.891588636042836447e-01
7.246161020763239868e-01,6.870911185170828217e-01
4.820230193862176105e-01,8.762805459960725241e-01
4.321030147377247776e-01,9.006229457535166461e-01
6.213727253121652527e-01,7.816970381895451681e-01
3.910884271641416055e-01,9.169618924637769064e-01
4.440152517486299355e-01,8.955470280445777531e-01
4.385684852613783713e-01,8.981722553693584077e-01
5.796195079271400097e-01,8.143498644821299814e-01
4.923274239117575446e-01,8.704601607997280999e-01
4.951908834737353549e-01,8.690419106643849645e-01
6.783223056786407135e-01,7.325661029360095444e-01
4.150942159983022628e-01,9.077941654008769845e-01
4.208443240144905673e-01,9.056032727301308594e-01
6.708268755770125935e-01,7.390943764277810857e-01
5.165581354361417077e-01,8.564038948427477038e-01
6.171875119158861667e-01,7.849974643309517441e-01
4.633836552887331539e-01,8.859862304762478047e-01
7.771499813239807208e-01,6.313127775359226312e-01
5.730682817031966803e-01,8.189772741016617674e-01
4.469818220290080468e-01,8.941791177533003898e-01
5.712376647358605730e-01,8.201052310272513024e-01
7.275841100517339566e-01,6.844257156815992671e-01
5.062753775776751564e-01,8.627115430289763465e-01
6.613213287632200288e-01,7.479625740441803172e-01
4.012289327855875221e-01,9.132187529890348765e-01
6.011551743100638223e-01,7.981391783890158242e-01
5.804392912829764439e-01,8.137913353868034827e-01
7.169568200933846835e-01,6.951057482135248877e-01
5.809935733362154853e-01,8.133111240991375279e-01
5.256822661453526280e-01,8.506266489748555149e-01
7.077531265290695206e-01,7.041139133737674971e-01
7.904223081147493390e-01,6.158606093354206390e-01
3.849034705350291574e-01,9.192104626769098674e-01
5.563412531161365804e-01,8.309140826209931996e-01
5.767233282755708235e-01,8.166254207449095137e-01
5.216873021621650786e-01,8.534035846511467405e-01
7.025159369807074672e-01,7.090637710916205538e-01
6.705167994311380664e-01,7.396408160710621349e-01
4.365370356156688669e-01,8.986708557649965012e-01
6.531571748880393713e-01,7.550435365071959115e-01
6.394039495670950091e-01,7.667379610951006175e-01
6.957544459653950408e-01,7.159434370389637925e-01
7.443667974395828946e-01,6.665445099755764602e-01
3.881023748953149610e-01,9.182603724611491103e-01
6.107727817337027520e-01,7.902182427076916982e-01
5.895752345161495711e-01,8.065123984333797402e-01
4.041116383436506587e-01,9.123202214661465526e-01
6.785875456594030464e-01,7.320778489682280288e-01
6.162152784298099428e-01,7.858455020112903311e-01
4.987398153538702972e-01,8.673592263834933869e-01
5.009960835174067650e-01,8.656162612247694232e-01
4.989823552843868915e-01,8.668221574649378480e-01
7.259384023392303487e-01,6.856221337781905900e-01
7.730873340994830478e-01,6.354655427525114364e-01
4.253121366990912922e-01,9.037231851654412562e-01
4.375051180207020773e-01,8.984046415428511567e-01
6.771780587817881614e-01,7.330444422935212812e-01
5.920877140914579950e-01,8.048463671462205982e-01
7.387014907562494681e-01,6.727096597457808969e-01
5.199279823117732846e-01,8.545955678960864832e-01
7.298702804442107617e-01,6.816131944016747823e-01
4.341883901602311413e-01,8.995438705089725540e-01
7.304683597829162434e-01,6.813887086870867860e-01
5.341186424345859551e-01,8.455644839856621964e-01
5.540751739040425949e-01,8.326268217463524968e-01
5.953826997010376321e-01,8.022618580696125878e-01
7.644221434612183952e-01,6.450725044386019791e-01
4.464928599287357192e-01,8.939701103595100173e-01
6.759125070741111019e-01,7.346270946188944162e-01
7.510258640288043352e-01,6.596596158393287501e-01
7.601945483924004154e-01,6.496829852741378142e-01
7.851811138278016466e-01,6.222016795742876250e-01
5.934287542130188831e-01,8.038761117844713810e-01
6.895095035564737795e-01,7.219843711700286715e-01
4.849392597052630260e-01,8.747531854352023073e-01
7.304231343027554058e-01,6.816668004381154500e-01
3.959687411487893272e-01,9.152277773571061426e-01
5.311134402698702850e-01,8.471839542011795343e-01
6.085079309230460032e-01,7.922553607928670694e-01
6.543310554123917822e-01,7.543360789732678207e-01
6.966855353138550200e-01,7.148035981526277283e-01
6.987108977533154075e-01,7.129834401309455005e-01
6.200746196733752935e-01,7.828475684745695995e-01
4.643754817667788970e-01,8.853049525824007171e-01
5.190443424082548107e-01,8.552334082876134058e-01
5.892943264966604699e-01,8.073927544217445185e-01
3.888808618686243612e-01,9.178604561834797781e-01
6.770223915456663466e-01,7.333129378111350460e-01
7.776913127374927015e-01,6.304739404714587714e-01
5.235126502280078586e-01,8.520489683961379734e-01
7.845069592093734112e-01,6.223875484477410236e-01
6.258538421107651128e-01,7.783659311307911111e-01
7.596313430340833062e-01,6.506380742337529721e-01
4.997176698867088485e-01,8.665884743072953533e-01
7.742061628590739542e-01,6.339765130795319559e-01
4.778980126072208678e-01,8.785747299730866100e-01
5.298005390906629364e-01,8.485562960262575949e-01
4.133962917632397760e-01,9.087790292144225512e-01
6.442076763894784008e-01,7.628592016541174692e-01
6.626633779196779983e-01,7.467415452041770152e-01
4.510409630272302350e-01,8.920194601787531097e-01
7.319398026741962271e-01,6.798079777564401960e-01
6.063060493084446723e-01,7.937274136982829242e-01
5.791402091360753346e-01,8.148727918728374542e-01
4.770343519273024802e-01,8.792869675042186417e-01
6.888007843031074273e-01,7.223785338658575972e-01
6.415955496610307174e-01,7.648700001734641818e-01
6.782809201165479474e-01,7.325465051524572280e-01
4.343100788746575014e-01,8.998959333218431444e-01
3.848784545057850059e-01,9.196329187577596542e-01
7.049336737485818460e-01,7.071569428324959716e-01
5.467404328480065523e-01,8.370143778045688876e-01
7.578354847756459955e-01,6.520401630222435463e-01
6.950709428888059982e-01,7.163010393269461096e-01
4.865046351522251955e-01,8.739091999737113037e-01
4.045942804667039816e-01,9.124090461887232051e-01
5.088749533922418689e-01,8.612354394006946912e-01
6.295989307211093955e-01,7.755131242586635887e-01
3.914845872798161652e-01,9.171924915519155119e-01
6.005871285142903027e-01,7.983297216028427679e-01
5.158261209943844072e-01,8.568449882390209993e-01
5.427497670328179646e-01,8.400474587613024902e-01
6.230925130969663384e-01,7.805036999765969652e-01
5.197345245885869325e-01,8.548724058885097676e-01
7.347428575990183619e-01,6.765149356308620687e-01
6.044693663140262574e-01,7.952581547956993901e-01
5.270087904622946517e-01,8.499386918242362032e-01
4.355304134012477624e-01,8.992930218023678091e-01
5.819730325011969185e-01,8.125888312227116383e-01
4.639070435847679752e-01,8.855544906298179475e-01
5.276378915337255338e-01,8.494827848734667342e-01
6.360172777732274740e-01,7.699647921251683291e-01
7.991129195248640738e-01,6.056324972499634862e-01
5.771258802540821797e-01,8.160063908632270158e-01
4.618902600306203921e-01,8.867494409040024284e-01
5.033953111047398954e-01,8.642855770748496536e-01
7.143194078311669859e-01,6.974319669966946300e-01
7.624560435015850235e-01,6.474512945496586624e-01
4.453682193813363055e-01,8.945369152417436132e-01
6.777525360633012141e-01,7.325981015417981634e-01
5.398708349107921300e-01,8.420081578802042221e-01
5.408892171264145787e-01,8.410575407746025967e-01
4.410447826767402435e-01,8.965770267195086740e-01
7.936711086724017594e-01,6.121691442086476531e-01
3.879719057933858073e-01,9.181914725297226632e-01
7.255368346102479826e-01,6.866718617526255120e-01
4.374709093262739712e-01,8.986209336145389859e-01
6.747138069583465958e-01,7.359910177409852983e-01
6.584818298035437500e-01,7.506552071247275526e-01
5.704691966682053916e-01,8.206836587429904295e-01
4.240786498988062814e-01,9.039495126395825642e-01
7.453700699405183538e-01,6.658200491356505157e-01
6.011301080321757029e-01,7.978900080143672691e-01
6.591734231999466509e-01,7.496185397971325548e-01
6.795854675424293223e-01,7.308477457308987235e-01
7.410921057957516878e-01,6.702358558702137259e-01
5.565803597277845238e-01,8.306716243641094621e-01
5.657054805389157837e-01,8.243113032343928337e-01
4.421808658703804129e-01,8.964538182091184026e-01
6.417386359770045345e-01,7.647141879408702048e-01
6.371850395422643532e-01,7.691488105779783480e-01
7.856809645305238288e-01,6.215638582142049007e-01
5.879203537472386110e-01,8.082870519180971325e-01
5.235523702478838137e-01,8.520717505646301371e-01
7.827698197369757915e-01,6.244036826440114707e-01
7.581786105510925911e-01,6.522426266284662155e-01
6.985353322343051952e-01,7.130161741216745064e-01
7.012339019675248863e-01,7.103399339524657519e-01
6.585731914540122744e-01,7.505714593691256153e-01
7.321975912085649796e-01,6.791596091129933344e-01
5.964963353961499903e-01,8.015769372907758372e-01
4.387216450189869166e-01,8.978965353711763075e-01
5.955869633642902894e-01,8.019940804995100425e-01
5.587214278451654303e-01,8.289190090892778473e-01
5.769459029010932660e-01,8.158789800484863575e-01
6.406718305910572564e-01,7.655474696184084715e-01
4.928372222347467968e-01,8.702361737546835396e-01
6.551568443696442756e-01,7.530139898328658266e-01
7.733327719541985834e-01,6.353455327781688533e-01
6.888467482229753136e-01,7.221959007261744556e-01
7.677323831554545563e-01,6.417848727463225655e-01
5.490427774463570998e-01,8.357091434334114055e-01
5.920971499338365529e-01,8.048302952233071794e-01
7.101888302103451789e-01,7.017825700144477707e-01
7.186776916990056385e-01,6.935648293048560786e-01
5.306451887242342735e-01,8.479396884682370850e-01
7.074207866676737178e-01,7.047991158713249327e-01
3.965950977484836715e-01,9.154999753394100770e-01
7.982824370757302113e-01,6.065862698019922616e-01
7.346275276199991655e-01,6.771224826471869962e-01
4.585846418625493248e-01,8.883188502334385950e-01
6.459337459447187513e-01,7.611900347166354885e-01
4.541221538608579689e-01,8.907192287341565429e-01
4.484465700079275363e-01,8.932221085261147220e-01
4.390123076546330605e-01,8.977580397759175046e-01
3.845428621910603195e-01,9.194393853206219713e-01
6.118415059250909005e-01,7.896919603211320915e-01
5.084476769528849527e-01,8.615331765123324104e-01
4.763519043556719845e-01,8.795416506179580818e-01
5.122585603904168394e-01,8.589783118568842246e-01
6.785644162989329375e-01,7.320557399573314195e-01
6.243199058857513695e-01,7.795326413025076562e-01
4.688079262463173968e-01,8.836240085231351626e-01
5.528567353401088180e-01,8.331889738399640422e-01
3.913409331544740466e-01,9.171056896956072402e-01
7.768694714975044047e-01,6.316339967933854993e-01
5.037078307743101391e-01,8.640365985166914564e-01
5.687243828167030113e-01,8.218201869214858402e-01
6.852603609458730594e-01,7.255009324724027708e-01
5.946528505167310019e-01,8.027887845110781573e-01
7.543219104981107037e-01,6.561241630519523138e-01
7.071647402090421863e-01,7.048775926452480745e-01
6.820394120426596096e-01,7.291323308342783083e-01
5.854336173179246483e-01,8.098084918778645225e-01
5.222321224592044731e-01,8.531629583117873450e-01
6.913458151787701400e-01,7.203471007262713943e-01
7.207480587471883915e-01,6.911635400194638956e-01
5.325238079752474540e-01,8.467226475368134775e-01
5.008374883371933262e-01,8.654997139160797159e-01
4.014422738675915703e-01,9.134567109303853849e-01
5.818813295113514084e-01,8.128503111670145609e-01
5.978689098661801316e-01,8.004057436028717554e-01
5.090449685671953883e-01,8.606973114760489985e-01
4.708102807813859259e-01,8.822223584673114516e-01
7.558216019445531675e-01,6.546941571056119624e-01
7.953041750496724349e-01,6.104495799051096183e-01
6.465397539266990456e-01,7.607698601154497808e-01
6.187083909709264473e-01,7.843613515956138205e-01
5.056451854211444497e-01,8.627353973174880508e-01
6.172825139357200896e-01,7.850075338402986436e-01
7.453610300056967564e-01,6.657003011332228715e-01
6.137566712152872084e-01,7.877547230239165810e-01
6.831815263923388670e-01,7.274678155126897972e-01
7.964923788952098516e-01,6.086694578626627994e-01
5.269225106092469968e-01,8.504105723736514744e-01
5.464070929956847955e-01,8.375649404565248535e-01
3.949546226493514944e-01,9.159882983895414332e-01
3.930514546493307781e-01,9.166292973189745785e-01
3.833745284744135007e-01,9.201469744750376822e-01
7.602490156873926708e-01,6.496932234591148436e-01
4.569500141097564971e-01,8.892038851473834660e-01
7.484919990708813753e-01,6.620679413768622013e-01
4.303751234437215856e-01,9.012578608421194515e-01
7.035482930305101412e-01,7.084407901605973557e-01
6.176177314998840817e-01,7.848318845081896367e-01
7.235966907945446946e-01,6.886510654610014104e-01
4.691547290714910834e-01,8.830163600333851281e-01
7.419038580675694217e-01,6.696131267536268306e-01
5.429596424543999822e-01,8.397675814154821339e-01
6.551939784553773016e-01,7.530470526590771208e-01
6.275696348582722184e-01,7.768061538812289779e-01
6.154476947336555703e-01,7.864791023784587498e-01
6.457168215114370557e-01,7.615098581410344458e-01
4.377908073139878953e-01,8.984209502543560877e-01
5.486946243021906255e-01,8.357273553902907492e-01
6.510398872358238442e-01,7.570040963278504842e-01
6.009229547153411843e-01,7.983644941894664226e-01
7.627547538307312136e-01,6.471261952399293138e-01
7.862655434817097388e-01,6.208634915331513460e-01
6.205633861492036996e-01,7.827833494887104226e-01
4.584520190477303081e-01,8.886080939008943469e-01
6.901536864150469297e-01,7.214958605399458547e-01
3.997774458590246938e-01,9.137991102124048970e-01
7.280196952440474156e-01,6.837856777627647764e-01
6.945740152128099254e-01,7.172240557838058805e-01
4.593842752882627556e-01,8.877948029774693772e-01
4.329515969322662583e-01,9.005043026730344957e-01
4.588621368753723617e-01,8.883610365924945462e-01
5.016172910035081589e-01,8.655231193908454745e-01
6.727953903471262098e-01,7.376802249978550163e-01
4.408079233501807637e-01,8.968575379841279283e-01
5.089366689617085271e-01,8.609570970822786329e-01
5.517533863179577835e-01,8.341964762918023801e-01
4.231704062958218659e-01,9.047230745967653753e-01
5.023091506199526268e-01,8.646869143821890313e-01
3.890209480273126852e-01,9.181277749776921571e-01
4.768112977718484968e-01,8.789425891766241561e-01
6.603622287162205229e-01,7.486491153593459735e-01
6.558141739112002266e-01,7.528714080313070323e-01
6.514618123638711289e-01,7.562350096575775060e-01
4.621923463624994510e-01,8.868910859096912347e-01
7.022171804696631936e-01,7.096545001988988632e-01
6.122667115133043625e-01,7.895370840443443061e-01
5.088690896541259168e-01,8.613134820522398982e-01
5.062801905625063936e-01,8.626778230134112269e-01
7.628403529035107100e-01,6.470963584194254770e-01
6.886689567334982609e-01,7.225007018526005131e-01
5.696401300919368138e-01,8.212596840003900667e-01
7.478402793307494800e-01,6.633653363520853885e-01
5.540629792585343161e-01,8.321413305150041628e-01
4.885901166604138535e-01,8.724536337548527420e-01
6.559439847542889446e-01,7.527273302346116912e-01
5.595038675351154955e-01,8.283795889592070472e-01
5.276510963738891835e-01,8.498950229321665661e-01
5.094387626695489057e-01,8.606985423301566351e-01
4.717375855355919190e-01,8.819313673810896814e-01
6.530361854571729019e-01,7.549650124229672077e-01
6.554958771706936860e-01,7.531026316681723731e-01
4.122617569846774854e-01,9.088501920661266054e-01
7.047434766070574952e-01,7.071048705423099712e-01
6.900583631709820143e-01,7.216070286911653309e-01
4.587929074968284948e-01,8.879958326978494298e-01
4.811964880073609230e-01,8.764572750158546866e-01
7.791673139868882103e-01,6.290508010658965032e-01
6.597505469302176184e-01,7.494304115763725793e-01
5.212206883166533578e-01,8.534256820156969070e-01
5.118793419177244397e-01,8.590213369626494844e-01
4.879682571734479390e-01,8.731735870070954642e-01
5.298370410140853526e-01,8.483096013565489812e-01
5.275764714189301596e-01,8.499016205888852982e-01
6.161409907386270479e-01,7.861935886976136878e-01
5.334339104038999801e-01,8.456545544802476222e-01
7.848274869027029865e-01,6.222580402693821400e-01
7.076682250932797569e-01,7.045620539095402979e-01
5.899788239896045505e-01,8.063853821844020331e-01
5.028973604463879976e-01,8.644549680520178248e-01
7.628172753620977575e-01,6.472247160353635786e-01
7.809515821860820717e-01,6.267182399718524977e-01
4.848125477865784516e-01,8.751551962749453129e-01
6.268842533734049205e-01,7.773680028585860935e-01
4.223135141148890437e-01,9.053220746477674830e-01
4.749898846645609907e-01,8.799058444892868813e-01
6.978969684864639866e-01,7.140486306250490856e-01
7.667961471252152661e-01,6.425523402837262088e-01
5.645303612152698935e-01,8.252409298489759015e-01
6.760394711209963825e-01,7.341135937993075178e-01
4.625063185408628819e-01,8.864609325330410350e-01
6.104537145065418446e-01,7.910325443701073933e-01
4.073639429980087101e-01,9.114456755270665678e-01
6.544850204811488714e-01,7.538323822080796877e-01
5.590584309539904373e-01,8.285852192475419153e-01
7.375831576158060621e-01,6.739699897956110686e-01
4.815406206757515406e-01,8.764064445403083603e-01
7.132633226998899012e-01,6.988777915268333807e-01
6.410956848504147931e-01,7.652431372235422025e-01
7.367900785138645769e-01,6.749717977897445875e-01
6.875458817874408046e-01,7.235435924583811795e-01
7.903486033838453828e-01,6.160174052700272407e-01
7.944855306909321957e-01,6.111022104995615933e-01
4.747581082186177470e-01,8.804375246226017193e-01
5.114462531778187770e-01,8.598327207992573218e-01
5.130808047310978504e-01,8.588892605366031940e-01
7.047231424893609653e-01,7.071712972800306973e-01
7.898489781834132639e-01,6.167741898085926655e-01
6.852318100061891570e-01,7.255915729203206155e-01
4.539822365636946300e-01,8.907023357466115066e-01
6.613125383574101068e-01,7.480778768057392281e-01
4.969566564648050799e-01,8.677374752829944971e-01
4.304201596633091542e-01,9.013044040821386327e-01
4.051507159951043824e-01,9.118437120190844292e-01
4.058119178313478459e-01,9.114625971281542505e-01
4.309178411256162078e-01,9.014644899928961896e-01
4.870790707219321281e-01,8.732974417909273868e-01
4.354269683398741542e-01,8.994054548518486403e-01
4.340619272578999377e-01,8.997202312612351260e-01
7.421451814864206131e-01,6.688518600856929730e-01
7.178855606659035882e-01,6.940384476319271245e-01
7.060924836002782090e-01,7.057846518928915236e-01
7.395302749559846678e-01,6.716000470034096947e-01
6.014541497140448723e-01,7.976246246253309025e-01
7.779524856452667558e-01,6.300991366599594246e-01
4.071741718637374996e-01,9.113069196287353346e-01
3.846811134926226283e-01,9.197417414168403971e-01
5.162866514088753078e-01,8.564555224441542380e-01
6.593180838690978485e-01,7.497134095311287494e-01
7.798096898578152913e-01,6.282567089763239077e-01
6.743160220318034082e-01,7.357530909521580176e-01
5.403315643737323093e-01,8.415775553234728923e-01
5.359680213131222670e-01,8.444367154236779305e-01
4.892412034556129496e-01,8.722310105341938291e-01
5.114358294690242168e-01,8.594255894419891018e-01
7.022203836530102050e-01,7.095155690078998045e-01
5.966178055022105520e-01,8.015398079513216256e-01
4.803810267648079835e-01,8.768654135812393724e-01
7.386163167808650343e-01,6.731401808034116474e-01
7.569124262806279368e-01,6.535390068207079795e-01
6.067379838968393058e-01,7.939403360932731912e-01
6.977743602360664266e-01,7.136388678377385553e-01
4.015224454214083027e-01,9.134310931888851570e-01
4.274799306641354768e-01,9.027308406332207324e-01
5.983500806431646390e-01,8.000099368948149214e-01
7.940419984659854435e-01,6.116772964803148804e-01
5.931077228056487183e-01,8.039772094900476951e-01
3.919027793843711804e-01,9.171383359335901764e-01
6.027108751771238504e-01,7.967614677182384142e-01
7.166253718276944795e-01,6.955619108468572565e-01
5.952403734175070182e-01,8.026538117053477750e-01
6.414202985147390290e-01,7.652196042528431885e-01
7.465906648320932426e-01,6.643798140916942208e-01
5.526669637038169602e-01,8.334179276215439858e-01
6.478730569731887545e-01,7.596296801623444450e-01
4.417752589676324781e-01,8.965351653740226689e-01
4.614758911522023332e-01,8.867403977832160056e-01
6.898414580158772624e-01,7.218225950053733797e-01
4.767829540343748729e-01,8.791065221732295987e-01
6.257158000748027638e-01,7.782848855324846493e-01
5.760608747287799813e-01,8.169125078976170462e-01
4.746593456286236634e-01,8.805397494961291205e-01
3.924476016107194543e-01,9.166101949741556343e-01
4.567223209858891075e-01,8.895316089190745679e-01
6.227859019300692189e-01,7.807777066399763655e-01
5.601345936542573289e-01,8.283146049551498580e-01
3.947952568061507406e-01,9.159022697115383194e-01
6.190217299114781913e-01,7.836963480614875799e-01
5.519682141373754014e-01,8.335621957252732361e-01
4.444914591862906272e-01,8.949342432467903841e-01
4.717410328485524551e-01,8.820557078859794231e-01
7.403998988126896386e-01,6.706224387495463013e-01
7.855952218508388540e-01,6.217211328400549242e-01
4.614864532749392567e-01,8.868923421450942701e-01
6.477732709264455435e-01,7.594846013466923784e-01
5.465282727256753903e-01,8.374474159204884360e-01
3.860765746800046139e-01,9.186974275523708267e-01
4.399890087521802218e-01,8.975646802929623247e-01
5.056685315456002083e-01,8.627721402651984395e-01
5.640534536103527508e-01,8.254087594205429257e-01
7.310808994622206569e-01,6.804007130269750236e-01
3.957720611831244684e-01,9.153575201659246430e-01
7.043469126824540849e-01,7.075498521560007470e-01
3.951906219951739629e-01,9.158363034546254111e-01
6.235196114453062100e-01,7.805120530241871357e-01
5.434268347695330181e-01,8.394503743167435195e-01
4.867480288178532288e-01,8.738802405966461517e-01
5.902586093309302173e-01,8.063253020612685118e-01
7.247342207412212911e-01,6.868697413111883865e-01
6.415942066216249184e-01,7.652288836859393317e-01
5.912195290483335253e-01,8.058550680275649025e-01
4.631466179600432498e-01,8.863475572144349224e-01
7.268807294131551799e-01,6.848459119340254420e-01
6.584762065811556875e-01,7.502554054779786430e-01
5.267019373050230158e-01,8.503824236606688514e-01
5.545832009275758478e-01,8.322625007643463801e-01
5.484327851153175670e-01,8.359688185177569508e-01
6.634426302204898818e-01,7.460981574767320268e-01
4.628109206769365214e-01,8.862835823165766680e-01
5.378500648008750495e-01,8.434127091786866037e-01
4.011588351487130888e-01,9.133745632616537824e-01
7.841554463874736980e-01,6.229813902165666217e-01
4.189140562543822166e-01,9.065789727081547955e-01
6.876653360486773003e-01,7.238404829252417239e-01
4.934304295172241006e-01,8.703208653091463187e-01
7.040553105598862382e-01,7.080975645032777654e-01
6.191775158218253416e-01,7.837292388131352761e-01
4.497823792805826226e-01,8.930196026590191405e-01
5.332460521650443930e-01,8.461159969652652935e-01
7.979745619623517250e-01,6.074879432391295797e-01
3.874326401667484432e-01,9.185246822453391191e-01
6.785024163539825626e-01,7.319690965130442040e-01
5.205759268115371929e-01,8.539905292843761320e-01
5.070528920347716628e-01,8.620097554638753712e-01
7.172567194015191383e-01,6.950145606762470063e-01
4.696520412165914871e-01,8.830172265619875560e-01
5.390554243794369871e-01,8.420893812405625400e-01
6.883656451820923117e-01,7.229458893467929359e-01
4.272201123140144663e-01,9.028942620640085792e-01
6.270162122719883380e-01,7.772001085832993539e-01
6.149206724062283858e-01,7.869090793499761149e-01
7.451334011065291474e-01,6.662462522503468376e-01
5.740974162540490866e-01,8.184659249366578182e-01
5.887811431173561871e-01,8.074555577354451952e-01
3.972482581572707172e-01,9.150683569665558625e-01
6.626736601950249383e-01,7.465315751597908500e-01
5.729610352485243752e-01,8.189730757208218970e-01
5.395082775076872617e-01,8.417241063910024801e-01
5.419925467747952474e-01,8.401628284091834376e-01
7.999872957533161744e-01,6.045382122973568251e-01
4.859099415590490967e-01,8.740959169095364745e-01
4.637691936814950511e-01,8.857189639183820073e-01
4.093229544661944330e-01,9.106558172665755180e-01
7.762336720867299977e-01,6.318270803709420402e-01
6.156547036797455075e-01,7.862746237650715120e-01
3.816217618692271940e-01,9.205598882739418620e-01
5.395408324317246818e-01,8.419697558898436851e-01
6.494719903664812888e-01,7.585260652488288180e-01
6.708835798282810625e-01,7.394695696880746461e-01
5.729172117986461865e-01,8.194417696217417557e-01
7.408427090050799801e-01,6.706832008389365107e-01
6.255023887128515758e-01,7.784558910733214709e-01
5.085741909372134550e-01,8.616199145510761159e-01
5.478329053905783841e-01,8.364796971086777555e-01
7.871905178138205450e-01,6.199104846382333944e-01
6.174789552981412299e-01,7.853383204711049670e-01
5.949390362032038748e-01,8.026795696602482266e-01
4.254806895435573333e-01,9.036289678784057422e-01
5.709189996019590208e-01,8.205562368017490504e-01
5.358922034335501516e-01,8.442746641143459296e-01
5.829860903962261753e-01,8.119309479375484973e-01
4.959165488622513385e-01,8.688225262519304604e-01
5.209228709320768980e-01,8.534968808911463922e-01
5.248777246313932610e-01,8.514185586505816916e-01
5.410534574782696060e-01,8.408046139435593203e-01
5.619729254171015320e-01,8.266878224572368206e-01
5.684542109118195796e-01,8.222699851858235043e-01
7.398509026371087316e-01,6.713553684443480662e-01
4.858601476580366452e-01,8.745776184620761562e-01
6.261128433916632874e-01,7.783500990884661963e-01
6.051018866788757666e-01,7.952207902361232428e-01
6.767393818664553251e-01,7.339614518025995293e-01
7.709398007140795261e-01,6.378275937866264567e-01
6.494529952455203592e-01,7.585819991543293339e-01
4.306728814222920976e-01,9.011393584543826440e-01
7.600733506914603144e-01,6.499380881029072077e-01
4.719661245131458460e-01,8.813495003551274909e-01
3.944715196199344298e-01,9.158767781060449531e-01
5.445781415564703298e-01,8.389674603306574996e-01
5.746445859254043498e-01,8.180450314982792293e-01
3.833745205827497338e-01,9.196647790042935533e-01
7.095997913972774684e-01,7.020594553105139468e-01
7.790246989129980815e-01,6.289254977606147934e-01
6.447918036415232201e-01,7.623666848669162777e-01
6.051615193670760728e-01,7.945909419660325268e-01
5.845509283062602091e-01,8.104552054432171415e-01
5.683317784207196910e-01,8.223074586369075734e-01
6.952774696220758166e-01,7.162864913297608549e-01
7.698014456422024310e-01,6.394274973820104346e-01
6.673010416424222102e-01,7.426197522920695571e-01
5.791392424811816486e-01,8.148882341072670732e-01
7.168657598407364162e-01,6.950982721816358900e-01
6.920747955529555906e-01,7.197180619132718116e-01
4.105304418383828868e-01,9.099759472807316119e-01
6.792414827891060103e-01,7.312485107751306446e-01
5.617432438514428084e-01,8.267754555171437092e-01
7.344136835261422247e-01,6.772329450534060324e-01
7.660420383898588481e-01,6.430685612481445990e-01
7.606601222250813921e-01,6.491737099193167770e-01
4.764507151529902562e-01,8.790553641526226425e-01
7.127609226190516623e-01,6.989357987983658704e-01
3.925177356470480050e-01,9.166994076839251049e-01
4.703555440305510760e-01,8.822975425517144421e-01
4.326580766719583804e-01,9.003579098519075563e-01
7.672484639847187982e-01,6.421665083015988262e-01
5.826061138623177538e-01,8.120018281304812735e-01
5.068607055686679130e-01,8.623868847067782673e-01
6.225347941508216909e-01,7.811624738086450082e-01
4.873349149658726676e-01,8.737509662707283464e-01
7.555487499884572244e-01,6.549702311136667010e-01
6.922188028332784127e-01,7.195546253566295070e-01
5.307047505722556346e-01,8.478216000576161981e-01
4.124601976691069649e-01,9.089334756245681657e-01
5.822242771089831681e-01,8.120583047898574103e-01
7.473460475584754459e-01,6.633387289649655960e-01
7.655853478282904634e-01,6.438472978532360225e-01
7.953450405671880219e-01,6.103592713101169132e-01
7.572726782970138348e-01,6.530380715705562666e-01
7.718859983772831113e-01,6.368517355449391237e-01
7.235554252908866779e-01,6.880817718195885169e-01
5.220368792434817440e-01,8.528259194121502462e-01
4.711954867247614143e-01,8.817356251579285820e-01
4.333706734478076639e-01,8.999450782147747629e-01
6.555496360046555449e-01,7.528439655462449975e-01
5.086858821725940283e-01,8.609429230442678938e-01
7.925547486210732240e-01,6.137351194219334838e-01
5.505656482514302841e-01,8.349974817153651419e-01
5.824025747133937392e-01,8.124229684461757861e-01
7.093414705373306539e-01,7.025505025935726566e-01
6.836075918684088037e-01,7.275537674340628591e-01
7.381992553547839231e-01,6.734914254793359367e-01
6.930570458563847236e-01,7.185063580562534025e-01
4.067823460974647198e-01,9.116158078754543759e-01
7.764180315608852911e-01,6.320211603972791803e-01
6.507855674906588561e-01,7.571200337695631610e-01
5.822070440739839370e-01,8.123534722510471484e-01
5.672081167354625642e-01,8.230584517616054141e-01
6.294602310892576380e-01,7.751449816652902225e-01
7.671614219658362543e-01,6.421259948523603267e-01
6.709693479881126965e-01,7.387778913772690137e-01
7.876418141665507688e-01,6.193998731220435872e-01
5.361608984879981943e-01,8.440657921311248701e-01
5.372595035649282424e-01,8.433659367064434420e-01
3.954160020752960358e-01,9.156471310180718248e-01
7.806567470883956084e-01,6.267790678340765531e-01
5.570076967671102608e-01,8.301945493035248758e-01
7.635505426791349137e-01,6.461878446243961571e-01
