7.057413830288725709e-01,2.930226751061020263e-01
5.710116314773184820e-01,4.264381716369718411e-01
9.880114773287330676e-01,1.648471035274845509e-02
5.693950617326357655e-01,4.243176524870396760e-01
6.070714680585701517e-01,3.850573418614430254e-01
8.554108221059391060e-01,1.363859940318115083e-01
5.161187116717027568e-01,4.755117603919136737e-01
9.040668169287680023e-01,8.654796070251158380e-02
7.668591627458134496e-01,2.231886303498006319e-01
9.396178881501506819e-01,7.118392834103148825e-02
5.755702180837637405e-01,4.115694559686745579e-01
5.938671743322001539e-01,3.914716980681318681e-01
7.872354700877768341e-01,1.979485189152260238e-01
5.820541757957289342e-01,4.331958258431045650e-01
5.678984847623789189e-01,4.135039280340481183e-01
9.993841301266052080e-01,2.374643795069408814e-02
6.118627040943859230e-01,4.128247080502679411e-01
7.283648730549844297e-01,2.964152860125947031e-01
9.562844692646739198e-01,1.815327235405650441e-02
9.664865792176131620e-01,7.297144750420758719e-03
9.400989763537304089e-01,3.169727540768618734e-02
8.318755081622912773e-01,1.986248809721660180e-01
8.980441485297118165e-01,7.134661610187575942e-02
5.647162739249332875e-01,4.663154981798054433e-01
7.381168210714168509e-01,2.933760011448285354e-01
8.844700497369152314e-01,1.491176969746368375e-01
4.824122467440475903e-01,5.426074431618749250e-01
7.302248612722217480e-01,2.346770519589668202e-01
8.640640649489786940e-01,1.005992265879611658e-01
7.532085329962721065e-01,2.836333677134668108e-01
7.674054608993603477e-01,2.722113872857392369e-01
8.266008106527232835e-01,2.134772784294022285e-01
8.059029496461547204e-01,2.342210995248654726e-01
7.078028345883402572e-01,3.324654085714738860e-01
8.861273768842957699e-01,1.550508274256194863e-01
7.989828967861903886e-01,2.423246979636317633e-01
6.070527467130719668e-01,4.348104062360846900e-01
8.119619418559549384e-01,2.316578022027937500e-01
6.411353370681645014e-01,3.140770482795325336e-01
4.799320250322602899e-01,5.546493535830565591e-01
7.922779154955451597e-01,1.598601322482284814e-01
7.800277462922229343e-01,1.719974438711988629e-01
9.826726928184679188e-01,6.618281359929856222e-02
4.015814934739473374e-01,5.497572311355689578e-01
7.433200577187876190e-01,2.074552831005158637e-01
6.766149888386435718e-01,3.746408513645068661e-01
5.395880992006548693e-01,4.083725744954871395e-01
5.176885512442479520e-01,4.300620198012481410e-01
6.305242069842635910e-01,4.224257773437165575e-01
8.457742932214182829e-01,2.073269381296516389e-01
8.581982021667761140e-01,1.951137070932065232e-01
8.931087084775041207e-01,5.227614032216409967e-02
7.654741110386493741e-01,1.798814269334536586e-01
3.923015160034263316e-01,5.428240934031995923e-01
7.258232977798854124e-01,2.185479513802388585e-01
3.891939935067555423e-01,5.431080574534346006e-01
4.743563235599242978e-01,4.571249116061104623e-01
4.620839484354255511e-01,4.641011726536535820e-01
5.468170871985834625e-01,3.948930002877306666e-01
6.521450941294527626e-01,4.061587630265044435e-01
9.041547355990573465e-01,1.568367190563931812e-01
4.016072859789945326e-01,5.121954549003028268e-01
8.360687401949029596e-01,2.258444734801120513e-01
5.939338109219832740e-01,3.437745822843565335e-01
9.110605035779520966e-01,2.424569825029265768e-02
6.658976107478413731e-01,2.693261854695335744e-01
5.298092913497811640e-01,5.353909938438513594e-01
8.653756267858768725e-01,2.002765393233312263e-01
4.100600779236494020e-01,5.928582362562979657e-01
6.505241106086244729e-01,2.833523531391664019e-01
3.699371478979719408e-01,5.527598043541172013e-01
6.297429015778566175e-01,3.031713133511682035e-01
8.595518396868589983e-01,7.317133835944666931e-02
3.660878495245867281e-01,5.577163929244622897e-01
9.508572657869317490e-01,1.176286625461998581e-01
4.002875681237701988e-01,5.968173938336863715e-01
5.517836975694662138e-01,3.791525459077070836e-01
8.857011557221793341e-01,4.497862137267705229e-02
3.732741879846840360e-01,5.349700118402350713e-01
4.446118632451929731e-01,5.917489785314301587e-01
4.079236050087230447e-01,4.935416605406266477e-01
5.557867406446227454e-01,5.155542453372888856e-01
3.580766196454704398e-01,5.633098582399933552e-01
4.760493485668243485e-01,4.414770447229560135e-01
8.056403112807183353e-01,2.668128651373051774e-01
7.351058463927214737e-01,3.393891275253454465e-01
8.326032958723568189e-01,9.285163555466502405e-02
3.525723010887370501e-01,5.615672885025688732e-01
9.080715649030668413e-01,1.669276004095237020e-01
6.941281160359584756e-01,2.280962603063970695e-01
8.820160748646191928e-01,3.950304914665248024e-02
5.509366495856918844e-01,3.705129439653509493e-01
5.916082967391648184e-01,3.282758944650732147e-01
8.404914848738419542e-01,7.883031858412137272e-02
4.516636912552810523e-01,6.020218746684780076e-01
9.499898878218101528e-01,1.318614639935384858e-01
6.937736101919157461e-01,3.881915461299060288e-01
6.434140765879184931e-01,4.388742554194269285e-01
9.597823031727361620e-01,1.228070268804780651e-01
3.431690159823884700e-01,6.059796920856812541e-01
6.662272735111915978e-01,2.496474219803057615e-01
8.716380422368581460e-01,4.357334447585525794e-02
7.728148936321592721e-01,3.123449317057421792e-01
6.276908333817428076e-01,2.868803463487406002e-01
6.621944140658861944e-01,4.241789936244689807e-01
7.791185648074392400e-01,3.088985200360203631e-01
8.679878611185117832e-01,4.362195638189980684e-02
8.693118481818076226e-01,2.207611500222640410e-01
4.851572446521781323e-01,5.992871698553798865e-01
9.400831490505648924e-01,1.522137149115979637e-01
4.046885331746780112e-01,4.676910452870192136e-01
9.317329143234474031e-01,1.637459841413946293e-01
3.793665476410453818e-01,6.356421444554554157e-01
5.097495682681665308e-01,5.872102579385425347e-01
4.471948007174417761e-01,4.326683413908634090e-01
4.873671114038984342e-01,4.076888365617348242e-01
8.391051031781786573e-01,6.148997383510013126e-02
9.154356213376023677e-01,1.870748593638095203e-01
8.059192342748864313e-01,2.971627131037649638e-01
5.546345508466762331e-01,3.417980193582238480e-01
6.507058537750777250e-01,4.535654845992262985e-01
6.009935410645969034e-01,2.943225151942061579e-01
9.476677092234988553e-01,1.575850558682406755e-01
5.314236585706466620e-01,5.739489479382726689e-01
7.888578715018392806e-01,3.197571526084430626e-01
3.675949387399065627e-01,6.523453893992909869e-01
3.659410416449719872e-01,4.799891375050033826e-01
6.202978122479680945e-01,2.694839980399845736e-01
9.512925549014443760e-01,1.591046681069483437e-01
3.125883309241478392e-01,6.523777986414422969e-01
9.474515161002181607e-01,1.633684197259145376e-01
4.030277432039680585e-01,4.477691798022465086e-01
4.177931829876432301e-01,6.453271959780452205e-01
5.130426119031047394e-01,5.992969654201888430e-01
5.626860234233339586e-01,5.501267879858544596e-01
6.978369137544734313e-01,1.892004106878342196e-01
4.391276745159777839e-01,4.214509540407310739e-01
8.282364108567437100e-01,2.849246957025731719e-01
5.673423279646016004e-01,3.184679322688054315e-01
5.629552455194142269e-01,5.514871602143266438e-01
7.323734050136373464e-01,3.824018494987742045e-01
2.796406013916767908e-01,5.779596815373690966e-01
8.991501533043187999e-01,2.156585099408695472e-01
8.289941352450633794e-01,5.560095522759289643e-02
2.734880818465968977e-01,6.452026781824126145e-01
5.921013069637260928e-01,5.259131955938465275e-01
7.992231702834191598e-01,8.117160755233565617e-02
2.801721335279575564e-01,5.616507774340419035e-01
8.514864456717157193e-01,2.686815136505966706e-01
6.268063711519439307e-01,4.936060449654835480e-01
4.541901636957835775e-01,4.045668838594020933e-01
5.391520888329761618e-01,5.813842916433404895e-01
8.082567757841639944e-01,3.128122101746557693e-01
4.465177899438026454e-01,4.086438448054857675e-01
4.600444694291762060e-01,6.406647618008943779e-01
6.222468895057665650e-01,2.550315411145367417e-01
4.403303528045574566e-01,4.102168948630964262e-01
6.902673096910026951e-01,1.858838322287117428e-01
3.936679480539434506e-01,6.653715803190135558e-01
8.672573245220328575e-01,2.571722065400745549e-01
4.872194476125490947e-01,6.312144424349204197e-01
2.553823748661865345e-01,5.896282441706059974e-01
4.213595138080600266e-01,4.182002705259233455e-01
4.688288236815525423e-01,6.424711337016916213e-01
6.991291186116843637e-01,1.722739060754073792e-01
4.961027243865931968e-01,6.311345381287962741e-01
6.921085248990681560e-01,4.396074237310436672e-01
2.478576563038309422e-01,5.857778044226137348e-01
6.605170950431541455e-01,4.721012870209685408e-01
2.340906857086314519e-01,6.342979682848923773e-01
6.522802369798760269e-01,2.144018133904136425e-01
2.621547150564387252e-01,6.793821583249348706e-01
9.798428313515211707e-01,1.541838075813636300e-01
2.538316225390342407e-01,6.783428416433253672e-01
2.823560044650912371e-01,6.894444038142518716e-01
4.357134312525159370e-01,6.642655357277138517e-01
5.937070543412186208e-01,2.685622355748407131e-01
2.981086716872800579e-01,5.053647471649032052e-01
4.244907544343861083e-01,4.035621973907879134e-01
3.886034718202229232e-01,4.277881129115240766e-01
2.214235989450449305e-01,6.478160325295772015e-01
9.549957814671948819e-01,1.852772420923951557e-01
7.474664014890556318e-01,1.119650473899240772e-01
2.178761413460807983e-01,6.356396974746771900e-01
3.166971870396867450e-01,6.990337937222187437e-01
3.182596461070854588e-01,4.826183254116592769e-01
2.452102476398263509e-01,5.656622413111827008e-01
2.273760436963625509e-01,6.754401565219098069e-01
2.206158683862089465e-01,6.119110637612796832e-01
2.150994993609454120e-01,6.397314340526097931e-01
7.306083832835694736e-01,1.267711406848586186e-01
2.125496758783819162e-01,6.446237636987623976e-01
2.137767594464361487e-01,6.275135323655856023e-01
4.105370102494556583e-01,4.072839826973334576e-01
8.513368764167836833e-01,3.730217106003408389e-03
2.106598873509668568e-01,6.602907806642930311e-01
2.579040231835091346e-01,5.356028835009746247e-01
8.454866040140013306e-01,3.027787065619143014e-01
4.775043905738339811e-01,3.633850171810671936e-01
3.041952748868709255e-01,7.100437912155650455e-01
2.034957319433836620e-01,6.300528301611703075e-01
6.641603855020569158e-01,4.857173248989185010e-01
8.562364375539976979e-01,2.938146665727779938e-01
4.360858360177661819e-01,6.797207548331296589e-01
2.806529639575600088e-01,7.147754737671863090e-01
2.662420017973412545e-01,5.195520405252559426e-01
2.187650889173300417e-01,5.809981495610203606e-01
5.604772967629907399e-01,2.864766607845056212e-01
7.201803084115413478e-01,4.329460628473831285e-01
5.114924873836595998e-01,6.416898650703657392e-01
3.127560851555249988e-01,7.152035705972485946e-01
2.265788154464962734e-01,5.645885232359740824e-01
6.566769750286394203e-01,4.984066750092028819e-01
6.175845071101206951e-01,5.375569972922311646e-01
8.334920674995113243e-01,3.224339174868771085e-01
2.867172612127218967e-01,4.928124070631131337e-01
7.518691441839248091e-01,4.053924287883056143e-01
6.269736496951456850e-01,5.304100845013817178e-01
4.956194684155470487e-01,6.606575354577847170e-01
8.322356215633289755e-01,9.246850589435529066e-03
2.141495287335832831e-01,5.735144501931506156e-01
5.697041037544190445e-01,2.712902174200051419e-01
9.668411275296644458e-01,1.924621362410464664e-01
7.436569916462376639e-01,9.657697915068141903e-02
2.806456897779204818e-01,4.923689982553536293e-01
8.030141651147419957e-01,3.631986618072724493e-02
5.205297326710285333e-01,6.402819076636856455e-01
3.229723667486665839e-01,4.540845973928981927e-01
5.290722090753344764e-01,6.324633015214797815e-01
3.184210817042359976e-01,4.570912096067968333e-01
2.980152274406896451e-01,4.736532451713827419e-01
3.219738113089603004e-01,7.258053825820716121e-01
8.359738472642148643e-01,3.279580926278080621e-01
9.420573917714315515e-01,2.224536268652056448e-01
3.518810452139455869e-01,4.265280156517543553e-01
4.884894765492809876e-01,6.710753529227723169e-01
1.860545243129820836e-01,6.034982562114199478e-01
5.729123267013173093e-01,2.588814939861979747e-01
8.702438211528426004e-01,2.993691602690352616e-01
1.604911778600242034e-01,6.803475945116103096e-01
2.387255812561338564e-01,7.396086521096721933e-01
5.240809733382688629e-01,6.465233961325117518e-01
3.535082851671828008e-01,7.274157613740966921e-01
2.177442310949435633e-01,5.449702975930077464e-01
7.032889614908948150e-01,4.677564616459889413e-01
9.600568777463196479e-01,2.110917787147182922e-01
6.446783194625219648e-01,1.840796041924910309e-01
6.039963265845297302e-01,2.243728425487173661e-01
4.751562705539192910e-01,6.840871856120118721e-01
7.646266812959477965e-01,6.303449861215981720e-02
7.635877967398345678e-01,4.090651382706932404e-01
2.102341733265522539e-01,7.404090408944298263e-01
9.041953156956529236e-01,2.712389235417888012e-01
2.432777578293537912e-01,5.085742224493263741e-01
8.145844938795560042e-01,9.308880287088427963e-03
6.883968327941810683e-01,4.890060901547175209e-01
2.799680207368302476e-01,4.703112962125785002e-01
3.237767457467995991e-01,7.427659078367889744e-01
4.089586574269994390e-01,7.180957027458160224e-01
1.690112994883158359e-01,7.351034801465228252e-01
6.760256650733428296e-01,5.036007465878087341e-01
1.597084061063027693e-01,6.124029687016047108e-01
9.261508134513875001e-01,2.535791441323568263e-01
9.942988970889501399e-01,1.857558997648259824e-01
7.782253739699099837e-01,4.026269868561134224e-01
7.258875029130136269e-01,4.560189001840376788e-01
1.361924752515726311e-01,6.973546406785039453e-01
6.705004758270799448e-01,5.123669198589831941e-01
7.004792940082815722e-01,1.166244607294290025e-01
5.933438775734435344e-01,2.231817878548010281e-01
8.159680685487346041e-01,3.677980658130114433e-01
5.259292167539914020e-01,2.902126960668398592e-01
5.443088299114628992e-01,2.717377096817564786e-01
4.400689944098190587e-01,7.119015252831486507e-01
5.556036434878471875e-01,6.294463535322253334e-01
1.568396797714065594e-01,7.409554054323148620e-01
4.733483167277764414e-01,3.286479938949535828e-01
2.007337265581200514e-01,7.587998548682375333e-01
2.510649308193209084e-01,7.618293936724985782e-01
1.401467200567058091e-01,6.339453928466464161e-01
1.284642370166244607e-01,6.792334698808221161e-01
8.571916392834642018e-01,3.286957083849080252e-01
5.223564038185959379e-01,2.915461267035330817e-01
1.596672814755567549e-01,7.456643391249458963e-01
7.061839858931149294e-01,1.073409033570702498e-01
7.907061539853684762e-01,3.967161670560438447e-01
7.902996524612875273e-01,2.201385989943238641e-02
1.327818113510847997e-01,7.242571843371214957e-01
3.543638120425463001e-01,7.478148917327009926e-01
8.169323601897827691e-01,3.735005230315989744e-01
2.450574198849350127e-01,7.692737131392610728e-01
5.108949432610870867e-01,2.973839700357677751e-01
4.444864082823023477e-01,3.379308187178398093e-01
2.273228480258907558e-01,5.013684836168398329e-01
1.152837675545996809e-01,6.938126295817620415e-01
4.356343162877870379e-01,3.419727254364711699e-01
3.220669711619356113e-01,7.603931273427316784e-01
2.720681728233070862e-01,7.701907661565708940e-01
3.143874589645442308e-01,4.225217329921209242e-01
6.823228231854102654e-01,5.116996828955622245e-01
5.346262090640292453e-01,2.706727718323691523e-01
6.488370339790422436e-01,5.464087982423260215e-01
4.471350255678816499e-01,3.329441308896625706e-01
1.306565119779629081e-01,6.207915140552294764e-01
5.685601889628493222e-01,2.346066731944569383e-01
2.512247605392357030e-01,4.712018521449342634e-01
7.237294675816411393e-01,4.738041391951781645e-01
9.728680666331153137e-01,2.254819717959973824e-01
1.082116433961458624e-01,6.639693010360893100e-01
2.927671278842797209e-01,7.737996376681484101e-01
4.814141782521300650e-01,3.095782230552757142e-01
2.480776369514262614e-01,7.836287613031613919e-01
2.019904672480979935e-01,5.127752250702546366e-01
6.287311221818800977e-01,1.692520401178473355e-01
9.510082915226436562e-02,7.010064368967463544e-01
4.809070751532599219e-01,3.064629510435739057e-01
4.045318385475591416e-01,3.495607092000199145e-01
9.101726643772733993e-02,6.905904829002487144e-01
3.044263226935441935e-01,7.786318137682689544e-01
5.790656857275545688e-01,6.266964501628593531e-01
5.000108813815068443e-01,2.942099802634375871e-01
2.799188003757192567e-01,7.852281438393043933e-01
4.265227532479586303e-01,3.331379338029839543e-01
6.729984743866445074e-01,5.341927920731275314e-01
5.225071118123439939e-01,6.847190923993118350e-01
6.860199203621608621e-01,1.066725129981638265e-01
4.716781276861697902e-01,3.065563178261218047e-01
2.943642076951564768e-01,4.217225469252660064e-01
1.871598790364751297e-01,7.943613102507608437e-01
1.674227339480036658e-01,5.393045256728120629e-01
2.673502088963027878e-01,7.902393106192997507e-01
9.030836722170858533e-01,3.077132585979263091e-01
5.546751797819947649e-01,2.333449047387236019e-01
1.782239281165760580e-01,8.002870471982713729e-01
1.454682161871475587e-01,7.958052129570567512e-01
2.476012910226205177e-01,4.539474375091608893e-01
6.917146336181080324e-01,5.221673795957626485e-01
3.050125678701328669e-01,7.881815759775991914e-01
7.259546400581822212e-01,4.882935805973163124e-01
9.060074841820797698e-01,3.084263127473558797e-01
8.768469640056221204e-01,3.383606415487246943e-01
2.470069325184879316e-01,4.517649220273990407e-01
7.063939255718998389e-02,7.398460167816418576e-01
2.151213772594259277e-01,8.056918389567526706e-01
1.976012839427174761e-01,4.953748842694778443e-01
1.506913565295798785e-01,5.421683476119518730e-01
4.925767704379291345e-01,2.835089212268501191e-01
1.269368428165722484e-01,5.668977300955385656e-01
2.738471977998391260e-01,4.211448622477849124e-01
1.626691521401633089e-01,8.157302960437121664e-01
6.121708554736438046e-02,6.710561946567549230e-01
5.738058337530443920e-01,2.008787915212890685e-01
9.666912104990660337e-01,2.588548346138045408e-01
7.059183589460611419e-01,6.851296870121015292e-02
1.778816978210233657e-01,8.209786004611014931e-01
9.580227808226393638e-02,8.059869399712951132e-01
8.509844655386124002e-01,3.772061701974339654e-01
4.112553927501013673e-01,7.683132788251121337e-01
5.927070322911741629e-01,1.787045374571197831e-01
7.688439674573895877e-01,2.202476464442826298e-03
1.493438833589025849e-01,8.228213070017337261e-01
7.362876157454412152e-02,7.979707613136112210e-01
4.469494628400627612e-02,7.617451137577702092e-01
5.584547870691175531e-01,2.112165773831429227e-01
4.738036027033515341e-01,7.441236399642072730e-01
5.431055008637393211e-01,6.886081789542594089e-01
4.857137937655919835e-02,6.732980446672369723e-01
8.977691553756810272e-01,3.340592591766243791e-01
3.599212903941406694e-02,7.299332320452431855e-01
2.393672018259730416e-01,8.222890861041680655e-01
6.322188670886595974e-01,1.352309800723636712e-01
7.025681606520974842e-01,5.300605367802155854e-01
2.040557317892864875e-01,8.284566036191010063e-01
5.259446025244152167e-02,7.947500487181803352e-01
5.510383141852401856e-01,2.141252698390117004e-01
3.324666865106562508e-02,7.055457188541388591e-01
3.090588249114348818e-01,8.107759403497781792e-01
1.232148547349750656e-01,8.322123603676881975e-01
1.807759938793319643e-01,4.842332169155774135e-01
2.748948663432675410e-01,4.037224450108146678e-01
4.379959438654069670e-01,2.956489122031614736e-01
2.330729591332605377e-01,8.300416020576903975e-01
1.941932570713867934e-01,4.707505882664202446e-01
7.360947059254052682e-01,5.024281957918258490e-01
8.537972984429931245e-02,8.259688664465654195e-01
2.790204863854952588e-01,3.981949383536174114e-01
5.029146715374881449e-01,7.364613560127089009e-01
1.350587545367052389e-01,8.375465576310073823e-01
8.838710838732992681e-01,3.556669710740576473e-01
6.149400399958523389e-01,1.454893848274287915e-01
9.260342678330362176e-01,3.137436317353383686e-01
9.608501176985017045e-01,2.793208578927524055e-01
6.675482241635299907e-02,6.116177016064966443e-01
6.386160332610056889e-01,1.199586799656894298e-01
3.295616978116682194e-01,3.592075921148319972e-01
6.616280572197681398e-01,5.804701460825891779e-01
3.735231233753821822e-02,6.554543612624169624e-01
2.080547588815269133e-01,8.408167426285985124e-01
3.547352826449846619e-01,3.398850951239900109e-01
1.616244798811949934e-02,7.048573844552571410e-01
1.969631613477451637e-02,6.895515564023565469e-01
2.187843662611288487e-01,4.388754741531919468e-01
5.517652992302004566e-01,2.021986136929131428e-01
7.223601597570886712e-01,3.109077551558092622e-02
8.731205602043714542e-01,3.750520964878325536e-01
9.408896025616005909e-01,3.083103806585394402e-01
2.511741889162720787e-01,8.416283014820516994e-01
8.275838251604206164e-02,8.470815235449949965e-01
6.934463555433372228e-01,5.570985105502913592e-01
3.456787942594241603e-02,8.256859972372535550e-01
1.140972756437492741e-01,5.328841851111848493e-01
7.089555612639524274e-01,5.418120016687490992e-01
2.126282214161434592e-02,6.633201361952110187e-01
1.463444876953862162e-01,4.978579492812846841e-01
2.670488912448919505e-01,8.401278584437430474e-01
7.149692797053353033e-01,3.266770629310544738e-02
5.044999608078553077e-01,7.481963883181947939e-01
1.355653048229763513e-01,5.062741715728250602e-01
2.981861778120376005e-01,8.332519555080504237e-01
5.634152842184139143e-01,6.916609986319177672e-01
5.677586656812989574e-01,1.768443729841268075e-01
7.040738334473859439e-01,5.525149350309079832e-01
5.917028462129114708e-02,8.524954808031323106e-01
1.491419319638901397e-01,4.875442430374993252e-01
9.464096745162686730e-03,6.665609370158618319e-01
4.649122944295576154e-01,7.745405316233867632e-01
6.441778196089187336e-01,6.136323223204804833e-01
8.901814216219241516e-01,3.677644903631819284e-01
3.133138881669597087e-01,8.338439401730056710e-01
3.283694288741388911e-01,8.298199177724842057e-01
4.262809642005143118e-01,7.937239632777411957e-01
6.809839847485870123e-01,5.787258777785889707e-01
2.516898952600525874e-01,3.959000741688541991e-01
2.145625562450063084e-01,8.603129142497119020e-01
9.262800374121429314e-01,3.345998259841024280e-01
3.791192237641966001e-01,8.156964527330915482e-01
5.235272115379435709e-01,7.392250630948696832e-01
8.091623458658903090e-02,8.689837363400618742e-01
9.186425780877993663e-02,8.709421061935795905e-01
3.718446977330910341e-01,8.198564911389577547e-01
4.439981615419839045e-01,7.915737669310141111e-01
2.545266475087935021e-01,3.870590426403677231e-01
2.574019159995133421e-02,6.171755326094320315e-01
5.186437800942990117e-01,7.510336018056363860e-01
8.120355697165737574e-03,8.566875275088836617e-01
9.487368093862008633e-01,3.216222574053169136e-01
4.524686578001790860e-02,8.740453613320534609e-01
6.101191789194714277e-01,1.189883874181714152e-01
7.389396585473018142e-02,8.809436268727315333e-01
8.326777109714530445e-01,4.389250166678114740e-01
4.634634440927950516e-01,2.467647136296237109e-01
5.950523757570617134e-01,6.784876411267495300e-01
3.819647345824188633e-01,8.263734311367391117e-01
1.405274885974381327e-01,8.863918426287837882e-01
1.696488818891983552e-02,8.712187300021208003e-01
7.581225387349723732e-01,5.167393854106866469e-01
4.958692802718099868e-01,2.254445377081137902e-01
8.385026007819007532e-02,8.911061263596221638e-01
6.728015939609994778e-01,6.046354057768285051e-01
1.615864036704403039e-01,4.492506011478653027e-01
7.838833165207274023e-01,4.936579734533530495e-01
1.053745479780393568e-01,8.929809932346491896e-01
7.076970393019819117e-01,1.376574401051677832e-02
4.383112109549124336e-01,8.079520535971017603e-01
9.149695113206218755e-01,3.638693762394517028e-01
4.720210979709449362e-02,5.622590718850191127e-01
6.150489532442056095e-01,6.657328200213442626e-01
5.376495394683589168e-02,5.524538442902349189e-01
1.933112202724762696e-01,8.887286631275055360e-01
9.285109280288383893e-02,8.990015687863074367e-01
2.900922424332386118e-02,5.791693214906773468e-01
1.339504125003392332e-01,4.671314032245034165e-01
2.552256124976367557e-01,8.777070074635697772e-01
3.906840170755478958e-01,8.325235039842109330e-01
8.711162864945221074e-03,6.044361214430331586e-01
8.519501082580038798e-03,6.005177964381230860e-01
5.537466923492615489e-01,7.323510949526241820e-01
2.730680551482401741e-01,8.767314163884533107e-01
5.419370436227083365e-01,1.709692228500498956e-01
6.482662458896504276e-02,9.050566860169615424e-01
5.747897210128053436e-01,1.379381684873570713e-01
8.947609738911955768e-01,3.932747681095839498e-01
4.428434043715647750e-01,2.418377230800893285e-01
7.763492186641541837e-01,5.119980988324229765e-01
6.430190889837191781e-01,6.832408588489158330e-02
6.133990456367429678e-01,9.789530076292440874e-02
8.253896066667287812e-02,5.087390270196422426e-01
6.396899253987572420e-01,6.494324740679608965e-01
9.159974485159930735e-01,3.747328028360722429e-01
5.346150835656657829e-01,1.744735893155452411e-01
7.142122558307850699e-02,9.116706346234183522e-01
1.721194224968830566e-01,9.060543400000891090e-01
1.652103598192403711e-01,4.273994781455415781e-01
1.473477159939239334e-01,4.423523082445774968e-01
1.255158965849096919e-01,4.617949235300466970e-01
1.265736569782693888e-02,9.068863904112892671e-01
2.147616481910574748e-01,9.001305140810581529e-01
5.522860748615702198e-01,1.526599470080511889e-01
7.628535772904454504e-01,5.325397436696346354e-01
1.780970899893897785e-01,9.089819293609195938e-01
4.749842923937886985e-01,8.080964897056929219e-01
4.109992883482476156e-01,2.510328165076460838e-01
4.966378711518903977e-01,2.048338977151282769e-01
5.768600850155265469e-01,7.216613720428350920e-01
9.450058408906247820e-01,3.538148950601810450e-01
5.408263476927045454e-01,7.583542854097494734e-01
1.160004932295696234e-01,9.225783096790176607e-01
4.151807735882606654e-01,2.451415576212918612e-01
3.787002187347227045e-01,2.664791094375409397e-01
3.613600983613109996e-01,2.749114209673112486e-01
1.692241717104989718e-01,9.191249205009086598e-01
9.682594810168432264e-02,4.737407235251968052e-01
1.599743111229523507e-02,9.264553509997038860e-01
5.781635450417742517e-01,1.166759981748924924e-01
7.567783480595542400e-01,5.485872595511140926e-01
4.048846481009217291e-01,2.457602534083273005e-01
4.743538873134627298e-01,2.074771640534833761e-01
4.419581095292960393e-01,8.333847471321855771e-01
1.648456071486620322e-01,9.234151254818737664e-01
3.262920758936835863e-01,2.918325051498623646e-01
1.424173907430477115e-01,4.254503213503596504e-01
1.682016934141991049e-01,4.036861271048332034e-01
3.645968581562997191e-01,8.709649728614068387e-01
9.396433184853116849e-01,3.713446385974878972e-01
5.687903011672709175e-01,7.428683858609036461e-01
8.412410887890482414e-01,4.704648829133728505e-01
9.640302976714785199e-01,3.493898061344435924e-01
7.795706972516887046e-01,5.353355660391030391e-01
9.715748926124675444e-01,3.445447936442015413e-01
6.213220511367495424e-01,6.240764648939056691e-02
5.937831987348887175e-01,8.799943989498981711e-02
2.987843450935121492e-01,9.028686112200586811e-01
2.022154414245744825e-01,9.308972019624969230e-01
5.572498252622328785e-01,1.236621477078081455e-01
5.776530306951238591e-01,1.031946803370452637e-01
2.749645729680524342e-01,9.113056443293030551e-01
2.795041844925061358e-01,9.100855435808269389e-01
2.292657352176874497e-02,9.519837787204340485e-01
1.378372842947050980e-02,9.524356032349347023e-01
9.033409536208786283e-01,4.182411828289344102e-01
2.431519327355794458e-01,9.234391170712068497e-01
4.855669152925452536e-01,8.305048314579025481e-01
3.339616407914728358e-01,2.697555399870964488e-01
2.441781126948889824e-01,9.257410321814460996e-01
1.235429677308954588e-01,9.530380355509834311e-01
1.394603578988018455e-02,5.268575873368812612e-01
9.735462300085339082e-01,3.527633855342637847e-01
2.540540451074277950e-01,3.205392349986038170e-01
7.862617039968727850e-01,5.403622660960245572e-01
1.235658275331317224e-01,9.555844058380802419e-01
4.260860424248880118e-01,8.620606083057007485e-01
1.951868024706215898e-01,9.435388854182978902e-01
6.099794675478809047e-02,9.648271750611785436e-01
1.428406190296493961e-03,9.642908728296201160e-01
2.564061277143122597e-01,3.150325471800083932e-01
7.465189552286488617e-01,5.837326990979255781e-01
4.122489368063806392e-01,8.714256836456010236e-01
3.492202261942642938e-01,2.526080858425678866e-01
6.973684892068376939e-01,6.341485317173140013e-01
5.910595136951357631e-02,4.720852141210579722e-01
6.547561758794484543e-02,4.660626873208121301e-01
5.193204725898336038e-01,1.462933969451285510e-01
8.173383219402874378e-01,5.176893413659449106e-01
2.756866456105022678e-02,9.757483534228875710e-01
7.895490986605939732e-01,5.469084903071298465e-01
1.456105931952917931e-01,3.896242687405807592e-01
1.609013427978938093e-01,3.768453807626807039e-01
3.076093946774406396e-01,9.207804614741236238e-01
7.073561142836194415e-01,6.314429170643577338e-01
2.878565097766166980e-01,2.830440437347706562e-01
1.915045585009174101e-01,9.574376897309647694e-01
6.580041712766234729e-01,6.829082961524843842e-01
6.021102776218693053e-01,5.662688466154552902e-02
4.626694237422950273e-01,8.600394057228367695e-01
5.263727126661621458e-01,1.308324890264791485e-01
5.872389399434730928e-01,6.964553900913728057e-02
8.074726766812830858e-01,5.370767127333209157e-01
4.481731771273520515e-01,8.703140173480374830e-01
7.831981859055070494e-02,4.359033347014344972e-01
5.770490458939175893e-01,7.698067525359804097e-01
2.243953893345523865e-01,9.569595103883069553e-01
6.365369533309944705e-01,7.114481766799829465e-01
4.618885284191446283e-01,1.713442467541755887e-01
9.016240894286275953e-02,4.226558271556448698e-01
5.506736405529244482e-01,7.993626171665865199e-01
2.194725111509558957e-01,9.613623864906550853e-01
7.454692867476319096e-01,6.057943675175274656e-01
1.164828281405265731e-01,3.967928746677087393e-01
5.539529269075323947e-01,9.279363452247424426e-02
1.109819414706313401e-01,9.900195937611943053e-01
6.543213263229097354e-02,9.965133718705030397e-01
5.354998494078012650e-01,1.099205274385618436e-01
4.644580011249621609e-01,1.635830410658407619e-01
1.826063648859775901e-01,3.412314114196675074e-01
2.210018208160272613e-01,3.129896652596376727e-01
1.349529716192701123e-01,3.777090400496676548e-01
4.398945126681760298e-01,8.847962437178955586e-01
1.347260704811240606e-01,9.901713165532640692e-01
1.396314944303826966e-01,9.928577283764538075e-01
6.708072844855040850e-01,6.902234507978327605e-01
6.467150833013229905e-01,7.146960690168103758e-01
3.963761421314081490e-01,9.101227500165288697e-01
5.691520956871753967e-01,6.759605101618126888e-02
2.733140723610096856e-01,9.584675896609488044e-01
5.847958504522710044e-01,5.188998016587065276e-02
3.800095304692784337e-01,9.188209607551001135e-01
4.459864393778900649e-01,1.637118389900109605e-01
6.174395365310690886e-01,7.486804239530058247e-01
5.397352495294203134e-01,8.270541649415330543e-01
1.085453852897971805e-01,3.854900978043180881e-01
2.601938621154091802e-01,2.727135310083974584e-01
4.295297548577338143e-01,1.694665533632159216e-01
2.304240129583792207e-01,2.921316930225424935e-01
5.362066439385073657e-01,9.342782433461260805e-02
7.745553295218512435e-01,5.958875119727089498e-01
3.247307217980699434e-02,4.450372137703528796e-01
6.083611574341662998e-01,1.806298518216231663e-02
3.188077927439827430e-01,2.277201847219879616e-01
5.809655676346502373e-01,4.494439612623435387e-02
5.221171705618742331e-01,1.026898194493313099e-01
7.680537712802831818e-01,6.072002814719555941e-01
4.639442596936088625e-01,1.428346959825529394e-01
5.105753484496204919e-01,1.136811087027336242e-01
9.492011958468304922e-02,3.851710199891910102e-01
6.399686228971664947e-01,7.367537054373677341e-01
4.398325008221460886e-01,1.541696909321760289e-01
3.947806744476035634e-01,9.262635845889554131e-01
2.296015924112096984e-01,2.826185930890509068e-01
4.657402558093917122e-01,1.392600792236096119e-01
5.078884446211343606e-01,8.707752485235793483e-01
4.415344222376385019e-01,1.513190858132802408e-01
1.304059379819971776e-01,3.515271148707738158e-01
3.916877620740697452e-01,9.339670945819755765e-01
4.162528858003133880e-01,1.584702664345573053e-01
5.882163892697099827e-01,7.981582261127386779e-01
4.267045198301129272e-01,1.517660469768925546e-01
8.552388493569610395e-01,5.315427970438345584e-01
3.647313095858848442e-01,9.487788217553467796e-01
3.499218725515987893e-01,9.576076781266278370e-01
2.561309315330688730e-01,9.933030427004491125e-01
7.037572605084096988e-02,3.876880236428669191e-01
4.356839979917256356e-01,1.412176062205576788e-01
2.579006934281455887e-01,2.478885252019364938e-01
7.782392358738524640e-01,6.140796554979849331e-01
6.977228187100031898e-01,6.950061600176210552e-01
4.001459809444152249e-01,1.602802172736387254e-01
2.240786997026467109e-02,4.251503110566877686e-01
4.063762971820733538e-01,9.391329559802276128e-01
2.081857287906975218e-01,2.782037378407334893e-01
3.766713979137104040e-01,9.556424992727202694e-01
3.557092783439994577e-01,9.644827298344701427e-01
6.548542146158586874e-01,7.452320007378592237e-01
4.775235402533378748e-01,9.119453135191254445e-01
5.022481991443721316e-01,8.987292612963485583e-01
4.866532591671413055e-01,1.036693671663241334e-01
8.422904006703285651e-01,5.614931357467155548e-01
7.980072595562653914e-01,6.066654193455546240e-01
9.509299544442747498e-01,4.545798704181163163e-01
6.962730373818983853e-01,7.093658432023811633e-01
9.513940344243698721e-01,4.546381237299470524e-01
3.575479144269516629e-01,9.719408601009684734e-01
6.190222581819551095e-01,7.883569432286441359e-01
2.405076738170951467e-01,2.426527281412816928e-01
9.299239365974545368e-01,4.788908712643781262e-01
5.359798818923314778e-01,5.498787932192794603e-02
9.088145615945087963e-01,5.003931139720040333e-01
4.722385894037404164e-01,1.046372528849088823e-01
2.260312616207537095e-01,2.506685010693006088e-01
4.133753740163381707e-02,3.895023487713129562e-01
7.001079763534937550e-01,7.119807720993689415e-01
6.437406972309748232e-01,7.691707822425408736e-01
4.953497752213822380e-01,8.898564941443742882e-02
3.251099222396189869e-01,9.924132264786964530e-01
7.677938272361964911e-01,6.477671654755656760e-01
8.997344609635702373e-01,5.158794179299134308e-01
3.045257000018731786e-01,1.926558069241134374e-01
3.507831582602911613e-01,9.860463120817308802e-01
9.836845385448581558e-01,4.350216544703293664e-01
2.802873359100642725e-01,2.058090405740718998e-01
1.905838052659124537e-01,2.651192839583572658e-01
7.251870202582217928e-01,6.957588372092259332e-01
9.872376477835578257e-01,4.345299618407211240e-01
5.327457745886458040e-01,4.541153089971505796e-02
8.497338889931649319e-03,4.013355304061761997e-01
4.565110175418087834e-01,9.444713357176106605e-01
5.092307604087076278e-03,4.039517330860813438e-01
5.025665512648977984e-01,9.209655221466914732e-01
4.778750704599462606e-01,9.345532993827944113e-01
4.288152047973806669e-01,9.580741453922723139e-01
8.373922747819007029e-03,3.978496132011841713e-01
5.522847745383375750e-01,2.133879174227715225e-02
9.550178644325046928e-01,4.716232071361394773e-01
9.284712036212835473e-01,4.986350900327937152e-01
8.551054319756398181e-01,5.728328869228457298e-01
3.076267919119511918e-01,1.785462363665879515e-01
4.073312830721195210e-01,1.196807671963514563e-01
4.548212592996403458e-01,9.394258408947508965e-02
8.747981899999923705e-03,3.933857174542884083e-01
4.250950912291598938e-01,9.654875262422897286e-01
7.580917195421006394e-01,6.734170542079673805e-01
4.700554111048504957e-01,8.366321299114065635e-02
2.480655379918506043e-01,2.125712134076267468e-01
3.073759051561950617e-01,1.748335911390077602e-01
3.279665507416136272e-01,1.619281991856895697e-01
7.863627344943115993e-01,6.490863641160016240e-01
7.577880504081184743e-01,6.784120240810690428e-01
5.124537493894704143e-01,5.081839977766644534e-02
6.532518565249794129e-01,7.839606265788073847e-01
4.320295514567586981e-01,9.794918511716943499e-02
9.704570896395576796e-01,4.684131986359291178e-01
6.951818090022420238e-01,7.437068671742084192e-01
1.337031992452363260e-01,2.832884341243354642e-01
9.840629656337704922e-01,4.564909940141776978e-01
1.340700995186101530e-01,2.811782338904341705e-01
3.340454803747530121e-01,1.473481107479809316e-01
6.427904495329219703e-01,8.008916982523113237e-01
3.912633444257175297e-01,9.959608137439982523e-01
5.545224401838920736e-01,8.905047726948861486e-01
9.351600623348652608e-01,5.099806559989731314e-01
1.988778273996607560e-01,2.302539590133757530e-01
4.228680870183678664e-01,9.837586903484591971e-01
3.755633910269875475e-01,1.196430570824894568e-01
5.889623991780656986e-02,3.318101113776665834e-01
6.148553925677688881e-01,8.324362994679818106e-01
6.425500454942271178e-01,8.049630617331747784e-01
3.731762792250714611e-02,3.469454564364471416e-01
9.794929715266637027e-01,4.698875896493105442e-01
4.154282926556602806e-01,9.481282911766619748e-02
7.698035443926636301e-01,6.806539368321918859e-01
8.120913717691270461e-01,6.394186164161804742e-01
8.888744810175963629e-02,3.035316074530651775e-01
8.255983842616309021e-01,6.263566932302606638e-01
8.436340492164746685e-01,6.085825788589962482e-01
8.016551490712044981e-01,6.513732325388853495e-01
5.005237004526474909e-02,3.307072935092021382e-01
4.142346211090657260e-01,9.964759469461726971e-01
8.427923289964404097e-01,6.135605733464343237e-01
5.248062894485979735e-01,1.882434902447560621e-02
7.573332529635712351e-01,6.991871820166800644e-01
8.228316421168834216e-01,6.339654675154285934e-01
6.678819259362726024e-01,7.891669238059806357e-01
7.030187920481524300e-01,7.550003298100554927e-01
1.383589724523229814e-01,2.597309439849351254e-01
5.970860635342855050e-01,8.614672685232195315e-01
4.439825385438533889e-02,3.286388803634399114e-01
1.092773614020384754e-01,2.757914784427074606e-01
9.140422226583639898e-01,5.498626404007871393e-01
7.324015977719140480e-01,7.322013054996472370e-01
7.325667552330944465e-01,7.322137820034181344e-01
8.935706337708561042e-01,5.714811342264476401e-01
4.931178526015190799e-01,3.831727451535915652e-02
6.806817500648130181e-01,7.855968392852578086e-01
3.584603778541232133e-01,1.092523395209713533e-01
9.980199486770655604e-01,4.691009773884075029e-01
8.920945036947355300e-01,5.759031381989226928e-01
3.056191593441163201e-01,1.386854139580019352e-01
6.023435534722740847e-01,8.667584398742083085e-01
2.479602803974806369e-01,1.710909371457687289e-01
4.731785254043934241e-01,4.148131216068529081e-02
6.847662798406914941e-01,7.879461783004617637e-01
8.189719070742661478e-01,6.540348481137649994e-01
8.344772821170497457e-01,6.385589268398972340e-01
6.108665984484900058e-01,8.626735947586967601e-01
9.170409397424057474e-01,5.568250333028578192e-01
8.093507822161132292e-01,6.648417980569806263e-01
6.384006318529630297e-01,8.360229552095695960e-01
6.261798345066300620e-01,8.507280253607383269e-01
4.587458872687959488e-01,4.273235995163449097e-02
4.612098437613340041e-01,4.099997976868885452e-02
8.031218465173147747e-01,6.763958759496986328e-01
6.259330888783080082e-01,8.553530719514439440e-01
7.088614230886552958e-01,7.725115104956339351e-01
3.265006027482555417e-01,1.115001090987143284e-01
5.133697346115071447e-01,9.707835634432867566e-01
7.122874241794888706e-01,7.736295643590916926e-01
8.505674060694371486e-01,6.358952495674561334e-01
8.901766459735432901e-01,5.962986412245002699e-01
8.449408218749145938e-01,6.415380497797529280e-01
9.504370843983849237e-01,5.368806236122642961e-01
6.721400536870990594e-01,8.161367714215538305e-01
1.188017624496346958e-01,2.407621323053246165e-01
7.422930777552938508e-02,2.696808205190721619e-01
8.325012461748760861e-01,6.594356205964074791e-01
7.932892773798095876e-01,6.990618396925483147e-01
1.886967036407556364e-01,1.872333728702700872e-01
3.673065621816310466e-01,7.518010331130908774e-02
1.324995701977312867e-01,2.226255785212951643e-01
7.068243649722287802e-01,7.904864605107272402e-01
2.692790006703551509e-01,1.314819859908250566e-01
4.223086446295980512e-01,4.161332814770013488e-02
6.387303078194772610e-02,2.677499377489418464e-01
5.470661211579033179e-01,9.536930518948871782e-01
6.390111243251590523e-01,8.637413458788815168e-01
2.368170767894476336e-01,1.461189102745674706e-01
5.894000949133462175e-01,9.148160890866350314e-01
2.518937942856146472e-01,1.330553249316148712e-01
5.160046198228458447e-01,9.911990388634074334e-01
8.204475760175501398e-01,6.873234754754831144e-01
8.901580205848070859e-01,6.176365643945160855e-01
5.840786777337093616e-01,9.242402199010355535e-01
2.049970400560786610e-01,1.607704869040930129e-01
8.126615262668501760e-02,2.456952051604205378e-01
8.344587297332958231e-01,6.746425500022469324e-01
4.096457241228508295e-01,3.641386509543076411e-02
3.073856044872282922e-01,9.227222329549122914e-02
2.826823007634229334e-01,1.066384198996161992e-01
2.449811985725809382e-01,1.293425480403337380e-01
8.842663689489012047e-01,6.308131710677895576e-01
3.891196122125103463e-01,4.173780245894442853e-02
1.148637083642146672e-01,2.129443010188970531e-01
9.548315410800418679e-01,5.646254872474156805e-01
1.626790295660562879e-02,2.817962884770244258e-01
4.262072297064388726e-01,1.797246698780863294e-02
3.345429865138945802e-01,6.883552968332140587e-02
3.229646355373250177e-02,2.683631545271347729e-01
1.260767080576286059e-01,1.999035159262304573e-01
3.984454357018630821e-01,3.134427066874367895e-02
2.429657514571221810e-01,1.181575890526106454e-01
8.976994067236032659e-02,2.195216346346573477e-01
8.901689034578426085e-01,6.373881030573088635e-01
2.520544877707386888e-02,2.661569133399542819e-01
7.598973381491633816e-01,7.688942164775985910e-01
8.849229952270827315e-01,6.446498103014158820e-01
9.700768571848396027e-01,5.597552352984727086e-01
9.153739902113718907e-01,6.145134439452715203e-01
9.116573482046136379e-01,6.189356403179364641e-01
3.805970174718499299e-01,3.031385103086581267e-02
2.232341949914824486e-01,1.227926448798454251e-01
5.816322777885817308e-01,9.541101535570954972e-01
5.670633262164548327e-01,9.687495482005049618e-01
5.977631546230331994e-01,9.425798486187633163e-01
7.558464834748509498e-01,7.896822330241395349e-01
3.372578215414693270e-01,4.191903857494838626e-02
3.620777624233866288e-01,2.771965845447110777e-02
9.823439123755899338e-01,5.632951465169766525e-01
9.615363605752461629e-01,5.845421289543323295e-01
2.930242148822925774e-01,6.562204096237322926e-02
6.266578073567197205e-01,9.212488020044169446e-01
9.286514365174231012e-01,6.227458212393883752e-01
8.358414575992481055e-01,7.158801999851410747e-01
1.151804005260239627e-01,1.746062235018922548e-01
2.538621306663569888e-01,8.452419988839210419e-02
2.792607512000594427e-01,6.825246149625796566e-02
2.676332862042661853e-01,7.331972217799309632e-02
3.537100457365904838e-01,1.809559254591475153e-02
2.498468874297916642e-01,7.767359831460840525e-02
1.769486051849529229e-01,1.229057893881426722e-01
3.052756209149914968e-01,4.351731967424676828e-02
1.591449467433174725e-01,1.342096336050098149e-01
6.056626536004113825e-01,9.575132714485178331e-01
3.464716874513829037e-01,1.847796225638909107e-02
7.548772970801020943e-01,8.091120432104088600e-01
7.761198033580380962e-01,7.880220514043043689e-01
2.594206203041915515e-01,6.566791142981587281e-02
5.994202844288275545e-01,9.705471108462443430e-01
1.507295067854058646e-01,1.291845328695250261e-01
1.551071988169261395e-01,1.247767450186273441e-01
1.031913515104416756e-01,1.589869046918747086e-01
9.732909340219796368e-01,6.029660284068969478e-01
1.111060761652566953e-01,1.503469350852657538e-01
1.983257227048782489e-01,9.297068747288050883e-02
7.948146863057099498e-01,7.846285107815580417e-01
4.810109202223566971e-02,1.914520047630271504e-01
2.778106537186036951e-01,3.997044993441178917e-02
5.953149857265715994e-01,9.867186237035145968e-01
2.964656102702165619e-01,2.861943860139359863e-02
7.587092407715848585e-01,8.238157956681737559e-01
1.545807455060080882e-01,1.162943437016394910e-01
3.037208182441909488e-01,2.308494265405192092e-02
6.392276215669948636e-01,9.450195833407657453e-01
9.198275145985272960e-01,6.646481768379676192e-01
2.805784675955710350e-01,3.496722684185360475e-02
8.515907005869184365e-01,7.340690291559535119e-01
1.990327658916133391e-01,8.447713236103593371e-02
9.635065841693550848e-01,6.226077107014877932e-01
2.538648877220840427e-01,4.933473941625654557e-02
7.012079939205324575e-01,8.855976504520551851e-01
8.062797801942938047e-01,7.810416998262987853e-01
6.786111706163646673e-01,9.096252122203214441e-01
1.208072732353739909e-01,1.297836997982496632e-01
1.693730622489757476e-01,9.752872448728133747e-02
7.129451142872533786e-02,1.629997491676126176e-01
1.544865886773250097e-02,2.024232030997390464e-01
2.407375880771971399e-01,5.206836187720986775e-02
8.743246174978317464e-01,7.178775625378693848e-01
7.774642091184014170e-02,1.562444891713218320e-01
7.347848473046224571e-01,8.596829326255153170e-01
1.978366405690323848e-01,7.590055068778356340e-02
1.659580250479210095e-01,9.494441002078701786e-02
9.030456948656991889e-01,6.955237895885356680e-01
8.953313503078148550e-01,7.057272227513486929e-01
2.727890739367594408e-01,2.328077405318718096e-02
9.597649562307017934e-01,6.426744433832963788e-01
2.853111551229088327e-01,8.593656767492463544e-03
5.611123673774653930e-02,1.458895737348724353e-01
6.822579905560725022e-01,9.361389544542605412e-01
2.458002296916468321e-01,2.147461290181185145e-02
4.202893398229501365e-02,1.539891994173392398e-01
9.895382213674839278e-01,6.317545883976998233e-01
9.095656774715484838e-01,7.143149202491229088e-01
8.350119059041283265e-01,7.892912533044880163e-01
1.193037836097755600e-01,9.049639364018646770e-02
1.347603237762701189e-01,8.015926267382178505e-02
1.128137592052113058e-01,9.431430775635740726e-02
1.352708225596619407e-01,7.879273120147911591e-02
1.016376874120820117e-01,9.972183681363133712e-02
1.310304785704495822e-01,7.932693474958019131e-02
1.511365402283559867e-01,6.511235332367315554e-02
8.779434366233828113e-01,7.561181836490565855e-01
8.191727060344069500e-01,8.164229956096854535e-01
1.924100201214562489e-02,1.507257063943623354e-01
7.650402618256871845e-01,8.729297718976266607e-01
9.067116933623021735e-01,7.359882015182956927e-01
7.121116539656598965e-01,9.307170650707048409e-01
8.204250805498813914e-02,9.893692286251898338e-02
4.026716699674004474e-02,1.262220193308749572e-01
1.776852522842730098e-01,3.246976687475422452e-02
8.110518584624415439e-02,9.423654215470900208e-02
8.199449877790654373e-01,8.325003991497460509e-01
7.844577709797397880e-01,8.696232935584351509e-01
9.785395237895972986e-01,6.765689219580076630e-01
6.664366670287050765e-01,9.890539256999910656e-01
6.937247881554130524e-01,9.635429166823578084e-01
7.820718884124637782e-01,8.753748862045894752e-01
7.439773093802870552e-02,9.033520332596101099e-02
1.724572210471484457e-01,2.439904093631017901e-02
7.571492253967940789e-01,9.031045237095896017e-01
9.931912426898650281e-01,6.694090634096564463e-01
7.652002221344725852e-01,9.004288981196125752e-01
8.916278570442540685e-01,7.824386907288809478e-01
9.921054985033584961e-01,6.828546809329707479e-01
6.912913549727019991e-01,9.849875080535771543e-01
8.215033060666546705e-01,8.549641144201914900e-01
9.507497305908049201e-01,7.267944790692982826e-01
6.597421813285309078e-02,7.249619267686624458e-02
8.941568831302416642e-01,7.873582604825719589e-01
1.315997597543349107e-01,2.643288409902400105e-02
3.258631271023892939e-02,9.126012108903902575e-02
7.225741271945236299e-01,9.676513339457196716e-01
8.577944261927585856e-01,8.335654392303387672e-01
7.023941296181815952e-01,9.900354166518972043e-01
8.077157498090897780e-01,8.906842538490217231e-01
8.564272882312021773e-01,8.429907925464937835e-01
7.743687464964490452e-01,9.278854467458572675e-01
7.510715942329744266e-01,9.517979022272984313e-01
7.751794817368445889e-01,9.310198212745234292e-01
8.439433001573053428e-01,8.665677583726553168e-01
9.279287475204495150e-01,7.826833505431524118e-01
8.482979228667554272e-01,8.629571867286270903e-01
8.111004965968675595e-01,9.023222004671695995e-01
7.326171489416599680e-01,9.826197821650735076e-01
7.318471298154721749e-01,9.877558413530354020e-01
9.142328547358393731e-01,8.058161473321659996e-01
9.904848204121667887e-01,7.310123333250452271e-01
1.252369643956796619e-02,6.228842498152109552e-02
7.810225723159820443e-01,9.428976892724496572e-01
9.327528833912340778e-01,7.925959202613019894e-01
8.797385170539714361e-01,8.457373093908089334e-01
8.839573787211112421e-01,8.448678627721118994e-01
6.222173592892121796e-02,1.865415380006740786e-02
7.268151547057177808e-02,1.144272554567338229e-02
5.395043041898250902e-02,2.274967139098238444e-02
9.670293932983513585e-01,7.748421219244090441e-01
9.046496559768133494e-01,8.382433467298769925e-01
6.148910243838379142e-02,7.949735923959311279e-03
8.218795772986171588e-01,9.250665029614013601e-01
9.251832352558270189e-01,8.224761739948213135e-01
7.992123815975155088e-01,9.491959434306369570e-01
9.031536903933914395e-01,8.636347465593325889e-01
4.164790985797472977e-03,1.873027905112067959e-02
8.494018060885192289e-01,9.243802750200069696e-01
1.669050347728495698e-02,2.106118235160492347e-03
7.807878333176921926e-01,9.978134102562405960e-01
8.097022630416811362e-01,9.730579723198610198e-01
9.223873485958978824e-01,8.608797624932386094e-01
9.018090779500603782e-01,8.964762703949940015e-01
8.175862414856071014e-01,9.814340557173281132e-01
8.833809544221036258e-01,9.198563455307207093e-01
9.705540698131149835e-01,8.376847128184248259e-01
8.746855363988071952e-01,9.388392733204674601e-01
9.275290347420460657e-01,8.901604564248307705e-01
9.678994096956619053e-01,8.514755586530661224e-01
9.776783011923204647e-01,8.508368185618176982e-01
8.799492071671369819e-01,9.513874079981816667e-01
9.307924035391677009e-01,9.152124456819118459e-01
8.501011031854586175e-01,9.973176104673122655e-01
8.713540815527618388e-01,9.826652541665418239e-01
8.580243472026044538e-01,9.987860630450265953e-01
9.617997082711742252e-01,8.981408238811235956e-01
8.777619635788096453e-01,9.840234199757130762e-01
9.501007980766843497e-01,9.152935645985601498e-01
9.922170789695763382e-01,8.837736246002434459e-01
8.901193045860221753e-01,9.870162562289155339e-01
9.484396105164022428e-01,9.381543698275600640e-01
9.201013000771421924e-01,9.864875779059759653e-01
9.625439756570219885e-01,9.453512140526855179e-01
9.453141925788812738e-01,9.655051660316635864e-01
9.858652575754413006e-01,9.346995226858056949e-01
9.948467491372395832e-01,9.408423808614104766e-01
9.975269960749838516e-01,9.814022820280731141e-01
