9.457152721865764278e+00,5.536326644774619332e+00
4.764548326907344311e+00,9.148215907392460267e+00
5.404786478432315633e+00,8.700059168623107908e+00
4.653688488222532449e+00,9.284575302107572981e+00
5.832243234699227230e+00,8.411848481539701439e+00
4.183421259633302469e+00,9.552996354931833523e+00
9.972348453030763338e+00,5.092346036506782525e+00
5.982167079026128320e+00,8.327474227180308830e+00
9.969720626513552730e+00,4.924239630222634112e+00
9.968329490001401894e+00,4.925667063306402582e+00
9.971310846750057522e+00,4.921835207165542236e+00
9.970509985443673173e+00,4.922430948130479322e+00
9.968875347644521767e+00,4.923444318248676232e+00
9.969859529287800726e+00,4.921845347964635131e+00
9.967241707336995660e+00,4.925215198360310964e+00
9.970139168985223677e+00,4.921030330143671527e+00
5.566655241355008776e+00,8.659171833714765398e+00
9.968450092084463421e+00,4.922975175617317234e+00
9.965078287629562936e+00,4.927327846523716026e+00
9.971407358464389858e+00,4.919099118861210762e+00
9.963939209672380670e+00,4.928736966699711175e+00
9.970028875221778719e+00,4.920568299858829597e+00
9.970388167543749347e+00,4.919897326059042619e+00
9.962715830474678569e+00,4.929779765122019874e+00
9.966605516364992923e+00,4.924401010920023580e+00
9.961488655092036737e+00,4.931074490471712757e+00
9.969753316893623207e+00,4.920167310864474786e+00
9.962510079849074884e+00,4.929582604509935351e+00
9.967078516606934002e+00,4.923455974278162728e+00
9.971183453687395115e+00,4.917974294081604469e+00
9.965078659298413299e+00,4.925678676326693761e+00
9.970207404787061023e+00,4.918972884138868018e+00
9.968618199422113690e+00,4.920601691153410506e+00
9.967598461527813924e+00,4.921869893518170613e+00
9.969322447667085640e+00,4.919471584737943992e+00
9.971395406966342634e+00,4.916794005518356769e+00
9.964118244536042113e+00,4.926161912497894591e+00
9.963752188686632039e+00,4.926416944114955676e+00
9.959832092521747171e+00,4.931684205383036534e+00
9.960255259466352484e+00,4.930985326007518488e+00
9.970064906291714379e+00,4.918041007762799843e+00
9.960653907308175903e+00,4.930271672048141873e+00
9.959237662848215322e+00,4.932181338271763416e+00
9.965745957938461075e+00,4.923365469939403383e+00
9.969059365462241473e+00,4.919080028982634190e+00
9.965307876729681880e+00,4.923931896577661504e+00
9.959683435891221848e+00,4.931362322618531913e+00
9.969579782380384003e+00,4.918205798162201603e+00
9.965183121556728807e+00,4.923797781525548700e+00
9.963838530191861054e+00,4.925506516574791327e+00
9.968979264915692085e+00,4.918765554686997277e+00
9.967094246262629298e+00,4.921188327622661340e+00
9.967361057306529659e+00,4.920807054602216013e+00
9.958664580733094240e+00,4.932403721442165434e+00
9.957641792173454576e+00,4.933819757786408466e+00
9.966665323129820564e+00,4.921518740790692625e+00
9.968904968334710404e+00,4.918558735996196418e+00
9.968284805859635611e+00,4.919304994363264960e+00
9.971509322183200297e+00,4.914969500750090425e+00
9.956494903980148692e+00,4.934753843079523250e+00
9.961480718077048380e+00,4.927793296161550707e+00
9.967624300650602009e+00,4.919676428174167171e+00
9.956904500975550576e+00,4.934023242364284023e+00
9.966847736004126546e+00,4.920608439329943629e+00
9.964548673022939340e+00,4.923455437105372923e+00
9.967355544144906432e+00,4.919795707496971815e+00
9.964866316433649729e+00,4.922980975190130337e+00
9.955885182000855593e+00,4.935167406752643871e+00
9.961572027884241010e+00,4.927298774033873840e+00
9.956889711767562545e+00,4.933572562463051092e+00
9.968800537104549164e+00,4.917491159002069345e+00
9.966012832523862386e+00,4.920980815150718612e+00
9.965527950875442187e+00,4.921436418296879722e+00
9.956242273997450098e+00,4.933952655904726647e+00
9.963998630511452959e+00,4.923315908798191032e+00
9.965020903635954497e+00,4.921865050829032917e+00
9.957132138440519142e+00,4.932459821304810532e+00
9.964524293843812330e+00,4.922455642944985499e+00
4.028662543620287195e+00,9.644091633505290417e+00
4.004588124200303412e+00,9.663207370012024455e+00
9.964379324390394643e+00,4.922597145985284861e+00
3.997405224142020597e+00,9.668915072562453972e+00
4.034949402286409637e+00,9.639083464215342900e+00
4.032845116592843837e+00,9.640744718506878641e+00
4.040061588046840235e+00,9.635039532661709316e+00
4.035473852813900031e+00,9.638646755951398859e+00
9.971182723165332717e+00,4.913817922778059177e+00
9.958233370850058108e+00,4.930794324568643638e+00
3.987518831241406936e+00,9.676767879425062446e+00
4.047076096796817346e+00,9.629429484746630408e+00
9.953900441855726200e+00,4.936761159699739387e+00
3.978724743096362815e+00,9.683747985452050955e+00
9.959552442058383193e+00,4.928876211336540081e+00
4.012176154910784831e+00,9.656915752239154216e+00
4.021223970712835438e+00,9.649724963588660387e+00
4.007941432550837568e+00,9.660265139489402131e+00
3.971746610277493872e+00,9.689298080803752100e+00
9.970788360061600741e+00,4.914125868172807721e+00
4.011084041844638293e+00,9.657739912231507518e+00
4.005359930334712715e+00,9.662290576702835310e+00
4.062873748980906363e+00,9.616903904776711087e+00
4.000351909049645549e+00,9.666279921669726605e+00
4.002943374869542659e+00,9.664210729599732375e+00
4.000294643360443381e+00,9.666322447601439549e+00
4.061901619782199546e+00,9.617652187517524709e+00
4.036984241840319676e+00,9.637203149943454505e+00
9.964514676335765486e+00,4.922089427671838990e+00
9.964131136315108606e+00,4.922579878929408181e+00
3.965182581220993985e+00,9.694494235484594213e+00
3.963223498436128533e+00,9.696078557400836573e+00
4.042194684956020190e+00,9.633039584889354856e+00
3.982088622094253960e+00,9.680812069957298149e+00
4.045675599277060996e+00,9.630277665892268857e+00
4.044855986240950330e+00,9.630921413013172838e+00
4.072611493744764388e+00,9.609183221960316601e+00
3.979917776796576767e+00,9.682511049887974508e+00
4.051153694530570171e+00,9.625926765826353204e+00
4.057415558808357581e+00,9.620973466074444147e+00
4.025615639744814622e+00,9.645974802930878056e+00
3.971846859222605719e+00,9.688919679382134831e+00
4.022436862986856987e+00,9.648476801650328838e+00
4.059033371846356708e+00,9.619677258394986552e+00
4.060125463183442029e+00,9.618810140231406791e+00
9.969879045347418867e+00,4.914985019238495845e+00
9.964093693569465060e+00,4.922436971055149435e+00
3.965893496558184239e+00,9.693670431127806353e+00
9.968919724324980081e+00,4.916139459564099035e+00
3.963656419966432587e+00,9.695442197782787375e+00
4.038894007956512766e+00,9.635391338755713520e+00
3.962120633378625634e+00,9.696664350509498931e+00
3.981593543225749876e+00,9.680934534271328218e+00
4.044042840545333029e+00,9.631325690943301154e+00
9.964629345663524873e+00,4.921637050151259629e+00
3.978714701619427974e+00,9.683220747914647930e+00
3.980035554234610640e+00,9.682157265790280576e+00
4.067479723753652188e+00,9.612955247192649821e+00
3.978327992041107208e+00,9.683506470082694051e+00
9.961784079084079480e+00,4.925359383563883142e+00
3.943910547340724992e+00,9.711417354652894574e+00
4.049890118735488542e+00,9.626661480505442015e+00
9.969535700017509328e+00,4.915238156645353129e+00
3.955161138011079380e+00,9.702200197445019825e+00
4.021245964710307597e+00,9.649191719018867630e+00
4.002311426514596704e+00,9.664224876196001901e+00
4.020686955388607764e+00,9.649632759442930308e+00
4.006800169706743908e+00,9.660648003866143085e+00
4.016319900399003551e+00,9.653082485339750107e+00
4.004144225664860279e+00,9.662749764339240599e+00
4.017245460801341039e+00,9.652341580503060570e+00
3.952999048714092023e+00,9.703907277226324624e+00
4.024215266814858083e+00,9.646814822023742408e+00
3.991805021273499676e+00,9.672575343235845224e+00
3.966172332836531922e+00,9.693177577983641768e+00
4.027689011168030575e+00,9.644046772834412806e+00
9.957470108881013360e+00,4.931108906686486826e+00
4.032857281521875947e+00,9.639933661279719956e+00
9.953389057809072682e+00,4.936801843555047142e+00
4.037534701538331383e+00,9.636248979276004434e+00
3.938255883599204310e+00,9.715891495253371701e+00
3.962606412256286514e+00,9.696014944893558862e+00
3.981551756306352274e+00,9.680716762336667003e+00
3.982194761573970343e+00,9.680197136060682439e+00
9.962823299690965584e+00,4.923784446705985474e+00
4.096579731490458620e+00,9.590131001671863942e+00
3.957479309540633761e+00,9.700106006517598800e+00
4.083087189744261103e+00,9.600571262680201556e+00
3.975365921382929990e+00,9.685630057604695864e+00
4.045296311772851539e+00,9.630073805144203192e+00
4.003547754327548169e+00,9.663041886438543671e+00
4.001474226578516813e+00,9.664684070131217553e+00
3.972779124440386944e+00,9.687672657602274029e+00
9.968972537613222329e+00,4.915709167262522605e+00
3.932694812366785087e+00,9.720305674793326745e+00
3.992551894710145266e+00,9.671767705092729983e+00
4.021856872360438651e+00,9.648474577700767441e+00
9.965604883594766150e+00,4.920022882267867992e+00
4.020550227847347280e+00,9.649505297603178988e+00
9.963381871570973658e+00,4.922932820848964219e+00
3.967646899037829300e+00,9.691767060357937780e+00
3.941345259715018479e+00,9.713170588788523574e+00
3.968816030856828103e+00,9.690814908065361166e+00
4.030857374343158384e+00,9.641350926916512520e+00
4.101917427394070614e+00,9.585882846728159379e+00
4.029244971704216027e+00,9.642608681800862058e+00
9.961055879282909586e+00,4.925998518185582320e+00
3.937414358469758291e+00,9.716298697916386118e+00
4.057050947891617909e+00,9.620716660868012582e+00
3.928331284255983213e+00,9.723778186850431382e+00
4.039153177456543453e+00,9.634728154469685890e+00
3.945995277803227896e+00,9.709203549112817910e+00
4.046296980572491542e+00,9.629082374422099022e+00
4.013316384353878163e+00,9.655083978855371285e+00
3.935151601522674625e+00,9.718074973168063124e+00
4.106695360356025226e+00,9.582083988280240661e+00
3.996825637350341687e+00,9.668187345245396358e+00
4.015515050650982687e+00,9.653321778270198550e+00
4.080375269243573300e+00,9.602459038582077611e+00
3.985859488395222083e+00,9.676922905432709499e+00
3.932845585789012333e+00,9.719932866694003692e+00
9.953428608773181807e+00,4.936399687213743448e+00
3.990211179997346314e+00,9.673435349144662965e+00
3.943017365546280573e+00,9.711571706941144910e+00
4.065792698163752661e+00,9.613788712485895616e+00
3.954078529775047812e+00,9.702518944535377443e+00
4.049982298984189377e+00,9.626124503303239877e+00
3.966480120065853487e+00,9.692462973591199571e+00
4.034031699329491794e+00,9.638636437139647128e+00
3.930939591623249463e+00,9.721435897326021092e+00
4.069295644396152767e+00,9.611011688718974710e+00
4.084766820520029817e+00,9.598974824254153049e+00
3.976083275535562400e+00,9.684678953052353378e+00
3.950028043301929248e+00,9.705758238483637612e+00
4.086576819125408377e+00,9.597542727388320927e+00
3.960984546420588170e+00,9.696837610021376008e+00
9.966775795255415460e+00,4.918218870969575107e+00
4.056062057512339614e+00,9.621303624267515175e+00
3.927830549138287886e+00,9.723903738360926141e+00
9.963307643166624317e+00,4.922720134450668361e+00
4.044094697788644943e+00,9.630638366549813867e+00
4.101782616042802587e+00,9.585719715440799149e+00
4.088287224801430142e+00,9.596159330414060662e+00
4.077329354535941697e+00,9.604637679658306837e+00
4.049502394620096979e+00,9.626350619667027431e+00
9.968390237775196283e+00,4.916055928620739479e+00
4.011150178863205795e+00,9.656553650016435952e+00
4.065417183499820730e+00,9.613901445772249588e+00
4.103189689235450466e+00,9.584584057801809109e+00
4.104639922964914867e+00,9.583450908970695181e+00
3.994765880681532266e+00,9.669555048989327162e+00
4.000305277831929018e+00,9.665137201983704074e+00
9.970375499068049763e+00,4.913501863576481554e+00
3.989343477785634029e+00,9.673869806516488978e+00
4.016907632279936635e+00,9.651954428677944620e+00
4.053081323387242918e+00,9.623502198739801727e+00
4.011749496382641667e+00,9.656038019247295878e+00
4.106048414879569286e+00,9.582338700993233260e+00
4.015852663589432048e+00,9.652777876569453852e+00
4.117964269566860125e+00,9.573133746734749039e+00
3.983590070743058043e+00,9.678425266474075528e+00
3.947500079081633473e+00,9.707568201257901208e+00
3.957706377276844822e+00,9.699273119317574299e+00
4.030109702815000361e+00,9.641480685404403062e+00
3.956476219370940406e+00,9.700257875645380778e+00
3.928606950257185648e+00,9.723037685027183130e+00
4.069565244564730122e+00,9.610577235083026082e+00
4.081912948899161009e+00,9.600975085082666283e+00
4.032562946431086814e+00,9.639536914596147810e+00
3.928294056258746281e+00,9.723278536445123521e+00
3.978825919899162677e+00,9.682204440503795695e+00
3.946794080126377224e+00,9.708097166401520539e+00
4.097245783265188734e+00,9.589062147889897858e+00
9.952872357040229545e+00,4.936835891577450397e+00
4.096413647689342241e+00,9.589702030297885926e+00
4.120683704235236000e+00,9.570973188346137306e+00
3.935835263140063045e+00,9.717017469148531816e+00
9.953465451474960091e+00,4.935970802674286340e+00
3.954249062267285009e+00,9.701987688102605034e+00
3.918566545731413608e+00,9.731258263248594886e+00
3.911597972039843274e+00,9.737055393807123593e+00
4.036364371421461428e+00,9.636485615586810383e+00
3.952105097982892445e+00,9.703707807615757019e+00
3.966300319846134403e+00,9.692177299904157550e+00
4.123023488724243180e+00,9.569112549118997890e+00
4.087052485904742127e+00,9.596882615681810336e+00
4.003096286465611442e+00,9.662713731924471361e+00
9.951598289047682400e+00,4.938568750818991049e+00
4.065078057006625833e+00,9.613956287398412570e+00
3.908862380348976817e+00,9.739240936648428715e+00
3.909262286315238644e+00,9.738906715788344215e+00
4.044758541092018156e+00,9.629833244432315809e+00
4.044769301854035604e+00,9.629824815168793961e+00
3.964266908792918542e+00,9.693774322099297791e+00
4.048632406878382994e+00,9.626778528640215882e+00
9.967659281322099218e+00,4.916720649307814384e+00
3.987225310526021804e+00,9.675320960518689617e+00
3.987829116422886067e+00,9.674837489218244713e+00
3.921864554040125128e+00,9.728384211651023961e+00
4.018547984204118073e+00,9.650423008566127336e+00
4.021299444448636962e+00,9.648248111057782239e+00
3.936718574841213680e+00,9.716138832952310622e+00
4.050249772751103983e+00,9.625472734326198321e+00
3.913258102220885437e+00,9.735480627944779641e+00
3.943208521340477279e+00,9.710789987676653467e+00
3.957818152312111870e+00,9.698907272870444629e+00
4.114766830999682767e+00,9.575375833959443028e+00
4.027603693595091627e+00,9.643229200638362641e+00
3.936111782215220067e+00,9.716577618138252603e+00
3.977980686920643105e+00,9.682643895618415542e+00
9.952836080947188080e+00,4.936672179567914931e+00
3.940870287972917385e+00,9.712644803006417860e+00
9.967485315820486136e+00,4.916835853117327737e+00
4.036425540562595948e+00,9.636242593068850226e+00
4.095602051878664440e+00,9.590108127137757066e+00
4.059534869771446175e+00,9.618112164613636494e+00
3.924122470207015212e+00,9.726314646235200811e+00
3.908857733173867199e+00,9.738972373589685816e+00
4.077040171479163533e+00,9.604463461364721510e+00
3.949378068372406236e+00,9.705611149517094915e+00
3.914630895260108545e+00,9.734140389473488142e+00
4.099343717457059277e+00,9.587161015344559445e+00
4.090421448708855934e+00,9.594045040866296503e+00
3.961363232090273634e+00,9.695858068883307368e+00
4.110641545099909422e+00,9.578398841036442235e+00
3.906432354114170558e+00,9.740888947310111234e+00
4.004690410570415970e+00,9.661154019483845445e+00
3.995104158865491417e+00,9.668755029132196199e+00
4.123379705686994079e+00,9.568572739506549851e+00
4.017431499314501941e+00,9.651043357058906480e+00
3.988976549186308507e+00,9.673630850106007983e+00
4.112671336193558957e+00,9.576806870228029567e+00
3.930921831117409226e+00,9.720547954571955529e+00
4.067192608752532301e+00,9.612005430759086977e+00
3.898311631181785586e+00,9.747620839521342617e+00
4.016425659569014428e+00,9.651803438871210616e+00
3.985776018494027184e+00,9.676147768609311584e+00
4.067595963407963922e+00,9.611679394309724955e+00
3.979815325947291260e+00,9.680899478383098611e+00
3.923467558168336033e+00,9.726637416042487772e+00
3.976424975023837849e+00,9.683607238343034496e+00
3.897167207173359404e+00,9.748530060036539879e+00
4.103623308468298703e+00,9.583718034487567650e+00
3.908761711345351664e+00,9.738788386960127497e+00
9.961060791736493059e+00,4.925001339671313261e+00
3.974836612562164362e+00,9.684846516165023900e+00
3.974328783340237425e+00,9.685251295745517908e+00
9.960290066632607520e+00,4.926029710548759155e+00
3.928316300743594613e+00,9.722590828519059869e+00
4.116794919862448054e+00,9.573546988421627546e+00
3.901623150690393782e+00,9.744734782719680410e+00
4.115925785356685296e+00,9.574205384257254536e+00
9.961074371884327761e+00,4.924948835619468390e+00
3.969345590467846741e+00,9.689212437258122534e+00
3.894819271093998392e+00,9.750415090096305804e+00
9.951969393861658020e+00,4.937571170749138538e+00
3.968020938034564793e+00,9.690275087135912457e+00
4.034521238092319884e+00,9.637448479589746597e+00
3.935759787128955800e+00,9.716411632123516995e+00
4.036629881317611357e+00,9.635763690264385062e+00
3.933423719895424497e+00,9.718283461096033804e+00
3.993080664488687592e+00,9.670149489877871929e+00
4.000117504032506766e+00,9.664547306102097224e+00
3.917072158197021370e+00,9.731725239468890010e+00
4.006917054110658682e+00,9.659146825799464153e+00
3.996877244129855455e+00,9.667114216336070598e+00
4.008811071463170173e+00,9.657646423678675873e+00
9.950710210461428673e+00,4.939294903007692916e+00
4.008077818911317536e+00,9.658212798803042176e+00
3.959491579067500044e+00,9.697032432315634054e+00
4.110543474036001399e+00,9.578240587422886421e+00
3.896513974953297321e+00,9.748796362581865438e+00
4.049375753158635405e+00,9.625676050837498110e+00
9.957066574860201413e+00,4.930249182357610671e+00
4.049420174134346517e+00,9.625635037088521528e+00
4.141996344781257555e+00,9.554039050972479075e+00
3.937678521269875276e+00,9.714677419332549135e+00
9.966538749963643085e+00,4.917577700673923857e+00
4.122640261341632417e+00,9.568866974467166386e+00
3.951999708607871309e+00,9.702992382171942154e+00
4.027004405048980828e+00,9.643161904793469574e+00
9.955375087424323866e+00,4.932494086497269059e+00
4.073334498312163987e+00,9.606902137653912988e+00
9.953133372368982990e+00,4.935644815414395481e+00
3.932983000291594866e+00,9.718396488781239739e+00
4.037890599780706857e+00,9.634557834323123515e+00
3.961068352493845701e+00,9.695571438341143988e+00
4.107292048070450008e+00,9.580606779114866356e+00
4.073981110208138467e+00,9.606374720363323405e+00
9.958659488091555545e+00,4.927910092349751636e+00
3.923028962191250191e+00,9.726523999219713446e+00
4.039517232975771144e+00,9.633246134017834805e+00
3.891484301320150330e+00,9.752786293504502879e+00
4.058822903851390329e+00,9.618146630787794749e+00
3.960498308173955540e+00,9.695987736456977757e+00
3.886038238859409688e+00,9.757385909818049541e+00
4.058677457085710927e+00,9.618255203861147962e+00
3.907942437674285951e+00,9.738974577134387189e+00
3.902560321201570481e+00,9.743453116939516434e+00
3.930171422938812498e+00,9.720612557932291509e+00
9.970623245724572925e+00,4.912225284513718648e+00
9.966077879153491637e+00,4.917995021653428722e+00
3.993249590444805541e+00,9.669709620651936177e+00
3.996916141870654027e+00,9.666792250834101097e+00
3.952879401156482952e+00,9.702080925119133781e+00
4.009141771025526602e+00,9.657094801414194407e+00
3.994069884581766594e+00,9.669044156833695780e+00
4.080626668585081163e+00,9.601131935649341642e+00
3.995658842033642522e+00,9.667770835179052114e+00
4.119867432727167156e+00,9.570824754864844408e+00
3.918186618749472938e+00,9.730389164784732259e+00
3.939135716285913080e+00,9.713199462365942338e+00
4.112210532607431190e+00,9.576705746482991444e+00
3.978368772282556254e+00,9.681525685811717352e+00
4.112623757197816587e+00,9.576380484735478760e+00
4.092715020646275903e+00,9.591738948459301639e+00
4.021527802142297325e+00,9.647251841266152539e+00
4.094029212734876744e+00,9.590706155652190645e+00
9.958404608340014619e+00,4.928110727218320442e+00
3.947612227117421213e+00,9.706262034306972097e+00
4.020458534759314695e+00,9.648082467196680057e+00
4.095402390969359097e+00,9.589631016392470286e+00
4.068800345976888444e+00,9.610248852593985092e+00
4.131110927517005038e+00,9.562140200691407799e+00
4.094055986088115162e+00,9.590661542899200143e+00
3.947994935472024292e+00,9.705923646383743275e+00
4.094411613703321073e+00,9.590380160049356562e+00
4.027634578196321868e+00,9.642407231068318652e+00
3.946938498223015124e+00,9.706767191485294433e+00
9.956618025346351430e+00,4.930523230516805633e+00
4.028643113189892766e+00,9.641603465153425034e+00
4.024934823195216893e+00,9.644513785797064642e+00
9.965843445057089411e+00,4.918160848933584184e+00
3.921480555863889883e+00,9.727534646964070220e+00
3.901646582723412582e+00,9.743973991353861663e+00
3.963435684203353571e+00,9.693396262742199454e+00
4.031222110320215712e+00,9.639552768774194647e+00
4.032484499066012695e+00,9.638557791586576329e+00
4.031166339124548692e+00,9.639583209804120756e+00
4.123832889977778748e+00,9.567668770791907917e+00
9.960297833518758637e+00,4.925441645527213197e+00
3.961915438751430596e+00,9.694581123058931382e+00
4.034068423550909444e+00,9.637272034251513020e+00
3.919550847128244087e+00,9.729050464045585045e+00
3.992894987567737530e+00,9.669775458322584782e+00
3.997735589065921857e+00,9.665920606511210877e+00
3.929232066722126326e+00,9.721075158770240421e+00
4.008045835829419978e+00,9.657736743825559245e+00
3.955965946308994674e+00,9.699322403552406158e+00
4.005108790867124569e+00,9.660056188670951727e+00
3.986026671071047467e+00,9.675212648865384679e+00
3.987336419005737653e+00,9.674168508826332058e+00
3.990637713470069237e+00,9.671530761673174936e+00
9.969997829712667681e+00,4.912749336767151753e+00
3.877741031240330649e+00,9.763985972186377538e+00
4.112836518666367347e+00,9.576042172657684759e+00
3.976350924491608652e+00,9.682911928729506457e+00
4.018751428344925714e+00,9.649224733999822945e+00
4.137344134033882348e+00,9.557191620390021569e+00
4.155693755440021953e+00,9.543149988905875958e+00
3.881018626162566765e+00,9.761102810007148634e+00
4.146767919804535296e+00,9.549964454194920904e+00
4.139068485306027334e+00,9.555852405784188264e+00
3.967575379287900716e+00,9.689875114710034154e+00
3.913644433223770758e+00,9.733759503540969860e+00
3.968026731538780716e+00,9.689501602775550282e+00
3.966990055259109749e+00,9.690329996117872824e+00
4.027008830711085174e+00,9.642679096122055427e+00
4.130555362092411364e+00,9.562343384567661531e+00
4.122570436196156152e+00,9.568470283920010644e+00
4.095540911840623188e+00,9.589287413780427372e+00
4.115311471716126768e+00,9.574047928332650059e+00
4.148451635184102315e+00,9.548640651262722656e+00
4.105238959210089966e+00,9.581796868946449663e+00
4.158323750665990026e+00,9.541089492531215299e+00
4.068247713128676502e+00,9.610412247070700076e+00
3.912016549115191033e+00,9.735027131124455835e+00
4.106204583917627993e+00,9.581036548043336154e+00
3.961702511453335518e+00,9.694514454683172744e+00
3.910908416311822400e+00,9.735921154693409463e+00
4.148966510307402267e+00,9.548215162139261025e+00
4.096583983057225709e+00,9.588443303993010147e+00
4.106287712086504449e+00,9.580952490264321497e+00
3.874056858992395380e+00,9.766876869715664711e+00
3.909702718547524380e+00,9.736886161556435937e+00
4.034569833909187331e+00,9.636653071095757639e+00
3.991657776215926656e+00,9.670521264312210263e+00
4.159765180313308441e+00,9.539939633204744140e+00
3.957234687692022135e+00,9.698060332443040110e+00
4.001580156602028815e+00,9.662627100377440215e+00
4.002722366222233319e+00,9.661720241006872101e+00
3.996390681320322713e+00,9.666731514713246654e+00
3.908625507746686711e+00,9.737732438902952481e+00
4.056837757093628483e+00,9.619215928590680420e+00
3.901457382111429339e+00,9.743678150477805389e+00
3.982453646881344955e+00,9.677795219273960470e+00
3.876545395628798296e+00,9.764628512751496459e+00
3.871120472507056487e+00,9.769242702607320084e+00
3.973070663256696555e+00,9.685253387927383883e+00
4.042754255258427243e+00,9.630156772520246378e+00
4.060403493879095826e+00,9.616362634813429011e+00
4.101082254016092499e+00,9.584846308455800212e+00
9.959331707204944095e+00,4.926347642220665790e+00
9.954227634247875045e+00,4.933395245341896107e+00
4.063570546195061972e+00,9.613873506478785913e+00
3.903928135101355501e+00,9.741479220075900614e+00
3.887921471149894170e+00,9.754861488649112289e+00
3.943413038239611978e+00,9.709066523338689692e+00
4.123886061442836315e+00,9.567265293092917844e+00
3.943796072195065339e+00,9.708748609656506545e+00
4.078830617962141858e+00,9.602002739984593305e+00
4.048544459147890073e+00,9.625536219070930599e+00
3.881609803115761093e+00,9.760082302295838730e+00
3.956544994209841626e+00,9.698369820279657105e+00
9.959250817385338905e+00,4.926346311727740179e+00
4.067564657441198328e+00,9.610676405938725964e+00
3.954056667512589218e+00,9.700337867911475342e+00
4.157557197744372601e+00,9.541419928750617174e+00
4.148398939945622033e+00,9.548409718313127570e+00
3.908289740800881873e+00,9.737701124707188072e+00
3.925979686349845732e+00,9.723140026679240933e+00
3.980671756726737343e+00,9.678982839959010320e+00
3.888097830539714472e+00,9.754534112623861830e+00
4.141086830933383922e+00,9.553988623106407729e+00
3.976029413437722759e+00,9.682669682880534978e+00
3.978080441944535028e+00,9.681029963593193344e+00
3.974579374860536252e+00,9.683825847438379597e+00
3.883392577278958591e+00,9.758472090578587554e+00
4.008298968248620753e+00,9.657023865387921902e+00
4.007328677116929860e+00,9.657777768599206780e+00
4.109248497936206945e+00,9.578382455534308448e+00
4.038917859679179045e+00,9.632936619550799051e+00
9.961499838375852178e+00,4.923229846226393924e+00
3.878242346446536537e+00,9.762783638216166793e+00
4.011009118039810417e+00,9.654858727818519171e+00
3.966355351885725966e+00,9.690361741922929539e+00
4.098458000672834167e+00,9.586676679381072930e+00
3.873300044016141808e+00,9.766952297436409580e+00
4.042416177053820725e+00,9.630166614100874156e+00
3.942600461445586735e+00,9.709476260793822533e+00
4.098871184683248181e+00,9.586331832066610659e+00
3.880620119970790594e+00,9.760696467157879752e+00
4.022193822352914339e+00,9.646003639149741460e+00
3.867973951261119758e+00,9.771468433979229928e+00
4.137486625488296710e+00,9.556656817753875544e+00
4.168091727575088612e+00,9.533292095567579949e+00
4.046800724377444425e+00,9.626714769010247252e+00
4.111903936693676265e+00,9.576279779217738763e+00
4.152313887502383061e+00,9.545312679916273524e+00
3.959871355506013657e+00,9.695499153708620810e+00
3.962734040471578734e+00,9.693195621278722030e+00
4.130773709980598341e+00,9.561782866641967971e+00
3.867982705932244247e+00,9.771421493810951375e+00
4.047359837273273087e+00,9.626262687824953090e+00
4.152529075179635321e+00,9.545138890197371495e+00
3.895288163061773723e+00,9.748319334147309334e+00
4.122154404972726560e+00,9.568385215688785195e+00
4.130640285465915440e+00,9.561876024586982936e+00
3.960287420664058367e+00,9.695147589343363848e+00
4.048686180005311996e+00,9.625215120403334268e+00
3.957277342529534891e+00,9.697558455512439224e+00
3.957798616977908690e+00,9.697136805506811896e+00
3.901009022355323097e+00,9.743522362991813068e+00
3.927360038187226010e+00,9.721806811901837264e+00
4.026174165880371802e+00,9.642824505177623351e+00
4.049627271036158049e+00,9.624465314657911108e+00
4.101030129552127867e+00,9.584607803912298607e+00
3.938437848074040293e+00,9.712760285745527966e+00
3.936682205769190368e+00,9.714181612478332895e+00
4.076836392323404112e+00,9.603294551599761419e+00
4.092242448190777537e+00,9.591368636917097845e+00
3.955436690184634507e+00,9.698991876471247053e+00
3.893171076422794030e+00,9.749988284323569232e+00
3.950348978576877279e+00,9.703056139597775243e+00
4.080409701589094773e+00,9.600473059502355966e+00
4.147213238076144393e+00,9.549109391231569433e+00
4.037346373187201465e+00,9.633979272081546696e+00
4.094378352143853483e+00,9.589665223253442505e+00
4.055633566927031808e+00,9.619699464493656649e+00
3.946329496556502558e+00,9.706271348096954910e+00
3.891165096469535456e+00,9.751601475915709472e+00
4.094238571251495706e+00,9.589768120395547157e+00
5.987929493758743504e+00,8.087861456619352296e+00
7.179511791362930495e+00,7.141283737946191756e+00
9.540068166155041496e+00,5.266118440712914683e+00
8.920613606258829265e+00,5.758165810793977712e+00
5.550713333071154665e+00,8.435201244716001412e+00
5.922977796221596591e+00,8.139465335559451731e+00
6.790436298803481208e+00,7.450371403972695816e+00
7.868727087149179233e+00,6.593810721076291514e+00
7.031119188468753833e+00,7.259167743187460609e+00
9.156635024752713292e+00,5.570704777306350941e+00
4.844534646065894457e+00,8.996184878848533018e+00
8.262914236082224306e+00,6.280635287988511450e+00
8.565598902140816762e+00,6.040192529891966089e+00
5.049453317372375238e+00,8.833405938229438092e+00
4.139873035645456056e+00,9.555950787556954040e+00
4.308006171657283723e+00,9.422372123914957598e+00
7.626712126519180401e+00,6.786037570276485020e+00
8.984498150336701627e+00,5.707451516750210452e+00
4.913416194409007787e+00,8.941439048967527725e+00
9.547583822166888723e+00,5.260110048860179965e+00
4.442397142891883810e+00,9.315645257777820376e+00
5.453184002585767409e+00,8.512691558481213505e+00
8.719161079948662518e+00,5.918230651174106960e+00
9.399709353001821199e+00,5.377593648512675628e+00
9.218749903543375979e+00,5.521356442589263835e+00
7.596945553712243893e+00,6.809699917730497987e+00
6.213743687156824791e+00,7.908499570867478567e+00
9.319786160753988469e+00,5.441083549898331206e+00
6.615601152789217565e+00,7.589268631486727479e+00
5.293856148989659616e+00,8.639258224821073640e+00
6.178993190440198902e+00,7.936092626811961814e+00
5.494525325993704357e+00,8.479837265096140442e+00
5.182959670776346783e+00,8.727321297744561335e+00
4.671390002809074460e+00,9.133733521589148197e+00
6.205661834955883194e+00,7.914900194142106216e+00
7.361975902312329012e+00,6.996331632349078511e+00
8.075179601752246583e+00,6.429801220919154403e+00
9.698303319094691233e+00,5.140416109145268919e+00
8.053351370991320479e+00,6.447130136525888844e+00
5.956189468053525005e+00,8.113077249478427788e+00
8.226153942985726886e+00,6.309850013140069436e+00
6.871626003106463543e+00,7.385892266887768010e+00
7.039121690428180145e+00,7.252820437382885288e+00
4.954913204475839272e+00,8.908496820869542532e+00
7.261477754703275167e+00,7.076190329713233140e+00
4.784774555056529266e+00,9.043655469647498890e+00
8.259166662734006792e+00,6.283647167808676492e+00
6.973225715948917269e+00,7.305160695428702944e+00
6.949207229041644673e+00,7.324268237481523336e+00
8.416384888693617228e+00,6.158728718399139268e+00
5.949957453725852830e+00,8.118050066571166568e+00
5.889563900546300523e+00,8.166016519042868183e+00
4.808629516111400548e+00,9.024713332657176679e+00
4.790940537257073473e+00,9.038759514077227664e+00
9.601978348604944813e+00,5.216908346706845556e+00
9.034910348636898902e+00,5.667393908493187915e+00
9.483898650277964748e+00,5.310711357542219346e+00
7.495630441893553098e+00,6.890188629635559892e+00
7.692867761695293183e+00,6.733499279835871043e+00
9.324121378326129417e+00,5.437657361468784423e+00
4.407654804712863417e+00,9.343226500337616258e+00
7.555494628654550127e+00,6.842608441998021540e+00
6.020910611036640603e+00,8.061677052258058751e+00
4.734089159591977847e+00,9.083922343593730631e+00
6.754430991211152424e+00,7.478960236148347818e+00
7.091217919833008310e+00,7.211437948167386480e+00
5.171275809369154430e+00,8.736617451682556990e+00
5.658914929146700246e+00,8.349223373072419463e+00
4.422776483402044434e+00,9.331215446559726345e+00
4.577031860274115793e+00,9.208689658048728077e+00
8.591105565848614845e+00,6.019945926193462249e+00
6.866352799655865979e+00,7.390051861355678930e+00
9.819026505913624803e+00,5.044482674666844524e+00
6.272277434126712237e+00,7.861990536331341595e+00
6.606335501680256073e+00,7.596604452303219013e+00
4.987056674564198211e+00,8.882949925610297726e+00
4.317168733561394411e+00,9.415124899970784611e+00
9.837674049426194500e+00,5.029695496918182407e+00
4.555142152198651040e+00,9.226045453924688999e+00
9.696761041557278915e+00,5.141628564877374075e+00
5.405492686492974208e+00,8.550541835993803019e+00
3.907906228328335008e+00,9.740213577089233965e+00
7.790233519366569936e+00,6.656151688025912172e+00
6.896669378117650240e+00,7.365972668209479046e+00
4.125211663562190267e+00,9.567582777163345042e+00
8.595320993099750950e+00,6.016594746901842150e+00
5.855993209778758590e+00,8.192682724022311902e+00
9.103761004928731637e+00,5.612694660856475615e+00
3.915735844695497292e+00,9.733988016814441480e+00
9.107463071143387268e+00,5.609739508329073310e+00
7.787620501075604551e+00,6.658243104354541586e+00
8.247380950457081639e+00,6.292998445937430851e+00
5.336068854822606511e+00,8.605703753469320816e+00
9.375763958641167406e+00,5.396614597803343294e+00
9.900929081019146594e+00,4.979430234787975529e+00
8.028275310812638565e+00,6.467065370181667383e+00
5.694287229195084343e+00,8.321142810825604030e+00
9.164639595370442038e+00,5.564338972294454067e+00
6.344121605753766602e+00,7.804936572176644383e+00
6.200248922986530964e+00,7.919217945945463910e+00
9.420303983546103765e+00,5.361231841341365545e+00
4.964622188691661719e+00,8.900780209355939832e+00
3.910298508490765546e+00,9.738299432511512421e+00
7.678099805486922058e+00,6.745243768456257172e+00
8.832595752020093727e+00,5.828116643485429904e+00
5.834762735673729495e+00,8.209558981608898520e+00
6.243942454222557004e+00,7.884480701399596114e+00
9.354875735383425095e+00,5.413220094235796864e+00
9.895849549150568691e+00,4.983463038329461803e+00
4.420771110274446691e+00,9.332795271518241620e+00
7.990223415033485210e+00,6.497271185123646653e+00
7.123325271021927030e+00,7.185947273695043158e+00
7.053236039649279476e+00,7.241602084139384665e+00
5.733988476096173237e+00,8.289601975728569272e+00
8.550512888577596726e+00,6.052178101050446735e+00
8.163542717145883643e+00,6.359603505798169465e+00
8.115618661090048036e+00,6.397673872382229732e+00
8.806009525314687281e+00,5.849222811963796786e+00
5.490351405099178628e+00,8.483135791493859656e+00
6.069994361024419582e+00,8.022675214793297371e+00
4.895186742660365020e+00,8.955955956618520730e+00
7.332141609229255508e+00,7.020053219580700166e+00
7.096434587493774870e+00,7.207312313578915663e+00
8.832809952780651841e+00,5.827937568991483630e+00
7.192289655695455863e+00,7.131146323789024244e+00
7.027876982234896985e+00,7.261734132795515606e+00
8.720680288168789929e+00,5.916992244297210490e+00
7.855226406075701107e+00,6.604506731493923866e+00
6.636842689199548673e+00,7.572368396041549765e+00
5.564962602317554463e+00,8.423861802177293967e+00
9.601323623377872707e+00,5.217430880467906817e+00
4.541059554060112191e+00,9.237272131911971940e+00
4.630440808375153594e+00,9.166241778536743823e+00
5.539419095575361496e+00,8.444173788869273167e+00
5.157080730989913597e+00,8.747902904215864694e+00
8.236818608661273799e+00,6.301406985777571634e+00
8.459905654612693837e+00,6.124183633851035147e+00
5.254498212397493262e+00,8.670517905913250445e+00
4.761659633496140742e+00,9.062027018772431219e+00
8.910295187109475989e+00,5.766386509963473905e+00
6.231598216576088589e+00,7.894289194299408230e+00
5.319842477497033428e+00,8.618592171980928640e+00
4.543006559554787493e+00,9.235697481736171000e+00
9.853483887545944953e+00,5.017136957471383774e+00
9.535556219286139168e+00,5.269664066382365952e+00
8.353093261343115472e+00,6.209001924410902262e+00
6.960641576581442891e+00,7.315148274545116180e+00
4.570838522245158408e+00,9.213603053843815616e+00
7.756513231626534832e+00,6.682915428694285787e+00
8.846877898718712885e+00,5.816775459523676695e+00
5.483900727037549494e+00,8.488255279845557055e+00
6.899721840631370284e+00,7.363570324050663807e+00
3.886983045431665396e+00,9.756856783990718540e+00
5.823600329957598021e+00,8.218421354761041187e+00
7.064164969291035767e+00,7.232913654383144042e+00
4.675126891288277520e+00,9.130744489298534106e+00
4.291181246042336639e+00,9.435736000667573009e+00
4.117889309130962516e+00,9.573397069457131536e+00
7.629955164433107839e+00,6.783472198592304991e+00
7.597068695441366870e+00,6.809606687375620915e+00
9.853723140738477326e+00,5.016947860457035446e+00
5.730418611107741533e+00,8.292432425371615068e+00
8.045391106453777752e+00,6.453470174994001773e+00
8.464624326994535153e+00,6.120420062742293332e+00
5.141018678116549445e+00,8.760668784801778131e+00
7.051509480570690158e+00,7.242968963598247711e+00
4.261973610508779764e+00,9.458948614037872460e+00
9.738391837749874824e+00,5.108552504644464420e+00
7.811800520811312154e+00,6.639013300305554921e+00
8.687468657274102668e+00,5.943383414451192337e+00
8.953534396686361418e+00,5.732032416934546681e+00
6.211124238291360733e+00,7.910582632115601420e+00
8.364795296650441969e+00,6.199729881104285134e+00
9.425442325658034193e+00,5.357138499173724533e+00
4.376751977005857164e+00,9.367759353670146893e+00
8.193258192162659270e+00,6.336004939825255811e+00
6.380492657830212799e+00,7.776039471777246526e+00
6.450076949493416478e+00,7.720734679890469465e+00
7.637155324396889711e+00,6.777740438882959850e+00
6.387045056200106430e+00,7.770843866308466019e+00
5.491594406913530513e+00,8.482160405915449175e+00
7.455815571873097625e+00,6.921786793900306378e+00
9.550530325107736473e+00,5.257770631439663944e+00
6.564687498805295007e+00,7.629703070832802858e+00
4.614019755134375345e+00,9.179283942650673822e+00
5.156930087266941243e+00,8.748005480185588212e+00
6.275070502677921880e+00,7.859761687253267404e+00
9.430000604475610615e+00,5.353530090009596343e+00
6.861837973869943319e+00,7.393666858670130182e+00
6.599447953631457864e+00,7.602102219888291046e+00
9.667641028294248429e+00,5.164743432679464341e+00
7.994112047087278405e+00,6.494184201207950480e+00
5.211237326165200301e+00,8.704875260326867092e+00
6.493590925037550754e+00,7.686187226020218866e+00
6.654218516404277750e+00,7.558587040742979823e+00
5.719069808779840614e+00,8.301469080774243281e+00
7.283881444806693750e+00,7.058393027937072794e+00
8.266919146336110913e+00,6.277495176136140387e+00
3.957077628530130564e+00,9.701151611300982580e+00
7.620265301132387314e+00,6.791186091600359909e+00
5.903215839726833281e+00,8.155183654882504740e+00
6.983942617279280896e+00,7.296673298724780210e+00
9.817033591892389666e+00,5.046076096259306532e+00
6.565965229054487651e+00,7.628701342456521317e+00
6.322969480209522430e+00,7.821709264289236962e+00
7.297379000322344211e+00,7.047646266052309372e+00
9.077056026796974209e+00,5.633901674040221685e+00
4.850817140351986190e+00,8.991162384062810986e+00
6.722684556329863170e+00,7.504182362038940290e+00
5.418988703445433153e+00,8.539821146865943291e+00
8.829106385219411379e+00,5.830876771492031096e+00
4.378560360326082979e+00,9.366349974766343678e+00
8.124504718494888422e+00,6.390587381012190704e+00
4.607195118128945666e+00,9.184707876258359605e+00
4.682812846938039897e+00,9.124643309327991503e+00
6.622055217094932722e+00,7.584141133301003812e+00
9.387169956679814575e+00,5.387564486795701768e+00
8.949153357571370648e+00,5.735528083972663005e+00
6.672816219225670586e+00,7.543790570580841681e+00
6.742693489101421633e+00,7.488282760452992903e+00
5.426584737792433444e+00,8.533821828016053601e+00
6.563547171772397881e+00,7.630612594382706781e+00
9.688343514313082494e+00,5.148305604608597541e+00
6.220803740165782081e+00,7.902877372476716289e+00
7.983671840730850455e+00,6.502490183596574269e+00
5.624831756191106535e+00,8.376307785703442477e+00
4.481977336809208623e+00,9.284177867330901890e+00
8.829753309391641380e+00,5.830383027983614852e+00
9.648568438907883404e+00,5.179917641452588484e+00
5.268081382561441650e+00,8.659733469237053782e+00
7.897169864112059123e+00,6.571214577703380577e+00
8.497013201511510516e+00,6.094678487765779806e+00
8.622457256643059509e+00,5.995024004268613815e+00
5.445272309784725984e+00,8.518975849006041656e+00
6.844155898558118345e+00,7.407714830393496541e+00
8.994465418366933918e+00,5.699517739859174981e+00
8.757859291447839922e+00,5.887460301168857768e+00
4.586016367545833639e+00,9.201556016724952158e+00
5.795019091215552365e+00,8.241111919057409807e+00
7.809357137704159513e+00,6.640959231912506588e+00
5.145729047276176971e+00,8.756926195762629206e+00
5.279807840584378020e+00,8.650397636188738915e+00
7.913981604764235733e+00,6.557864487026412448e+00
7.985256081773022707e+00,6.501217697258307560e+00
8.121266856948643920e+00,6.393176494911019248e+00
4.262514562916546623e+00,9.458516383301175168e+00
8.836591473809910724e+00,5.824929255190942179e+00
8.550386438853287530e+00,6.052276994863516002e+00
5.445438521345804972e+00,8.518834851235576267e+00
7.751491197176957115e+00,6.686911887535478272e+00
8.204343176509027558e+00,6.327184389278206922e+00
3.881394780509797915e+00,9.761297047748378475e+00
4.803441336372639370e+00,9.028813611507839454e+00
5.793966290951381382e+00,8.241945424517583163e+00
8.295302999321378934e+00,6.254944570241795176e+00
5.207921117689591206e+00,8.707501910629574127e+00
8.582901461688649647e+00,6.026450040361600813e+00
7.184603927579832572e+00,7.137272009425760899e+00
4.529088854857977964e+00,9.246767217723443011e+00
8.319373727230605198e+00,6.235797863983973066e+00
7.911963075614804275e+00,6.559457130077238851e+00
7.961849912476011148e+00,6.519825109704108002e+00
7.415644447846810650e+00,6.953732867339584622e+00
9.783768549100649636e+00,5.072502631272324258e+00
9.168654957923511262e+00,5.561142732719690507e+00
5.483003338969792750e+00,8.488973877031950721e+00
7.523077519846237848e+00,6.868387824645598272e+00
8.197549689709509479e+00,6.332562596813464673e+00
9.113617104141649605e+00,5.604868195048581470e+00
7.826698424109814312e+00,6.627170949114427501e+00
7.616140197457793803e+00,6.794463202114508604e+00
7.854194544449061510e+00,6.605321684282409400e+00
6.922082977254088831e+00,7.345799300330889459e+00
5.712249043929745973e+00,8.306859367196871347e+00
3.900626142958450782e+00,9.745997236661715135e+00
8.725001263383447281e+00,5.913590599589446661e+00
6.280701227676381393e+00,7.855282390012330751e+00
9.829930473367905819e+00,5.035853526373021971e+00
7.445194224426938234e+00,6.930242746863955361e+00
4.478374148125269016e+00,9.287045994019731410e+00
8.572203945489281551e+00,6.034953712841488738e+00
6.559947031828311736e+00,7.633461890738235667e+00
4.084828956304026981e+00,9.599693519926342233e+00
8.116027081201020010e+00,6.397336665481099693e+00
4.480796454189003519e+00,9.285117676549068833e+00
9.094466618195747643e+00,5.620095037837469221e+00
5.787032826587388712e+00,8.247445137547082084e+00
9.098542077756633262e+00,5.616824296484099754e+00
8.186123884940169404e+00,6.341645938353011935e+00
7.249904568814534045e+00,7.085389579557248574e+00
8.014343578416468716e+00,6.478116843049854801e+00
7.273872627102841548e+00,7.066317607258429945e+00
7.040819440895008441e+00,7.251485504523421888e+00
4.270477445606694289e+00,9.452211609013028593e+00
9.724543277320620405e+00,5.119549916461013872e+00
4.254738384866308287e+00,9.464719446440735595e+00
4.392881941560267123e+00,9.354980192604095635e+00
6.479480747899117432e+00,7.697393976856794495e+00
6.627521147222168452e+00,7.579808469137432780e+00
8.565555441748465171e+00,6.040250493110941754e+00
9.213856044903012688e+00,5.525219367812573168e+00
3.966108355311067868e+00,9.693971343221026160e+00
5.045631259629024257e+00,8.836420543338221023e+00
4.861837953562373471e+00,8.982439820338528946e+00
5.532482202727891263e+00,8.449668684166651289e+00
6.856211362077795357e+00,7.398117103323142096e+00
7.507743268620213684e+00,6.880532933493474168e+00
4.769148620490300416e+00,9.056080464645885897e+00
8.273909539407826585e+00,6.271902091680715330e+00
9.744863139665129736e+00,5.103415195103290891e+00
3.932330226121217187e+00,9.720826577508207222e+00
5.054286240203818004e+00,8.829533406146548913e+00
6.458672039667095355e+00,7.713912352654136662e+00
5.989895790711973866e+00,8.086296241585081646e+00
4.068416233333858045e+00,9.612696733593733001e+00
4.297843019373641660e+00,9.430447526043540307e+00
4.489779763856823536e+00,9.277978262261365572e+00
7.718473383585528147e+00,6.713142735269809869e+00
8.304191264247680948e+00,6.247884052638315033e+00
7.289974736704319724e+00,7.053542991991890609e+00
5.196941324410763841e+00,8.716221669652879811e+00
5.557367769600337404e+00,8.429891562873978117e+00
7.789849496898566983e+00,6.656431350229386368e+00
3.999687359054400648e+00,9.667294451018811685e+00
8.884186239529864082e+00,5.787107113191503061e+00
7.877059669251178953e+00,6.587154370212819465e+00
8.688697209372929109e+00,5.942435911992591357e+00
8.428853316409583130e+00,6.148816595776951388e+00
5.392732163919022881e+00,8.560708183800404214e+00
9.740668911072287273e+00,5.106736840364201946e+00
7.296654201041508969e+00,7.048232786163102226e+00
5.055271948575366103e+00,8.828767377211123701e+00
8.398195103819762863e+00,6.173185439751746273e+00
6.558792162009758897e+00,7.634410192345751689e+00
5.697941142353332822e+00,8.318222045385104124e+00
8.670095156872731579e+00,5.957183374287657429e+00
8.531581107006337206e+00,6.067230213497113667e+00
9.387823196735578080e+00,5.387041562260704630e+00
4.180339730722852920e+00,9.523812978301171128e+00
6.257668702819015216e+00,7.873579453434476960e+00
9.019502258559549901e+00,5.679646349822769835e+00
8.637769364506009850e+00,5.982860090886498838e+00
4.673428826460130026e+00,9.132106466598155947e+00
7.464505828458598558e+00,6.914880271902680064e+00
6.791925631625776560e+00,7.449193215399768420e+00
7.065630196049990985e+00,7.231772011085811691e+00
4.108821388445274003e+00,9.580601099006397448e+00
6.566792103579475182e+00,7.628055574134850580e+00
6.166716815133717056e+00,7.945843571422281926e+00
4.190205866179926630e+00,9.515978432002812681e+00
7.003476290779307334e+00,7.281156458473296844e+00
8.709848785269466376e+00,5.925600533747238607e+00
7.878248678103380698e+00,6.586249777568832009e+00
7.374635011493207770e+00,6.986279785398574305e+00
8.718179375128235264e+00,5.919001700598382598e+00
6.154016525933829307e+00,7.955927536660261090e+00
4.627436647308417861e+00,9.168649209213956652e+00
6.814017116624013326e+00,7.431639890120471215e+00
8.023300687398620568e+00,6.470992366882019731e+00
8.448672326133001675e+00,6.133111378692773563e+00
6.574120459500945479e+00,7.622224169675698491e+00
9.472373128925163144e+00,5.319881334010154283e+00
8.895668317493516497e+00,5.777993341110009062e+00
9.883280316119009257e+00,4.993449350030902067e+00
5.971569411051257603e+00,8.100857388845483342e+00
4.811523844755490664e+00,9.022380961102795638e+00
4.133211414009051232e+00,9.561242185644161395e+00
8.422242315953845093e+00,6.154085682100719268e+00
9.632128133000041004e+00,5.192959087292474685e+00
9.931627779015347102e+00,4.955055216861740774e+00
9.697809827708180563e+00,5.140787848783415548e+00
5.155416403555220128e+00,8.749195075959281809e+00
9.199897087822742847e+00,5.536345801564468871e+00
6.037512662107089589e+00,8.048495058123751988e+00
4.818636871126253496e+00,9.016739463861599191e+00
4.122099130552081547e+00,9.570080340441045053e+00
8.259009969071160029e+00,6.283738927691213227e+00
8.462395801470151468e+00,6.122181490827830252e+00
9.619752257967805420e+00,5.202795904482246492e+00
9.223254987092797563e+00,5.517792649857704568e+00
5.936536076070304091e+00,8.128693066036063897e+00
6.406613663853846674e+00,7.755280733671437332e+00
5.613902335766505658e+00,8.385002249674174735e+00
4.521561232599668578e+00,9.252757937734410021e+00
9.229244681804402717e+00,5.513016015990015006e+00
7.748305593237875044e+00,6.689464775339966529e+00
8.261207239723139750e+00,6.282030506040016782e+00
4.772513622348427909e+00,9.053404249800268033e+00
7.380818780119422939e+00,6.981374105727402579e+00
7.385965190716623496e+00,6.977276059798068530e+00
9.580100359807051547e+00,5.234306303429962171e+00
5.762810612075345063e+00,8.266726684082550847e+00
4.371866553939420363e+00,9.371642241262316375e+00
9.174148271435624835e+00,5.556774367470918463e+00
9.322043330183298337e+00,5.439310420214992448e+00
8.083881861121893664e+00,6.422864137861659550e+00
7.574263217957268424e+00,6.827713325521258980e+00
9.388719840031019004e+00,5.386313216921472247e+00
4.293921840745937857e+00,9.433581783032142454e+00
5.177190658014443336e+00,8.731898969401568067e+00
6.059702963301228706e+00,8.030873724578102113e+00
8.826145714435675416e+00,5.833219832805480287e+00
5.701853044183129882e+00,8.315152312303913718e+00
7.979468033846612407e+00,6.505821725077551854e+00
9.671424613719567631e+00,5.161763771029431069e+00
7.879427653349333482e+00,6.585278970457302705e+00
6.689915791933330524e+00,7.530230940547439467e+00
5.064657747070896221e+00,8.821328209110513185e+00
5.168042260243370656e+00,8.739179978686717476e+00
6.243450198009520946e+00,7.884873059193735045e+00
5.494574150023415982e+00,8.479778879492760879e+00
6.528506366657153670e+00,7.658443352360582601e+00
5.973595218959701469e+00,8.099249005276822899e+00
8.107389034820943863e+00,6.404212468384476331e+00
4.651724832713630242e+00,9.149350418170188348e+00
7.988366106879576378e+00,6.498750173579909806e+00
8.490384323739913697e+00,6.099949039512689630e+00
6.286097757702104438e+00,7.851029380452647644e+00
6.949235392234975883e+00,7.324240567211318442e+00
6.460947694097706417e+00,7.712096793631333824e+00
9.640611637296085945e+00,5.186245881704921956e+00
8.984895834703110040e+00,5.707135636391657663e+00
7.104736620332393393e+00,7.200703984540748337e+00
6.033835103600397431e+00,8.051417047704541474e+00
9.610580664766363412e+00,5.210073637606427610e+00
7.432972032161308640e+00,6.939937069621927357e+00
5.473727071641684816e+00,8.496370682522014661e+00
5.361996607466321230e+00,8.585117367621291962e+00
5.457110516717369464e+00,8.509565197623876642e+00
4.414779380483793148e+00,9.337551977463089514e+00
8.704841674343406055e+00,5.929606082271646095e+00
8.934917116033659568e+00,5.746839130178497790e+00
4.339677706156046533e+00,9.397214417275643328e+00
3.917679060802151891e+00,9.732447469726110967e+00
4.669490555123888775e+00,9.135225423353306340e+00
5.406893543625102438e+00,8.549423119119838432e+00
7.025556567388771434e+00,7.263602103422919676e+00
6.906640710535715932e+00,7.358049625572687269e+00
7.770734157841564738e+00,6.671655343717159070e+00
6.218270339891066811e+00,7.904889986518719880e+00
6.381177239256650147e+00,7.775503474967543127e+00
5.900405448112440610e+00,8.157405132416661431e+00
8.206818889541320772e+00,6.325224225397354516e+00
6.703069962591985842e+00,7.519765010375174974e+00
8.878585321398094976e+00,5.791593545063185466e+00
4.537410518833576489e+00,9.240158778925852801e+00
5.431190677614475604e+00,8.530160305908237817e+00
6.165705622224464832e+00,7.946655299769454395e+00
4.395495544301472712e+00,9.352893266157400021e+00
9.343367639205276021e+00,5.422359591169756854e+00
6.786691452652455325e+00,7.453369358884437190e+00
9.207797481915278581e+00,5.530046760308904297e+00
7.255869165164676282e+00,7.080639055434116536e+00
8.532480989347387634e+00,6.066525437113070574e+00
8.055406100389097546e+00,6.445499426561120515e+00
5.504090967446831684e+00,8.472243152060739746e+00
8.508111496917617700e+00,6.085892394007843542e+00
6.806826737464373167e+00,7.437339078387324776e+00
8.171765693932545815e+00,6.353048476704357128e+00
4.830705445309586565e+00,9.007160169142796491e+00
7.834510629084070032e+00,6.620995659223222418e+00
8.427776086977406322e+00,6.149689688784235386e+00
4.855798388288575573e+00,8.987244886487216533e+00
5.249122406501633087e+00,8.674757300067565069e+00
8.090246703368318748e+00,6.417830841720325807e+00
6.245265170041532699e+00,7.883457404182727224e+00
4.823879499143120420e+00,9.012575543297456804e+00
6.670300612696346221e+00,7.545787416624823329e+00
5.735081402010550278e+00,8.288723931362401487e+00
4.836101841206344787e+00,9.002859364249522045e+00
4.984685045737787590e+00,8.884822041986176089e+00
5.239287697286034273e+00,8.682599885989857214e+00
6.102208109926075430e+00,7.997097556041402378e+00
9.889626176937621693e+00,4.988437260161981079e+00
7.343464437027469316e+00,7.011073306136923478e+00
6.601155600834765380e+00,7.600719909461629342e+00
7.496051331309628196e+00,6.889844652576046613e+00
9.361391210099114346e+00,5.408047776937281448e+00
4.656252070289085054e+00,9.145733420319167806e+00
5.677568647011944414e+00,8.334400972507053140e+00
4.304409534817287053e+00,9.425221182325341118e+00
7.464053978123773803e+00,6.915250967475549793e+00
9.415871708362615777e+00,5.364771080317979113e+00
9.424188423239211687e+00,5.358151936043133112e+00
9.790027438710019680e+00,5.067552455347230200e+00
4.118855674901157116e+00,9.572663416067431541e+00
6.079968774771518980e+00,8.014765782591387833e+00
7.568760091211965246e+00,6.832086315455466519e+00
4.582329407866338578e+00,9.204459043631839421e+00
9.668701856104323866e+00,5.163914574027294258e+00
7.310096466406049487e+00,7.037575453038916962e+00
9.910796847135440402e+00,4.971599420747863540e+00
5.361739699006571769e+00,8.585328279239806903e+00
6.561937461564325780e+00,7.631893721192772873e+00
4.694343667546393206e+00,9.115497006133406188e+00
5.667420275877045555e+00,8.342463806972260087e+00
7.350867333005847826e+00,7.005160522443683924e+00
5.594899298863364123e+00,8.400084738291312192e+00
9.953208572406616383e+00,4.937906205886908317e+00
8.478897652960050380e+00,6.109100973427425529e+00
9.963730157544608446e+00,4.929560902234157993e+00
9.045698017251062595e+00,5.658820180656814358e+00
7.560688436362889675e+00,6.838508965572180465e+00
5.575746842252621960e+00,8.415298503306528843e+00
5.605552531383676929e+00,8.391649712916979809e+00
8.189406114684677718e+00,6.339034609401941189e+00
6.710662267564778460e+00,7.513764287105499484e+00
4.139484721789401966e+00,9.556246612630385329e+00
7.051315888711944702e+00,7.243119395259432380e+00
6.387884243480895563e+00,7.770137978113437427e+00
7.348071535203802185e+00,7.007389649657767450e+00
4.755420125441413681e+00,9.066985000541460948e+00
8.658767854664075614e+00,5.966176102152363825e+00
6.014986009509403431e+00,8.066380669922621038e+00
7.456239315752386076e+00,6.921475918573353425e+00
9.471675882213157038e+00,5.320420438911065197e+00
5.552946175950957297e+00,8.433408808511559940e+00
7.683998333186218943e+00,6.740535969097078528e+00
6.332075993441796058e+00,7.814510878495543267e+00
5.162023326715637239e+00,8.743986316643168166e+00
7.519275649250852567e+00,6.871409940689353846e+00
5.339106013999781020e+00,8.603298365838549344e+00
7.397228886307569695e+00,6.968327746194590055e+00
6.164505071400022018e+00,7.947603478080907280e+00
7.636763189885971137e+00,6.778040673628194845e+00
9.711499304096353313e+00,5.129916496166470274e+00
7.374055354585681954e+00,6.986772880113971240e+00
6.732704600284336038e+00,7.496213759025788903e+00
4.265044339161869758e+00,9.456492442354834438e+00
9.618562269086268657e+00,5.203735190705007341e+00
5.002468646502445715e+00,8.870705529299186765e+00
7.370182326640311032e+00,6.989849136078304603e+00
7.302321765729905323e+00,7.043732686653869202e+00
6.266501081789014549e+00,7.866571968808766968e+00
7.464343569983729054e+00,6.915031760657159410e+00
5.674494443477116512e+00,8.336843663190915521e+00
9.171628021012704579e+00,5.558795143580601561e+00
8.677750133983037628e+00,5.951106162198977145e+00
9.134546729796134912e+00,5.588220102463484551e+00
7.386530930988096877e+00,6.976829385124096561e+00
6.869702244158339965e+00,7.387421605320381168e+00
7.315409179756795055e+00,7.033337650385052875e+00
9.076337478650124524e+00,5.634487578102229222e+00
9.707654926992077549e+00,5.132984328754822911e+00
8.244915304059379224e+00,6.294932401904990371e+00
5.483243436513340896e+00,8.488798468080776871e+00
5.693491052225766680e+00,8.321787622460226075e+00
9.366322107170470090e+00,5.404100888453504226e+00
5.012274326271679570e+00,8.862918976747980793e+00
8.501791751125464813e+00,6.090904699414855905e+00
4.496099695354712544e+00,9.272966910581779132e+00
4.882185128959379838e+00,8.966271797977885427e+00
9.939386356466348715e+00,4.948894532096969279e+00
7.408435783815723319e+00,6.959447428703164462e+00
4.871268720058730572e+00,8.974923728600018080e+00
6.560071913750268990e+00,7.633377151464198818e+00
7.145669475987176611e+00,7.168173236814451954e+00
6.078357224985247775e+00,8.016060556420887551e+00
4.271763263377249764e+00,9.451180343983981658e+00
4.359865714709870055e+00,9.381184441675264551e+00
5.015180064388144565e+00,8.860621518117747897e+00
9.746347631678606405e+00,5.102255243702080278e+00
4.155328634055146075e+00,9.543653544206087247e+00
4.107691561883333620e+00,9.581512868799920923e+00
9.034167055111820943e+00,5.667984887605848066e+00
9.952526529178957304e+00,4.938433752420212208e+00
7.967032008807420240e+00,6.515679938347385125e+00
4.297796201576560726e+00,9.430487244017101034e+00
8.827370506863399413e+00,5.832238769546131962e+00
5.372339059604447797e+00,8.576871557437950599e+00
4.664149040128354962e+00,9.139489423406379487e+00
6.952661633074384895e+00,7.321504874979971156e+00
5.901576994362050854e+00,8.156478450155821847e+00
6.393727037819306069e+00,7.765522755270216848e+00
4.351478683419913729e+00,9.387845295949382773e+00
8.390973677378479323e+00,6.178928994935701802e+00
8.023307514660762862e+00,6.470992912299698752e+00
4.073260144988564591e+00,9.608868628444175997e+00
9.734299017686412370e+00,5.111795653213166091e+00
7.779940336199083539e+00,6.664326165196239771e+00
4.805794811984258175e+00,9.026950677710287252e+00
7.066787396808074107e+00,7.230827121887940301e+00
7.543285951837358283e+00,6.852322537073406217e+00
7.783862448843159143e+00,6.661193688370135924e+00
4.874953102301978980e+00,8.972016967012208966e+00
6.571689605491005892e+00,7.624137479324849309e+00
8.319354163858498907e+00,6.235833068017460512e+00
8.245923176641603902e+00,6.294166908675990157e+00
8.231979973815898077e+00,6.305228186813531366e+00
9.514066522529109449e+00,5.286748511233016146e+00
9.791894139663005703e+00,5.066054991422837439e+00
7.726815551218908062e+00,6.706531528371131756e+00
7.003816900566090631e+00,7.280874756000399906e+00
6.648741999122123048e+00,7.562944427437667372e+00
5.306499269206683245e+00,8.629185363291817623e+00
5.946274464972923113e+00,8.120966502750052385e+00
4.518100197397560081e+00,9.255489307630824669e+00
7.955220580751191761e+00,6.525098700544879726e+00
9.207511180959620845e+00,5.530295000479367395e+00
9.499588374075603525e+00,5.298245390437612556e+00
9.574337191176974571e+00,5.238894535519593276e+00
4.096260393552703327e+00,9.590581317204515344e+00
9.722684651609124984e+00,5.121019634798095410e+00
9.297890018455403194e+00,5.458486680622967491e+00
5.562428765067664926e+00,8.425895599845258488e+00
8.558881364940100767e+00,6.045551012809487368e+00
8.542065626087966379e+00,6.058880240210288370e+00
9.251776252511035636e+00,5.495120248680279040e+00
9.758726785037783458e+00,5.092415209525096742e+00
9.038603484864374593e+00,5.664479131782399257e+00
7.103859728536190410e+00,7.201372839532472092e+00
4.707586851531083916e+00,9.104942075616412112e+00
8.818268777012164605e+00,5.839480512055396311e+00
9.684443603542295165e+00,5.151421395238685363e+00
5.957809430113025329e+00,8.111821152020745274e+00
6.825550068113424018e+00,7.422485435112636587e+00
6.894675485319590180e+00,7.367562879253320318e+00
9.258061528793982475e+00,5.490136540647359453e+00
6.588406669396109194e+00,7.610868665164715274e+00
7.686108745146544408e+00,6.738869446903472671e+00
6.093661731771176093e+00,8.003878150679112125e+00
3.929170970093596171e+00,9.723320437720827769e+00
9.582068762017566854e+00,5.232735440099381741e+00
6.211925731367810677e+00,7.909915155223620431e+00
4.017985642464982909e+00,9.652782754749914318e+00
9.104401293061378908e+00,5.612204542476399993e+00
7.213537878399420400e+00,7.114278770327093326e+00
3.939084761967956094e+00,9.715468725215156809e+00
6.589924347118000014e+00,7.609648148548773250e+00
8.106205814896636497e+00,6.405163207797166969e+00
7.183271179333942769e+00,7.138299553925594232e+00
8.400799327877480849e+00,6.171111059380736563e+00
9.878227451893454969e+00,4.997468492054016664e+00
9.872348366402921016e+00,5.002143903693398563e+00
4.789049538061643574e+00,9.040267569755235044e+00
5.096746150491596516e+00,8.795816471429013461e+00
6.083792032122163462e+00,8.011736234236318310e+00
9.812288616838989341e+00,5.049837628112402221e+00
4.967309710606535589e+00,8.898659665876772706e+00
8.343117378663446715e+00,6.216924633797661137e+00
8.866382664115127099e+00,5.801275299335188151e+00
4.343899618623413339e+00,9.393880495876333114e+00
4.230392400509621176e+00,9.484058152578592527e+00
8.047826221202610597e+00,6.451533565642828094e+00
7.502727093266459590e+00,6.884542830135663927e+00
6.088848202193421599e+00,8.007726995505954903e+00
8.314109905851708504e+00,6.240005477407724044e+00
6.593161446446113239e+00,7.607099322142933495e+00
7.201338806174753415e+00,7.123969610335935343e+00
7.717395239001854534e+00,6.714016146559762532e+00
9.459958752504293855e+00,5.329759426790043442e+00
6.610507587395266782e+00,7.593324917978023336e+00
9.601207035910221066e+00,5.217513962428625973e+00
9.686003990475397174e+00,5.150172282821490199e+00
5.908869710546596821e+00,8.150697399291246370e+00
3.938535437313634091e+00,9.715899847358500097e+00
8.767726470188595300e+00,5.879627738335772236e+00
6.536651657232035006e+00,7.651975849884929737e+00
7.258753573474121978e+00,7.078350391617579618e+00
8.437559731934083374e+00,6.141915456186989530e+00
4.339641215977090738e+00,9.397251458615201614e+00
7.471441653219146772e+00,6.909404852551552345e+00
9.064748750921154397e+00,5.643708551708951582e+00
7.966274312163932336e+00,6.516323911463222984e+00
5.819496758017399962e+00,8.221692608811022041e+00
6.424581748513769064e+00,7.740986805920853087e+00
6.409908366745973751e+00,7.752643814460173921e+00
8.682706713323057102e+00,5.947189368784027153e+00
6.223385836190677090e+00,7.900821339283451650e+00
6.731913466834509308e+00,7.496871822219712378e+00
8.275862240415694515e+00,6.270362615575321819e+00
9.425738727306097076e+00,5.356902781450388673e+00
9.336733119556850369e+00,5.427606757128751624e+00
6.158805997613060690e+00,7.952141172361859134e+00
9.177331016145810594e+00,5.554263396128232166e+00
4.202933375616376921e+00,9.505840379739026957e+00
8.871502258944829578e+00,5.797192339725030230e+00
9.250693531326213304e+00,5.495970760861677462e+00
6.598585081714183787e+00,7.602782650408618004e+00
4.155037864851036211e+00,9.543899220747540824e+00
6.958844047851506787e+00,7.316589306182342156e+00
5.146071470910252188e+00,8.756627156357790653e+00
7.548140634978153685e+00,6.848459172350623625e+00
5.893154362905978161e+00,8.163152325187489566e+00
9.256353805481019492e+00,5.491499870567263741e+00
4.851054765843493932e+00,8.991014169011906532e+00
9.849357169428268222e+00,5.020421341791854175e+00
5.790697692685863984e+00,8.244559708011397703e+00
6.946939869639795262e+00,7.326034501315022318e+00
6.070252301946558404e+00,8.022483685399537379e+00
5.402276134074829095e+00,8.553121906516150119e+00
5.795680002966673072e+00,8.240574363595888130e+00
9.554958576269559245e+00,5.254272942875352292e+00
9.422298802247169647e+00,5.359647917993600963e+00
5.401917070778683438e+00,8.553390241626232182e+00
5.766208939171962200e+00,8.263995337230241489e+00
7.134949774620245933e+00,7.176691537126705711e+00
7.617902379193841611e+00,6.793043250633417074e+00
8.307917677929136602e+00,6.244887034665568493e+00
7.669735289016681890e+00,6.751877301627545513e+00
5.024579387959342114e+00,8.853156700602188067e+00
7.398184508042546348e+00,6.967568806073037635e+00
8.300797017071879225e+00,6.250542785972625026e+00
5.484782660128445286e+00,8.487583362735046322e+00
6.010342392699794090e+00,8.070056589823746407e+00
7.982706902696636853e+00,6.503257622079813061e+00
5.782301174501212060e+00,8.251212637203666489e+00
6.770657226990735467e+00,7.466075408021162652e+00
5.562581451500702379e+00,8.425783762900822538e+00
4.803322373495705122e+00,9.028898132948638633e+00
4.663019178334720571e+00,9.140357248729657158e+00
4.504771957904695867e+00,9.266072980291147232e+00
5.227798071496367882e+00,8.691695627844852723e+00
9.758229916667559678e+00,5.092813992796176414e+00
7.034669495726087796e+00,7.256370516207761412e+00
5.792882572289403953e+00,8.242806836050094788e+00
5.569410159989843123e+00,8.420353757321178634e+00
4.345424100436493298e+00,9.392644098500166905e+00
3.907275046136010399e+00,9.740723009138926969e+00
9.900694949846268855e+00,4.979616520103851585e+00
8.618612234986841258e+00,5.998094307563460958e+00
9.862991085818368475e+00,5.009584694717699627e+00
9.573801376433276999e+00,5.239287632281754981e+00
7.844969449894324320e+00,6.612670702432084546e+00
7.116185377068021012e+00,7.191618217487231846e+00
8.455818809665089475e+00,6.127397792846259073e+00
4.504919390409801494e+00,9.265940630553219037e+00
4.980954900560212728e+00,8.887816587896036680e+00
6.635757664902236286e+00,7.573267703479586110e+00
5.636721418005308237e+00,8.366861024332857610e+00
8.697240255958860189e+00,5.935638804341670571e+00
9.689270561364239143e+00,5.147556433621570449e+00
4.124199111127270001e+00,9.568420086882829523e+00
4.681608654550239557e+00,9.125580658156851044e+00
7.336314214765186748e+00,7.016715228489228018e+00
9.341054132448187275e+00,5.424181742960850094e+00
3.970298493141349194e+00,9.690670309867634558e+00
4.258180763858934625e+00,9.461946738869656315e+00
8.654426100939048183e+00,5.969645507147616215e+00
6.078874721322069519e+00,8.015646038544176122e+00
4.635368915303820003e+00,9.162349499237571138e+00
5.053810405554189700e+00,8.829917274490140855e+00
8.150460886504038882e+00,6.370006801756679771e+00
5.647374562349659399e+00,8.358393805550186073e+00
5.069562243153710845e+00,8.817434843102848419e+00
6.529738834112736257e+00,7.657477451722093598e+00
3.948904378292914075e+00,9.707657159624453413e+00
7.014548605565495976e+00,7.272338283498481104e+00
4.726764775892240422e+00,9.089731710366500295e+00
6.943782726978017905e+00,7.328568146214469614e+00
3.892570669579236142e+00,9.752388337750101499e+00
9.782159092772641173e+00,5.073792958319923052e+00
4.006746874176779549e+00,9.661704259940320227e+00
8.865846761048452151e+00,5.801714183809909997e+00
6.833907888633684813e+00,7.415852527207447586e+00
7.116512890592895602e+00,7.191355005788842902e+00
9.647192836622881629e+00,5.181014007894230389e+00
6.228032861443579371e+00,7.897154173342975092e+00
5.713722200647390892e+00,8.305723526924108313e+00
8.994805782573862984e+00,5.699270539487114817e+00
9.299620119403909868e+00,5.457120506878309740e+00
7.418269434301629772e+00,6.951651046374392351e+00
6.695110845641247366e+00,7.526092630721247012e+00
6.406752495309093298e+00,7.755178557756224222e+00
5.257113451621489020e+00,8.668444751620471678e+00
3.914888091626860689e+00,9.734692162695095519e+00
7.298106245337029563e+00,7.047091963574615647e+00
4.017515002117426626e+00,9.653137290497978640e+00
5.331052926770697198e+00,8.609708339070721195e+00
8.317288443270872023e+00,6.237469500901222652e+00
6.225613592948333164e+00,7.899067567920739386e+00
7.267273571370166607e+00,7.071598215459451886e+00
8.261901683500934013e+00,6.281465036886609177e+00
3.948993274242607932e+00,9.707560321093515299e+00
5.907351271254935199e+00,8.151874080301496406e+00
7.220366011544868456e+00,7.108851962977285943e+00
8.972959486426125508e+00,5.716608099881055338e+00
4.363074379117999335e+00,9.378640197153664815e+00
6.655254395983469351e+00,7.557781234825880823e+00
5.003760189962488170e+00,8.869675582816562098e+00
9.460452290352353799e+00,5.329328908708288459e+00
6.401000008070168334e+00,7.759716005043046039e+00
8.030236380984650424e+00,6.465474244679970006e+00
8.972489881620308694e+00,5.716966155365633462e+00
4.594430864788261459e+00,9.194851840694269640e+00
6.229639395811294555e+00,7.895851266693279413e+00
6.406750190214298257e+00,7.755160019060205912e+00
6.718320261531008697e+00,7.507640780823981785e+00
9.032868601871310688e+00,5.668993157985333653e+00
7.168540738613843111e+00,7.150025185287747220e+00
5.289329757734439141e+00,8.642839234691605199e+00
8.024566196867393586e+00,6.470001150512575627e+00
8.724311727763840452e+00,5.914136987001358925e+00
9.342866762516738532e+00,5.422756767576331960e+00
9.280255536980018150e+00,5.472485253129308447e+00
8.771682673236993466e+00,5.876498015704943789e+00
7.575975036904420534e+00,6.826343239669137475e+00
4.237045305633425407e+00,9.478742759721082933e+00
9.494411551766509305e+00,5.302378122368597957e+00
9.019091539435070359e+00,5.679974494480233282e+00
3.994162197156217786e+00,9.671699372482509105e+00
5.973992844686228487e+00,8.098965868950440239e+00
6.031796854585579126e+00,8.053025936588474210e+00
5.104665043040009564e+00,8.789541284328976189e+00
7.052268664325608505e+00,7.242360496403431824e+00
4.211387904564431572e+00,9.499120658327738553e+00
7.637462117986213883e+00,6.777494329405854501e+00
9.877776949057338385e+00,4.997838740997860185e+00
7.461479462211449309e+00,6.917306400520638832e+00
5.552642803002160399e+00,8.433659227176672601e+00
7.142345126243501596e+00,7.170817680346892153e+00
8.874432442929743203e+00,5.794880432321157571e+00
6.884842583353297130e+00,7.375362472954750004e+00
6.585067489820831454e+00,7.613516640389424772e+00
7.061056843599761379e+00,7.235391647046768071e+00
6.942427365705905018e+00,7.329648204720881743e+00
7.784399826705211467e+00,6.660801548433738617e+00
8.768339137350661616e+00,5.879173311343975250e+00
3.947041647059715164e+00,9.709111210631711231e+00
7.761754356124052734e+00,6.678790578520683141e+00
6.846064363973521694e+00,7.406170366028481666e+00
3.882954496370345954e+00,9.760055470051304027e+00
8.240590870811228541e+00,6.298397204808499517e+00
7.585080700432866863e+00,6.819134185798180425e+00
5.308658113146614177e+00,8.627475293740912932e+00
9.460148530591968807e+00,5.329606158032244245e+00
6.170800039552334582e+00,7.942596616391329967e+00
4.607612545910384938e+00,9.184402490685179998e+00
9.944250886622281627e+00,4.945007864062149316e+00
4.426523414258536349e+00,9.328222005582302856e+00
4.880511658969345135e+00,8.967576088347479768e+00
8.917332453867572895e+00,5.760773978926839511e+00
9.051973712589941101e+00,5.653855962459012119e+00
7.247636123257542806e+00,7.087183228497582199e+00
6.737836436294529108e+00,7.492143439924521253e+00
7.056540411871569773e+00,7.238967749104552318e+00
9.130303559068490671e+00,5.591595606691926790e+00
7.430993629965160885e+00,6.941535129628156220e+00
5.225518486141629282e+00,8.693523202035192909e+00
6.527156610369347689e+00,7.659529630507385001e+00
