5.014081025751943033e-01,8.652109083526882127e-01
4.025242679058814166e-01,9.154093255909353521e-01
3.730752439602188497e-01,9.278010571308973331e-01
3.794549884388299099e-01,9.252101437303862363e-01
5.342528831028149350e-01,8.453248080253765728e-01
4.835568477846131641e-01,8.753131141343345467e-01
4.993363163417915418e-01,8.664080790551916822e-01
7.539458061517605447e-01,6.569368718552454078e-01
7.487451327644973897e-01,6.628582745344220317e-01
5.041468688843360191e-01,8.636181194636313174e-01
5.088767172352594015e-01,8.608396010124167441e-01
4.067445411546193323e-01,9.135420958020954441e-01
7.477062988057738835e-01,6.640298825414160389e-01
3.692159292369540102e-01,9.293434827641701146e-01
5.105088592369668721e-01,8.598722688550097804e-01
4.329451526011642848e-01,9.014200617754941636e-01
6.393882172999117985e-01,7.688843944556551513e-01
4.977052268470149032e-01,8.673465127108859196e-01
3.859537669085500999e-01,9.225179085386612243e-01
4.938447914953327800e-01,8.695497128472403636e-01
7.434931021968342879e-01,6.687430435835675091e-01
7.506560971695278583e-01,6.606937986962606590e-01
7.487536592956937076e-01,6.628476952631910946e-01
4.460282963868883455e-01,8.950184534185465779e-01
7.482977965610042581e-01,6.633636390857704512e-01
3.669263988961812828e-01,9.302503232684338208e-01
4.059023385608195866e-01,9.139168533364884217e-01
4.210893497881794678e-01,9.070187418604158669e-01
3.671333318885097174e-01,9.301679487556285819e-01
4.985309754527970094e-01,8.668724241901416550e-01
7.616334371713938678e-01,6.480072228438656934e-01
7.486641033553488311e-01,6.629486422646818644e-01
2.515879282529227545e-01,9.678341504536968065e-01
5.120135753094513520e-01,8.589767521042120935e-01
4.834719118588577391e-01,8.753592543896939748e-01
4.979764397028255685e-01,8.671898616132498461e-01
4.977444744149529532e-01,8.673230212150296881e-01
4.644905675853994720e-01,8.855773878800440313e-01
4.163026971262274167e-01,9.092254629991540771e-01
4.992876429216500656e-01,8.664370503227469822e-01
4.995697469963206183e-01,8.662729063927063766e-01
7.393501660089670802e-01,6.733199855152139923e-01
5.036062782524466375e-01,8.639340617712271131e-01
4.995307616887957325e-01,8.662969277788769018e-01
5.333098058385973284e-01,8.459208394860209257e-01
3.852840118052895946e-01,9.227986638858669544e-01
7.456514919969758903e-01,6.663349369022890656e-01
5.016817552650638667e-01,8.650514289881860996e-01
5.005637167782360786e-01,8.656988416559172617e-01
4.985954724796151094e-01,8.668356604217251071e-01
4.964392409264233308e-01,8.680723494698877607e-01
3.942980879498246827e-01,9.189832983427573820e-01
7.475283809568895599e-01,6.642284786959662402e-01
7.897359375888144406e-01,6.134454535354055826e-01
3.680582050727480570e-01,9.298034507221834000e-01
3.803984173106325084e-01,9.248234530607015724e-01
3.739818121960013508e-01,9.274353026732994332e-01
4.997305571103614064e-01,8.661799220676967836e-01
4.572242904837116040e-01,8.893504488662584695e-01
4.043185634291930342e-01,9.146191077315544149e-01
5.000821161772122103e-01,8.659768954981842404e-01
7.474328975385708951e-01,6.643356442693323372e-01
3.892035490124960972e-01,9.211508567529717029e-01
3.898334069652201750e-01,9.208863457665064089e-01
5.312820995529123902e-01,8.471962807858512967e-01
4.999022156216136881e-01,8.660806093111886872e-01
5.308680808226224901e-01,8.474558109143484064e-01
3.785038405903534686e-01,9.256006766665187957e-01
3.666630251294873410e-01,9.303528880033715698e-01
4.998343357338593806e-01,8.661197563973503932e-01
4.989285395344305596e-01,8.666418544358633902e-01
3.723107577532460133e-01,9.281071577525908944e-01
4.932856216596214205e-01,8.698661010903608881e-01
7.482425285397733550e-01,6.634273100483056851e-01
7.485975954842102320e-01,6.630225744853044390e-01
3.746612842618047279e-01,9.271607235340255659e-01
5.039626096239635533e-01,8.637268741059991317e-01
4.876328818253060082e-01,8.730501619985315820e-01
7.543887587727964306e-01,6.564300793934420009e-01
5.381558971881725828e-01,8.428468719744167670e-01
4.926345469275186240e-01,8.702377240790752921e-01
3.553194947002736859e-01,9.347438813266834012e-01
4.974466422862182657e-01,8.674931237401766193e-01
4.890249675536124663e-01,8.722683457202647928e-01
6.609850367836966889e-01,7.504010523908609676e-01
5.042451885385115240e-01,8.635620530837452291e-01
7.514835476183218121e-01,6.597495481076912638e-01
4.989005272024463200e-01,8.666577396183444693e-01
4.986590704015081421e-01,8.667997368945611347e-01
7.359600292380010789e-01,6.770272500979068742e-01
5.035031174029870327e-01,8.639949565136821885e-01
3.757677084053533401e-01,9.267127314692901185e-01
5.195147991417571331e-01,8.544630542204249002e-01
7.507883071932707209e-01,6.605405742429127924e-01
5.114555098026483115e-01,8.593081572339664742e-01
6.766060748622646503e-01,7.363430316834479461e-01
7.335943029168213725e-01,6.795900155913315865e-01
3.727363372968002242e-01,9.279360697069902741e-01
5.006767120059785192e-01,8.656360021753286560e-01
4.999389720207877419e-01,8.660589862352210400e-01
4.443115420630051604e-01,8.958738391778984234e-01
4.650561808998375790e-01,8.852795781636744188e-01
5.060913112110047019e-01,8.624816380542197347e-01
5.044949024056176734e-01,8.634129274425138556e-01
3.856739387917847428e-01,9.226364872634473802e-01
5.018503417094291041e-01,8.649526693434598235e-01
5.010307992882589989e-01,8.654312584581346224e-01
3.816876529237317461e-01,9.242927978065047512e-01
7.479354759915367579e-01,6.637686174416965734e-01
5.750834906211377273e-01,8.180925151234662573e-01
3.669703321106752014e-01,9.302312303893460754e-01
7.621324723724541839e-01,6.474240884609482327e-01
4.905111853892601403e-01,8.714329755176591918e-01
5.483076597026937948e-01,8.362788635353252120e-01
4.991351039968134895e-01,8.665261634355827525e-01
3.511309985073501894e-01,9.363249399797033412e-01
5.892169283261561308e-01,8.079772436536192259e-01
3.908647513902225867e-01,9.204497471711797774e-01
3.791542144362743949e-01,9.253350738993333380e-01
4.803317813207720333e-01,8.770848725033204563e-01
7.471794166465564047e-01,6.646255012595686518e-01
4.965593469980071895e-01,8.680006802143795941e-01
6.057750636718597370e-01,7.956333670674416991e-01
5.127389821517754909e-01,8.585467532278803215e-01
5.014175994775081913e-01,8.652075677436441570e-01
3.736294606674936403e-01,9.275796586106785924e-01
7.481008446494057385e-01,6.635818071842357613e-01
5.023437124080312177e-01,8.646658386019949738e-01
4.126080336845919794e-01,9.109068716944604960e-01
4.977835399136120165e-01,8.673034759072969502e-01
7.549886582662139745e-01,6.557411760881683982e-01
3.696845635401126984e-01,9.291556879292958149e-01
3.786800506180667547e-01,9.255259582285729758e-01
5.162141140621131497e-01,8.564572393652183369e-01
5.390224529399636477e-01,8.422889421074866156e-01
4.960420657108312037e-01,8.682962033336965035e-01
2.213273188365072197e-01,9.751985566232862501e-01
4.415478525734566340e-01,8.972356560462042552e-01
5.007249551744551441e-01,8.656041213381376886e-01
4.757675812386544800e-01,8.795688082649357753e-01
4.992526503306580210e-01,8.664588034780558168e-01
5.297116082196378084e-01,8.481803384456151340e-01
7.417026921976941356e-01,6.707323539248639666e-01
4.875304547948879352e-01,8.731036281618285155e-01
5.014917694356073596e-01,8.651648895595465127e-01
7.477625015556774724e-01,6.639699941250166715e-01
4.982477553808178916e-01,8.670322336483101688e-01
5.140900472375592445e-01,8.577387737767121489e-01
4.934433774438228837e-01,8.697803805087556128e-01
5.137151523099772188e-01,8.579582369778918638e-01
7.475637030533796024e-01,6.641938565776246417e-01
3.749522122286800263e-01,9.270460185309589152e-01
3.729879470727129886e-01,9.278380766070070118e-01
4.366831916309608097e-01,8.996175817926281848e-01
3.858570361919402836e-01,9.225566190143655865e-01
4.755057855303954084e-01,8.797101580037358648e-01
7.497813542388986896e-01,6.616818177180493477e-01
5.035424829154324655e-01,8.639678768422807131e-01
4.093762746849717304e-01,9.123635255089557194e-01
4.987126083375130192e-01,8.667700030485292473e-01
7.527788977268692339e-01,6.582774441924648112e-01
4.972790021442289321e-01,8.675933272915266059e-01
4.747381861242027656e-01,8.801245399725259322e-01
7.489173972457188189e-01,6.626674158272315429e-01
5.756134155525649554e-01,8.177250742038231213e-01
3.377373542802629691e-01,9.412422305438934433e-01
7.508672311694135626e-01,6.604572800659942455e-01
4.002447176786179117e-01,9.164104884942474438e-01
5.013305090724088364e-01,8.652531155557674492e-01
5.446446549747736565e-01,8.386639077880253534e-01
4.678291075486691875e-01,8.838163331643532628e-01
4.992979277345764855e-01,8.664275735154731706e-01
3.662936690532143102e-01,9.304972359293720574e-01
3.709934724462701228e-01,9.286375694980978368e-01
7.566166458921232962e-01,6.538630313494316892e-01
5.013491890321831734e-01,8.652421966057566305e-01
4.999290699730899457e-01,8.660692206546153349e-01
4.273266662411084882e-01,9.040948374447722591e-01
3.705693616636910326e-01,9.288069291901275282e-01
3.847405366223854983e-01,9.230225416105173331e-01
4.978686446846739555e-01,8.672553421156146136e-01
4.987923131421120315e-01,8.667186255257598448e-01
3.730845238273363673e-01,9.277951694086072898e-01
5.006587837663492024e-01,8.656417804700146101e-01
4.637563967948594712e-01,8.859655161891747399e-01
4.922332934024027384e-01,8.704603568329641883e-01
3.769603085725976577e-01,9.262271345795407562e-01
4.651459973340413834e-01,8.852311636966427866e-01
4.803809093930286878e-01,8.770570538926838466e-01
7.496962366119808152e-01,6.617775588589639435e-01
5.054235376880955588e-01,8.628683270953914075e-01
5.004100533665123418e-01,8.657854869916514762e-01
3.766979867798964654e-01,9.263384304596959939e-01
5.062453333061422978e-01,8.623863935939876102e-01
5.761654755963949714e-01,8.173294984887260473e-01
4.438726569967687552e-01,8.960926295169747702e-01
5.104515132067901639e-01,8.599097200351765169e-01
7.487251398399465963e-01,6.628852614480142957e-01
4.996719685248766085e-01,8.662178336526409339e-01
6.783116534618933713e-01,7.347700749694769939e-01
4.222389722269017653e-01,9.064819109105411998e-01
5.015725281797240864e-01,8.651124355985153613e-01
5.058335552638815180e-01,8.626278909553669605e-01
4.358192863004955453e-01,9.000369839005412098e-01
7.412585946291000427e-01,6.712147915991477642e-01
4.976895230420586014e-01,8.673584575592686585e-01
5.240369426924420537e-01,8.516989072480024570e-01
4.070661741437100467e-01,9.134012905171416952e-01
3.948071994942966567e-01,9.187614484075630195e-01
7.172577897704530692e-01,6.968125548645002221e-01
4.036933246687137711e-01,9.148970009125599878e-01
4.834578310467837481e-01,8.753708159711507397e-01
3.791821313723252596e-01,9.253245434172411299e-01
4.033661229877633092e-01,9.150360056729287539e-01
5.001154525579172283e-01,8.659620872997835228e-01
7.538258827342674273e-01,6.570691630263092442e-01
4.772673471259447631e-01,8.787549333987518807e-01
5.018071088711095751e-01,8.649761554038815081e-01
4.993693713554356872e-01,8.663925829285390456e-01
5.740798769019779257e-01,8.188032165884839841e-01
4.975734551618854473e-01,8.674184310348114213e-01
4.899150254278520356e-01,8.717735725055588691e-01
3.663498568323562687e-01,9.304797456967507374e-01
3.917023023642542956e-01,9.200892641161106944e-01
3.880650140809034365e-01,9.216292738791441730e-01
3.821407937157362822e-01,9.241014215812055621e-01
5.380622817839610939e-01,8.429088806211600948e-01
4.948472660302905002e-01,8.689834651615049310e-01
4.983038835297468605e-01,8.670059748684459944e-01
3.734529739430446083e-01,9.276464618642529247e-01
3.528984250140627665e-01,9.356641570868576840e-01
5.727978860896768554e-01,8.197007488546503851e-01
3.781482380191025783e-01,9.257423090651677455e-01
4.049788050544404494e-01,9.143290224586533288e-01
5.004774369804317891e-01,8.657459056222327476e-01
4.889717049765474055e-01,8.722960554177189296e-01
5.012670474859426406e-01,8.652963242824521783e-01
3.774485168198542517e-01,9.260277928368874090e-01
3.948421178591692837e-01,9.187519140521623884e-01
5.072108722933613700e-01,8.618182187932440508e-01
7.463773201529010359e-01,6.655285714417935594e-01
3.680428291387055628e-01,9.298115823996455642e-01
3.667191137595943173e-01,9.303344938749366078e-01
7.911349652287082979e-01,6.116355876840239292e-01
4.798390536263030803e-01,8.773528703474687829e-01
3.968960832158793250e-01,9.178665867740656292e-01
5.281769310574051524e-01,8.491302946100138804e-01
3.730058097597267475e-01,9.278261261044248309e-01
4.721227445238953546e-01,8.815364848326967540e-01
5.033886299282379628e-01,8.640562105608331489e-01
5.030946414207028150e-01,8.642274115036403526e-01
3.676703181174652002e-01,9.299590912980588708e-01
7.482704957915951027e-01,6.633996357411386935e-01
7.562048426361809295e-01,6.543289880693775595e-01
5.051131335558868285e-01,8.630491474457870904e-01
3.746430346858732330e-01,9.271721047564475127e-01
5.330523815708628765e-01,8.460779950191851251e-01
7.509098013311079622e-01,6.604107599325784728e-01
7.476621578363449316e-01,6.640852433746263772e-01
3.891723311187551548e-01,9.211618632363067771e-01
4.410605309475643110e-01,8.974738358917951908e-01
5.009917080954134905e-01,8.654561305317907127e-01
5.002867927525158631e-01,8.658557006914165965e-01
7.518254675646685037e-01,6.593560634755794014e-01
4.779404545890090783e-01,8.783883431018968402e-01
4.830370886535122477e-01,8.755959448955734636e-01
7.506538135231834996e-01,6.607019577142410061e-01
5.073818334219679649e-01,8.617171335652623609e-01
3.673102589400286666e-01,9.301015446946943044e-01
3.900082256313486262e-01,9.208081009756073909e-01
3.690600054209760006e-01,9.294024693459750353e-01
4.989767104897318006e-01,8.666111894434714857e-01
5.028998681651168923e-01,8.643404326494705803e-01
5.062874922514486453e-01,8.623690330403055437e-01
3.759993433945665320e-01,9.266167321274102475e-01
3.778680355499751120e-01,9.258626890668776310e-01
4.465219036442681366e-01,8.947765136754010085e-01
7.506345929887994206e-01,6.607111591817336205e-01
3.845518567513954711e-01,9.231000901851578178e-01
7.479587854642314459e-01,6.637387526345983613e-01
5.821613473288138607e-01,8.130682638881463475e-01
4.888126128498183620e-01,8.723930539753391722e-01
5.446183456614654972e-01,8.386792612087203835e-01
4.984006147299665512e-01,8.669511967084856385e-01
5.170309032188906695e-01,8.559712555937832867e-01
7.338196117569699695e-01,6.793379053206800577e-01
4.373507256435980595e-01,8.992948853295237299e-01
5.065024927613981376e-01,8.622340186836692233e-01
5.248345828104736821e-01,8.512088830209733059e-01
5.177029325734352483e-01,8.555650348736651978e-01
4.982568367313422453e-01,8.670339277419334412e-01
4.974665721680273101e-01,8.674787066941195279e-01
3.795120470225604725e-01,9.251901951805328039e-01
7.490315641156854998e-01,6.625410254420672773e-01
3.705462760196889249e-01,9.288173456545587570e-01
4.286666034737719455e-01,9.034666202945751401e-01
4.988531086796328395e-01,8.666820068126762644e-01
3.688242427378500832e-01,9.294957886412748005e-01
3.961053544124367720e-01,9.182086896046903757e-01
4.390834834960957167e-01,8.984502902831291715e-01
3.950627417135900155e-01,9.186577720928451596e-01
4.995940573680257013e-01,8.662550551297319990e-01
3.850191117104340144e-01,9.229121747589394964e-01
3.991310176383990327e-01,9.168901745094045763e-01
7.484991553077275928e-01,6.631287342160658849e-01
5.071654313162018424e-01,8.618439700184858943e-01
7.498964816348268059e-01,6.615622811017759508e-01
3.862582885776553732e-01,9.223869855158037812e-01
4.759664079276334503e-01,8.794680020714629176e-01
4.907882062659117972e-01,8.712741982842924227e-01
3.735345000516829828e-01,9.276126842120940852e-01
4.076557498969630711e-01,9.131396302906895635e-01
5.013453138070650406e-01,8.652424353795756806e-01
7.553300037012684598e-01,6.553373057932593282e-01
7.493317922733716552e-01,6.622020967061424956e-01
3.638629389902718336e-01,9.314560812530402467e-01
5.031488096813029331e-01,8.642047711374568619e-01
7.486159217867995874e-01,6.630114113314629076e-01
4.850645421226218446e-01,8.744734817054904408e-01
4.979925671291420830e-01,8.671863017007158669e-01
7.481685861393430059e-01,6.635011574939154722e-01
3.691256576663179967e-01,9.293832140579227907e-01
4.504721058239958831e-01,8.927950460649632936e-01
4.977332899482136419e-01,8.673251125827413643e-01
3.658799182709483455e-01,9.306583569275949097e-01
7.504105872388262544e-01,6.609643570085670383e-01
4.387256853087360131e-01,8.986255017772524223e-01
5.781617231432405468e-01,8.159162788622534856e-01
7.772825440510385819e-01,6.291436953272393495e-01
3.669473316552817610e-01,9.302454996134122966e-01
3.689185208389573756e-01,9.294655510960332379e-01
4.107893072537061041e-01,9.117345492306481169e-01
5.065924778399597539e-01,8.621908707131784588e-01
3.845941808695865216e-01,9.230817745216073344e-01
4.989436945359921882e-01,8.666395863473357331e-01
7.533177309971539337e-01,6.576489129373012110e-01
5.374521283277747807e-01,8.432886598580905391e-01
7.489043938540533851e-01,6.626858867298777156e-01
5.034052967958486668e-01,8.640451364926479139e-01
4.660429723795683765e-01,8.847571669153482254e-01
4.979098842136399083e-01,8.672234672151946100e-01
4.986394914876397522e-01,8.668147852386635099e-01
5.705397567157379779e-01,8.212760735670637802e-01
4.980844104193475896e-01,8.671338749757173670e-01
3.671649388888962307e-01,9.301519206071898749e-01
4.977026303526774775e-01,8.673530625829641849e-01
5.009864045139660327e-01,8.654605260884078444e-01
4.055157881949610910e-01,9.140923993569814998e-01
7.380992643144004273e-01,6.746841843014220741e-01
7.492164895656885371e-01,6.623332716764102068e-01
7.268179672024575044e-01,6.851038155129207663e-01
5.721998940158125047e-01,8.181918192484548547e-01
7.308173696996020929e-01,6.811352514148774073e-01
2.692914408346673283e-01,9.577509581880478962e-01
3.027386638816079723e-01,9.502006231567239336e-01
5.556216222794202464e-01,8.299490673255570661e-01
4.142663770554998459e-01,9.109376072323724927e-01
6.069922172432009599e-01,7.918759634632885902e-01
4.426439117752827279e-01,8.975058576732164450e-01
7.464602881112107902e-01,6.652388743767566615e-01
6.062698524634420050e-01,7.924645105334761075e-01
3.049480598827807865e-01,9.496513690478929348e-01
4.602753901342289122e-01,8.884166575178434888e-01
5.694351865749441854e-01,8.201687627090347155e-01
5.205838804655182894e-01,8.533071736065401813e-01
7.446415687661306348e-01,6.670908351784703427e-01
5.609266448572586272e-01,8.262476957494632179e-01
2.608711470121729548e-01,9.593197601150330600e-01
5.046589105505326911e-01,8.631991783438528465e-01
4.137548449622390767e-01,9.111906272109993044e-01
6.277739773970069104e-01,7.751670952730941311e-01
7.084892510895866025e-01,7.030889107550875039e-01
5.976774734209683304e-01,7.991310359977673583e-01
7.296033868384761423e-01,6.823140443526540810e-01
5.672897564480364752e-01,8.217350389207409567e-01
3.288910732081458677e-01,9.429408384045575575e-01
7.332436425141493075e-01,6.786873907606758571e-01
6.365030642432459862e-01,7.679307127642722719e-01
4.621182991675730212e-01,8.874616885872136374e-01
3.720492370029861995e-01,9.283757982277233145e-01
6.375172505442417981e-01,7.670593080894906324e-01
6.504979083052563338e-01,7.560259499337346201e-01
6.832747526842487540e-01,7.268174872546443455e-01
3.688897032114152319e-01,9.295323092418422695e-01
4.933404538209488210e-01,8.699387614277317438e-01
7.367404502668083444e-01,6.751313459274417283e-01
3.422366827879563811e-01,9.388004757486300145e-01
6.215607982394608655e-01,7.802324282416636114e-01
4.283315366949477232e-01,9.044685150928898354e-01
2.316020261517762469e-01,9.638994876279881607e-01
5.017712509131415644e-01,8.649228637070479619e-01
3.662671469272901215e-01,9.305227125656441167e-01
2.444791412407986142e-01,9.620621727013245472e-01
5.919884386791280928e-01,8.034846603283375410e-01
3.742818336594274653e-01,9.275354398336963513e-01
4.068561539602117971e-01,9.142307073965657560e-01
3.859986623650447646e-01,9.229590398079486890e-01
3.488757532762186697e-01,9.366108212271420097e-01
6.027672379578941086e-01,7.951901172404227669e-01
4.354731153307475067e-01,9.010292680286225986e-01
2.720007209648042656e-01,9.572107642609161138e-01
4.964524848012304981e-01,8.681142611848069457e-01
3.760485575410359438e-01,9.268451469275881260e-01
2.608503465855565584e-01,9.593402090674985061e-01
5.218398149428584709e-01,8.525007983101262621e-01
5.828156861099939023e-01,8.103951715844990300e-01
7.091284419793953964e-01,7.024413731970413632e-01
3.873016453929546410e-01,9.224357617713427882e-01
5.398785918182639199e-01,8.407106860836391915e-01
7.013738584222565242e-01,7.099008540330266070e-01
4.506571048366196930e-01,8.934231679970026097e-01
3.084560552125382715e-01,9.487004704490735740e-01
3.075726722259183865e-01,9.489601955075109840e-01
6.657743013124099996e-01,7.426425035172193878e-01
6.810612144728871442e-01,7.288332357124693850e-01
6.525946589002934450e-01,7.542130704646556882e-01
3.548240267565059836e-01,9.345672837497250862e-01
4.401701509599851292e-01,8.987114483628063644e-01
4.460850051103697478e-01,8.957521205779196416e-01
4.914089777334007536e-01,8.710863070611989389e-01
7.619550222938978878e-01,6.490599340979774645e-01
6.179451730058799219e-01,7.831695236603403165e-01
6.842529343835104250e-01,7.259218078612508229e-01
3.507890127362437993e-01,9.359400345901074392e-01
4.627607423368875761e-01,8.871027280601317955e-01
7.889759075481693751e-01,6.198245748225131857e-01
4.396506431443796825e-01,8.989688883193147628e-01
6.509195727689428557e-01,7.556578455604688882e-01
2.976833192007687923e-01,9.514756441719761648e-01
2.735656256298911737e-01,9.568847131769716574e-01
7.589425743418046766e-01,6.522315817941286564e-01
4.272655088923109634e-01,9.049783612246475872e-01
6.285354968232809147e-01,7.745269880918312921e-01
7.045691456433366140e-01,7.068264922228230107e-01
6.159698837870569710e-01,7.847403531052312697e-01
4.899509259620121737e-01,8.719253327054861114e-01
2.243752620282042365e-01,9.647711925842390457e-01
5.758407301476599072e-01,8.155457075331530303e-01
3.239192293332460726e-01,9.444053412490764909e-01
5.621919324559020437e-01,8.253521043345325436e-01
5.190923330185224227e-01,8.542546537874101675e-01
3.144048472270505323e-01,9.471278778188192415e-01
2.420438725707184102e-01,9.624044481921532057e-01
2.942754452290368139e-01,9.523068975785888846e-01
6.630540352879158439e-01,7.450444330198777720e-01
2.646780942837320127e-01,9.586222336904747232e-01
5.276810590836845671e-01,8.487350661957597797e-01
3.671958484612086737e-01,9.301802218770446329e-01
5.880354957774521774e-01,8.064646778840729446e-01
5.595980703089568076e-01,8.271978978551537409e-01
5.333857567765653007e-01,8.450211981634035974e-01
2.436952424871527412e-01,9.621952974034752026e-01
7.467145399277420603e-01,6.649478537984997439e-01
7.069971577471072521e-01,7.045146550639618255e-01
6.820929950420596688e-01,7.279090744388619916e-01
5.359226154330116731e-01,8.433384278814495261e-01
3.896956981076221127e-01,9.214670202536355825e-01
7.565475711680920146e-01,6.547594946917920655e-01
7.802058902770171445e-01,6.294721924626084375e-01
2.643397745137536226e-01,9.586747902270030819e-01
6.021865248622914057e-01,7.956341260820274375e-01
4.219289929751164347e-01,9.074784270026041710e-01
4.275709544461336886e-01,9.048294431700858453e-01
5.223369818231322625e-01,8.521652406056126061e-01
5.056017714525055107e-01,8.626104944574990441e-01
5.516971589121593134e-01,8.326840776863587701e-01
4.265757472290436780e-01,9.052956300860308669e-01
3.596001315932220166e-01,9.329091407556170390e-01
6.655980663669210928e-01,7.427810366020485278e-01
5.212799382446672292e-01,8.528352924174620320e-01
6.195463606230795506e-01,7.818773362392839044e-01
3.748568063301565001e-01,9.272908670204427217e-01
6.305104435122785844e-01,7.729057978154685316e-01
2.745931006451109435e-01,9.566594656548826903e-01
3.379671607493732188e-01,9.401403342734950819e-01
5.764571413433959846e-01,8.150646077718033400e-01
6.956059289291594006e-01,7.153425362400070986e-01
3.750585144664536630e-01,9.272457368984921011e-01
4.496868624229118927e-01,8.939361766595276260e-01
5.002019674146951367e-01,8.658942212331132149e-01
6.816097557987250699e-01,7.283239150225939706e-01
6.692331830906955714e-01,7.395477452522941642e-01
4.813788368634885906e-01,8.768592240839827578e-01
7.473854278274552065e-01,6.642583617636927951e-01
4.624776451513690212e-01,8.872473370338705978e-01
3.193400357709083037e-01,9.457204506127355748e-01
6.557430591924550134e-01,7.514824735269328704e-01
4.013124902325018728e-01,9.166113471863808204e-01
2.654899355489012125e-01,9.584777318004865654e-01
4.515980055885834288e-01,8.929517102033944775e-01
2.436277793831368443e-01,9.621811359243603867e-01
3.233866297642934429e-01,9.445937001042585823e-01
4.045297078172122029e-01,9.152291005957022829e-01
6.545670431557569779e-01,7.525060617419526698e-01
6.361237169871235553e-01,7.682440770648719663e-01
2.455977871496200504e-01,9.619046594826429208e-01
2.380656278941261639e-01,9.629938300102323101e-01
5.660683541281403830e-01,8.225906259868923653e-01
6.236582000010811866e-01,7.785438785704003051e-01
7.459811125911497420e-01,6.657319224981604888e-01
3.396561872102569768e-01,9.396012579459913638e-01
2.365080860038137889e-01,9.632080609352645650e-01
7.817443828401039463e-01,6.277926401911273491e-01
5.961397060960175187e-01,8.003011881102959357e-01
6.916572236543132579e-01,7.190440533902892062e-01
4.384176369352166258e-01,8.995754278280125860e-01
4.431022500587004087e-01,8.972722525365106616e-01
3.395287140323500763e-01,9.396434895512473240e-01
3.616323172890917315e-01,9.321931159791859711e-01
5.012574350408022239e-01,8.652348387022460452e-01
3.406764796512046778e-01,9.393064986443754316e-01
7.227800332911776815e-01,6.891354268294030971e-01
3.659895459981238330e-01,9.306229765024373046e-01
4.047379285728847087e-01,9.151619275640108242e-01
6.454190280141945957e-01,7.603558107596538607e-01
6.563428606836551049e-01,7.509686214787789638e-01
4.238287755429528958e-01,9.065923415665958496e-01
5.876712961038452754e-01,8.067601964949264737e-01
3.354592091215438110e-01,9.409389706991214686e-01
7.519295680826310058e-01,6.595790384010619123e-01
2.301217532453830872e-01,9.640713111482814845e-01
4.350705192902307172e-01,9.012245438435557698e-01
7.171887254865699779e-01,6.946062986793177796e-01
3.480112985453187591e-01,9.368864780207836196e-01
6.130625679821251062e-01,7.870888583679727102e-01
2.810528945359604402e-01,9.552894033198817691e-01
6.521547097521233072e-01,7.545684888327252038e-01
7.725897297616468595e-01,6.377224812873030224e-01
4.818745870045398894e-01,8.765792564614113269e-01
5.961969773910150705e-01,8.002569228378315636e-01
3.583084452999094616e-01,9.333771895931172180e-01
6.310498622007744141e-01,7.724685741116094073e-01
4.977685430038887304e-01,8.673244996724478462e-01
5.877788256385677590e-01,8.066456194183935224e-01
2.567408372227414914e-01,9.600554015785679463e-01
7.324455103166376269e-01,6.795021905499147863e-01
2.503952765381967094e-01,9.611340081683237280e-01
4.871192084562908642e-01,8.735631380837449722e-01
3.469687596799571061e-01,9.372301359765469186e-01
4.370139581637669801e-01,9.002818100490771469e-01
7.127981786204016235e-01,6.989076754617962184e-01
3.339849847426490381e-01,9.413838538016182644e-01
5.143415371100188427e-01,8.572332597377209096e-01
6.184738434413253882e-01,7.827356183805240786e-01
2.889950267101888959e-01,9.535370587255392882e-01
5.762295927733348533e-01,8.152556137553111926e-01
6.090291524309873195e-01,7.902935428833842701e-01
3.346040808655555976e-01,9.412142448038151032e-01
6.106884134205586845e-01,7.889551477361466114e-01
3.952677619187498492e-01,9.191575799371543010e-01
6.252054322193615343e-01,7.772637797284592809e-01
6.593331080978960257e-01,7.483105475112211691e-01
6.575083285684952816e-01,7.499488249016640351e-01
2.972040868503914579e-01,9.515762573153074833e-01
2.267917777997843776e-01,9.644833959688198233e-01
3.403965947128187453e-01,9.393700777606946994e-01
5.271142737769173303e-01,8.490969890111677021e-01
7.042551985321652275e-01,7.071324044647370188e-01
6.200381229371831893e-01,7.814815249049604784e-01
5.346952831708747800e-01,8.441357776984783623e-01
2.909919391250806453e-01,9.530803449283984374e-01
4.032290452555282734e-01,9.157943156997261358e-01
3.705097141132596139e-01,9.289419065142349163e-01
4.190354273520303652e-01,9.087866276705269808e-01
3.913278505915541161e-01,9.208015130180937646e-01
2.931724994054762945e-01,9.525464062966535472e-01
5.549295526818023294e-01,8.304362382034824464e-01
5.681176135944632222e-01,8.211121254171873662e-01
5.991335088592748548e-01,7.980246924211534809e-01
5.887097176295120748e-01,8.059535570134583882e-01
3.302756911390814509e-01,9.425364742493489434e-01
5.608850845958833764e-01,8.262741150601511375e-01
6.973592508306419857e-01,7.136817302693805321e-01
5.862518813688141206e-01,8.078143968329627445e-01
2.435694882319809351e-01,9.621917219033141455e-01
4.387723308830621116e-01,8.994272824416533751e-01
6.808239733466846522e-01,7.290739885480443938e-01
5.511144518169946993e-01,8.330782539404638642e-01
7.549842473487091699e-01,6.563765715913215670e-01
2.221811613934848439e-01,9.650193895362185748e-01
2.516152644215342571e-01,9.609135912729621642e-01
6.312316061386077370e-01,7.722962534203775542e-01
6.360477706607460258e-01,7.682859939520638726e-01
6.468478675179651916e-01,7.591343511755650475e-01
5.817270504698409672e-01,8.111666032599258447e-01
3.507199092063621459e-01,9.359814816732276999e-01
7.855920489559918840e-01,6.235696182383888564e-01
2.519634210592878731e-01,9.608675242631919966e-01
4.292033231223887357e-01,9.040571539945493340e-01
6.699960739756171124e-01,7.388757424581411382e-01
5.810047603286764284e-01,8.117152313452399293e-01
5.274845013368656410e-01,8.488582472109246213e-01
6.362508156661924597e-01,7.681474661459993802e-01
2.800881011423166922e-01,9.555155769424078516e-01
3.622404932962872692e-01,9.319603275331556080e-01
7.181929750648748945e-01,6.936387143330293714e-01
7.474919512265405519e-01,6.641710508110454381e-01
2.549395433469631156e-01,9.603633289303021847e-01
2.790821366670498960e-01,9.557380057982831634e-01
4.349108298874466705e-01,9.012938054766743701e-01
6.769377913682456116e-01,7.326204431335073819e-01
3.831145193068615229e-01,9.240941587933568790e-01
3.478454844053348038e-01,9.369244518095698471e-01
4.866157342399644037e-01,8.738728187965781879e-01
2.820318656640475874e-01,9.550762396218342998e-01
2.681256612968756503e-01,9.579610685920937341e-01
5.455257859169143630e-01,8.369092713138354123e-01
5.542925716197550923e-01,8.308906711084501628e-01
6.612698937036396440e-01,7.466423227077327862e-01
4.755107956707510519e-01,8.801488370820081952e-01
7.546368913452194960e-01,6.567511725206900408e-01
4.584959014043736292e-01,8.893659863094453000e-01
4.534536078107136436e-01,8.920201381353806136e-01
3.669416418517670309e-01,9.302552399077338441e-01
2.938395129125511707e-01,9.524010845909364198e-01
4.649844410272546136e-01,8.859199275457079192e-01
2.270398958663737421e-01,9.644513692640294122e-01
3.434280180925263215e-01,9.383997120791762736e-01
6.756500763232814455e-01,7.337893124710522796e-01
3.964310752788594017e-01,9.186747883066624931e-01
3.498018760474833067e-01,9.363026796240168093e-01
5.361169948143076347e-01,8.432111259482475418e-01
4.509800506782111196e-01,8.932704661845294325e-01
6.937869998290983053e-01,7.170304767509105837e-01
7.907136569228927492e-01,6.179224580166824410e-01
5.962154755145238072e-01,8.002687584406555921e-01
5.756181189718704294e-01,8.157024241616098736e-01
4.774777984915582474e-01,8.790739601524998337e-01
4.806910131874881920e-01,8.772361586618416807e-01
5.847978593102114431e-01,8.089164706080168576e-01
2.709173054231732714e-01,9.573967453760907631e-01
4.650141133226909362e-01,8.858904370382044702e-01
5.552934016200192779e-01,8.301865791037893461e-01
2.498803664058149299e-01,9.612177231063392391e-01
4.255442160932887408e-01,9.057901496906516359e-01
6.659651833331710069e-01,7.424779780164796339e-01
2.325828460626016003e-01,9.637379879377477865e-01
7.430653919530711971e-01,6.686858237153880946e-01
3.646738552241376441e-01,9.310699589108955010e-01
7.127835110918098183e-01,6.989110911452297570e-01
3.014496358732843828e-01,9.505164504153473803e-01
2.432620471147408647e-01,9.622309141663437648e-01
4.503212231907209873e-01,8.936069886053794598e-01
3.855844841508411225e-01,9.231423145272769082e-01
6.450601525714189100e-01,7.606599043336820243e-01
4.868588386979609828e-01,8.737365179979711405e-01
5.440665660454423458e-01,8.378865258126938498e-01
4.110673921360795680e-01,9.123699131549238839e-01
5.547326718283627223e-01,8.305689849172424033e-01
6.120948786191052760e-01,7.878567268158134240e-01
6.368406114977489541e-01,7.676136983935121227e-01
3.178646645248935920e-01,9.461581711503384007e-01
2.849719586217980827e-01,9.544615318342611898e-01
6.453901727933096799e-01,7.603904776095481433e-01
5.915417579320956243e-01,8.038036162020347764e-01
7.541165110643222036e-01,6.572991594604807863e-01
3.315213023073377840e-01,9.421710274701636800e-01
2.296405791566145105e-01,9.641392704035076644e-01
4.970330991634810403e-01,8.677628185660144489e-01
4.366881592414882940e-01,9.004235885023768038e-01
3.364911810658987590e-01,9.405980991747505682e-01
4.789006182897947994e-01,8.782367316998367368e-01
4.215434139717647577e-01,9.076215623138972344e-01
3.277693999754597298e-01,9.433048521933870001e-01
6.912378063628394909e-01,7.194425044130650093e-01
4.060683014099149002e-01,9.145560685102782639e-01
5.108825795498389555e-01,8.593744585865683572e-01
6.787901443622973430e-01,7.309280499680901322e-01
3.676192647565729166e-01,9.300076157706748115e-01
4.592926422566192546e-01,8.889362275329354413e-01
6.521165506073017815e-01,7.546133130162951952e-01
6.341990024548836979e-01,7.698275940596295275e-01
3.866622818755015567e-01,9.226995360979625138e-01
6.156093580920639630e-01,7.850373604305276309e-01
4.959878227257770167e-01,8.683986868390566327e-01
5.061927565770316662e-01,8.622562588217039803e-01
5.983362504794813574e-01,7.986069320872247745e-01
2.814557704230138402e-01,9.552026698635830426e-01
4.989060067588472203e-01,8.666369537651594790e-01
2.513921341326826875e-01,9.609479053260082670e-01
7.660730770598758177e-01,6.446847225931022773e-01
6.139050583742642342e-01,7.863824759265056752e-01
4.994774789357017131e-01,8.663026531798949659e-01
4.850692900433642984e-01,8.747637293934032998e-01
3.331890022650166872e-01,9.416220336089702325e-01
7.718869643846550943e-01,6.384603304925382528e-01
3.064550110742976230e-01,9.492263279517630936e-01
6.919399537672326073e-01,7.187828751648179804e-01
4.506185241755155113e-01,8.934551069139406998e-01
7.647257461130106959e-01,6.461177348512660013e-01
2.229943638477876744e-01,9.649156378186648508e-01
6.543528507955971296e-01,7.526799094666404288e-01
3.495577260225110061e-01,9.363624661856861930e-01
3.605592036887532714e-01,9.325515574516395345e-01
6.596160772103588643e-01,7.481013437159262924e-01
3.995919026744606528e-01,9.173667690107419892e-01
2.910272995199914559e-01,9.530768794238657637e-01
6.176142827228201515e-01,7.834327374034679714e-01
7.163706841494232869e-01,6.954435301313395268e-01
5.141082824627929426e-01,8.573758509868151245e-01
