8.788568557016422034e+00,6.170414577784057997e+00
4.664617728565016108e+00,9.285891621158965492e+00
9.031874539588958584e+00,5.904120874134969554e+00
5.440560854767515053e+00,8.739459995079105425e+00
8.873900375044250666e+00,6.034083404524240635e+00
9.836561685547732026e+00,5.074730156711131812e+00
5.137333836138036958e+00,8.822377100618378876e+00
6.461683841094803427e+00,7.922362965780152422e+00
9.347494852380084041e+00,5.529908427591441189e+00
6.437132658441507616e+00,7.881776904282614460e+00
6.410726502005053895e+00,8.113203304455598897e+00
6.100819249179782133e+00,8.100900921495327367e+00
4.476647139760530969e+00,9.505595543321545549e+00
4.780589458810297288e+00,9.013641520949539299e+00
4.144633629712504153e+00,9.469745233384660565e+00
3.935916536235495311e+00,9.879440161198953518e+00
3.553627377032325896e+00,9.902457883243638292e+00
5.453113392180254593e+00,8.534232954528546244e+00
9.625248724166892700e+00,5.198064983069222933e+00
9.883357762004429503e+00,4.873340034603164561e+00
9.883445638651524590e+00,4.872551713853987110e+00
9.880889827068411790e+00,4.875745319839203340e+00
9.881786741723550094e+00,4.873823396016564224e+00
9.883297839841612031e+00,4.871146837561093790e+00
9.886240969163617720e+00,4.865805135173518536e+00
9.881900582839300284e+00,4.871125471495063586e+00
9.883546646254444568e+00,4.868665951914862511e+00
9.876312008621075833e+00,4.879032150584935223e+00
9.875280316022081450e+00,4.880194301577209792e+00
9.875683420330288342e+00,4.878667794036638305e+00
9.874056883623822500e+00,4.880815357636802965e+00
9.888712703638038448e+00,4.859004339224720859e+00
9.883354581974947095e+00,4.866017536087484885e+00
9.885486656645595005e+00,4.862131802757081012e+00
9.883170127662218363e+00,4.865393697842961274e+00
9.886656120246861690e+00,4.859938503854258407e+00
9.874220521983968268e+00,4.878286136361722924e+00
9.878059395814188903e+00,4.872111821529079734e+00
9.874908295458466156e+00,4.876625246615120979e+00
9.871715246889074535e+00,4.881371544473034341e+00
9.886903588903861007e+00,4.857925318127606751e+00
9.869795684391036161e+00,4.883266330660690713e+00
9.876215041934525374e+00,4.873515206361441088e+00
9.876881920032262840e+00,4.872459224537275979e+00
9.876734727706395489e+00,4.872584643662495552e+00
9.869767371337440309e+00,4.882895936005190229e+00
9.880325696877315877e+00,4.866238503145379646e+00
9.871988283812168419e+00,4.878485985818683091e+00
9.879525737144383868e+00,4.867104551418266922e+00
9.877419464177982888e+00,4.869720763077259207e+00
9.887099335877010731e+00,4.855546991015380343e+00
9.878183826075050078e+00,4.867912030643335441e+00
9.872136602489494095e+00,4.876781550105352636e+00
9.881586459565349756e+00,4.862729931928520877e+00
9.878584146016491374e+00,4.866929069937406815e+00
9.887379973622078211e+00,4.853996593637067036e+00
9.863091194425843256e+00,4.890208199494971986e+00
9.881561249273216774e+00,4.862281333555441343e+00
9.881815477081410393e+00,4.860674366867561602e+00
9.869642287389801538e+00,4.878693449301899854e+00
9.875384455268216399e+00,4.869520568154539042e+00
9.882272312962754768e+00,4.859312624205238684e+00
9.874817858061357256e+00,4.869887800915416953e+00
9.877317384576793202e+00,4.866108297452879761e+00
9.881295909430345858e+00,4.859934079583680067e+00
9.885522668658516920e+00,4.853481898372824510e+00
9.876197849398032247e+00,4.867000205998662565e+00
9.881963433429065802e+00,4.858309837303693257e+00
9.869722364648239932e+00,4.876468847099011406e+00
9.871873276206834191e+00,4.873123620164946601e+00
9.877043131313490321e+00,4.865382729645967075e+00
9.871648402014796986e+00,4.873382915920483782e+00
9.884539242083871358e+00,4.854252950150180546e+00
9.876003322057702150e+00,4.866670725914322482e+00
9.873860415999846651e+00,4.869840975716249076e+00
9.859402312393017453e+00,4.891909851982294555e+00
9.867351129440413260e+00,4.879437809922161584e+00
9.879488205905685660e+00,4.861030710117362652e+00
9.874288007180068050e+00,4.868486167018033939e+00
9.857325151386719497e+00,4.894328779589591782e+00
9.864889445508627119e+00,4.882429913315393222e+00
9.878699001041972849e+00,4.861699104238197400e+00
9.873481657863621308e+00,4.869166511120107010e+00
9.874041752756005152e+00,4.867578021792905218e+00
3.358238040426401838e+00,1.001603052412846218e+01
3.356894221970311509e+00,1.001706503680434324e+01
9.865732110417459566e+00,4.879629306481292339e+00
3.336914499752376972e+00,1.003280058768552685e+01
3.371035058117719529e+00,1.000576418015019264e+01
9.858997259896636223e+00,4.889854485877044077e+00
9.857481827223777415e+00,4.892183205370399968e+00
3.355847169019978704e+00,1.001744916467311342e+01
3.337483505740205025e+00,1.003216820060092829e+01
3.360321028810428157e+00,1.001394038295764055e+01
3.330756106800720762e+00,1.003765565324285269e+01
3.365576372681926554e+00,1.000979315024990690e+01
3.342735933593425024e+00,1.002780427621254233e+01
3.358306842876397802e+00,1.001541478467602886e+01
9.858043767158060078e+00,4.891040059246010152e+00
3.332622549422356695e+00,1.003600774348251612e+01
3.352979298812742481e+00,1.001937286697273422e+01
3.328218289369418326e+00,1.003946746658543177e+01
3.341873398369854531e+00,1.002813846744760085e+01
3.385511576719026472e+00,9.994336982359946830e+00
3.383243762892488515e+00,9.995901950522089408e+00
9.871611657545189544e+00,4.869447749880847276e+00
9.876821353947857318e+00,4.861568162407752247e+00
9.872003790544896518e+00,4.868662044860144533e+00
3.351217206592698616e+00,1.002012776570463437e+01
3.374913224225186692e+00,1.000181204893752707e+01
9.864400686201216573e+00,4.879957284325739053e+00
3.317259557904147282e+00,1.004788959230654832e+01
9.861616341457279944e+00,4.884012921023439091e+00
3.390212404124489876e+00,9.990260424898441016e+00
9.877865047691042122e+00,4.859495073112571895e+00
3.386904608507280923e+00,9.992642169482000014e+00
9.860742155806791587e+00,4.885210585507693715e+00
9.885442164762345385e+00,4.848441261450246564e+00
9.862558962781179162e+00,4.882275412315461693e+00
9.876436182897350591e+00,4.861385756005633496e+00
9.878896040494993258e+00,4.857612432490940435e+00
3.360309701697195006e+00,1.001241386348699614e+01
3.342785468968046292e+00,1.002618987671495532e+01
3.393073453970256725e+00,9.987751381019382535e+00
3.318068691241720991e+00,1.004662186251651868e+01
9.859098848567381168e+00,4.887192444026156934e+00
3.350298133752913188e+00,1.002012643549721815e+01
3.309379068776016286e+00,1.005409868959475972e+01
3.373458289342461836e+00,1.000215361542708514e+01
3.388453340243453571e+00,9.990997316899928649e+00
3.406857053825150139e+00,9.977507716239301772e+00
3.330500325135311801e+00,1.003600687156114546e+01
3.375659206579801452e+00,1.000042954971341302e+01
9.874709345874581601e+00,4.863254156482287982e+00
3.390842620830713194e+00,9.989121121546439497e+00
3.378874219596591288e+00,9.997875835189608651e+00
3.343515874183264014e+00,1.002515591059149536e+01
3.399960555474641488e+00,9.982324024359783721e+00
3.364801577158967216e+00,1.000835421154315519e+01
3.335619535910207212e+00,1.003134140042434197e+01
3.377588760920434918e+00,9.998585913523569957e+00
3.417085081352518650e+00,9.969448129026060812e+00
9.857412104706327227e+00,4.888902972419787218e+00
3.325342948084137884e+00,1.003977027961571444e+01
9.868299196795449646e+00,4.872049887821925829e+00
3.360974423434107017e+00,1.001106226458749404e+01
9.851839674175657535e+00,4.897453317410978890e+00
3.412433798015221953e+00,9.972751029587254123e+00
3.321854081188066132e+00,1.004251305326400789e+01
9.867034877139010618e+00,4.873756178181150922e+00
3.402986954040630785e+00,9.979696728818804985e+00
3.389795939805322789e+00,9.989286430783668180e+00
3.316511119958452269e+00,1.004692332016674960e+01
3.333242141841409989e+00,1.003292247631668488e+01
3.377479225871697022e+00,9.998346531675181836e+00
9.860424148596468541e+00,4.883781900871023041e+00
3.390851970204961319e+00,9.988444179238834764e+00
9.866186008407625607e+00,4.874891616360949698e+00
3.301620100131072100e+00,1.005983743934033647e+01
9.859469893789492900e+00,4.885168931258919045e+00
3.387405034894086509e+00,9.990883769256351243e+00
3.420940718369136047e+00,9.966166254210586217e+00
3.399371963948110142e+00,9.982151143677926441e+00
9.888399804500860313e+00,4.842137498143337382e+00
3.428887599097700800e+00,9.960149764621771595e+00
9.863325915537698663e+00,4.878930170372934860e+00
3.325395621258063983e+00,1.003912499167650019e+01
9.877963366825095903e+00,4.856998824899251943e+00
3.309778356983384739e+00,1.005235614334941729e+01
3.345660820013931058e+00,1.002250709024142594e+01
3.338912464158698246e+00,1.002786920632775569e+01
3.360064175181160628e+00,1.001115762523671471e+01
3.363734269288474188e+00,1.000826966811233021e+01
3.438405814520125503e+00,9.952854326265427432e+00
3.351178757144501308e+00,1.001794209892424270e+01
9.873804407755542911e+00,4.862699902751670855e+00
3.383559139499054513e+00,9.993268888626237967e+00
9.857673703448551095e+00,4.887096488451552645e+00
3.361695855644936781e+00,1.000963910113606659e+01
3.362094945299066939e+00,1.000930081115038384e+01
9.865541401797578658e+00,4.874894669323126983e+00
3.327624425430106836e+00,1.003674508954984468e+01
3.297065255871144185e+00,1.006299790475199352e+01
3.298330530151892592e+00,1.006180927071366682e+01
3.376878830253674746e+00,9.997932890423440355e+00
3.401204695695329239e+00,9.980150631386649707e+00
3.349123382567996021e+00,1.001920018513776434e+01
3.304995176276240176e+00,1.005581902950642537e+01
3.377561693394142139e+00,9.997363409598035489e+00
3.355057548058357764e+00,1.001448992421835982e+01
9.864190614067434026e+00,4.876440454470593266e+00
3.432521205105513840e+00,9.956692952606786662e+00
3.363981922498064048e+00,1.000748754973565724e+01
6.484456635828845350e+00,8.104930980833307430e+00
9.849996760946655883e+00,4.898468565810454756e+00
3.312268514325320989e+00,1.004925800223914223e+01
3.340929593133236342e+00,1.002545561866424428e+01
3.393084037591145741e+00,9.985767008362566699e+00
3.421783646123792266e+00,9.964501202018681170e+00
3.336901585111322177e+00,1.002858566153821407e+01
9.860337367250988194e+00,4.882029619448976732e+00
3.394398137116499292e+00,9.984706865143859744e+00
9.888562822811671538e+00,4.840365524080037396e+00
3.291624079522118773e+00,1.006729982305327553e+01
3.385769120591624048e+00,9.990912908423814187e+00
3.318761045963116718e+00,1.004349119383583933e+01
3.326194205329721765e+00,1.003725475397911637e+01
9.872154698178050580e+00,4.863955292850463685e+00
3.368812718011788387e+00,1.000347002806271490e+01
3.343596340549971124e+00,1.002303665471419514e+01
3.357102605047977750e+00,1.001239255360342639e+01
3.383784025822994757e+00,9.992237391178006689e+00
3.416743290525803278e+00,9.968025485672528774e+00
3.360530756215336368e+00,1.000970491981428268e+01
9.867409364944411010e+00,4.870872555772280066e+00
3.403447512283873877e+00,9.977875335088473463e+00
9.859792966546635284e+00,4.882439802536026718e+00
3.345592656751203542e+00,1.002127542451213493e+01
3.330905282268894929e+00,1.003304059465927267e+01
3.406659804542894854e+00,9.975355297465339888e+00
3.450702798751593470e+00,9.942587244641043043e+00
3.354542998019445665e+00,1.001410005812868675e+01
3.292750861165999243e+00,1.006578385298063161e+01
3.419751123450399000e+00,9.965550615225662767e+00
3.327582751424968066e+00,1.003565152336593158e+01
3.416896187402504115e+00,9.967615456505988902e+00
3.439332417549214149e+00,9.950915341598179253e+00
3.360883564902815479e+00,1.000907727645235212e+01
3.282020008988787652e+00,1.007551856610620966e+01
9.867110102602255850e+00,4.870829743023850078e+00
3.281062368084125769e+00,1.007639066110094461e+01
3.328401755597346856e+00,1.003485945130691803e+01
3.425816235880671634e+00,9.960907179761044006e+00
3.309600036603534079e+00,1.005069764123687470e+01
3.425597504064641363e+00,9.961063692842810013e+00
3.400268668217705237e+00,9.979888226116186090e+00
3.290513213262893810e+00,1.006755758705199533e+01
3.315067084715417778e+00,1.004582935595126791e+01
3.294951809713137170e+00,1.006340048570368673e+01
3.469731037198644064e+00,9.928140617535278878e+00
9.857175372955927273e+00,4.885665673196312397e+00
3.330581372925777384e+00,1.003274398443319626e+01
3.276665698676970884e+00,1.008013153522907146e+01
3.406484756658556545e+00,9.974982441159463420e+00
3.472876657120454791e+00,9.925655478461809622e+00
3.295656953626495689e+00,1.006255053141441635e+01
3.381064385166165032e+00,9.993490638498553125e+00
9.871203036345132631e+00,4.864109795521980750e+00
3.350573021028268261e+00,1.001665320206828369e+01
3.315513123938173212e+00,1.004520356167614281e+01
9.857017652164046240e+00,4.885660003421652853e+00
9.869238777708742916e+00,4.867006506306688074e+00
3.470731649334847901e+00,9.927191910356890858e+00
3.387077908586857422e+00,9.989033041858146333e+00
3.314813830845242837e+00,1.004574935210206021e+01
3.291737939273878144e+00,1.006594584680733284e+01
9.885375523822842680e+00,4.843355530437145617e+00
3.310102254627772744e+00,1.004972453259775556e+01
3.361737171317450645e+00,1.000788179074572071e+01
3.459262193101188210e+00,9.935589845912804918e+00
3.362897736926492520e+00,1.000695767170827644e+01
3.392792387214836225e+00,9.984768869905707334e+00
3.295184928576376127e+00,1.006273082001704466e+01
3.372331139706137737e+00,9.999789807704988931e+00
3.277038475251606631e+00,1.007944004829531437e+01
9.887803157232117002e+00,4.839746615531419494e+00
3.298473330808854520e+00,1.005975004131473760e+01
3.301313162970706205e+00,1.005721162282466530e+01
3.354925358926573953e+00,1.001298226245187806e+01
3.336082258787540944e+00,1.002787456676462519e+01
3.357841151039488992e+00,1.001069551912467936e+01
9.858346102259512023e+00,4.883135299728243339e+00
3.315278793988226891e+00,1.004504683793967956e+01
3.433559800477911761e+00,9.954499276444373379e+00
3.284049735825388616e+00,1.007261260675353931e+01
3.386120515676990461e+00,9.989350696814749853e+00
3.480236378215219695e+00,9.919686311015954772e+00
3.474879970203897273e+00,9.923654162492999475e+00
3.344573218286400529e+00,1.002081737170494513e+01
9.851394272528894547e+00,4.893642629209375983e+00
3.411550931908493567e+00,9.970586133191201128e+00
9.862999425517493535e+00,4.875548669023253012e+00
3.301492417329395135e+00,1.005652073416697689e+01
3.321656506727066915e+00,1.003923385488148945e+01
3.456874097640734167e+00,9.936827714471920814e+00
3.272152185517908762e+00,1.008340520714781263e+01
3.320802865680413607e+00,1.003991731462923021e+01
3.298451565998878010e+00,1.005911634493676665e+01
3.315857931724725205e+00,1.004404721367262887e+01
3.449548962359335835e+00,9.942211896872953147e+00
3.340746114042519643e+00,1.002360353557048533e+01
3.341110593088126191e+00,1.002330406248350592e+01
9.859934193779885447e+00,4.879934168430597019e+00
9.854002242193217853e+00,4.889141170253970436e+00
3.268752093647989021e+00,1.008654252680509344e+01
3.355765087878468389e+00,1.001173153179554554e+01
3.271629366958042073e+00,1.008370817732155977e+01
3.419076388502408470e+00,9.964676452835018239e+00
3.391571738577227713e+00,9.984881009243009586e+00
3.285270794448443610e+00,1.007074371243215616e+01
3.366096360579436286e+00,1.000363686890864301e+01
3.407465446004599663e+00,9.973211062181775333e+00
9.857150293981264966e+00,4.883882741362945978e+00
3.455624074868070217e+00,9.937418103374245248e+00
9.856298648069120816e+00,4.885148414548190487e+00
3.472913630798672546e+00,9.924583042401833310e+00
3.288836708009621912e+00,1.006733017507906425e+01
3.334188823295073156e+00,1.002851254492120958e+01
3.385577377064957538e+00,9.989083097890887331e+00
3.331396754104098967e+00,1.003074136611016343e+01
3.312865775999024986e+00,1.004614773473028322e+01
3.305136117284843689e+00,1.005278454231582330e+01
9.859237533189780578e+00,4.880480686475928032e+00
3.317857846190840121e+00,1.004190325504493941e+01
3.497308431595230083e+00,9.906432165721662741e+00
3.417542452120332364e+00,9.965588110523842857e+00
3.341608057133900633e+00,1.002247073917703624e+01
3.423714269426297641e+00,9.960984854931421495e+00
3.405617135583509647e+00,9.974431299001103923e+00
3.397136680840800782e+00,9.980646421931222534e+00
9.882118312310106845e+00,4.846340730729472135e+00
3.498906869735058489e+00,9.905182710075274954e+00
3.284191931415444632e+00,1.007137218128612588e+01
3.303593380562977355e+00,1.005399371186161694e+01
3.357686317126740150e+00,1.000981708727868735e+01
9.868310433352592170e+00,4.866513157927722766e+00
3.483714006531256846e+00,9.916349247964783231e+00
9.886412843406628070e+00,4.840059998622629145e+00
3.322563436456001273e+00,1.003770831265792296e+01
3.448137619322820147e+00,9.942655765433380921e+00
3.301337165667537654e+00,1.005578558575257730e+01
3.391194629684954442e+00,9.984681581759547342e+00
3.456175624336293328e+00,9.936656491838087746e+00
3.405177106354280170e+00,9.974494225465351249e+00
3.339826151712330216e+00,1.002356212114812450e+01
3.280332249875072215e+00,1.007463575685672375e+01
9.845429412001612590e+00,4.901648900094007999e+00
3.464736893249792171e+00,9.930217477552526262e+00
3.355619275531203982e+00,1.001111464970347065e+01
3.279998394470530876e+00,1.007488262305383664e+01
9.863495864025821902e+00,4.873351388647529703e+00
3.271259155539581798e+00,1.008312708556711534e+01
3.267323804139838916e+00,1.008685573586135398e+01
3.428926090667958615e+00,9.956642257818243635e+00
3.508089130836966607e+00,9.897932629876208921e+00
3.344072970796864386e+00,1.001993156592970280e+01
3.338694777794455781e+00,1.002414973952447674e+01
3.313375475393170788e+00,1.004496127876861422e+01
3.392237728586900758e+00,9.983582304032813326e+00
3.337352543884252842e+00,1.002519742043465634e+01
3.324093994599718105e+00,1.003595987047705762e+01
3.412468221248527112e+00,9.968735587523125830e+00
3.506545754453623154e+00,9.898977527190583103e+00
9.881308256930033451e+00,4.846631985867603909e+00
9.843288497024699879e+00,4.904617650736930123e+00
6.067120688304691534e+00,8.081480746748118449e+00
3.367819766843988205e+00,1.000149115547359635e+01
3.420120431985703036e+00,9.963010682480650360e+00
9.849298975907686327e+00,4.894916128787230036e+00
3.425238074161787161e+00,9.959199669850551828e+00
9.857857875399021808e+00,4.881484445047063581e+00
3.424814953910657156e+00,9.959495772072445519e+00
3.320821674260373779e+00,1.003854652307183137e+01
3.460716803566608046e+00,9.932755255250853565e+00
3.491354902607752386e+00,9.910049022489307191e+00
3.382917629704711882e+00,9.990131276861022869e+00
3.271716564069652389e+00,1.008207823410267423e+01
9.885791998201115760e+00,4.839936966817124819e+00
3.417111160993210994e+00,9.965081503628736570e+00
3.308926607005049370e+00,1.004845499126181352e+01
3.366617396076048152e+00,1.000217694293816528e+01
3.269938924289796045e+00,1.008363676835853084e+01
3.416630968421380921e+00,9.965327664019890008e+00
3.474447406537434890e+00,9.922413366234231091e+00
3.294605415466638654e+00,1.006077427355252851e+01
3.339495752655703420e+00,1.002304775642210366e+01
3.477945135924318532e+00,9.919790233112516731e+00
3.370038431634130305e+00,9.999465287177770279e+00
3.478678915736082011e+00,9.919242344506185916e+00
3.349979979594116752e+00,1.001476869194096331e+01
3.296407586766754161e+00,1.005912404992226961e+01
9.874498872116895143e+00,4.855891628594277698e+00
3.318836126906574258e+00,1.003979331235074035e+01
9.865403813822227974e+00,4.869321892856197209e+00
3.423416616260491097e+00,9.960126225564454927e+00
3.494493067529276686e+00,9.907421692539548630e+00
3.494786546327864230e+00,9.907189528527423406e+00
9.875274323545916388e+00,4.854594997996060535e+00
3.461569314975549094e+00,9.931783032474074346e+00
3.329046255100659213e+00,1.003129089761833015e+01
3.388843992098520275e+00,9.985447399005193958e+00
3.319574892846842040e+00,1.003905316028195038e+01
3.496171057345295541e+00,9.906105724370007692e+00
3.339121863136708335e+00,1.002310386694392186e+01
3.363218236132157202e+00,1.000437761640365153e+01
3.272123101094986275e+00,1.008111166385728552e+01
3.375329077748952855e+00,9.995282893182368511e+00
3.334700346257117864e+00,1.002661827226288160e+01
3.426348748766189001e+00,9.957821607234953021e+00
3.469679260759251260e+00,9.925675599711377473e+00
9.866564524206477671e+00,4.867333801525985493e+00
9.856655566176536709e+00,4.882439023408532641e+00
3.257444999058286772e+00,1.009541500657034696e+01
3.450552749486984538e+00,9.939835455841665279e+00
3.299290916135873442e+00,1.005624481817658022e+01
3.364450820551804000e+00,1.000336296236970313e+01
3.331625997519298998e+00,1.002902481868252238e+01
3.382508803630871697e+00,9.989918387735865934e+00
9.875860207852761974e+00,4.853465065237990927e+00
9.843472506311995218e+00,4.903198519158669555e+00
3.498582900649127136e+00,9.904189647283436315e+00
9.842797771925297923e+00,4.904159511692240514e+00
3.337691738665037988e+00,1.002397322759446929e+01
3.325344601102512954e+00,1.003396004890621462e+01
3.347905220122374015e+00,1.001589772126780176e+01
3.516590961946703509e+00,9.890663365550453889e+00
9.875910803582890196e+00,4.853033807376407438e+00
9.865281653876754930e+00,4.868727498355017502e+00
3.477821513012081311e+00,9.919290035914746895e+00
3.320582747619052810e+00,1.003771098610039303e+01
3.478216080031939050e+00,9.918983363055883018e+00
3.277700746641457830e+00,1.007529104369605477e+01
9.868811887901728142e+00,4.863350272700277976e+00
3.309652087740535542e+00,1.004685054851790049e+01
9.841798738521818635e+00,4.905362480484584786e+00
3.509623244952856602e+00,9.895684215439846554e+00
3.369898353449472417e+00,9.998859448686971518e+00
3.363070716519346526e+00,1.000396887648527411e+01
3.418110262393187160e+00,9.963460087526220477e+00
3.254860002730457502e+00,1.009731020418300496e+01
9.841636888550118201e+00,4.905468757125103885e+00
9.851971324182752454e+00,4.888916520042652536e+00
3.462450722474152975e+00,9.930481850185147508e+00
3.311272222907779117e+00,1.004527736916781322e+01
3.272474027552568110e+00,1.007996438757329116e+01
9.846028844000437985e+00,4.898262119733871600e+00
3.504012357773468533e+00,9.899682839525176803e+00
3.420787775488049576e+00,9.961343499751773578e+00
9.875975177794364512e+00,4.852476826272023480e+00
3.255081343946368833e+00,1.009688679496759178e+01
9.888737177497503694e+00,4.834196183461848761e+00
3.317322585675426705e+00,1.004005594197879248e+01
9.848584215107727857e+00,4.893862429169173467e+00
3.310422366365187496e+00,1.004575256884608869e+01
3.393456221182136634e+00,9.981268404025687602e+00
3.449098991662284952e+00,9.940144503624331662e+00
9.877942760886416096e+00,4.849249639285483582e+00
9.856144660324250850e+00,4.881883940146248158e+00
9.845441572930948126e+00,4.898723765404258579e+00
3.341481734823430472e+00,1.002022568138265868e+01
3.426997089571943711e+00,9.956455179044844783e+00
3.253306062047051306e+00,1.009828318027027017e+01
3.488470583740923114e+00,9.910874143447250262e+00
9.840262265468695091e+00,4.907029065693093273e+00
9.876510430526458606e+00,4.851192754403691687e+00
3.307369124324234022e+00,1.004815334076890565e+01
3.502302943824657344e+00,9.900602751665006807e+00
3.319800834717600679e+00,1.003768384507668543e+01
3.307340329450052518e+00,1.004816445426162019e+01
3.496090311636505188e+00,9.905191668090814971e+00
9.845292326977279629e+00,4.898827590335949722e+00
3.303865907318950690e+00,1.005113190352634156e+01
3.490172452858470553e+00,9.909558559780064613e+00
9.848357419907777910e+00,4.893890514631255684e+00
3.367367671184883449e+00,1.000017360931024690e+01
3.526711326283636705e+00,9.882477125162582254e+00
9.888415541293053224e+00,4.834057264207641147e+00
3.527371844512219301e+00,9.881944536672071067e+00
3.281168707851979782e+00,1.007115608651834826e+01
3.430591528183770222e+00,9.953576210922840062e+00
3.408630042002288807e+00,9.969876529781709351e+00
3.527758208289152986e+00,9.881620905088437823e+00
3.262678227983567769e+00,1.008853355308456656e+01
3.263647606885823560e+00,1.008758619740730644e+01
9.843026908665111208e+00,4.902077117193646139e+00
3.288274476729043272e+00,1.006451447827329382e+01
3.530024107369820641e+00,9.879823917599198424e+00
9.848355733260923728e+00,4.893465981236268192e+00
9.852793829167341144e+00,4.886441796957406325e+00
3.449938316641066649e+00,9.939060993498651797e+00
3.305900600355630381e+00,1.004900696310654773e+01
3.440554003879130018e+00,9.946004056395812754e+00
3.506380618374552505e+00,9.897242804935430627e+00
3.285458909795366811e+00,1.006696136759761018e+01
3.277096882519643373e+00,1.007459605624463173e+01
3.446943130818517442e+00,9.941218165827796938e+00
3.451684957291620393e+00,9.937672814797998910e+00
3.362297936136907417e+00,1.000354104127943344e+01
3.272405044863264667e+00,1.007885881396449079e+01
3.272464894106106303e+00,1.007879850475764805e+01
3.340997248480784609e+00,1.001997865851305036e+01
3.339661775203011551e+00,1.002102854816090272e+01
3.308712600552722982e+00,1.004638038883547679e+01
3.475681604935545010e+00,9.919789793261855948e+00
3.334053832565767372e+00,1.002544565416111766e+01
3.249481912930593630e+00,1.010128187706583169e+01
3.389533763894808871e+00,9.983365406340556802e+00
3.481139623131100258e+00,9.915722027971032304e+00
3.252548298170617969e+00,1.009811350850812062e+01
3.294658473318321512e+00,1.005838503851759036e+01
3.492015169914603145e+00,9.907585036004547874e+00
3.387136988273433236e+00,9.984995529944605153e+00
3.283924326454038312e+00,1.006797571813548942e+01
3.315927239457762354e+00,1.004011957585437287e+01
3.438102180038374645e+00,9.947457510028202776e+00
3.257352639541759576e+00,1.009306999309708353e+01
3.551278411876237939e+00,9.863711901937405102e+00
3.410789413570313844e+00,9.967624819759191013e+00
3.268415455677458947e+00,1.008214703967698433e+01
3.428454075983775162e+00,9.954480689833996365e+00
3.329894285906630724e+00,1.002841131607936020e+01
3.284094753643082232e+00,1.006748497329358294e+01
3.256058847348567653e+00,1.009407777104227399e+01
3.338230467474159635e+00,1.002168138593942537e+01
3.435693553426913294e+00,9.949023904288125664e+00
3.476369007696345825e+00,9.918875219748992222e+00
3.550279665904575666e+00,9.864238468775351265e+00
3.357353291782057436e+00,1.000678523445148826e+01
3.459266234236209492e+00,9.931514901363662773e+00
3.327988974513574227e+00,1.002974155203914108e+01
3.328047062327089467e+00,1.002969081161175424e+01
3.428578627015451907e+00,9.954157867386067338e+00
3.492225203146127388e+00,9.907001442686084403e+00
3.479079361052503927e+00,9.916721531130605172e+00
3.416767620627688462e+00,9.962896883113053548e+00
3.267279686496905811e+00,1.008285799395642357e+01
3.245822035641255709e+00,1.010417335682820905e+01
9.861127536971354246e+00,4.872245209144028699e+00
3.343837957604618438e+00,1.001701170962764387e+01
3.323481516359721777e+00,1.003330528431956026e+01
9.848815332987594928e+00,4.891337147409060115e+00
3.440088256932705146e+00,9.945540368724003599e+00
3.542401852190457667e+00,9.869838515950391411e+00
3.481205740513429792e+00,9.915053950041748720e+00
9.852147992257037856e+00,4.885991631135513380e+00
3.489338037724738495e+00,9.909003992382270809e+00
3.524423513881246528e+00,9.883024533453108162e+00
3.465316863777623713e+00,9.926744048399006815e+00
9.868110466217844490e+00,4.861561441002938189e+00
3.315940844330692805e+00,1.003939541497695487e+01
3.554808393735554350e+00,9.860573611141479233e+00
3.318745027249556667e+00,1.003703953600296828e+01
3.354652641108744504e+00,1.000847918072360088e+01
3.443699917928809473e+00,9.942720710966330699e+00
9.867869306410552710e+00,4.861860949123943954e+00
3.391637567556005539e+00,9.981041553755160223e+00
9.848315135951693833e+00,4.891807143796118140e+00
3.248288332453985294e+00,1.010125161339056810e+01
3.387001216548239935e+00,9.984341531960829741e+00
3.406372712200863351e+00,9.970328200563750798e+00
3.360435260203150420e+00,1.000395185505230700e+01
9.879033547070037002e+00,4.845323456634503145e+00
3.457656750204457730e+00,9.932249512292885996e+00
9.871867470670640188e+00,4.855736328715018146e+00
3.402749641308683515e+00,9.972955070778857234e+00
3.339114194450944151e+00,1.002038806135865023e+01
3.242022417759071296e+00,1.010758054333325440e+01
3.347906782134919546e+00,1.001347693184633947e+01
3.404579853826712021e+00,9.971532986912148289e+00
3.263668948653550395e+00,1.008574160843698664e+01
3.466192064784639371e+00,9.925833548761096026e+00
3.426531873906000669e+00,9.955214308567162718e+00
3.496335045852528189e+00,9.903504435870599920e+00
3.455756843112748555e+00,9.933515970708295839e+00
3.279134071404298467e+00,1.007111634812160261e+01
9.850923626180367876e+00,4.887309498699575094e+00
3.256841036667445177e+00,1.009228593298790955e+01
3.551149844771040343e+00,9.862956924167084694e+00
9.853530451874513929e+00,4.883186062825682683e+00
9.888281351374315520e+00,4.831888024464052300e+00
3.381500808424071192e+00,9.988046861022683132e+00
3.503095820393318238e+00,9.898398734249903796e+00
3.294650820522910362e+00,1.005708962295474329e+01
3.356578354653275476e+00,1.000659900124339252e+01
9.849961495168786385e+00,4.888681554464612056e+00
9.887640142968182388e+00,4.832717055341878343e+00
9.847578077244033778e+00,4.892411105992189313e+00
3.332465680675125608e+00,1.002540911509483301e+01
3.301276402530149756e+00,1.005125114143677045e+01
3.283593299292387524e+00,1.006685045493149921e+01
9.860581277011085888e+00,4.872121106753604103e+00
3.285299625590343719e+00,1.006527203202026932e+01
3.524278827952258109e+00,9.882640115237270706e+00
3.534733050539761390e+00,9.874902068584782810e+00
3.567007612915473302e+00,9.851083586184183005e+00
3.378227258026123447e+00,9.990288052346180336e+00
3.494820966360957293e+00,9.904351063468091354e+00
3.390307209875792704e+00,9.981500405364929662e+00
3.555218112375301498e+00,9.859720075318490373e+00
3.422916084800147196e+00,9.957588643593847877e+00
3.526591824222998994e+00,9.880833191446779296e+00
3.244968899359416348e+00,1.010386755346799603e+01
3.503504209202555231e+00,9.897861379994026265e+00
3.573637355114202663e+00,9.846080675891153433e+00
3.315950444593176893e+00,1.003861900154412723e+01
3.254469239740138686e+00,1.009416327087872034e+01
3.562403597463967397e+00,9.854334504680180018e+00
9.869502166248336650e+00,4.858440824631054866e+00
9.868519056086668684e+00,4.859888249997899479e+00
3.344604514789203620e+00,1.001550167812650649e+01
3.579309410065542707e+00,9.841819022381104176e+00
3.443514551653934053e+00,9.942173326583395365e+00
3.452492203723841246e+00,9.935519136614040292e+00
3.258102109595314211e+00,1.009045812786703600e+01
3.571170921791696706e+00,9.847795388316173515e+00
3.505302579134253804e+00,9.896416617640070967e+00
9.867325185052081338e+00,4.861540905437347071e+00
3.498471929593466534e+00,9.901447472680583672e+00
3.543050986377843881e+00,9.868513246774549330e+00
9.871277131602344213e+00,4.855649637585721656e+00
3.352740060301987679e+00,1.000912607700822399e+01
3.543208491017665995e+00,9.868380934688818940e+00
3.368916996972371347e+00,9.996895641118921816e+00
3.325594073862218281e+00,1.003051381775836326e+01
3.291337712483833222e+00,1.005948404042128885e+01
3.239919386756057840e+00,1.010882631909969476e+01
3.339107835004240243e+00,1.001968810103084628e+01
3.310588708171315009e+00,1.004286460920927837e+01
3.331739761442180647e+00,1.002549286426259378e+01
9.869011203106591523e+00,4.858856885575574047e+00
3.321881572745619682e+00,1.003344304586292068e+01
9.869556856509801079e+00,4.858008829840219533e+00
9.850230987150467854e+00,4.887455710128887354e+00
9.869812333100362878e+00,4.857608874310144209e+00
3.313393353966467281e+00,1.004043255602468498e+01
3.313004380435625951e+00,1.004072730371221489e+01
3.359637994591487153e+00,1.000369842413789456e+01
3.265713491335819896e+00,1.008276353316012042e+01
3.555288109498079052e+00,9.859271447159914104e+00
3.420277522375255064e+00,9.959131436262959269e+00
3.480614542680950940e+00,9.914421396658925190e+00
3.515941897298126229e+00,9.888293084511666109e+00
3.584574564517575279e+00,9.837638889016307786e+00
3.464120652667344480e+00,9.926600394499352831e+00
3.282806211685854070e+00,1.006679939073679186e+01
3.437451458925288250e+00,9.946347440305437715e+00
9.857991299678591446e+00,4.875139091538873259e+00
3.525424077068096018e+00,9.881235122741122368e+00
3.370326738592489324e+00,9.995551493462993875e+00
3.465034121035681647e+00,9.925881786368460524e+00
3.241169526528429934e+00,1.010708459259499215e+01
3.241964171043060894e+00,1.010621298845392424e+01
3.526367450852466501e+00,9.880501418090764432e+00
3.256193195153134212e+00,1.009178188470939297e+01
3.243518436808823235e+00,1.010456593361944577e+01
3.397610647001776840e+00,9.975716008971410531e+00
3.439779508265830898e+00,9.944522378142684360e+00
3.237835685935731789e+00,1.011049083634595647e+01
3.409298259003934906e+00,9.967117129093688632e+00
3.377237891695085814e+00,9.990365532605249399e+00
3.366403944696410466e+00,9.998368507239408842e+00
3.446375085188085663e+00,9.939611906555331444e+00
9.857751542887911000e+00,4.875304429667411732e+00
3.303289167328750775e+00,1.004861274874878241e+01
3.579531738910300298e+00,9.841182614802292505e+00
3.567829393420337336e+00,9.849808002126994921e+00
3.538491093558103984e+00,9.871440600673196286e+00
3.411852023095875985e+00,9.965123517691813149e+00
9.842614101867514620e+00,4.898949919147002952e+00
3.254161367696936757e+00,1.009353881738515923e+01
9.852242249439873589e+00,4.883649058312608204e+00
3.521900141474203494e+00,9.883590454243925905e+00
3.261248096096919902e+00,1.008649483495914723e+01
3.493849178351288387e+00,9.904281625577175063e+00
9.880581647882495488e+00,4.841247200598324696e+00
3.505957038223186384e+00,9.895321590030548009e+00
3.367126165122665604e+00,9.997609782214048835e+00
3.477844757695904843e+00,9.916104218565866546e+00
3.401382407074148517e+00,9.972766242423668714e+00
3.380545395965349531e+00,9.987716298608825483e+00
3.263483967446362044e+00,1.008427676814275920e+01
3.406903715776695041e+00,9.968616612231206986e+00
3.512785655964790088e+00,9.890185886049318142e+00
3.277804977903379324e+00,1.007074248067558386e+01
9.856994707104762554e+00,4.875971157960722557e+00
3.238044269103949713e+00,1.010969671192562380e+01
3.277545107003983382e+00,1.007097345929800802e+01
3.308623277529832762e+00,1.004371448510855025e+01
3.262665264673053400e+00,1.008488863472518382e+01
3.236919755428640411e+00,1.011085074215052337e+01
3.583368844700880018e+00,9.838037537369226371e+00
9.863907377894454598e+00,4.865383187338559345e+00
3.586075981179428940e+00,9.836019883716353718e+00
3.557799179604809403e+00,9.856861224397997390e+00
3.427984405147070479e+00,9.952817470876288652e+00
3.390280213401544618e+00,9.980430415261979604e+00
3.528394163799342120e+00,9.878480899867680520e+00
3.439171246307267005e+00,9.944466678363125922e+00
3.429675778154158028e+00,9.951503583774387707e+00
3.477287767040049715e+00,9.916238632074071191e+00
3.567906157478968776e+00,9.849316927716383674e+00
3.462985664277318243e+00,9.926818204992798655e+00
3.333121113724683671e+00,1.002347762148970745e+01
3.516504644774287147e+00,9.887219343776802560e+00
9.852271596905747941e+00,4.882961553563216484e+00
9.837526684089658247e+00,4.906419693961277417e+00
3.248458819675195119e+00,1.009855553934800376e+01
3.301332966917467360e+00,1.004960653722847930e+01
3.386905222850790764e+00,9.982728175303167362e+00
3.431587600088566781e+00,9.949975833867487296e+00
3.525516714158773546e+00,9.880473811951450358e+00
3.236452948472701152e+00,1.011093195675198686e+01
9.835156086480253634e+00,4.910175190051425886e+00
3.277120768726730748e+00,1.007093950794175896e+01
3.288812671844599578e+00,1.006040758661914403e+01
3.320872464345416386e+00,1.003316580193074792e+01
3.480593928657087499e+00,9.913619017108743492e+00
3.443799862601697903e+00,9.940850465142453629e+00
3.319220121549266711e+00,1.003446280245211852e+01
3.540788471679322758e+00,9.869098682570687231e+00
3.268864829919369885e+00,1.007849927138816781e+01
3.253942071173577588e+00,1.009284668031286536e+01
3.284316829150752959e+00,1.006430157164676942e+01
9.878090681767677239e+00,4.843936554021402330e+00
3.318747059333487126e+00,1.003479079556786679e+01
3.564832025997127563e+00,9.851301492545523786e+00
3.238882973589097602e+00,1.010808922485905192e+01
3.426819975200662949e+00,9.953305275124485263e+00
3.242746300282977057e+00,1.010403744866542475e+01
3.414517117244190825e+00,9.962425784013909436e+00
3.242583298934601288e+00,1.010419920968449681e+01
3.368533814737529664e+00,9.995901597281733331e+00
3.463568818504533020e+00,9.926050111708084600e+00
3.587457921749234835e+00,9.834574803547718957e+00
3.428705628154376850e+00,9.951865784205573107e+00
3.560010420410508303e+00,9.854785831468843682e+00
9.860920204275084089e+00,4.869130536682690469e+00
3.357379851515813751e+00,1.000422984525206260e+01
3.554591387334646413e+00,9.858767827720173571e+00
3.464090316463988906e+00,9.925597692545888862e+00
9.885083485356211952e+00,4.833751754558528013e+00
9.854714816626662710e+00,4.878515082179696094e+00
3.251023581958301545e+00,1.009542103504071697e+01
3.281587627520760719e+00,1.006646082685479016e+01
3.422247175247974393e+00,9.956519933703370739e+00
3.466889745361510400e+00,9.923438676729206875e+00
3.577500737345305826e+00,9.841762555207072438e+00
9.852293660623704596e+00,4.882164102755932156e+00
3.456859594606008113e+00,9.930858984067722162e+00
3.477422654988832740e+00,9.915640300150821318e+00
3.355550167903868619e+00,1.000547904992439463e+01
3.336148445266156504e+00,1.002050571531275658e+01
3.582796004822970559e+00,9.837844667365088114e+00
3.317988892191141570e+00,1.003508151913346680e+01
3.424643273954243838e+00,9.954669813492904140e+00
3.505098649619984297e+00,9.895122372642616071e+00
3.552097916871869820e+00,9.860415945440834662e+00
9.852676608748346609e+00,4.881446120217684204e+00
9.888762264667063207e+00,4.828352964474594167e+00
3.587389168226172487e+00,9.834379129247219353e+00
9.887037486236785355e+00,4.830712718616912760e+00
3.259449007637899243e+00,1.008691490644144650e+01
3.277276422071538686e+00,1.007018148664241508e+01
3.256596306186350542e+00,1.008967725405531013e+01
3.233416207547213705e+00,1.011335729963753671e+01
9.846786144348484981e+00,4.890591764673234643e+00
3.535800418832368397e+00,9.872374862423935582e+00
3.559591115780150972e+00,9.854811800603346938e+00
9.868263938762510179e+00,4.857672781613193713e+00
3.469394246829468287e+00,9.921422848366939107e+00
3.391026521782659398e+00,9.979196480009870029e+00
3.321301879626927356e+00,1.003222795047432925e+01
3.232334074206852481e+00,1.011442300916523074e+01
3.541719585953131411e+00,9.867962460440292460e+00
3.285937656532161633e+00,1.006227252798441896e+01
3.338255362183923047e+00,1.001857362243492133e+01
3.573985456224189505e+00,9.844086876761515725e+00
3.340456629129432198e+00,1.001680749394238035e+01
3.358109516820547924e+00,1.000322235276038541e+01
3.330152072382807305e+00,1.002492659621289128e+01
6.904982445294114868e+00,7.221344385817579870e+00
3.803910884830564498e+00,9.664990797330887062e+00
8.583939656373189564e+00,5.898303668302866676e+00
4.384508055581954444e+00,9.207452179986500340e+00
8.000626330472853098e+00,6.357935295587074265e+00
7.868622313747905217e+00,6.461977056506980510e+00
5.869198409769621705e+00,8.037520594265000540e+00
5.513402516837766498e+00,8.317903690541488260e+00
4.812384958866165796e+00,8.870300314610872761e+00
6.538856216889662676e+00,7.509818826336571718e+00
7.404950346156148555e+00,6.827349227844190516e+00
4.411589991939866451e+00,9.186151957101664323e+00
6.838844788610563441e+00,7.273442831242618034e+00
3.690826800187353651e+00,9.754109511490412388e+00
5.066059770483870572e+00,8.670391840479872769e+00
3.732669973537482200e+00,9.721126347289084535e+00
7.249915156016144557e+00,6.949520154209984923e+00
4.819333829455601403e+00,8.864835888159321442e+00
4.408501426020237979e+00,9.188570464769199475e+00
3.672469262470145157e+00,9.768543363797618895e+00
3.542597138627010089e+00,9.870912100415276669e+00
8.976746312161436592e+00,5.588767186304227863e+00
3.323574970730533984e+00,1.004348581121258555e+01
5.883411590415706272e+00,8.026321348395084598e+00
8.122946596862771429e+00,6.261560340220286847e+00
5.729182397186104225e+00,8.147846299277947679e+00
5.602388357395884810e+00,8.247795652787868192e+00
6.306591798374920899e+00,7.692882361419252746e+00
3.581594903756866621e+00,9.840178744679022316e+00
4.838541787644953018e+00,8.849689099174728568e+00
3.809820456859868809e+00,9.660321527722649293e+00
9.781397989873401144e+00,4.954703631446960799e+00
3.459367350619788617e+00,9.936478588633399056e+00
5.556658528026668264e+00,8.283832597483868909e+00
3.623689603498851497e+00,9.807020978700919045e+00
6.117894743092293197e+00,7.841539730047329293e+00
7.871059584444618729e+00,6.460045370327722303e+00
7.768451462011617181e+00,6.540902152326672159e+00
8.588459639676969459e+00,5.894750222522988636e+00
3.253410531411971007e+00,1.009877034143141294e+01
7.288000460227966215e+00,6.919528666567182462e+00
7.629616599018978818e+00,6.650294081150855519e+00
5.118396713495811490e+00,8.629146050746491881e+00
8.324371638890351477e+00,6.102823481364549885e+00
7.045646498411523240e+00,7.110476095915680084e+00
6.304533904515878362e+00,7.694467391746066198e+00
8.851850294586718348e+00,5.687204937304452201e+00
8.585140209627091679e+00,5.897370055452731741e+00
8.550382196690112124e+00,5.924764092174994445e+00
7.221114068153339005e+00,6.972212071143158774e+00
7.304415300084142970e+00,6.906579856752777857e+00
4.478694245630220117e+00,9.133239039017931660e+00
3.316959276552356339e+00,1.004871091030095798e+01
8.319376591645095687e+00,6.106760157436106340e+00
3.867801592623348217e+00,9.614624252237836899e+00
7.777116361012156531e+00,6.534075780407825995e+00
7.064580489564236565e+00,7.095562147009598419e+00
8.334922913341792139e+00,6.094546290191503957e+00
8.962310188465089311e+00,5.600123452932117551e+00
6.962819870133563960e+00,7.175763734930263205e+00
4.689423591988826523e+00,8.967208975754489941e+00
4.224145959596088851e+00,9.333847846213377153e+00
4.969300994590470921e+00,8.746664074702021452e+00
6.218620594633984311e+00,7.762202310649835013e+00
7.024566162887817100e+00,7.127115986954391857e+00
8.828445734745177020e+00,5.705612438338155457e+00
5.327559355048775203e+00,8.464345074683109260e+00
5.973512851443063987e+00,7.955343383679017499e+00
6.430404847210871466e+00,7.595275968958151935e+00
4.116349382633618603e+00,9.418787293552110640e+00
4.258973064328293034e+00,9.306390999431497946e+00
9.344795661132952347e+00,5.298735594920368719e+00
6.916610616713910531e+00,7.212164324900319556e+00
4.738426668472730086e+00,8.928577653599298003e+00
8.218492751112954409e+00,6.186275160714727939e+00
9.718357725856892060e+00,5.004380420149465714e+00
7.701867599687910015e+00,6.593397287801145978e+00
4.750949208266547430e+00,8.918723059484994664e+00
7.553823792723086683e+00,6.710042579204633206e+00
7.436952335275656800e+00,6.802149691031573298e+00
4.678864410798986739e+00,8.975527968206947094e+00
6.677275118629522943e+00,7.400777075055188448e+00
3.659557689381288004e+00,9.778746014788396224e+00
7.762296628321387892e+00,6.545762277910322169e+00
6.303499778452584579e+00,7.695277167402797325e+00
5.925786158424418915e+00,7.992956607550198989e+00
3.634925311785738966e+00,9.798144629259603278e+00
4.166787597617611638e+00,9.379028108562691202e+00
6.170980850672858509e+00,7.799725342390466665e+00
9.415676765368345968e+00,5.242873748721972760e+00
6.569972731773582986e+00,7.485300559992293046e+00
7.982721928435647207e+00,6.372081114247380995e+00
8.435904446287382896e+00,6.014966127834330045e+00
8.884518385396413365e+00,5.661430384319422693e+00
3.877717678857230510e+00,9.606843421529205784e+00
7.568174884154877269e+00,6.698728013310548235e+00
5.322724915158317138e+00,8.468144334095144998e+00
6.564897371337282905e+00,7.489311012385641675e+00
8.323253975113605208e+00,6.103733886547368037e+00
4.507161386153190286e+00,9.110802999163636784e+00
7.791629595984254308e+00,6.522637209004568781e+00
3.638634129682414731e+00,9.795245145895021821e+00
5.450400844207004880e+00,8.367534016843345412e+00
5.541355517712281298e+00,8.295884354630596036e+00
9.305520071122890258e+00,5.329704960113140544e+00
9.245743404014934441e+00,5.376786812208142585e+00
5.755044935711297605e+00,8.127476951270582006e+00
5.262906626626545403e+00,8.515269459122913887e+00
4.082809975649240641e+00,9.445204209417498831e+00
9.692783014737653247e+00,5.024518059415052029e+00
6.166819058261376441e+00,7.802993414771882463e+00
5.414049568720841421e+00,8.396210116673152868e+00
9.264519553278141473e+00,5.362011637902400985e+00
7.410258467823266137e+00,6.823151120878798714e+00
4.968200240447771421e+00,8.747515473116489915e+00
8.619277024422004274e+00,5.870436138528274839e+00
6.050448588703773112e+00,7.894684053215754282e+00
5.607707317419132309e+00,8.243588146086558766e+00
4.125559221166875012e+00,9.411542738416573073e+00
5.424163325386866852e+00,8.388234321381068170e+00
9.326088118768179669e+00,5.313475814032882383e+00
8.415285738024742557e+00,6.031196877682434732e+00
3.332474012630618265e+00,1.003647753653263131e+01
9.664105900234282842e+00,5.047128639293748442e+00
8.290221010885741038e+00,6.129744117174285023e+00
8.849624511524822879e+00,5.688946943902990050e+00
5.909763273806937889e+00,8.005547470402548882e+00
9.256881844893218414e+00,5.368004384464029499e+00
3.941553734227703387e+00,9.556526190622772532e+00
9.196527943912421676e+00,5.415572466581561883e+00
5.685981621842316258e+00,8.181923918359576220e+00
6.644777930029249546e+00,7.426373019015306554e+00
9.073791854325072848e+00,5.512278349332892624e+00
7.388875814505848183e+00,6.840022377065849923e+00
8.041844782684066217e+00,6.325456330363081747e+00
8.076217878177731180e+00,6.298381518333102669e+00
4.325834106047509842e+00,9.253723104780787523e+00
8.470071581803544802e+00,5.988047591890844679e+00
7.370943049246785783e+00,6.854131348909915822e+00
5.868578178444129989e+00,8.037998634914867324e+00
5.563886526143024369e+00,8.278131380954558693e+00
8.768817745474471792e+00,5.752616273888376597e+00
5.199032511650802491e+00,8.565616353246463532e+00
6.944383190713860010e+00,7.190268017769423814e+00
8.248540569512389453e+00,6.162581492064957978e+00
5.548557426472484622e+00,8.290191825824804184e+00
9.653873351182634011e+00,5.055198836079251912e+00
7.349461865550606987e+00,6.871067551621026226e+00
4.146173166799973941e+00,9.395299645812780653e+00
4.539585093329891130e+00,9.085261560584809715e+00
6.447109087435714869e+00,7.582126767083142482e+00
7.908151007694909751e+00,6.430844627173084582e+00
8.103911494523188708e+00,6.276562116893415144e+00
7.042194829390178157e+00,7.113202296988994533e+00
8.760346373888523885e+00,5.759287866192766003e+00
4.534086676747000055e+00,9.089604872080627729e+00
9.780183308110736107e+00,4.955663552278095629e+00
5.267411563292137444e+00,8.511726070873738337e+00
4.638319931378331873e+00,9.007456381961278069e+00
6.542578126577478059e+00,7.506916195092437682e+00
9.393703937669759085e+00,5.260208920487746909e+00
7.662318966281333132e+00,6.624555946977143783e+00
3.636839499316581126e+00,9.796639168629823757e+00
5.255630139548024715e+00,8.521003315657697641e+00
7.627310429436204409e+00,6.652118354168070624e+00
4.898850985859861673e+00,8.802183453387153023e+00
6.841080756836547039e+00,7.271670390124515215e+00
4.373802000191641781e+00,9.215887634044417354e+00
4.783434049741469352e+00,8.893118016862272768e+00
5.926854437601644321e+00,7.992080450591687146e+00
7.676733401351989450e+00,6.613185710109627635e+00
8.797074822781407732e+00,5.730363235531449106e+00
3.645689950943928004e+00,9.789671456710431485e+00
6.588330665693296950e+00,7.470848632562704594e+00
4.819532096636601537e+00,8.864683695933329943e+00
4.424516407954496522e+00,9.175930731679104113e+00
8.710541102845500205e+00,5.798532073707201917e+00
6.342583504394660565e+00,7.664512455209039565e+00
8.288771118782729985e+00,6.130902973328793415e+00
8.637770564933997974e+00,5.855903636123025890e+00
3.939625293418552943e+00,9.558052855063813524e+00
7.484136228161771598e+00,6.764949150166708947e+00
6.647013656573856011e+00,7.424588942211145515e+00
8.003706280614402147e+00,6.355524712303450841e+00
6.202026773835537021e+00,7.775270143083029772e+00
3.901696336606719218e+00,9.587936718001309089e+00
8.176371550076344974e+00,6.219448548252800357e+00
5.849428764579192475e+00,8.053092758750617364e+00
5.241291521242750662e+00,8.532314052971788243e+00
6.501981800636912112e+00,7.538897634147663673e+00
7.695689642796947005e+00,6.598257712979146206e+00
6.661639622268807237e+00,7.413092345900083480e+00
9.600920061348823253e+00,5.096905462403954701e+00
4.126940414830507109e+00,9.410441015024524347e+00
9.604344699779689520e+00,5.094207706213388143e+00
5.007030072592201009e+00,8.716902883204111774e+00
6.037515310662854517e+00,7.904889727403617172e+00
6.257331282251414883e+00,7.731685657374272935e+00
5.800527370030757801e+00,8.091627246728883449e+00
3.782230990311073349e+00,9.682071141481275234e+00
7.009357110946735858e+00,7.139078013739303508e+00
8.805520623789586665e+00,5.723698890525301231e+00
6.720985966770999909e+00,7.366296542172160677e+00
8.192176027466484101e+00,6.206996588546689786e+00
5.055268535996166435e+00,8.678915758060643526e+00
6.659112649104564241e+00,7.415083338010803438e+00
4.661150949699799817e+00,8.989496109996704121e+00
5.644324605899912584e+00,8.214714281961569498e+00
3.732172640473889302e+00,9.721514200545396278e+00
8.553082450150707672e+00,5.922598473592303847e+00
5.788805867685797857e+00,8.100865845998544756e+00
7.332922115257546558e+00,6.884121124347537091e+00
8.924160181732025521e+00,5.630207463347232100e+00
8.116573955117271311e+00,6.266581542727752030e+00
8.730362602844079944e+00,5.782924328824488924e+00
5.492134981632174728e+00,8.334643311388912679e+00
9.724661466124500109e+00,4.999416470351526698e+00
3.771634663566753698e+00,9.690406486765169802e+00
8.678336116972833025e+00,5.823896962855954484e+00
7.178358877705688812e+00,7.005892036876618434e+00
9.740509500576898461e+00,4.986912343984513107e+00
9.247277044653609224e+00,5.375584024685095663e+00
6.259138631120494622e+00,7.730272367269400924e+00
5.769226900079940989e+00,8.116318940863601838e+00
9.359705533228106944e+00,5.286994009967595609e+00
6.176825510192855972e+00,7.795112453585596235e+00
6.543379554072942028e+00,7.506252537973067795e+00
6.267436505353256138e+00,7.723702415337854177e+00
6.931510191027856926e+00,7.200403011061410119e+00
4.046418309151159853e+00,9.473868190070692918e+00
8.789454830112028105e+00,5.736368533380806767e+00
9.636410990338923455e+00,5.068939926688606157e+00
3.537658883024098699e+00,9.874802799361390271e+00
4.019014951710707884e+00,9.495489892644748409e+00
7.987057094042723904e+00,6.368662532431130785e+00
7.993841576152130202e+00,6.363315489408083891e+00
6.952010939730614680e+00,7.184262826507373134e+00
5.793985608398308784e+00,8.096803665240917880e+00
3.328099401719391004e+00,1.003991346997277034e+01
6.726013465617844744e+00,7.362358106247491207e+00
5.727337353947795862e+00,8.149331635456322331e+00
5.578753072994432571e+00,8.266407167406795153e+00
3.734341848251875096e+00,9.719799528542868217e+00
9.846830188829208907e+00,4.903155822516207962e+00
7.823705215175939642e+00,6.497383503306829233e+00
7.224247610815939247e+00,6.969732395596566654e+00
4.750136643271432035e+00,8.919360985368646411e+00
8.522290223650884400e+00,5.946864097045005515e+00
7.158715449568407330e+00,7.021367149870328284e+00
6.662021333554269731e+00,7.412778370247070647e+00
5.533296430987642012e+00,8.302202965485648178e+00
8.164301223045317357e+00,6.228983897321843877e+00
6.741034967046605431e+00,7.350530219192367376e+00
9.691760535817090627e+00,5.025315467643173939e+00
5.440819954829309246e+00,8.375104280052960704e+00
9.702529751033848626e+00,5.016870094296874250e+00
6.786570052307675738e+00,7.314646409896459645e+00
6.284675785454782115e+00,7.710146237070814479e+00
4.118782904411844470e+00,9.416862134174413868e+00
3.954872017722609989e+00,9.546018638393665157e+00
9.408770745371832334e+00,5.248335712640968431e+00
9.523975030947667619e+00,5.157562439026370349e+00
8.153054806800641430e+00,6.237848268523546125e+00
3.493399295086461187e+00,9.909662305385760206e+00
3.348200103746096445e+00,1.002409251132790047e+01
4.629066773059998141e+00,9.014760030355366993e+00
7.806850518763563507e+00,6.510672619833108854e+00
4.386746242328065648e+00,9.205709025581233718e+00
9.177214888987201391e+00,5.430795287005225624e+00
8.551584920291373848e+00,5.923799785608053980e+00
8.206321959332274929e+00,6.195871921296380869e+00
5.602606277940061830e+00,8.247608638238222767e+00
8.378552430137464313e+00,6.060154170076399893e+00
7.285443072659120389e+00,6.921504217667844294e+00
6.312532780019807888e+00,7.688186387334266847e+00
8.377035140393140011e+00,6.061331502441172248e+00
3.983219154906430415e+00,9.523676430304940155e+00
4.212199592305725382e+00,9.343236871082597261e+00
4.296874635770505435e+00,9.276548863367727549e+00
8.332079739699711496e+00,6.096768533056450501e+00
6.196240321248644101e+00,7.779830238751397786e+00
4.462708446349541447e+00,9.145834520762500475e+00
4.181078159698842001e+00,9.367770500135984335e+00
8.084850484438408813e+00,6.291589527174982877e+00
5.941234592262879310e+00,7.980749407295049558e+00
4.747874254112080195e+00,8.921157577020117913e+00
8.840551680774348497e+00,5.696102305720091685e+00
4.860533838517568483e+00,8.832368706470713704e+00
7.698655846046501772e+00,6.595927955485428207e+00
6.805530639604635113e+00,7.299684794000215859e+00
8.258576395135147408e+00,6.154673660716935224e+00
7.885563530391017650e+00,6.448640415599851572e+00
7.164299790628392728e+00,7.016976916269354270e+00
5.327855122154737444e+00,8.464124307101865696e+00
9.178763423018430956e+00,5.429588727871620613e+00
6.248298330569828529e+00,7.738779824812980657e+00
9.348997635632606773e+00,5.295420360246550828e+00
4.302104147505760423e+00,9.272396674412808792e+00
8.324063131929358761e+00,6.103079569726940434e+00
3.972434905201604138e+00,9.532197136346900024e+00
9.466994899099443472e+00,5.202461882614841215e+00
5.633081841985665861e+00,8.223583705861017279e+00
4.738286543504634629e+00,8.928678418088283664e+00
7.613859383799221447e+00,6.662720981005382903e+00
6.830486322605437977e+00,7.280035248842063211e+00
5.144306719564434083e+00,8.608766856466543160e+00
5.227338604894256946e+00,8.543306745727852203e+00
9.834419711471310777e+00,4.912904056059143265e+00
5.217147084919545819e+00,8.551350136379202382e+00
3.691928040358330332e+00,9.753245865845613594e+00
9.355575824245690342e+00,5.290243363277937760e+00
6.680550971970076191e+00,7.398182220952792321e+00
9.054523582470210386e+00,5.527490997689159968e+00
6.069729479341477330e+00,7.879502689197627419e+00
9.206223279528181536e+00,5.407946982661507640e+00
8.482065421845724984e+00,5.978601003458961394e+00
6.747545326472982552e+00,7.345395884802499609e+00
3.330133224945069692e+00,1.003831588879078218e+01
8.436907477919199039e+00,6.014148741194916603e+00
7.678982912358045532e+00,6.611403020263868946e+00
4.602771154538768172e+00,9.035477396899622704e+00
7.596077059087256167e+00,6.676742534487660308e+00
5.781660686399963112e+00,8.106497652015095312e+00
3.279739996591592988e+00,1.007803902441955479e+01
5.769979253332042646e+00,8.115706163839801590e+00
8.479783789755797940e+00,5.980371458246927396e+00
6.286650568673318062e+00,7.708577286207499490e+00
5.241843406873881506e+00,8.531882327525847742e+00
3.404981612870916052e+00,9.979347208648878365e+00
7.996812562123369439e+00,6.360982063045871548e+00
