5.258334428180496900e+00,8.800608231091446854e+00
9.629304814142948032e+00,5.312028647062892794e+00
9.629747942885384049e+00,5.311455861833014325e+00
9.630215884731198273e+00,5.310506375527968004e+00
9.630606339406696748e+00,5.309918980403856459e+00
9.624859335193104215e+00,5.315501622819910565e+00
9.627473308960956544e+00,5.312875161374990718e+00
4.352115519661330367e+00,9.424275829100720259e+00
9.624468288954478368e+00,5.315828465550630710e+00
4.355094861693276975e+00,9.421946684992120069e+00
4.334017206623296481e+00,9.438358413553938675e+00
4.324206166332068335e+00,9.446021827997515885e+00
4.321234544989835946e+00,9.448336123650266316e+00
4.324550577007561181e+00,9.445725806218415954e+00
4.311222335914553838e+00,9.456150493659045253e+00
4.313531479023564152e+00,9.454311488405442887e+00
4.374526445467133762e+00,9.406794508675286437e+00
4.338218279398009081e+00,9.434943724367393258e+00
4.351183110105062646e+00,9.424841327666689139e+00
4.377169455433689293e+00,9.404742642718701973e+00
4.349205032204077170e+00,9.426369370382220225e+00
4.327535833044312774e+00,9.443271460842687759e+00
4.349093978910932634e+00,9.426444294948119307e+00
4.379695767021752673e+00,9.402776549586798538e+00
4.324920595234268639e+00,9.445275925866985389e+00
4.358070038755946563e+00,9.419438724096748317e+00
4.305223980564928610e+00,9.460783818339677964e+00
4.317830831606028319e+00,9.450829712303345786e+00
9.626942373283405630e+00,5.313180706741109205e+00
4.319997789707709757e+00,9.449116521346940800e+00
4.319991433544589476e+00,9.449112156199186430e+00
4.365562833441996027e+00,9.413608737931772552e+00
4.367171668160443332e+00,9.412364897458482815e+00
4.314559977954234071e+00,9.453375486454012488e+00
4.312966428599874114e+00,9.454623240555115160e+00
4.316687158660402091e+00,9.451689694160773314e+00
9.625218797760112466e+00,5.314871901659672382e+00
4.296820980036642368e+00,9.467360337659346925e+00
9.631169564239275616e+00,5.308892126693311120e+00
4.373522383690370496e+00,9.407397047075654939e+00
4.391683371847114437e+00,9.393426285661195863e+00
4.330423650265572633e+00,9.440814974968949613e+00
4.349653027003990147e+00,9.425818663001789943e+00
4.344922928968176556e+00,9.429495061392717759e+00
4.303150112549874784e+00,9.462251072390548856e+00
4.358447088930925695e+00,9.418977267033112000e+00
4.384903666364854402e+00,9.398570968834205175e+00
9.630416733591243172e+00,5.309580712747274944e+00
9.623071530444686772e+00,5.316919032558815594e+00
4.357494506964626702e+00,9.419695674685678810e+00
4.397604334359900058e+00,9.388812239631169732e+00
9.630882028645419979e+00,5.309091282576321014e+00
4.314990275063060210e+00,9.452844038121344994e+00
4.364034642996966085e+00,9.414606534217293543e+00
4.317075703670960607e+00,9.451193593589454878e+00
4.369043304141127848e+00,9.410735929051293525e+00
4.401639059911725660e+00,9.385691186869326685e+00
9.625599447978071765e+00,5.314346889910848581e+00
4.370920683436810172e+00,9.409259251344309405e+00
4.294007135049588975e+00,9.469385923535012850e+00
4.310269605221750844e+00,9.456511532496641337e+00
4.335208845849630066e+00,9.436946983378687648e+00
4.309509296029507830e+00,9.457104437552107612e+00
4.307677105802651951e+00,9.458539558312065054e+00
4.336446127069359946e+00,9.435969251540971214e+00
4.293679654903345799e+00,9.469622078637710771e+00
4.346637266423488910e+00,9.428030783569242956e+00
4.325949700159291922e+00,9.444166365813325470e+00
4.343909177845306502e+00,9.430145100666678104e+00
9.624344344881965441e+00,5.315567874383179792e+00
4.331126298907887140e+00,9.440103384031408140e+00
4.357780749939673903e+00,9.419359748782937913e+00
4.303541757147630875e+00,9.461761345906628762e+00
4.322087882522187563e+00,9.447138475972122862e+00
4.394949293791346356e+00,9.390716759792043788e+00
4.363127755520946671e+00,9.415190994310707495e+00
4.395881852647171684e+00,9.390000166815982041e+00
4.395664864699179830e+00,9.390161361974531218e+00
4.286765627190268546e+00,9.475024380855222361e+00
4.361516860183524358e+00,9.416412436404479891e+00
4.312971644778908598e+00,9.454260154956431350e+00
4.364300909438417975e+00,9.414252707670298648e+00
4.285524329427484069e+00,9.475999959002470163e+00
4.408778118163103166e+00,9.380108320145643219e+00
4.382235610008023308e+00,9.400426306019026512e+00
4.409556187022828588e+00,9.379508213190291599e+00
4.341383018080882117e+00,9.432004669526511620e+00
4.408917116509359246e+00,9.379984346377661097e+00
4.386797886216302622e+00,9.396901178049393621e+00
4.306845618532054942e+00,9.459045426774396859e+00
4.340716541643302229e+00,9.432502948844659230e+00
4.354769308428711128e+00,9.421573396477514351e+00
4.373028505291982171e+00,9.407466283471631385e+00
4.295606326753552473e+00,9.467917220955875734e+00
4.387913816098708786e+00,9.396012702872248212e+00
4.387745992297243269e+00,9.396137955519225926e+00
4.375316869396286279e+00,9.405661834883460415e+00
4.299687719014373855e+00,9.464619442693745555e+00
9.624683038316465655e+00,5.315074800990729820e+00
4.365532456029379560e+00,9.413183859830493105e+00
5.761707991131046924e+00,8.325980248830703090e+00
6.073838539668320102e+00,8.082755042602817852e+00
6.617136797488132771e+00,7.659391940662133358e+00
8.043645364909956186e+00,6.547728734137721496e+00
7.883415235093992557e+00,6.672596174173798467e+00
9.206200426014262916e+00,5.641787026330291610e+00
5.567494082742411088e+00,8.477354696537178214e+00
7.910978289202211577e+00,6.651139292058299901e+00
8.023507195779869150e+00,6.563436875453543706e+00
9.288272772561587232e+00,5.577852838925489998e+00
5.618218020643578114e+00,8.437794312293355858e+00
5.884876555623829830e+00,8.230005681773462811e+00
6.743977396030623517e+00,7.560533260604287875e+00
5.110794312690895680e+00,8.833211898539000018e+00
5.583965980530054551e+00,8.464518464376148188e+00
4.819224312412856648e+00,9.060440751383946889e+00
8.969007803571990678e+00,5.826616777161931715e+00
6.875881632605200799e+00,7.457767505454558687e+00
5.188222560836236674e+00,8.772904132876673700e+00
5.147456681738380446e+00,8.804654119973569948e+00
8.645041586009806878e+00,6.079085148206548439e+00
4.445131435282068111e+00,9.351954719620787060e+00
4.541346027445760214e+00,9.276985604190375767e+00
5.355624814604232675e+00,8.642431116997382645e+00
9.278038206616898265e+00,5.585815416686915391e+00
7.180577368647527159e+00,7.220298178695339963e+00
7.857406997414827288e+00,6.692858404992602317e+00
6.154449241124813064e+00,8.019938860075583875e+00
7.906524624472374363e+00,6.654611711403712881e+00
7.361538548629217971e+00,7.079292733612621902e+00
6.665754039821496946e+00,7.621478417548993356e+00
8.388587224286016664e+00,6.278918819882104430e+00
8.354998629303896251e+00,6.305098146150236005e+00
7.490311638358329915e+00,6.978927033149802561e+00
8.494049197258192407e+00,6.196737981524517380e+00
9.502082471695095123e+00,5.411196508835375063e+00
6.066745521787924034e+00,8.088274010400809289e+00
6.674138082094126290e+00,7.614958868976522410e+00
6.172902357928814254e+00,8.005565102306896108e+00
8.760945243096522006e+00,5.988786658857549128e+00
8.842033674250100006e+00,5.925588096943005922e+00
8.107126054539586235e+00,6.498253542332666832e+00
5.482878249529651526e+00,8.543291634803789947e+00
6.469234153676276300e+00,7.774651713419854282e+00
5.362651251958415521e+00,8.636971538038604734e+00
5.419573270895170936e+00,8.592612712526358720e+00
8.800717071231970223e+00,5.957783094360699749e+00
9.123932511551444691e+00,5.705887788715111597e+00
6.400696150268021967e+00,7.828063566008784946e+00
6.255833150904320128e+00,7.940929063951796429e+00
7.537548488113875678e+00,6.942136723570726531e+00
7.803451027995587985e+00,6.734927579141022136e+00
8.327366015173371494e+00,6.326641604276504793e+00
6.308009802538703248e+00,7.900269841991327979e+00
8.425444921973941348e+00,6.250200093762305009e+00
4.579738343326716254e+00,9.247064164809776443e+00
4.934523129063337343e+00,8.970585975101434073e+00
9.164826776176461465e+00,5.674015510773885218e+00
4.517439462131452643e+00,9.295628070979065072e+00
6.618355041521342130e+00,7.658410967289805527e+00
4.525528565369716816e+00,9.289316655390535971e+00
6.223146602745850409e+00,7.966401648518909084e+00
9.336270914664515530e+00,5.540429783373337358e+00
5.404902491539847809e+00,8.604031699414058210e+00
7.929129335063098694e+00,6.636970042665053526e+00
9.181517537494977788e+00,5.661037720508184101e+00
9.618042503067105287e+00,5.320834523954965256e+00
8.115727135873843423e+00,6.491568231898950714e+00
6.854070105141165214e+00,7.474744232357124929e+00
7.247190139132803743e+00,7.168380439777989110e+00
6.838711280584440999e+00,7.486717714542375113e+00
5.622738994066891038e+00,8.434305832048803353e+00
5.643196030383245798e+00,8.418350895895317265e+00
8.621289061493287775e+00,6.097611031495328682e+00
6.674164051411296761e+00,7.614938118539909873e+00
6.742883591003419497e+00,7.561391781384072530e+00
7.025157671458662989e+00,7.341398360489570507e+00
7.769559300654776735e+00,6.761320983959449471e+00
6.840912354159938147e+00,7.484995954413688146e+00
4.443945386021134425e+00,9.352901335638891922e+00
9.478084183545981034e+00,5.429899753199155299e+00
9.478644909183296718e+00,5.429478500446196065e+00
6.972978361035734096e+00,7.382074802306038741e+00
7.466471682468384330e+00,6.997514587858381319e+00
6.388897048646738241e+00,7.837221862107333514e+00
7.829829457898995315e+00,6.714352770707410656e+00
4.904033596819338925e+00,8.994364393098052801e+00
8.815286186976752703e+00,5.946433936309897916e+00
5.655743036198442653e+00,8.408569759056764070e+00
6.910515505415924409e+00,7.430774853569553251e+00
5.247747895249212924e+00,8.726516247181589137e+00
4.767222666638881279e+00,9.100950160191258576e+00
9.542521342688521813e+00,5.379723592857688530e+00
6.822789114367200369e+00,7.499133251506217235e+00
6.128932946724823694e+00,8.039814289191868468e+00
5.712296080870933324e+00,8.364511371689024699e+00
5.355310399381713715e+00,8.642671426832778891e+00
4.999854967910777326e+00,8.919690283279088305e+00
6.758671286987913973e+00,7.549073820082821129e+00
6.281777941878347704e+00,7.920708276735780373e+00
5.239198077780202745e+00,8.733150466608627482e+00
7.231215999811887229e+00,7.180851862698957255e+00
6.049636877066326690e+00,8.101623774863545790e+00
6.846331687485781359e+00,7.480793517456683084e+00
4.620988084877619251e+00,9.214944544383371294e+00
7.972614259485897747e+00,6.603099702767127432e+00
8.057497182614595133e+00,6.536958672470878362e+00
5.055265530729922574e+00,8.876504336943977336e+00
6.396043002546415224e+00,7.831674700152190027e+00
7.145164759013190370e+00,7.247892096900055314e+00
6.398844433865506609e+00,7.829508333064979730e+00
5.102463650711459131e+00,8.839736997175881683e+00
9.071757024195242991e+00,5.746547155604933899e+00
6.001492946221674174e+00,8.139152630527535237e+00
8.395485869337083074e+00,6.273553514537013598e+00
6.215552149828227790e+00,7.972314709721310955e+00
9.551080528435303307e+00,5.373049393999346890e+00
5.224906634897243940e+00,8.744289368527809359e+00
8.426237094634606350e+00,6.249598680144734963e+00
6.729165799829221584e+00,7.572066748030522376e+00
6.593316479087969029e+00,7.677955704571257201e+00
8.111035899651717784e+00,6.495236852926992377e+00
9.289139124157047789e+00,5.577153878084214256e+00
7.197845399234532593e+00,7.206829817714872632e+00
7.458141841613558753e+00,7.004000381468412861e+00
6.615787825917990972e+00,7.660433157210039923e+00
7.705508494411480669e+00,6.811258325069467823e+00
7.372814436354987677e+00,7.070497756842441639e+00
7.578648050766897626e+00,6.910100106733582770e+00
8.149580110159021729e+00,6.465200729772933919e+00
4.287409651455164727e+00,9.474875440666094661e+00
6.297446207098200688e+00,7.908515315048096461e+00
6.294093490892842979e+00,7.911136778169320039e+00
7.768737583497742349e+00,6.761970505484935501e+00
4.453311314411295463e+00,9.345608788377926857e+00
8.097563127800416538e+00,6.505741235297372249e+00
5.342484544391437495e+00,8.652696997346019714e+00
5.668025499831381708e+00,8.398991030543792036e+00
4.308808264113237918e+00,9.458203802055608733e+00
7.111441680187725822e+00,7.274168993012493978e+00
4.372176437384189818e+00,9.408815007614972359e+00
4.866237321336439159e+00,9.023804147787512164e+00
5.225631240538397115e+00,8.743721248290105663e+00
7.727891008434570885e+00,6.793809183606712487e+00
4.823990730924848869e+00,9.056718723630314827e+00
8.727736149942973753e+00,6.014631493744345470e+00
7.503024642067610550e+00,6.969026832877698752e+00
4.441173428283851088e+00,9.355066646674544018e+00
6.019056844856566890e+00,8.125463572114025368e+00
6.024082014662479168e+00,8.121524021777766222e+00
8.707960419118897732e+00,6.030072525463483935e+00
7.620885020764973206e+00,6.877199610101202509e+00
8.532452419111326236e+00,6.166831804179229160e+00
8.848837723376306030e+00,5.920253889097704558e+00
6.092148186864780435e+00,8.068475560230210064e+00
7.717760620190852627e+00,6.801707609288752288e+00
7.447887841265873554e+00,7.011982726155770784e+00
8.086446381492409685e+00,6.514391861304459574e+00
4.566908396257618463e+00,9.257059960702839874e+00
9.382238151874213727e+00,5.504609797010049377e+00
6.941289466211372883e+00,7.406772526397991108e+00
5.991818173148792503e+00,8.146682359457200207e+00
7.885045860515649707e+00,6.671336418233543064e+00
7.981847535579287722e+00,6.595892842053185490e+00
5.036672586775896576e+00,8.891004269139067162e+00
6.314846158860857983e+00,7.894934979503356764e+00
8.158860168668317314e+00,6.457954429881559655e+00
7.205851732431855616e+00,7.200615117766739459e+00
5.739148098761561734e+00,8.343579482693504801e+00
9.271127412999060624e+00,5.591200236376248078e+00
4.510230383788382369e+00,9.301223791393875118e+00
6.854311147819743155e+00,7.474567363509140527e+00
5.854965668306835624e+00,8.253331352353765027e+00
6.741599593621650399e+00,7.562378472202277102e+00
7.406866156697330617e+00,7.043951204549823153e+00
6.739465291056238705e+00,7.564066187841831379e+00
4.834052100037458111e+00,9.048881462611715776e+00
7.536382613382107465e+00,6.943038395945804631e+00
9.099728720384607783e+00,5.724747999268268828e+00
7.018494637211123433e+00,7.346605893100138118e+00
8.177429235731526802e+00,6.443473914190001040e+00
8.851645631767837585e+00,5.918105298001949066e+00
9.505389052932372351e+00,5.408644834494264586e+00
8.278743678353302826e+00,6.364514622289073387e+00
5.146401832484173156e+00,8.805502747426249499e+00
9.483213701504929816e+00,5.425931421898559925e+00
4.972646257341494014e+00,8.940878501978009041e+00
8.135143330895466818e+00,6.476451301537289318e+00
4.946917204451909633e+00,8.960920156767242517e+00
7.333688277148556978e+00,7.100972868383726322e+00
4.382810528108558756e+00,9.400535413472875135e+00
5.330849367567831898e+00,8.661747278121328719e+00
4.860494228533148942e+00,9.028290497930694158e+00
4.564326104562478115e+00,9.259080966125173617e+00
7.930257418161765770e+00,6.636117620526106542e+00
5.448020659036127533e+00,8.570453181798361797e+00
7.864299528132475459e+00,6.687511281012384678e+00
6.996661826042977594e+00,7.363625352004712354e+00
7.028485487887333960e+00,7.338826662654248878e+00
7.086508770784516464e+00,7.293629991570133697e+00
6.913778159846994953e+00,7.428229697794000330e+00
7.240023978111395309e+00,7.173961879737314362e+00
7.427389022727963308e+00,7.027979507453263608e+00
8.528069168767679287e+00,6.170237977134973129e+00
6.726893011867558059e+00,7.573855420359375756e+00
6.212881452481852307e+00,7.974391776111370511e+00
6.177802538803514487e+00,8.001745636981086207e+00
5.385496249804484492e+00,8.619145551919547898e+00
8.178472094630027556e+00,6.442659118039344435e+00
5.893017161809214421e+00,8.223687626474172063e+00
5.902750416283041091e+00,8.216066949031819888e+00
6.481283093893678071e+00,7.765256089479180446e+00
5.824864952268457685e+00,8.276786179278607491e+00
5.583094479284417488e+00,8.465170699977379698e+00
7.389155667639516700e+00,7.057755444911602005e+00
8.976647307542375387e+00,5.820693989792991907e+00
4.633276048528607305e+00,9.205350716761698138e+00
6.596551476320550833e+00,7.675432806360499960e+00
4.866570082689278820e+00,9.023554105355527710e+00
8.433508310592964463e+00,6.243909856461328012e+00
5.912673107889224511e+00,8.208355659114804581e+00
9.365100335246278718e+00,5.517978947027644132e+00
5.417170169240857369e+00,8.594484473697495019e+00
5.134449233404769330e+00,8.814811475854938294e+00
7.681695797944785298e+00,6.829807609078842212e+00
9.196616477249449417e+00,5.649239108011411936e+00
8.215048912387924673e+00,6.414165594457254649e+00
7.698494985214113129e+00,6.816697036380493735e+00
9.035349207662584092e+00,5.774925012883805664e+00
5.711004152777276133e+00,8.365524572464929420e+00
7.913093761979487439e+00,6.649464483692203665e+00
6.141939323907089410e+00,8.029694389843301749e+00
4.418501153632319323e+00,9.372724553797295854e+00
6.565851115798599480e+00,7.699359273613605836e+00
8.216131202143948542e+00,6.413335121548071172e+00
6.265961865293020239e+00,7.933022524835447342e+00
6.028318976950197694e+00,8.118213470933044462e+00
5.183724875587611969e+00,8.776414412670305865e+00
6.517662131314270191e+00,7.736897350765122638e+00
6.022923648863629964e+00,8.122420822342867552e+00
5.406853473313298686e+00,8.602531342001851655e+00
8.077171717110548599e+00,6.521629716424369505e+00
5.045697199089138607e+00,8.883953122019391913e+00
7.066330886404878164e+00,7.309336274897671792e+00
8.536700039291702069e+00,6.163501628226958573e+00
7.820042380752649791e+00,6.722003010349049568e+00
7.958404740684518863e+00,6.614150754155830647e+00
4.341399390744372866e+00,9.432819082907622388e+00
6.784664650488263504e+00,7.528815622588822087e+00
6.340706096947716475e+00,7.874806431547300534e+00
6.316887063032503136e+00,7.893354472947981648e+00
4.403134476290123445e+00,9.384674656211821286e+00
4.518917795447620733e+00,9.294453718455896407e+00
5.149429981713917748e+00,8.803140074789524760e+00
9.620270658347436665e+00,5.319128926727532125e+00
9.609392805828690598e+00,5.327573404228124865e+00
8.311791532497466051e+00,6.338769990014806233e+00
8.249244739596996112e+00,6.387529937263893842e+00
9.293234077271659288e+00,5.573977281269571371e+00
8.071382707211798291e+00,6.526125322604949375e+00
5.332214265880756088e+00,8.660703642342927111e+00
7.836251653380831073e+00,6.709364620206099694e+00
8.437582621175387487e+00,6.240738856325145356e+00
8.898443310332758927e+00,5.881600490650767732e+00
6.055192845821151693e+00,8.097272296092130617e+00
8.897677898646536576e+00,5.882225512307645232e+00
8.194567283523186418e+00,6.430133986420503156e+00
6.070558170795973041e+00,8.085295830217777535e+00
6.085452016711131229e+00,8.073723934441687788e+00
6.489474903574302900e+00,7.758875554294237809e+00
6.181490639956422228e+00,7.998853923915458353e+00
5.049387043751549342e+00,8.881101383695252593e+00
8.902627531420403528e+00,5.878368148984200126e+00
5.382281436010620368e+00,8.621667473858353858e+00
5.328069636793752117e+00,8.663906865321758133e+00
4.461723974400036319e+00,9.339015644051226417e+00
8.555405642050693871e+00,6.148941934800561171e+00
7.400975298804826963e+00,7.048544545609678025e+00
8.902509258756882815e+00,5.878459730017874918e+00
5.248393704548898420e+00,8.726021763846594226e+00
7.275534206132570958e+00,7.146319961315999336e+00
5.225644509061784682e+00,8.743723385723004782e+00
6.504656833532068028e+00,7.747022879029136000e+00
5.282943506439590209e+00,8.699099061459179438e+00
5.661935524662446539e+00,8.403727338158557103e+00
8.943308660018319145e+00,5.846655301763363788e+00
6.656403383671197105e+00,7.628781997776012069e+00
8.449291427228047269e+00,6.231638512490651927e+00
5.157113095945025982e+00,8.797145406089173392e+00
9.145761602984828542e+00,5.688890954458003080e+00
5.064500668620584456e+00,8.869302764146514306e+00
4.998868241275367552e+00,8.920439932517680859e+00
8.235140031845336495e+00,6.398518053946880002e+00
6.141648024086248547e+00,8.029910494872662952e+00
9.021194129921081384e+00,5.785944569626336964e+00
4.573139473404268074e+00,9.252208880549284586e+00
5.562950183506485402e+00,8.480860177648839482e+00
5.440087857149392470e+00,8.576603797726875200e+00
7.244305983478684041e+00,7.170648568697312264e+00
4.770396502944127093e+00,9.098475362342313133e+00
5.706832369786011938e+00,8.368771902775762328e+00
9.221711048758228557e+00,5.629700975249459560e+00
7.648835945368487543e+00,6.855420375875818095e+00
9.535558326689873354e+00,5.385151674177948600e+00
4.797175453565242442e+00,9.077609636945977556e+00
7.518260416395256662e+00,6.957172599364008114e+00
6.770259591515935149e+00,7.540055846340985468e+00
5.061422108166873102e+00,8.871692846446029179e+00
5.001608394188128415e+00,8.918312619018882614e+00
7.250769018693167922e+00,7.165594007078817107e+00
6.893097708352818209e+00,7.444316933673911230e+00
4.582395414050851379e+00,9.245006713855099534e+00
4.880469796635914292e+00,9.012716363061304747e+00
6.470935965779034404e+00,7.773309174263794752e+00
6.844946708212207298e+00,7.481867274624803166e+00
8.186162551716416047e+00,6.436690454743644096e+00
5.643407069707921053e+00,8.418201082750112363e+00
8.867248922866441063e+00,5.905923731460715587e+00
9.277992239367705452e+00,5.585835974333648757e+00
5.106102947091495814e+00,8.836890273394228501e+00
4.850381936417223372e+00,9.036170594985877713e+00
7.319393685067848487e+00,7.112148285180673213e+00
7.674070090817801670e+00,6.835731421507446726e+00
8.985941582167647823e+00,5.813429732029307573e+00
9.046821118236946901e+00,5.765982368707723182e+00
9.083543525891236925e+00,5.737390666827121954e+00
9.240418428326151457e+00,5.615135247125975226e+00
6.943011682862012535e+00,7.405443153119398048e+00
5.849562516998396688e+00,8.257518100049589194e+00
5.861041487750910051e+00,8.248564017015324268e+00
6.469403215050109068e+00,7.774512799284024389e+00
6.709701377052026849e+00,7.587233982241269103e+00
8.634445543532208944e+00,6.087361872869483825e+00
6.227759500311371710e+00,7.962802603920711597e+00
5.103325353766252626e+00,8.839031525943758183e+00
9.113760843281948354e+00,5.713808746401435990e+00
6.580909626207921193e+00,7.687619415230596331e+00
7.269447791073886833e+00,7.151039936750201775e+00
4.365443099760210721e+00,9.414061292281534321e+00
8.953072639710494940e+00,5.839027276155627000e+00
7.072573202774155021e+00,7.304451039916064481e+00
4.613512685115690459e+00,9.220731400569741609e+00
5.300780595395289119e+00,8.685168707120809017e+00
7.286418914140800673e+00,7.137828865644141985e+00
8.867456356209888924e+00,5.905754362737723362e+00
4.982147319734684388e+00,8.933474201046609053e+00
8.880897978077737065e+00,5.895289389191472829e+00
9.169994464846087823e+00,5.669995375389736303e+00
4.725944942326199438e+00,9.133140250142041339e+00
6.696174205800616619e+00,7.597787121185818116e+00
8.754796468326183856e+00,5.993577056228217792e+00
5.441029245173743867e+00,8.575880689259209433e+00
5.077539398769389756e+00,8.859143989253142948e+00
7.730636450864564857e+00,6.791640503563550091e+00
5.496581996970574480e+00,8.532612860975936186e+00
5.750437023444328943e+00,8.334776508855817667e+00
7.487642146357145201e+00,6.981021480791750555e+00
7.005430863644803274e+00,7.356790346749624732e+00
6.010077723514639203e+00,8.132441869061821649e+00
7.476938719896613073e+00,6.989353173501303473e+00
6.703250825496121834e+00,7.592254345499276802e+00
4.978836672701882016e+00,8.936084024115963587e+00
8.333917686199679764e+00,6.321531596211337423e+00
4.461903204699374292e+00,9.338889130616612633e+00
9.286446071799586477e+00,5.579273298490604382e+00
5.792243102386803955e+00,8.302175696269134875e+00
6.766252081201139745e+00,7.543177462363693131e+00
7.534023408700369018e+00,6.944873432036183125e+00
9.521791590583195131e+00,5.395875153525385493e+00
4.310744238225161951e+00,9.456678535789267315e+00
6.412848025655907946e+00,7.818573550513491455e+00
7.647041043632218482e+00,6.856798282765190322e+00
7.934248563530817755e+00,6.633003638340400521e+00
6.290464553556041061e+00,7.913955972011545548e+00
4.942834183004612747e+00,8.964106411211840708e+00
7.866842326590374412e+00,6.685505467077736519e+00
7.605322751997039887e+00,6.889310086090682184e+00
7.911843607353819863e+00,6.650449753883903803e+00
5.759247027267715424e+00,8.327913422001657295e+00
9.221657858869793500e+00,5.629745732450478712e+00
5.913867365824905242e+00,8.207437854834065405e+00
6.219871028205448127e+00,7.968970873275543099e+00
9.322183345643441754e+00,5.551402403171064037e+00
7.937408874144483484e+00,6.630525390896014670e+00
4.762621876955277500e+00,9.104543500969914049e+00
7.989131373544886117e+00,6.590208972192590942e+00
9.277732169006666751e+00,5.586044359862553321e+00
4.516465074281596159e+00,9.296381829262116980e+00
8.617903526136920789e+00,6.100250595068485993e+00
4.474052667160480112e+00,9.329444820655698578e+00
4.561567894629519060e+00,9.261232942106646604e+00
5.138131530677937597e+00,8.811948900865580470e+00
5.177533572716239263e+00,8.781230610991151764e+00
7.526015740554846012e+00,6.951101023778442745e+00
5.728845662233478464e+00,8.351599133043775325e+00
7.000992653750843786e+00,7.360261051560865297e+00
7.392477318700865219e+00,7.055180159313562349e+00
6.909800425002201152e+00,7.431333428206167824e+00
8.204553886917899774e+00,6.422333476872846170e+00
6.588027940251585335e+00,7.682079510626942387e+00
6.312722823628314828e+00,7.896617859376029891e+00
6.068890497273800477e+00,8.086628471308317856e+00
4.728586279666227910e+00,9.131067912633778150e+00
8.921746024198927927e+00,5.863464741052905715e+00
6.902707137989844810e+00,7.436839059572213806e+00
9.296829179333069959e+00,5.571157331349544606e+00
6.145236094773355973e+00,8.027114421567031144e+00
4.957232908658117054e+00,8.952883228136746752e+00
5.981013264641564575e+00,8.155086541123253596e+00
7.927190445410436936e+00,6.638503046311179823e+00
5.136792243188548213e+00,8.812991190314546586e+00
5.973362636113192181e+00,8.161075097677311874e+00
9.332894179334937590e+00,5.543054727433590401e+00
9.516888197156019302e+00,5.399699861270097045e+00
7.310190366832262754e+00,7.119310742729420660e+00
6.259337883893349108e+00,7.938181421711323793e+00
5.563775444527346181e+00,8.480242929572737509e+00
7.101897006961587877e+00,7.281615951766550410e+00
6.068412625110614300e+00,8.086997336349904586e+00
4.587276453502279416e+00,9.241189373840041910e+00
9.105074956392343211e+00,5.720583868173981124e+00
6.390468383608636671e+00,7.836014731418511126e+00
7.439457369063651626e+00,7.018552692244671931e+00
5.219997163033612608e+00,8.748152458692569411e+00
6.533232323390984142e+00,7.724760361582172941e+00
8.357595347727947654e+00,6.303096991387303838e+00
4.646016589138579178e+00,9.195438474040313892e+00
4.864238453303084242e+00,9.025369538266984293e+00
8.901332763971296913e+00,5.879345604425760818e+00
9.431288260354985908e+00,5.466384092541051842e+00
4.613419014388020933e+00,9.220827768444554096e+00
9.331101548669902712e+00,5.544449515352416036e+00
8.852826729725272514e+00,5.917159745355497158e+00
4.767528127660527026e+00,9.100709405089025594e+00
9.164986136590506760e+00,5.673893825088891951e+00
7.962721567414861923e+00,6.610798302437939533e+00
9.544953454214049060e+00,5.377797294077006462e+00
4.727353215536008513e+00,9.132021141528946728e+00
8.939700146632667099e+00,5.849451253447029764e+00
7.168706589421865338e+00,7.229561678828323679e+00
6.056799299763627076e+00,8.096048490593085845e+00
5.035645534539215262e+00,8.891810155631031165e+00
5.455335908547023216e+00,8.564742597979130068e+00
6.806461769999748057e+00,7.511844910719114310e+00
7.024029634996391991e+00,7.342287966138643540e+00
8.902706362072841273e+00,5.878287884864649371e+00
7.094793619402658180e+00,7.287168193764006041e+00
4.464993801443693400e+00,9.336502725341075504e+00
5.445146868614331837e+00,8.572666293729980680e+00
8.512515389701846402e+00,6.182359388649173226e+00
8.606280131237623365e+00,6.109312935662535082e+00
6.542128377114751814e+00,7.717845532987515966e+00
8.889204959434239939e+00,5.888829462514918234e+00
9.000779362769382175e+00,5.801857356079349159e+00
5.398466096623681487e+00,8.609037310506556295e+00
6.315020685799282774e+00,7.894831203960695376e+00
6.077802014747260451e+00,8.079674435739876870e+00
9.312243665103952850e+00,5.559172295382214024e+00
5.382170082169913883e+00,8.621755474919551077e+00
6.172928281144064222e+00,8.005519333521451841e+00
6.879254325910155288e+00,7.455124502624170368e+00
7.647765695716965517e+00,6.856236970117291385e+00
6.104386290480249500e+00,8.058973030254264813e+00
7.259765476908212278e+00,7.158609354821540371e+00
5.470361986842788404e+00,8.553036164353816417e+00
5.943881735380713849e+00,8.184028645884694697e+00
4.355631926961002875e+00,9.421713975160026067e+00
5.857298993197066928e+00,8.251510578840949961e+00
4.462030975846725589e+00,9.338792825283237065e+00
8.644457609241010587e+00,6.079549963565535009e+00
7.568730811022721383e+00,6.917840290844945450e+00
6.909807507485143496e+00,7.431302079461849175e+00
7.641305395532353550e+00,6.861265756715420494e+00
8.048238546864761034e+00,6.544160700142120923e+00
5.030873973797153731e+00,8.895495076445453009e+00
6.924978849296653749e+00,7.419494530313792247e+00
5.220102723252904475e+00,8.748059993836818649e+00
8.094919501029668396e+00,6.507772366009193732e+00
7.811117063058141241e+00,6.728921488869541001e+00
9.235654976254449977e+00,5.618824879190565724e+00
5.164542087583466667e+00,8.791336488842588892e+00
8.832923558636078809e+00,5.932669362616810105e+00
9.095951065407597014e+00,5.727692123098601762e+00
6.068607816266405663e+00,8.086831734765944191e+00
4.666838402097146066e+00,9.179195941950970550e+00
4.363495767682045390e+00,9.415596855617309302e+00
4.882498773730168828e+00,9.011115874351766308e+00
4.306727643373675640e+00,9.459812448722486167e+00
5.245905558133716617e+00,8.727934614742036246e+00
5.921573015740896118e+00,8.201425071581473603e+00
4.755297219306437562e+00,9.110261832807720950e+00
5.129964562868135403e+00,8.818287644771956479e+00
7.703712661726150657e+00,6.812626337814889688e+00
5.385562097870501219e+00,8.619098001652929497e+00
6.184073591571745965e+00,7.996867204798824069e+00
9.184613650155085907e+00,5.658598539196232124e+00
8.945880850550466334e+00,5.844658493630665141e+00
7.880706523770493632e+00,6.674704401115238106e+00
8.107099664886201040e+00,6.498294627155691394e+00
9.030009992204856673e+00,5.779090519030984474e+00
8.720656604342797991e+00,6.020150342963919599e+00
9.286453156233370976e+00,5.579230469235260337e+00
8.266065402118123018e+00,6.374404128175194195e+00
7.248065904299888729e+00,7.167704673518236369e+00
5.876671645868923655e+00,8.236396878534856469e+00
5.296165018046387729e+00,8.688782719913536567e+00
5.654382956663528859e+00,8.409632528936663576e+00
5.842932306799804465e+00,8.262680054818126507e+00
4.626459957004430912e+00,9.210678100439441351e+00
9.183942352319176550e+00,5.659149935953210253e+00
8.261232120090999942e+00,6.378199823246358591e+00
5.082626321036609163e+00,8.855202951276458734e+00
8.842434510613808030e+00,5.925269873785039998e+00
6.906337420441114539e+00,7.433994787900672918e+00
5.398017018154507518e+00,8.609412533416264779e+00
4.868456439943915193e+00,9.022071175511648278e+00
5.502966656422996650e+00,8.527617273123368591e+00
5.075816742623045386e+00,8.860480237134785497e+00
8.264268402371303779e+00,6.375827102326425688e+00
6.194852044938525815e+00,7.988438354004226305e+00
8.781120104659862591e+00,5.973062982287975053e+00
4.441362229024015562e+00,9.354883249288366898e+00
5.231540550743264184e+00,8.739140702811416972e+00
6.180211153068194463e+00,7.999870198963383139e+00
5.012279990610856828e+00,8.909989103531849253e+00
8.292336244510638110e+00,6.353940227936021756e+00
6.696124422998337877e+00,7.597816590119052194e+00
5.201017070196206404e+00,8.762932814281692018e+00
7.097566834207389874e+00,7.285009837752678408e+00
4.665228826382661786e+00,9.180427829725600120e+00
6.438949721298257600e+00,7.798236532879745830e+00
5.181925255904832106e+00,8.777807813930380121e+00
6.950256809926795398e+00,7.399769589714125573e+00
5.543430121342645123e+00,8.496111022713627392e+00
9.343050258414056231e+00,5.535162655929330100e+00
6.316434522947184327e+00,7.893700343081699877e+00
5.300739690706849139e+00,8.685192381440762333e+00
5.305049306183470925e+00,8.681866632215147206e+00
7.579828896287043705e+00,6.909183421412047998e+00
4.469304057008466557e+00,9.333125397246993415e+00
7.872296415971100636e+00,6.681270230331128879e+00
4.818879195285080463e+00,9.060693831095019135e+00
6.960757532535371439e+00,7.391592355933897629e+00
9.546522667239557336e+00,5.376565467935957798e+00
7.470560741046899267e+00,6.994341957898900120e+00
5.601633576008422821e+00,8.450726928686284722e+00
4.385102395450880763e+00,9.398749419823902329e+00
7.785084940755210070e+00,6.749224085163443299e+00
5.891905481000036637e+00,8.224516205391486423e+00
4.371635751315825047e+00,9.409245804411291658e+00
6.651532693340572067e+00,7.632560384145612886e+00
8.571566967830595019e+00,6.136358836635972480e+00
6.929595369561059925e+00,7.415909086247596704e+00
4.472591463263578149e+00,9.330570302214201917e+00
7.308835773732375252e+00,7.120348995521021074e+00
6.869761590152130282e+00,7.462496342331019328e+00
5.988622053091850361e+00,8.149172012400301313e+00
9.511253947522853025e+00,5.404062120987545903e+00
7.486858701349651035e+00,6.981622240882702002e+00
9.282934382869191481e+00,5.582007767290483535e+00
8.261205836324016616e+00,6.378187765068289217e+00
6.979259965125859111e+00,7.377166840682441773e+00
4.360622811049545966e+00,9.417834577993087208e+00
8.937874640914969859e+00,5.850888114461166190e+00
9.561520120865374395e+00,5.364893283231094934e+00
8.316937480187625908e+00,6.334786468568349704e+00
5.350549983791598407e+00,8.646405085607025143e+00
7.726877838925167552e+00,6.794595397934944714e+00
7.276433211807875168e+00,7.145600310625933815e+00
4.879842133200121168e+00,9.013188724953197450e+00
9.026811318691507324e+00,5.781599112448539302e+00
9.562308379346461606e+00,5.364286729011551458e+00
7.821718701555745668e+00,6.720660743801658121e+00
4.287778794551207362e+00,9.474601364604037457e+00
7.248790946434212401e+00,7.167127382674215674e+00
9.140199002522473748e+00,5.693202872514793178e+00
7.238976526050592497e+00,7.174777266561876310e+00
7.003147887548843542e+00,7.358576865042276260e+00
6.018443800265112387e+00,8.125923845643910681e+00
7.202585190134387361e+00,7.203172693288273365e+00
4.490378376432231811e+00,9.316688487439316546e+00
5.634023508498303912e+00,8.425483306053651589e+00
9.546837237586412783e+00,5.376352942367032206e+00
5.059765045911555070e+00,8.873005488221721748e+00
5.715033525831477945e+00,8.362374565373718482e+00
7.022222102163272694e+00,7.343725182398908480e+00
8.167788130388057510e+00,6.450992051486510448e+00
5.697120023674395739e+00,8.376323635440494186e+00
6.557117613344403573e+00,7.706138731262279329e+00
5.650356584163200857e+00,8.412771581122196807e+00
8.129545036651322221e+00,6.480780584096021535e+00
5.981481025646596450e+00,8.154730495922573041e+00
4.842899454619932875e+00,9.041982460568494417e+00
5.267802090743113119e+00,8.710858973316952358e+00
6.102458592817764149e+00,8.060474229960130188e+00
4.553736225563109308e+00,9.267331328864303330e+00
7.813579034190131445e+00,6.727027792679137974e+00
5.657225821119750364e+00,8.407393377327922579e+00
4.705581636034549042e+00,9.148983863140626838e+00
8.705345674265101863e+00,6.032090964897602881e+00
6.152018473505854068e+00,8.021850406748258777e+00
4.829291336205991492e+00,9.052606995465994899e+00
6.783009269435630983e+00,7.530112864663076166e+00
6.384645713985920068e+00,7.840566040027065142e+00
8.070363889743125796e+00,6.526920777582686739e+00
8.951208743419964975e+00,5.840482813468075740e+00
4.520151494247414803e+00,9.293515078861654288e+00
4.923928303807139528e+00,8.978868604038632739e+00
9.460336160717471188e+00,5.443767165253969864e+00
8.653807017541140567e+00,6.072269634884566614e+00
6.652931292710766442e+00,7.631495607166309370e+00
7.334066905319089003e+00,7.100687810994484650e+00
6.060527108306172472e+00,8.093129004520470460e+00
6.671496191971531431e+00,7.617034671252172373e+00
4.479055013634141602e+00,9.325526829377677629e+00
6.403776906752078446e+00,7.825650614882926348e+00
8.567398192048713668e+00,6.139582235358587603e+00
4.707152459408666445e+00,9.147758688476134381e+00
5.141843282156432160e+00,8.809048605143672717e+00
5.941327205906173248e+00,8.186038304754793771e+00
8.108784570909080003e+00,6.496957539326538189e+00
8.805015082308784713e+00,5.954406986004329383e+00
5.831207462390440632e+00,8.271824528496058093e+00
4.734826961267615708e+00,9.126198129227187650e+00
5.574610960387836656e+00,8.471810801594587659e+00
9.558840368895907602e+00,5.366985743911236284e+00
4.374948718244879409e+00,9.406657602607079838e+00
4.907853500713256878e+00,8.991359943704505753e+00
9.434361178542708615e+00,5.464007593041074529e+00
4.967171499202239993e+00,8.945153370329727238e+00
8.665356388761139783e+00,6.063270928004524052e+00
6.946261670456523873e+00,7.402886155817448355e+00
4.612546011338213070e+00,9.221488315603414421e+00
5.129173674894547119e+00,8.818900672968499777e+00
6.931755227792828933e+00,7.414217089436522024e+00
5.380164918253936612e+00,8.623314029124591329e+00
6.262785534949691701e+00,7.935529018567009985e+00
6.505971350767326911e+00,7.746008197234071524e+00
5.460346931304010276e+00,8.560848201598075136e+00
9.275637300989947320e+00,5.587679384550587436e+00
9.162521159805145032e+00,5.675849277697608386e+00
7.538841270404927464e+00,6.941129537009809169e+00
9.288806905360743826e+00,5.577429944342749302e+00
8.526513376342780504e+00,6.171472111047897613e+00
4.524213927781068456e+00,9.290327851530122416e+00
5.360879866812281236e+00,8.638340883187252572e+00
4.831143925383244664e+00,9.051160594724422026e+00
6.283441409362920282e+00,7.919409919854595969e+00
5.206809206822640590e+00,8.758389965928246923e+00
8.385738841726714909e+00,6.281149800670054795e+00
8.656771706325265825e+00,6.069961428644702117e+00
7.391774843954191709e+00,7.055732332646019067e+00
4.942178660207102503e+00,8.964614630636255299e+00
6.510165914227048489e+00,7.742748866348381220e+00
8.973937142760775032e+00,5.822807113107979937e+00
8.487071646290623050e+00,6.202188130985543779e+00
4.790334696526281633e+00,9.082969726336731497e+00
8.233807070812282802e+00,6.399536795787068577e+00
5.471272487620405300e+00,8.552333472328633945e+00
6.855667090303747990e+00,7.473513792316017756e+00
6.621044632224895921e+00,7.656334464657267525e+00
6.505773479130146697e+00,7.746144248327568427e+00
4.862997395529466971e+00,9.026354407354103770e+00
5.678250906498865547e+00,8.391017649926668653e+00
4.410325049016806886e+00,9.379101805579470152e+00
4.921108333871614171e+00,8.981038521098563265e+00
9.013900227016247158e+00,5.791631634014932750e+00
4.640775257272868437e+00,9.199487211345509508e+00
8.393377798252659616e+00,6.275213250608766558e+00
6.230855424270449916e+00,7.960409710939928551e+00
9.142964384103507314e+00,5.691062703868098538e+00
9.374381979100562035e+00,5.510743087641669646e+00
8.110702626381044666e+00,6.495488663086815606e+00
6.731687532426100518e+00,7.570118594079546348e+00
7.272342207026158079e+00,7.148787092673831722e+00
9.155348751824393005e+00,5.681405388859015027e+00
4.826648264938388166e+00,9.054665896125321467e+00
7.027835415921938278e+00,7.339343194374587043e+00
5.555556613085212980e+00,8.486636685801228097e+00
6.135797370931930672e+00,8.034486059543153758e+00
8.307931222665573046e+00,6.341781267267380784e+00
7.174485875389621015e+00,7.225048748618666750e+00
6.210335045251080821e+00,7.976409990480533452e+00
6.849276540031828731e+00,7.478462730792767132e+00
6.395980011899587758e+00,7.831726790634252922e+00
7.580363116545925983e+00,6.908764133837935972e+00
4.624803776433100921e+00,9.211962076641006192e+00
9.466632446787604849e+00,5.438827884472842378e+00
7.618431232367811390e+00,6.879109511601606997e+00
8.272415030529407076e+00,6.369483697763160812e+00
7.309618398994725652e+00,7.119728268426744222e+00
4.761370743884084433e+00,9.105521549926372415e+00
8.488638171683486888e+00,6.200987504776851011e+00
6.816652225400427589e+00,7.503906990105990715e+00
6.922267204506820093e+00,7.421584131467863443e+00
5.741895613512935981e+00,8.341434288881776737e+00
9.367470273445116291e+00,5.516128434733338359e+00
5.904892263251605655e+00,8.214416852459837770e+00
6.899132940043063655e+00,7.439639495876321007e+00
4.775023010989753125e+00,9.094876293322233352e+00
7.083822059384170977e+00,7.295689348502398808e+00
5.937514397874144478e+00,8.188976754685798554e+00
7.693748230626921369e+00,6.820417038159476419e+00
8.394910123461139406e+00,6.273998988758842543e+00
7.699587058600894984e+00,6.815836753479322496e+00
8.967978114454741245e+00,5.827417547282267130e+00
4.822582494076785409e+00,9.057841090287650943e+00
4.365110772401438410e+00,9.414326181180983966e+00
8.629138516211110499e+00,6.091486788433758015e+00
8.798096645982885988e+00,5.959799953210688450e+00
9.383392724530249751e+00,5.503689813937132413e+00
6.053422788852926395e+00,8.098667919648466551e+00
4.679488165137275502e+00,9.169341134616530553e+00
4.312894950750889578e+00,9.455013470382956697e+00
7.142806756953424596e+00,7.249743029271876082e+00
6.803348802101250925e+00,7.514283012889114488e+00
8.303939925949823220e+00,6.344908465870669367e+00
5.462334545066266145e+00,8.559297009117038613e+00
5.530074217189868691e+00,8.506500778299770360e+00
9.144943150075688365e+00,5.689546848288088654e+00
4.592965225396879347e+00,9.236769535512566520e+00
6.627740009355804318e+00,7.651101431694208976e+00
5.114382641441880040e+00,8.830455045593847530e+00
5.165236538549295986e+00,8.790822258860876204e+00
5.968616974812628762e+00,8.164770931991480296e+00
8.005117941472814636e+00,6.577772087808400947e+00
7.455233152244931105e+00,7.006254316861832088e+00
5.737667757545326097e+00,8.344711473863217321e+00
6.858880925888865221e+00,7.470994924648644897e+00
8.023898260354528134e+00,6.563141408365814833e+00
6.255475529440152727e+00,7.941194891209570450e+00
8.952912609101051800e+00,5.839161960632179849e+00
5.768823654576249460e+00,8.320441535786997633e+00
7.058022315941746783e+00,7.315820663351318309e+00
6.563952241191094217e+00,7.700833567926515855e+00
7.844260000981185144e+00,6.703127950081604780e+00
7.368024316877617608e+00,7.074222856379133617e+00
8.867190672111037841e+00,5.905983247491684018e+00
8.021517691631256497e+00,6.564992829907049909e+00
6.706240816134831917e+00,7.589963858867544211e+00
6.029291652160411630e+00,8.117454493113344327e+00
5.124746524555956917e+00,8.822379636209534581e+00
8.733887107045976705e+00,6.009867848818410074e+00
4.433076844780712733e+00,9.361337605802340534e+00
9.399563201026552406e+00,5.491125914791499696e+00
6.436707495640360932e+00,7.799976194589577361e+00
7.632085892028566576e+00,6.868442518692527976e+00
7.751982569860093264e+00,6.775009979453006537e+00
7.360430343403301379e+00,7.080141264139027335e+00
8.079410541678953450e+00,6.519872663462865425e+00
5.045220189303011971e+00,8.884341680004185449e+00
7.619428391752306240e+00,6.878309385850311486e+00
6.127323143930381022e+00,8.041079902702406912e+00
9.350355361116086783e+00,5.529451767286965413e+00
9.545704143700177724e+00,5.377214893490147141e+00
6.501346514847011093e+00,7.749625092091536160e+00
9.101090824916717281e+00,5.723683223938179410e+00
6.447393530674061957e+00,7.791645903184294397e+00
5.764082043145925205e+00,8.324125454348845210e+00
9.344092049305558589e+00,5.534317554622995239e+00
8.919289135270528135e+00,5.865366230381366286e+00
9.321877778319866081e+00,5.551624781262511910e+00
9.479393718687308734e+00,5.428881622141451757e+00
7.410666108442882205e+00,7.041009771112371141e+00
9.265577652950996779e+00,5.595505650211853421e+00
5.624895779801057927e+00,8.432615964933647845e+00
7.096694712584525000e+00,7.285689339409467280e+00
7.700901390292503201e+00,6.814814465150605294e+00
4.996882828919511965e+00,8.922015372921533682e+00
6.868290050422089621e+00,7.463671000457717142e+00
8.383704990527903078e+00,6.282732497922789427e+00
8.546127480846925195e+00,6.156166552250260438e+00
8.490930329589668091e+00,6.199186579366847027e+00
6.553131767773535010e+00,7.709272023240608895e+00
8.593229081392060209e+00,6.119478042631393500e+00
8.375694803372141450e+00,6.288966352030286089e+00
6.726994374034516611e+00,7.573765870040626069e+00
7.525561284225221748e+00,6.951449143863876579e+00
7.855777938464637344e+00,6.694128353544191334e+00
6.967493802599756592e+00,7.386365769839031259e+00
8.359100211272473047e+00,6.301901897893252169e+00
8.945707203918022543e+00,5.844775838029972803e+00
5.977651667537293712e+00,8.157721067965088224e+00
7.019385914637792823e+00,7.345936738007930344e+00
5.581138698799020581e+00,8.466712158247304387e+00
6.209139878612139007e+00,7.977298799072598534e+00
4.946462396231621206e+00,8.961302295933327500e+00
6.516769049341717412e+00,7.737590944927708492e+00
7.722296397603377827e+00,6.798163588235487609e+00
7.252655231677861636e+00,7.164134689781544552e+00
8.917070432496332799e+00,5.867084544818416347e+00
9.511616892101640630e+00,5.403766946338249610e+00
8.909163572897103478e+00,5.873259752257301791e+00
5.684754482696142475e+00,8.385962294971040620e+00
8.086180223727179595e+00,6.514571493329780694e+00
8.401815744346063042e+00,6.268626507161143557e+00
5.381044457813366932e+00,8.622649315293713812e+00
7.761716804726341401e+00,6.767432905763642204e+00
6.344543999137899348e+00,7.871802050686831365e+00
7.961089684427322233e+00,6.612080020400359359e+00
4.321510903069116338e+00,9.448284993518912600e+00
4.490554390688951791e+00,9.316579747721942084e+00
8.569491583368325394e+00,6.137975436573143817e+00
9.226377766490427845e+00,5.626074490034509878e+00
5.122435861377422128e+00,8.824156321041797923e+00
4.578449509967874143e+00,9.248081594530285443e+00
8.200480454726237767e+00,6.425539984508536584e+00
6.424465611244970731e+00,7.809505717694753990e+00
8.494639345049044721e+00,6.196296892184613547e+00
7.696554358645249394e+00,6.818217480477031245e+00
4.845408091594221034e+00,9.040061350431619402e+00
5.998892804188487027e+00,8.141138904444416013e+00
5.857381227280694880e+00,8.251434120233929193e+00
5.774799911015668918e+00,8.315779478700772387e+00
9.215279000657286446e+00,5.634731943387707886e+00
6.150029179396250711e+00,8.023387851189488273e+00
9.602142164063515395e+00,5.333248486461303450e+00
7.156594194357344563e+00,7.239008551663559388e+00
6.883730853835452912e+00,7.451616908482597168e+00
6.809856590533051701e+00,7.509176797582544083e+00
6.683664116181047277e+00,7.607555418591599228e+00
5.056214045548638403e+00,8.875780792988676282e+00
8.557081018599575373e+00,6.147629330457916375e+00
7.227137178882752977e+00,7.184023026038300230e+00
8.388235592975210153e+00,6.279197586734039049e+00
7.484053129961849571e+00,6.983795975133629597e+00
5.964459071822547642e+00,8.168003204060795497e+00
6.571409121591825553e+00,7.695020510085558207e+00
8.932370980474676259e+00,5.855189005651744161e+00
4.660409817108941866e+00,9.184213964797974583e+00
5.083661816980758807e+00,8.854378683620282686e+00
7.455472833548287603e+00,7.006078828420022830e+00
9.125106893457150647e+00,5.704982671846003939e+00
6.800172064480777934e+00,7.516736118003668921e+00
7.817023005583723538e+00,6.724350370302619062e+00
7.682449092203950336e+00,6.829218022001080080e+00
5.003780121449257656e+00,8.916644445939130748e+00
9.309921437822211487e+00,5.560978282884174284e+00
4.678748518858364847e+00,9.169916219644445476e+00
6.016984129144887561e+00,8.127082955718766044e+00
7.845892894381941041e+00,6.701841963271411018e+00
7.080693027255585470e+00,7.298120551040791604e+00
8.804311713017870744e+00,5.954956553823512522e+00
8.701775910415886273e+00,6.034879040178529941e+00
4.877018301703272662e+00,9.015406034567785554e+00
9.080896490264549925e+00,5.739428940145714364e+00
9.189226412007201361e+00,5.655015280373071995e+00
5.715931624870065342e+00,8.361662202927758969e+00
4.423104019699103162e+00,9.369147508473208319e+00
5.142763770824252845e+00,8.808335274265099102e+00
5.749224993231253578e+00,8.335728594584558948e+00
5.986141348262354001e+00,8.151078265958767943e+00
9.493045125812649587e+00,5.418267368206301171e+00
5.843594108132714737e+00,8.262182412449044833e+00
8.620581961862679776e+00,6.098146212123610965e+00
8.866144140456199807e+00,5.906800651725524709e+00
6.458216140436453756e+00,7.783223481290523438e+00
5.707156088658750015e+00,8.368503004303672554e+00
8.871384888824099590e+00,5.902709613773811981e+00
5.067355636664629515e+00,8.867100158773101981e+00
9.502059411095961750e+00,5.411221753459141581e+00
6.104312385116286599e+00,8.058994625723705951e+00
6.618408703871669019e+00,7.658389202612734259e+00
8.195997219446073956e+00,6.429024127760242457e+00
5.157816912022306077e+00,8.796609318264781763e+00
8.663381011606212212e+00,6.064813838507459920e+00
7.360605673471114940e+00,7.080010893095114000e+00
6.516827452696838385e+00,7.737566587518334593e+00
6.575147233672733904e+00,7.692095363000180264e+00
4.614680651373426201e+00,9.219856612740727542e+00
7.298367256321427021e+00,7.128497724745982644e+00
7.372487689100259090e+00,7.070754305536874895e+00
5.906902528914407036e+00,8.212845667956937490e+00
8.791067586972577175e+00,5.965311227291335783e+00
7.182380868106082339e+00,7.218898431758935530e+00
9.270937555807947206e+00,5.591352930016490141e+00
9.593222930343710431e+00,5.340189380743619374e+00
7.798291514281846304e+00,6.738917566212820454e+00
4.542290879934314241e+00,9.276237229643836457e+00
7.353351659456180300e+00,7.085672554866615513e+00
7.018588328269625087e+00,7.346544293323118424e+00
5.619765928667408872e+00,8.436622217236415366e+00
5.941334643670234783e+00,8.186006863818526824e+00
7.231232184826744458e+00,7.180820580047407198e+00
5.698781753705778996e+00,8.375008556083731293e+00
6.106546980551447845e+00,8.057275772573158079e+00
6.426680024553647286e+00,7.807785505816859484e+00
7.528455789216358163e+00,6.949213872746740073e+00
7.485229394853188722e+00,6.982913668832136267e+00
7.239384967449804975e+00,7.174456596485692117e+00
4.873714535782640134e+00,9.017973120141785870e+00
7.274912020022352266e+00,7.146777721120638915e+00
6.475701952122962624e+00,7.769616430310793298e+00
9.182255969368760873e+00,5.660451946428282533e+00
4.754596678917620167e+00,9.110827608682475542e+00
4.394394215362103395e+00,9.391522048712829474e+00
6.773399837679487945e+00,7.537613789557215505e+00
5.653709031164583010e+00,8.410169701641899920e+00
5.546700690527966771e+00,8.493537019782085196e+00
7.287555429838311838e+00,7.136927326045167774e+00
