4.125546057131582733e-01,5.874454603344632098e-01
2.858022445638550568e-01,7.141975993659736011e-01
5.535091317757661056e-01,4.464906759974265338e-01
3.835493772674089530e-01,6.164508329526096064e-01
2.697043032321748690e-01,7.302954558675955887e-01
3.816397924980893253e-01,6.183606270680561678e-01
2.856336914891174361e-01,7.143667456819416950e-01
5.638417154557393562e-01,4.361587552207049079e-01
4.060467779583541992e-01,5.939526998267575797e-01
3.034964947531373913e-01,6.965029822621309208e-01
2.082651147373169864e-01,7.917343377276087057e-01
6.601369027051999794e-01,3.398636499146345802e-01
3.714609122260078417e-02,9.628532582189208711e-01
6.457197606568922110e-02,9.354287062810215936e-01
5.914461630869458642e-01,4.085531126399913338e-01
2.322206959449102937e-01,7.677785591822945399e-01
9.573318666677403665e-02,9.042676296596738883e-01
2.957414383661485235e-01,7.042594148290214351e-01
4.758046465209622156e-01,5.241962537618394258e-01
6.142396339262027327e-01,3.857593990720842858e-01
4.506886600543916765e-01,5.493123429384213496e-01
4.965188163340597538e-01,5.034821895052704610e-01
3.685964745755973548e-01,6.314024867391478946e-01
3.956037862753360168e-02,9.604385787255371731e-01
2.095369059641132570e-01,7.904620453666159063e-01
1.781698294078837286e-01,8.218291062514674339e-01
2.811528935485864689e-01,7.188460245745919019e-01
2.643813595871168931e-01,7.356197678349840618e-01
1.332551372949404844e-01,8.667459928812416559e-01
3.003154176444124968e-01,6.996857692477534973e-01
1.132905911261981591e-01,8.867105970390956049e-01
1.922711216619653884e-01,8.077301714127653742e-01
3.472120114738522223e-01,6.527893003600407917e-01
4.973304864523451219e-01,5.026681833850257242e-01
4.990676951215212154e-01,5.009309730604545319e-01
1.995291679403900509e-01,8.004694950388721031e-01
1.649723987482047127e-01,8.350262620585671147e-01
4.888324040298283046e-01,5.111662421361784503e-01
1.895734580635502764e-01,8.104279518409214234e-01
1.290077742367711222e-01,8.709907904606579709e-01
5.124251650115455581e-01,4.875733988509395322e-01
3.570783730816625701e-01,6.429201880335223551e-01
1.379488359974171685e-01,8.620496991779633689e-01
2.868396951307322640e-01,7.131587406896506831e-01
4.282105682714948958e-01,5.717878596569636596e-01
5.526823265561947585e-01,4.473160965739683692e-01
5.495124678856418976e-01,4.504858424831865715e-01
3.594905848353947830e-02,9.640492143012481252e-01
3.671322899656391803e-01,6.328659488256695997e-01
2.398508978418507909e-01,7.601473170100377930e-01
6.417660609646749226e-01,3.582321200834571173e-01
3.667451656624377554e-01,6.332530138189089719e-01
7.563351933768429347e-02,9.243683505519388888e-01
8.353046946012077090e-02,9.164714203941966009e-01
2.616912853762578400e-02,9.738289715827445070e-01
3.905388663109041758e-01,6.094592288804300262e-01
5.526296573485598440e-01,4.473684014486238869e-01
6.134491281583512867e-01,3.865529540952125642e-01
3.490849213723118960e-01,6.509171920020780933e-01
3.586142061079353183e-01,6.413879143515079928e-01
5.462103545415576411e-01,4.537918916523544510e-01
6.221783649667571581e-01,3.778239004104598786e-01
4.248690851556726766e-01,5.751286348411566163e-01
1.709992609207388881e-01,8.290031047561760014e-01
1.646830232760116558e-02,9.835341187825065168e-01
4.774919638568243530e-01,5.225055467793159325e-01
5.570402616182864586e-01,4.429571965552350776e-01
3.974714773359529496e-01,6.025310851222606123e-01
3.846986202967218604e-01,6.152988128760545905e-01
4.624573405515718383e-01,5.375452378526996977e-01
2.940624070780861743e-01,7.059403567654494172e-01
4.803455285807549657e-01,5.196516243130248069e-01
1.745619098318924034e-01,8.254352253769700054e-01
4.913133681195891445e-01,5.086837406075617185e-01
2.630102702739882670e-01,7.369867538125868256e-01
5.466179064131131415e-01,4.533850733815344425e-01
1.773004301576802944e-01,8.227025846587245894e-01
1.136791257787038156e-01,8.863239004885590244e-01
3.556179227963567890e-01,6.443851150952828455e-01
2.050127482801550050e-01,7.949903071083557204e-01
2.137468021098250515e-01,7.862563133090092471e-01
3.086032562547768032e-01,6.913998723238821142e-01
3.275866533043099715e-01,6.724165105164722211e-01
1.087084262830134984e-01,8.912947718019034182e-01
1.080811031267065736e-01,8.919220966256334870e-01
6.499062083508985732e-02,9.350061722306667322e-01
3.306428748191028721e-02,9.669389288385737968e-01
1.323959065112384134e-02,9.867571136833829248e-01
3.939165231348966123e-01,6.060800769866334647e-01
3.948721267503659260e-01,6.051244587314558165e-01
6.082356172465630539e-01,3.917609348986075823e-01
2.969938895993494699e-01,7.030095863600250850e-01
2.031979196378038699e-01,7.968055997222653897e-01
6.006446258421692663e-01,3.993517627049243401e-01
7.695312238167831276e-02,9.230432553663353579e-01
1.217218848016659027e-01,8.782744831479473158e-01
1.763309577792655236e-01,8.236653724802689425e-01
1.869938509261600545e-01,8.130098726973843393e-01
2.913345237785079922e-01,7.086694144327597700e-01
3.299617270441315142e-01,6.700343276686179239e-01
4.803199663855223234e-01,5.196760396266534299e-01
1.723055796694343833e-01,8.276903511665628654e-01
1.214797096219355776e-01,8.785161436682525915e-01
6.186002719097499769e-01,3.814038976581852203e-01
1.268154624766872629e-01,8.731803366528131383e-01
3.213742035289376409e-01,6.786215852838779483e-01
5.284486639477076197e-01,4.715556139368404787e-01
2.231949107946627209e-01,7.768094327996863946e-01
6.492005430967416890e-01,3.508039689691544449e-01
3.179609806108862902e-02,9.681993197627268843e-01
2.802435711330585333e-01,7.197610622241484846e-01
2.286812829127672364e-01,7.713233784398854098e-01
3.363387435428386585e-01,6.636565609344889927e-01
2.721638782321366204e-02,9.727788887078773206e-01
1.214069459769964027e-01,8.785977869752864544e-01
2.622405521062008416e-01,7.377546712553920694e-01
6.649185018933501112e-01,3.350766841442511246e-01
2.319292634243419471e-01,7.680756286670257227e-01
8.491195107005818088e-02,9.150929411897014143e-01
4.360588173171722759e-01,5.639461209705095568e-01
5.000572602721490290e-01,4.999477567987933857e-01
1.568366777355472974e-01,8.431683583917741753e-01
2.896323390838781986e-01,7.103727301314648468e-01
4.322362752368007488e-01,5.677688111731248322e-01
1.170405910175232600e-01,8.829645012469973242e-01
4.449296586502037298e-01,5.550755067235932927e-01
7.139272523887263411e-02,9.286020744446482622e-01
3.881184007930651991e-01,6.118868156382318846e-01
3.580132864544257054e-01,6.419919906267410603e-01
4.118907701498106810e-01,5.881145327126521272e-01
3.405133874021520901e-01,6.594812842799916419e-01
4.967980003138872669e-01,5.032073397295024897e-01
7.715467612645315887e-02,9.228399639924822484e-01
6.274542579861693836e-01,3.725511111761347083e-01
1.204224538134622408e-01,8.795830094563623636e-01
1.562711856599467153e-01,8.437232906260754284e-01
6.374148620911086471e-01,3.625796066047676791e-01
6.050647735125302962e-01,3.949296414789960075e-01
1.929107059864041129e-01,8.070836224699506900e-01
2.687637672428814795e-01,7.312419067684551299e-01
4.994521098237144074e-01,5.005421433724410729e-01
1.822569832114331323e-01,8.177371509852466858e-01
3.217660232871201176e-01,6.782398845442473290e-01
1.677604429474249537e-01,8.322454666167361514e-01
4.513815840979643612e-01,5.486243318362451493e-01
2.599034560125148552e-01,7.400905425823983697e-01
3.119712622113960387e-01,6.880347499799456257e-01
3.479085655492918927e-01,6.520853842224524355e-01
1.315283096855715261e-01,8.684777822652108847e-01
6.247484577558733987e-01,3.752454444937163847e-01
4.609346199168688485e-01,5.390715499074957284e-01
4.031098680186069316e-01,5.968839482001039309e-01
2.439119016586850930e-01,7.560942957648757456e-01
2.547858295276246299e-01,7.452079467566623538e-01
1.763774434120708168e-01,8.236288787493126762e-01
6.374626336711709529e-01,3.625437592514162422e-01
2.221834213463819152e-02,9.777880733650373690e-01
1.822325789757069936e-01,8.177738630599014069e-01
2.799026275078158599e-01,7.200909291658276201e-01
1.645349747163602216e-01,8.354585739252580190e-01
6.628070492103694811e-01,3.371994542326529620e-01
3.911498191540498937e-01,6.088566917520403798e-01
4.396495598034975139e-01,5.603439274612025400e-01
5.937182013178925466e-01,4.062752637345693474e-01
3.619397731568344545e-01,6.380668219755520898e-01
1.481505308498518303e-01,8.518561237207975534e-01
2.252452000123972842e-01,7.747614608775870160e-01
5.896643806252859221e-01,4.103289450236825564e-01
1.514909837562526396e-01,8.485157038792091599e-01
6.662289296458687171e-02,9.333703970403443018e-01
2.941153164409162080e-01,7.058779553316443245e-01
2.734291477351761812e-01,7.265641071324031586e-01
3.843277033331334303e-01,6.156655073965870972e-01
3.275176194640266325e-01,6.724892050749802230e-01
3.188498420976774994e-02,9.681080994524554617e-01
1.087490261392205365e-01,8.912439915481532582e-01
3.744032083926890353e-02,9.625666899737403970e-01
5.529010079359266694e-01,4.471060247170485225e-01
1.015900416782929278e-01,8.984170793997735549e-01
2.375789403678364720e-01,7.624281914454609232e-01
4.679707278980173024e-01,5.320364256224541233e-01
1.564476151736414744e-01,8.435595955227342957e-01
5.043506304066412982e-01,4.956566485902935693e-01
4.550618974669697891e-01,5.449454088379709349e-01
4.778406931391856322e-02,9.522086102310343136e-01
1.803763281168539040e-02,9.819549319096454454e-01
3.993885505113721757e-01,6.006039554943461978e-01
5.675485392981017840e-01,4.324589869141191034e-01
1.589915527360458714e-01,8.410009053846483340e-01
5.475958434265503633e-02,9.452479801594163566e-01
5.304139097918337820e-01,4.695784470133184674e-01
5.242449760724639252e-03,9.947651964271001512e-01
2.222775177433974902e-01,7.777147762604270653e-01
4.969024281498213291e-01,5.031052957030893724e-01
4.885541711708968338e-01,5.114535673515998582e-01
5.359493049540734466e-01,4.640429355376443077e-01
2.725277742967397443e-01,7.274643903500641606e-01
1.238438851761534953e-01,8.761482031309459906e-01
2.560234354781510402e-01,7.439686446389025543e-01
1.468186640625950001e-01,8.531732893972947540e-01
3.109091170946212124e-01,6.890828240815135564e-01
4.152501440138026134e-01,5.847579201101701374e-01
4.331670780332232407e-01,5.668410523822062785e-01
4.378882023489296116e-01,5.621199291760232697e-01
4.155577264163159423e-01,5.844340900625076829e-01
3.901662089918003784e-01,6.098255321529826301e-01
1.491505624427062471e-01,8.508577100664292958e-01
3.718711165543927416e-02,9.628211682719718389e-01
9.159922465545981829e-02,9.084092302379405126e-01
2.186558670423704442e-01,7.813355391623129087e-01
2.204827178689680867e-01,7.795086284846759472e-01
3.230952668893146695e-01,6.769134214163384788e-01
2.370650174400084631e-01,7.629261670858754618e-01
2.800445350039649783e-01,7.199642921044808741e-01
1.223671121921983268e-01,8.776238622183505367e-01
1.057570338786650681e-02,9.894152016207593547e-01
4.200637746019414975e-01,5.799453348198191360e-01
2.986611031005931838e-01,7.013297521718101502e-01
3.236806760365991131e-01,6.763285391811934000e-01
6.395708695337243288e-01,3.604199149478934383e-01
5.207337711853738949e-01,4.792570022677206110e-01
1.110588705495363510e-01,8.889318899520201045e-01
3.539236836588171564e-01,6.460670760948979963e-01
5.663719349807907477e-01,4.336187159386699075e-01
6.085153671159027056e-01,3.914939907081523840e-01
2.664229422033212447e-01,7.335676306138497749e-01
5.657231638134879725e-01,4.342862770811570794e-01
3.848443008769765750e-01,6.151651952129182366e-01
2.953925408106961026e-01,7.045979561953653603e-01
4.983235736495024437e-02,9.501771819030735422e-01
5.989627124915671841e-01,4.010277349226370469e-01
5.430820419358787371e-02,9.456822374573061740e-01
4.248414646895788960e-01,5.751489129741580442e-01
3.633785754081087505e-01,6.366310693810474097e-01
2.445061303042489198e-01,7.555035749440323078e-01
5.173163652619374719e-01,4.826933657810184575e-01
2.633621653442698718e-01,7.366280968011971186e-01
4.129909277979010307e-01,5.869992621229087604e-01
3.785710303999414994e-01,6.214189634465718814e-01
6.705052160977509335e-02,9.329595770435596958e-01
5.175602364914946296e-01,4.824499037326743789e-01
6.025836023685485765e-01,3.974265426041935778e-01
4.076783313924605551e-02,9.592424364128218084e-01
2.469466167810006607e-01,7.530636618965442786e-01
4.524283420288555124e-01,5.475613765837012981e-01
6.300729551416214269e-01,3.699373373434457490e-01
6.447396261800606432e-01,3.552500040375374812e-01
4.638269775217402913e-01,5.361626268817490937e-01
4.094777439627818039e-01,5.905326634696348442e-01
4.619791650953529727e-01,5.380312572500197676e-01
5.516532075094505716e-01,4.483573267152409780e-01
5.359258490886666948e-01,4.640635890975025601e-01
3.624477827391754947e-01,6.375627997932521440e-01
6.631592793622588244e-01,3.368300930451110231e-01
2.657794393271053490e-01,7.342312287591670206e-01
4.562114283107412960e-01,5.437777768637280795e-01
2.867194128467840386e-01,7.132697661536627765e-01
3.884552791434082719e-01,6.115555718290001108e-01
9.659043050495755289e-02,9.033987088643068430e-01
3.630974606279430139e-01,6.369134092801125302e-01
4.259463440219227182e-01,5.740645672800589461e-01
5.917366765526295147e-01,4.082524105467492670e-01
5.688872515844964894e-01,4.311018328796543675e-01
6.246099949562839981e-01,3.753790478928363816e-01
3.824132298892816140e-01,6.175977447944867027e-01
6.431786865165577127e-02,9.356931402477438597e-01
1.289648165970035676e-01,8.710462078885725656e-01
3.907719466437318268e-01,6.092170013026627640e-01
2.681073861795656987e-01,7.318815502871877099e-01
4.153153903037062333e-01,5.846734869305307836e-01
1.958710564175785429e-01,8.041400872977003678e-01
1.117443038943095879e-02,9.888367414429309887e-01
2.663488734663826962e-01,7.336623878754192640e-01
2.235179876631918638e-01,7.764707226234355275e-01
6.401002359063046043e-02,9.359786807857687352e-01
5.524321460816772333e-01,4.475565380547276151e-01
5.993942483867895632e-01,4.006170732070605256e-01
1.803149268768010904e-01,8.196964000987531085e-01
6.018391005435203001e-01,3.981495509544868971e-01
4.133799403619322077e-01,5.866087074998591611e-01
3.850111415921749769e-01,6.150002219970455153e-01
1.486806134181303529e-01,8.513307751309993066e-01
4.221792053452941840e-01,5.778093579590389828e-01
6.103115876819351637e-01,3.896999197955011707e-01
1.609498238578024043e-01,8.390386184764946353e-01
1.305340401842868536e-01,8.694544019385010980e-01
3.221560234339950202e-01,6.778324012610834615e-01
3.359365298854578574e-01,6.640750576584870668e-01
1.386544506502793497e-02,9.861225731406277895e-01
5.564219169556607891e-01,4.435901189777469167e-01
4.585060209761246952e-01,5.415060706054397599e-01
4.704254563988296001e-01,5.295867350526793915e-01
2.581541243540910746e-01,7.418336232252761286e-01
1.945684286507981253e-01,8.054439018372052672e-01
3.683845003547640551e-01,6.316278473996185250e-01
4.830283899983879303e-01,5.169592532029888554e-01
1.136799435551847370e-01,8.863076667560803035e-01
1.494147263035146278e-01,8.505976787460385324e-01
9.130581716338241616e-02,9.087066794704048434e-01
3.891259580672706275e-01,6.108614804755549965e-01
4.294271667136400628e-01,5.705602411343444480e-01
1.413374862024548428e-01,8.586499094536222954e-01
1.326137312816482450e-01,8.673988918774552248e-01
4.021727248308625824e-01,5.978146194896115651e-01
2.472798911459302418e-01,7.527074167935036142e-01
2.473438732703520104e-01,7.526434187155518485e-01
4.686573258098937211e-01,5.313299633425909718e-01
4.780047619075406540e-01,5.219825116897454098e-01
6.111640065584709181e-01,3.888487388159685421e-01
5.150046124637800427e-01,4.850081885587097519e-01
9.264065152710804218e-02,9.073465462563427009e-01
5.886779076362981256e-01,4.113349211853731813e-01
4.417320749413818359e-01,5.582550719084297119e-01
1.943086379269159114e-01,8.056784012216198221e-01
5.185614622611415397e-03,9.948273498873718701e-01
1.015621630287781435e-01,8.984248701132885317e-01
3.468895109617680661e-01,6.531234560726751903e-01
4.674677935980456889e-01,5.325192306079784554e-01
4.961872351558604954e-01,5.037997788805187449e-01
7.065135466129145170e-02,9.293617302004502090e-01
8.013476965686754105e-02,9.198783379909590829e-01
8.028626148825616926e-02,9.197269280311110018e-01
3.965380987548646763e-01,6.034486679776802642e-01
5.154122894357947293e-02,9.484454669298330032e-01
1.210077660183625919e-01,8.790056031461902508e-01
3.024341350463018996e-01,6.975793017206550761e-01
4.683901685719027985e-01,5.315962867037937745e-01
5.383624137696106926e-01,4.616239682245639186e-01
2.705416576163889308e-01,7.294719625855893286e-01
1.043556362569294793e-01,8.956307305038273547e-01
5.915473195991401978e-01,4.084390129553431281e-01
1.861630610929498053e-01,8.138506265847694765e-01
3.888327826692372091e-01,6.111809606488628477e-01
5.126787466821107753e-01,4.873350121254090284e-01
4.025948952389876156e-01,5.973913256475870126e-01
1.239672156499519173e-01,8.760465878514186455e-01
1.814229257818946936e-02,9.818438537739909711e-01
2.659968401146901584e-01,7.339892062558427410e-01
2.673200358263425752e-02,9.732819578726681353e-01
2.961338815185267648e-01,7.038521542285601784e-01
5.778715665273458368e-01,4.221424279338696905e-01
1.816283541793400624e-01,8.183575763225864330e-01
4.096569031563842556e-01,5.903572408154285078e-01
6.224775798844328634e-01,3.775365774955484754e-01
3.417913592455146254e-01,6.581944675290324342e-01
5.910109055460381899e-01,4.089749107572713260e-01
2.651663965257713418e-01,7.348194177386914161e-01
5.733591380127003312e-01,4.266550683342444916e-01
1.987530143885196943e-01,8.012611994127970538e-01
5.064345668775792619e-01,4.935798106774588745e-01
9.565410276732549955e-02,9.043602773078809332e-01
6.068578372823403289e-01,3.931276841626035190e-01
6.580976518285022170e-01,3.419168668970361535e-01
2.425181358845023352e-02,9.757336281878645767e-01
5.576216250225821680e-01,4.423637759921237866e-01
6.472373025602073948e-01,3.527773277935547513e-01
1.937655292954897079e-01,8.062491359586414497e-01
2.806574939162268523e-01,7.193571743870624813e-01
1.243376318242980644e-01,8.756476679103302185e-01
2.933894752595781474e-01,7.065958107934976473e-01
4.054804845494515697e-01,5.945047526307110086e-01
1.442024112772622435e-01,8.557827996541484961e-01
5.625071022857640601e-01,4.374781075193569513e-01
6.277518746763827151e-01,3.722629509407443527e-01
3.713161949603309420e-02,9.628534596538098622e-01
5.112874540698643111e-01,4.887274705629370275e-01
3.770212127590042983e-01,6.229937318686579184e-01
6.648994914217951635e-01,3.351154572945010401e-01
3.649366009249256360e-01,6.350783951397978022e-01
2.107198773081284116e-01,7.892951258026229544e-01
6.451192132514017574e-01,3.548657725496451310e-01
4.825219439478559691e-01,5.174930924129687027e-01
5.739694015402173610e-01,4.260155160652236983e-01
5.324118357128975187e-01,4.675730524912193875e-01
3.225926205357501075e-01,6.774225039160463036e-01
2.874780915161749828e-01,7.125067048687414584e-01
4.512958952806919166e-01,5.487193287025655675e-01
1.423748969696554123e-01,8.576403728842828533e-01
3.219662800177776063e-01,6.780490279198676529e-01
6.163613254367119598e-01,3.836540066119751291e-01
1.384348611165382437e-01,8.615497544700282395e-01
3.117559981039926265e-01,6.882285653617299381e-01
5.157030922366341308e-01,4.842814707368346405e-01
4.318670852178194131e-01,5.681483773988433850e-01
1.557891184522226247e-01,8.441954088086246477e-01
3.660964011855974420e-01,6.338879546914436558e-01
3.428338284904459965e-02,9.657009685005286670e-01
1.246750412806086616e-01,8.753093063305724675e-01
1.615413597951195490e-01,8.384743196252089081e-01
1.979497301226333106e-01,8.020345429004311910e-01
1.703059815447351411e-01,8.296782654920566991e-01
3.542390214563559403e-01,6.457767788053722091e-01
7.388539245909774011e-02,9.261304526504601231e-01
1.232619277902837485e-01,8.767539343392826146e-01
3.283511015005529110e-01,6.716329441504866882e-01
2.318206535341803820e-01,7.681953530467964253e-01
7.055554812567759078e-03,9.929284197111516441e-01
5.786901982101285702e-01,4.212937592609097281e-01
2.900358924679427020e-01,7.099801526280392627e-01
3.098779229180910755e-01,6.901381222682608785e-01
5.432207662035511975e-01,4.567631490204838718e-01
1.884068558532558946e-01,8.115770357129072909e-01
1.457707051527414310e-01,8.542454199107071267e-01
5.023174128174633379e-01,4.976664521875787117e-01
2.230819529818979241e-01,7.769342930663645230e-01
1.797505896646772461e-01,8.202331412578618419e-01
2.481828136551962050e-01,7.518008516006211561e-01
5.600466132758026294e-01,4.399699713986007232e-01
1.513081792272010506e-01,8.487084849062898062e-01
2.797716676647836742e-01,7.202450062605564307e-01
4.255192093002326814e-01,5.744974652738644716e-01
5.701513759360068434e-01,4.298653175738754717e-01
3.337757244380843979e-01,6.662074688197060501e-01
4.749378110674304931e-01,5.250452975388011367e-01
4.660552034308090841e-02,9.533774536410732914e-01
5.900987814327994796e-01,4.099185085598729961e-01
2.081583057456588559e-01,7.918243055526762442e-01
1.215769164811658122e-02,9.878597871054364266e-01
2.033053062814157708e-01,7.966771837157357039e-01
6.541347871301231853e-01,3.458476609495081955e-01
5.121895543299465753e-02,9.487986011587266066e-01
1.594193053021623063e-01,8.405984252980399640e-01
1.977093171489288301e-02,9.802113356359768437e-01
5.390187876671400646e-01,4.609989892409562251e-01
5.813730485245770518e-01,4.186091735794850166e-01
5.331942123589846760e-01,4.668236402053060341e-01
2.291622277750730297e-01,7.708556414279473801e-01
5.503267973442080851e-01,4.496910743078429973e-01
5.087161489166132089e-01,4.912659454777429935e-01
5.691229776931349127e-01,4.308949564427086987e-01
4.458069423016239874e-01,5.542109994865497269e-01
3.033189072470843239e-01,6.966630780815785684e-01
2.543401448443617929e-01,7.456417954077692034e-01
1.857032309339224085e-01,8.143148850910612024e-01
3.083768802521940633e-01,6.916049703663542658e-01
1.535637481175666785e-01,8.464544241478474396e-01
6.880854984182145639e-02,9.312096274952330610e-01
4.543579435476998579e-02,9.545460029287692327e-01
4.473928942375744455e-01,5.525888490869830250e-01
4.286734089246015955e-01,5.713083319705022367e-01
3.836325961921128180e-01,6.163857012766523757e-01
3.883249370080894547e-01,6.116934328035394941e-01
3.278302422086610823e-01,6.721513089740185354e-01
1.709964274063660306e-01,8.290221896992572281e-01
2.072950995850161571e-01,7.927236435418114624e-01
1.438953499069559883e-01,8.561234373185867552e-01
2.062516112616936403e-01,7.937671871731905027e-01
4.734001604958688048e-01,5.265810313474682536e-01
3.444901359635502147e-01,6.555286930278577673e-01
4.998109656817450452e-01,5.001701869561853142e-01
5.043564338456019147e-01,4.956624863752507881e-01
4.153169864436817016e-01,5.847019339098894486e-01
5.962749496374453173e-01,4.037439855375131170e-01
1.165098766450578388e-01,8.835091261737501034e-01
3.146717796573345050e-01,6.853473852194518212e-01
2.961167947310900939e-01,7.039024124328527865e-01
4.254893105408478760e-01,5.744913527421925403e-01
1.739813598214631496e-01,8.260380235782399660e-01
6.040791175634019350e-01,3.959403892952013670e-01
2.958056695661596680e-01,7.041748103613790777e-01
5.408652405994671675e-01,4.591542923748294647e-01
4.658396067134465413e-01,5.341799433179379442e-01
5.873207201669494726e-01,4.126988660380791485e-01
4.941492639691313915e-02,9.506047406433383307e-01
3.608137269917578993e-01,6.391666026137448053e-01
2.101204426795359459e-01,7.898993207367756009e-01
4.654370809619505223e-01,5.345827140486201223e-01
2.348610278327382950e-01,7.651191541885961067e-01
2.387500127600065136e-01,7.612301526881289915e-01
6.335801650543363417e-01,3.664397534796549061e-01
3.626825750301714002e-02,9.637517407334650343e-01
6.131110421180584469e-01,3.869090096641252807e-01
7.557664875231637214e-02,9.244032877171419749e-01
3.618887865234515777e-01,6.381314383178496863e-01
8.543088094524303733e-02,9.145488599616269365e-01
5.722741922540225401e-01,4.277460891181026348e-01
2.110307300110531858e-01,7.889895526123723579e-01
1.107599031784102378e-01,8.892197909493915198e-01
1.077152980355988998e-01,8.922642574975797602e-01
4.996727136625236931e-02,9.500532853595998750e-01
8.255029892667463398e-02,9.174290812673498996e-01
2.436100524321216376e-01,7.564106032154149784e-01
1.391158476032623159e-01,8.609048185601830827e-01
7.882151464417122555e-02,9.211991763883371487e-01
5.553064307422640455e-01,4.447143089964884499e-01
1.461395064047387726e-01,8.538396872605081844e-01
6.350633464403441231e-01,3.649157734238172579e-01
4.837085046910741815e-01,5.162706080550114596e-01
6.290834248910914805e-01,3.708956852906695190e-01
5.736630094023369431e-01,4.263160985368135703e-01
2.904438836115483258e-01,7.095770350412416994e-01
6.090513893580743465e-01,3.909276899594990029e-01
2.538417818056099007e-01,7.461791968848195955e-01
4.069954588775430149e-01,5.930255774988203443e-01
4.743630897429889082e-01,5.256580117566841404e-01
4.254422778242450964e-01,5.745789568628835164e-01
2.830700154653750800e-01,7.169512398156470123e-01
4.391267561242832018e-01,5.608945014037944876e-01
6.013499709153651285e-01,3.986287068495128483e-01
3.964556544112406433e-01,6.035228114835065050e-01
2.280091636506157704e-01,7.719692386047742882e-01
5.879722124487828383e-01,4.120061794492983487e-01
3.436890449285509574e-01,6.562893193217296250e-01
2.515600179515990464e-01,7.484616857895267650e-01
1.832929612064722047e-01,8.166851911569383837e-01
4.814702659766084136e-01,5.185078357423026363e-01
3.814496403082570652e-02,9.618330813044190242e-01
2.127187928506842352e-01,7.873032330082402330e-01
6.561055554862494921e-01,3.438724159663646973e-01
5.814984786863297561e-01,4.184794429827442541e-01
3.280785990775790806e-01,6.719434799036365646e-01
4.888532423651237302e-01,5.111688482939931166e-01
1.319097199431346346e-01,8.680681870615377660e-01
3.164753443173201064e-01,6.835467833425252770e-01
2.817777355385180371e-01,7.182444054174911274e-01
4.912833251809274882e-01,5.086944324791013994e-01
3.096005621048031897e-01,6.904218298730900871e-01
2.874752919018910835e-01,7.125022708285317918e-01
1.067766363827859881e-02,9.893448560069870723e-01
4.867406950659514120e-01,5.132367794198652300e-01
2.418552223882884655e-01,7.581673551259003885e-01
6.126500911501508995e-01,3.873725050880105214e-01
5.686894734588868738e-01,4.312879041666712321e-01
2.915169909258966130e-01,7.084603751628226753e-01
5.724821003805901087e-01,4.275405359445982878e-01
2.587405836129409373e-02,9.741485865059609228e-01
2.182677382263241705e-01,7.817096091200141927e-01
3.825100534881614722e-01,6.175126432907875884e-01
6.177318421374150548e-02,9.382495575256015741e-01
3.575739947498950966e-01,6.424032201719056534e-01
3.971381003185909808e-01,6.028390459912900123e-01
4.242731252635074772e-03,9.957343771610216443e-01
1.276483966365572209e-01,8.723286790504756194e-01
2.081083385522173590e-01,7.919145927807934582e-01
6.318388706403107458e-01,3.681381381717130363e-01
4.673253793196453509e-01,5.326976427727114771e-01
4.297192935497656796e-01,5.702576682858001567e-01
4.868454239948415418e-01,5.131776716047363740e-01
4.697430575719345747e-01,5.302800635772417781e-01
1.100814068859544553e-01,8.899417155995196227e-01
1.110252934969359340e-01,8.889515391164830582e-01
8.514554136463191314e-02,9.148312838001665392e-01
4.210916771825161109e-01,5.789315499735334658e-01
2.404307419805797041e-01,7.595925256650857271e-01
4.310343879642167253e-01,5.689888826663974664e-01
4.304393755555148693e-01,5.695839076185509331e-01
5.073997716780703771e-01,4.925769290901387265e-01
6.167569733845963409e-01,3.832663892507714998e-01
4.098153441435853916e-01,5.902080325758416457e-01
6.415280316735992860e-01,3.584954588172796219e-01
1.202455250134307485e-01,8.797780182544547856e-01
5.684372385485636503e-01,4.315863959951811157e-01
1.389485411141159754e-01,8.610278238878658064e-01
5.736477098233752070e-01,4.263285872279523603e-01
1.268530589872543524e-01,8.731232357947421585e-01
1.860989196451464864e-02,9.813663917345688548e-01
2.391696750590825149e-01,7.608540575008124751e-01
1.321275092954887209e-01,8.678962318192113834e-01
1.277052632545077615e-01,8.722709544783425750e-01
2.302058640661863997e-01,7.698179272026615116e-01
8.732276739183218728e-02,9.123529858744037213e-01
1.403236355220251752e-01,8.549941868257386890e-01
5.103060912838944807e-01,4.890187352198672177e-01
8.331632461413747415e-02,9.171685137590482872e-01
5.591130217872793962e-01,4.386722105302265362e-01
4.869674934851931924e-01,5.153747081219139936e-01
3.731962343060249987e-01,6.232298432227698637e-01
8.725806912517047875e-02,9.122379557392340521e-01
6.905960806110096606e-02,9.266081294211621078e-01
3.841430263613321294e-01,6.185439702452570909e-01
5.908789632012253490e-01,4.101254940673531579e-01
2.399767790339286389e-01,7.579697898450868943e-01
5.916896058322395069e-01,4.121458091742904450e-01
2.554278692925575078e-01,7.429752313565688437e-01
3.963812043423700637e-01,6.039518562582509853e-01
2.261753114292338607e-01,7.740044006033250934e-01
5.211992701301028097e-01,4.782163490754726132e-01
4.968647203308197702e-02,9.441445075976560020e-01
4.437475426224300468e-01,5.562142662765933165e-01
2.021991326853894710e-01,7.950794000363184955e-01
3.389161356461056762e-01,6.568603793435825455e-01
1.278539989012388023e-01,8.697336498506668123e-01
5.742032846330996643e-01,4.270036141594372725e-01
3.646772234276612901e-01,6.344961500735678550e-01
4.463281222201226917e-01,5.565887835125952199e-01
2.040896219728705885e-01,7.947642914157759808e-01
5.130960733730843826e-01,4.857284658087977491e-01
1.891401683132764577e-01,8.076894978397887170e-01
5.157301960046436484e-01,4.818102774530501620e-01
5.424761677544884808e-01,4.564070380822263240e-01
6.634092137720609683e-01,3.407935036485821301e-01
3.206855306078695844e-01,6.765196637993643458e-01
3.172101745316248667e-01,6.826569212579036705e-01
5.843030283102017552e-01,4.142217851889131719e-01
5.563669252938395760e-01,4.418982304785173398e-01
4.357650548566971982e-01,5.665290257022299603e-01
4.026584687249193384e-01,5.971666843648361089e-01
3.641099452041015039e-01,6.372648280753072658e-01
4.280896713211804760e-01,5.725722023430326324e-01
3.478714257848430913e-01,6.511147471387520591e-01
6.447632364764103174e-01,3.564118187333266685e-01
5.590770974246934699e-01,4.429212180373083285e-01
4.874163475485168012e-02,9.508257412676986986e-01
2.226884058933778221e-01,7.732842308378389262e-01
1.006531160940876135e-01,8.994590858485529417e-01
6.602009556842352023e-01,3.410788411273871223e-01
3.099851448000582113e-02,9.634818737359490681e-01
4.122054828651207092e-01,5.896586285959728446e-01
3.667809302626636181e-01,6.329062140246917156e-01
4.966723417136994501e-01,5.031397238473801492e-01
4.418585242639485045e-01,5.596469853001940775e-01
5.861893503835625685e-01,4.128515009943050096e-01
6.155841793797576234e-01,3.824121435068577046e-01
9.798008920256609522e-02,9.018598077559499826e-01
5.757160377979898547e-01,4.244230048345071782e-01
3.346439520340239726e-01,6.622879322411046044e-01
3.968243728523428437e-01,6.039370191103766716e-01
1.221475684916530913e-01,8.763484847306777237e-01
1.931972718975992487e-01,8.058123799175075375e-01
6.665192008173785876e-01,3.338625509496283561e-01
8.501468829619267253e-02,9.129517879833920491e-01
4.437486716789203478e-01,5.531869625263663437e-01
2.097507931435484141e-01,7.909949464873187175e-01
5.140794254183590484e-01,4.888428622371764343e-01
6.266180664813121304e-01,3.749417323397052915e-01
1.590843253034302518e-01,8.358763006138574259e-01
3.328178870357628716e-01,6.677397024087809996e-01
5.133318068529634237e-01,4.861812652868575113e-01
5.824819451374162460e-01,4.153729833893554102e-01
5.168198517873872078e-01,4.812099357115475207e-01
3.242764328762511306e-01,6.772611263239071144e-01
4.466522468485945585e-01,5.553151787635409731e-01
2.210358436325185472e-01,7.783163250599361982e-01
4.407765406169144029e-01,5.596539415127647077e-01
6.465310000884068042e-01,3.576721086952173168e-01
1.805909750330720598e-01,8.137127121255789408e-01
3.693413004190563287e-01,6.305723828629139494e-01
2.993771475622593048e-01,6.997393044443489529e-01
3.508756381137241309e-01,6.479534249729619333e-01
1.328092626356300876e-01,8.650152830878908849e-01
3.049948660180645810e-01,6.927537184092648070e-01
3.889248576203253038e-01,6.116874134946528319e-01
1.210746028846876321e-02,9.839031103263222722e-01
5.504928365921838429e-01,4.511712212561734825e-01
2.496149410015682454e-02,9.695373603651954442e-01
2.285067120505726856e-01,7.721620631695440551e-01
4.003689663301105983e-01,5.970418501681660217e-01
5.810034394876947283e-01,4.180158254256715611e-01
2.762031183507958690e-02,9.702440149362770994e-01
5.258144222884234553e-01,4.755741961096550119e-01
2.102364128596852233e-01,7.899255400352768186e-01
1.499380396621772249e-01,8.496408272587248067e-01
5.441724792048855397e-01,4.589615363216211774e-01
5.360726212561103265e-01,4.670358559750160676e-01
3.572206204041366018e-01,6.405013955477517618e-01
1.392396777795261720e-01,8.546774211299845714e-01
2.816606462455243376e-01,7.186829081576864287e-01
5.395810971558664404e-01,4.634914096498636282e-01
4.755054097976585958e-01,5.216342991737736856e-01
4.998410701892234131e-01,4.989181590113144216e-01
4.777938687831255749e-01,5.196456995909327636e-01
6.352193943974999701e-01,3.679025504015606129e-01
1.055179486761228663e-01,8.918936115919408048e-01
2.712772342554730653e-01,7.255712336971028575e-01
3.869736696401670506e-01,6.143585355554037619e-01
3.761623594891350814e-02,9.587844395498911210e-01
4.156192259726839144e-01,5.827954223337102890e-01
1.664099281791600604e-01,8.295112667162904962e-01
4.822298736773978911e-01,5.194715036209551773e-01
4.321259818518878582e-02,9.515127796733979793e-01
4.331050441724088040e-01,5.662315652059206617e-01
5.691430201162835933e-01,4.307579487656648665e-01
1.911254339278275760e-01,8.052010051154676606e-01
4.543693776212382462e-01,5.423799891882217228e-01
3.773627464492255723e-01,6.229343846941840512e-01
4.963714628057619982e-01,5.040932516775625816e-01
3.525421168636354019e-01,6.481420858944966223e-01
6.298570938669788566e-01,3.676319314369200231e-01
6.466493945957543232e-01,3.548202363824268235e-01
2.062340464587651689e-01,7.902089119558940444e-01
1.861779589442114774e-02,9.806655269607574832e-01
5.922067580669244657e-01,4.096674237889535442e-01
1.965692995869907922e-01,8.002256393964737313e-01
3.306989339660870164e-01,6.707699112473594072e-01
1.464901335529632809e-01,8.502537640972503974e-01
3.519173952482798073e-01,6.460320187221847421e-01
3.615258823305857461e-01,6.398455086230036004e-01
3.127641782507242230e-01,6.883719920761528499e-01
1.161885192440736542e-01,8.839737604425526030e-01
2.994641816308692972e-01,6.994144692732049418e-01
4.259939070278863094e-01,5.760622891724423988e-01
3.748315941589979577e-02,9.589679946022990897e-01
3.431638722250744677e-02,9.629820373122236488e-01
5.446312062284272004e-01,4.569957986821407969e-01
4.772869015486921329e-01,5.205655727852833703e-01
4.881572436270187332e-01,5.130272848374265449e-01
3.944502712941577172e-01,6.029923848798502961e-01
5.572223638587899819e-01,4.440586593999173437e-01
5.127010692440792800e-02,9.432393282429479830e-01
5.917402472095095733e-01,4.075907257444617571e-01
6.200753456725746071e-01,3.828546758004010564e-01
6.489095005487672818e-01,3.516960983073386671e-01
4.723040865945377087e-01,5.295359236658661040e-01
8.777670779637923582e-02,9.093977193746018983e-01
4.877937060087702559e-01,5.109187191814986706e-01
7.933907047390571787e-02,9.158308882549548446e-01
4.789478896444646777e-02,9.507286845189962809e-01
1.384464567744429220e-01,8.582691512220390617e-01
3.384245584951533492e-01,6.627790247331178941e-01
5.685514296619168517e-01,4.290594727317434409e-01
1.669529322886325329e-01,8.286605454938071880e-01
1.151502792001846964e-01,8.816957604188521147e-01
6.778800373008020408e-02,9.274370971853215240e-01
5.881455899572326507e-01,4.134198040843113930e-01
2.947988780306552425e-01,7.003200836881379177e-01
6.207645723071635729e-02,9.311927009161843349e-01
2.799731042876290599e-01,7.160651667669662990e-01
1.099574197330768222e-01,8.876363789670478344e-01
6.305890831693767851e-01,3.691703167978919176e-01
4.934165845109387827e-01,5.048385416803095049e-01
1.059238308637565212e-01,8.937778865863788003e-01
5.670969708481908844e-01,4.323050993721290203e-01
5.217377269729858713e-02,9.458758094209526179e-01
3.824775987093670393e-02,9.614926862049347767e-01
7.827139513350948874e-02,9.180560347832548151e-01
2.693246577920647700e-01,7.305252448314152325e-01
4.146472080666924187e-01,5.863182065444881852e-01
1.282888188831787790e-01,8.665100719468719070e-01
8.262700444220051621e-02,9.110913117664557470e-01
1.107906970940763097e-01,8.894032623326485476e-01
2.662371714668644862e-01,7.332521171076280542e-01
3.874013436874542693e-01,6.103621064506677962e-01
3.074594904939317863e-01,6.942015605645601717e-01
6.404638813757781435e-01,3.614740232291190347e-01
5.708460755431686851e-01,4.282160138345824096e-01
4.011618718746389201e-01,6.002523377786816994e-01
1.014306025708729547e-01,8.959573106187566083e-01
4.893946627086607215e-01,5.104008567187601209e-01
3.173594400777254299e-01,6.823671984935525403e-01
7.232344628298846556e-02,9.227917881465693695e-01
1.403352909784616465e-01,8.570367955335111976e-01
2.551969858519121948e-01,7.396384567853111491e-01
2.194232586777949967e-01,7.805815034631428118e-01
4.991621821462536301e-01,5.040256988719458153e-01
2.802462485761079147e-01,7.201979921108629945e-01
6.190186311580972989e-01,3.783947894165413661e-01
9.849118781309500192e-02,9.017929823498470610e-01
3.222709676565158055e-01,6.796530858842328993e-01
5.902137615075974120e-01,4.071711844315117901e-01
1.210306926593770205e-01,8.746091641797376637e-01
5.041253513781973616e-01,4.941207653783686315e-01
4.931534865180426386e-01,5.053001002664068153e-01
3.433673408633249879e-01,6.550694771079386136e-01
1.914552411238607255e-01,8.069983458803576815e-01
5.181368115595222923e-01,4.825960223593356857e-01
3.959922994702740062e-02,9.547539985432236254e-01
5.496428100827800423e-01,4.487583375508548689e-01
2.042063354955241938e-01,7.964827545477507487e-01
6.372212724937369455e-01,3.630697929101441290e-01
1.974917029092643217e-01,8.033898778629742221e-01
5.758604447427412287e-01,4.230608482624926836e-01
2.622991609255407863e-01,7.354348086419584263e-01
4.187401900076202499e-01,5.821048631896514891e-01
1.174816593494866918e-01,8.817724579061788637e-01
5.647369427858436319e-01,4.382143359926165549e-01
1.776183187179449785e-01,8.177213107384476709e-01
5.426679812262904523e-01,4.580730206686631223e-01
1.509768068087522230e-01,8.435289745123659699e-01
4.202577440159827593e-01,5.809244517653070483e-01
6.009729344597996015e-01,4.001033468097985879e-01
3.583223026768688202e-01,6.408439522869290306e-01
6.302044348435829058e-01,3.730194270982399862e-01
1.836367804562432371e-01,8.113204062218486445e-01
3.445480248475754625e-02,9.593385908789408001e-01
3.610722674975077040e-01,6.346179547535601984e-01
2.047078664399487602e-01,7.960074122274999331e-01
2.532945287350490959e-01,7.460169320895256861e-01
1.809943101168617619e-01,8.145830169177896707e-01
1.759885330338468654e-02,9.787840616126052273e-01
2.015756310847837129e-01,7.963790351798540890e-01
1.442068359787436194e-01,8.497771761753190045e-01
1.312504921890562393e-01,8.683392246071451881e-01
1.685291224297075507e-01,8.271278289082788504e-01
3.559332802601689605e-01,6.442367163443301070e-01
6.878474534116005290e-02,9.251612550203794916e-01
4.693061979503963532e-01,5.300910940378309455e-01
4.748170611387120821e-01,5.265836980950419077e-01
2.980445887041661135e-01,7.040318588662692889e-01
2.701625990731704868e-02,9.715399440480460003e-01
3.458234175104858976e-01,6.529582219806941978e-01
4.135660710981430843e-01,5.844754611008272649e-01
2.259638024263038725e-01,7.750258952580338923e-01
5.303605354329314903e-01,4.707074642796286734e-01
5.704249995186649186e-02,9.372397902543238013e-01
4.256177480268430457e-01,5.763779417459830023e-01
3.095539879568474095e-01,6.876038056304093482e-01
1.551451885516754933e-02,9.780240350084746792e-01
3.915689128734906599e-01,6.089097136525241094e-01
1.151921625119669418e-01,8.784937578279414794e-01
2.507678785790606324e-01,7.474541939693176706e-01
2.906421600396375537e-01,7.065790774444361544e-01
1.863196135731534364e-01,8.113736642165504387e-01
3.197678934144736473e-01,6.755769915789996416e-01
3.741325707272320500e-01,6.243552443280057096e-01
6.023296919031204677e-01,3.983819133643610177e-01
4.093383084692416851e-01,5.924241513897376965e-01
5.183951957622869866e-01,4.842549023755364224e-01
4.348529821597068579e-01,5.641464866951281243e-01
4.956049949394884802e-02,9.499540156229711041e-01
6.078565587021964589e-01,3.954554739230727312e-01
5.536628647961533423e-01,4.475671947016573449e-01
3.618052094431759014e-01,6.354064316332134199e-01
3.675895594011192036e-01,6.317963982267547074e-01
1.082471264644916942e-01,8.906828648429968576e-01
2.275021125506919983e-01,7.688262229660057789e-01
1.117460006826991037e-01,8.882374857749771868e-01
2.571712674444208147e-01,7.429020429241008916e-01
5.416991300505424878e-01,4.567185905394136602e-01
6.034267453956764227e-01,3.978217832586191105e-01
5.575290416835275709e-01,4.404044599895142742e-01
4.350252387258609632e-01,5.618028842024122005e-01
6.108498380926699056e-01,3.934274449877966373e-01
6.467398948406110071e-01,3.550537502062376949e-01
3.034456641818648048e-01,6.969652102791323856e-01
2.579240484046378401e-01,7.370814163697114729e-01
4.473141096584551391e-01,5.516627876237344408e-01
1.351300644201669510e-01,8.630925725343925325e-01
2.900343760580856300e-01,7.096869119361439715e-01
3.050768328516421102e-01,6.940185034287695842e-01
4.951327978919866646e-01,5.067586290390482251e-01
6.096880082531139777e-01,3.884272170798421797e-01
4.650347425141591606e-01,5.365448060426776244e-01
4.301656233007526975e-01,5.657393593025159539e-01
6.578382121422230444e-01,3.410033236902095810e-01
5.830388886411556060e-01,4.176735708293800586e-01
8.364427828340290083e-02,9.125164664890120791e-01
3.797908550064499345e-01,6.165904644151510849e-01
9.286812942899336232e-02,9.043808420618726363e-01
3.497283829451153236e-02,9.582012792165950366e-01
5.652680241299845587e-01,4.322252637632236771e-01
3.906865803201928777e-01,6.096842648384825925e-01
5.695312796738115635e-01,4.275559612914123231e-01
1.000625958219913680e-01,8.942131818272489596e-01
7.041037693532814501e-02,9.264927747406134229e-01
6.037805228440662475e-02,9.366050462089184903e-01
6.173878695156482799e-01,3.850460963652522217e-01
3.716644042613649335e-01,6.288595404213278561e-01
3.510124466561044265e-01,6.478552426582808721e-01
1.540052626321478935e-01,8.437215150327699309e-01
4.269845052398182350e-01,5.691879861746013125e-01
2.288806603701553644e-01,7.692234027594019308e-01
4.982357345282312777e-01,5.000147704239128466e-01
1.936208511907817620e-01,8.064423476141501235e-01
3.613790731207590090e-01,6.375208429917587072e-01
1.415952657745804533e-01,8.562555624579977209e-01
1.724945556531689295e-01,8.222264565662534830e-01
1.592779450392834417e-01,8.398468304140747076e-01
3.297107381050100039e-01,6.719118145472348091e-01
5.557199719909580726e-02,9.379229045688175503e-01
2.784131179317078097e-01,7.183548409337733309e-01
4.253091447880136822e-01,5.755106811843333503e-01
4.385016101112638731e-01,5.606670123635596470e-01
6.113406565029325668e-01,3.893041842868191216e-01
5.108554007111428819e-01,4.924183752215128829e-01
5.465032780537975032e-01,4.567670551873450613e-01
7.070211415133220711e-02,9.266358546537186713e-01
1.685238611239410766e-01,8.304529779167239001e-01
1.249784263137946883e-01,8.747954392087775588e-01
3.207021067454224883e-01,6.772529485150392548e-01
2.488645811339666447e-01,7.475404277773757267e-01
2.040656138279975107e-01,7.930667314761493669e-01
6.317391610360235665e-01,3.668895170962065411e-01
4.788391988386377363e-01,5.228300458085988200e-01
3.374656820445666727e-01,6.599622685059632898e-01
6.006829241133602171e-01,4.033169996470054031e-01
3.300064365690776325e-01,6.687387311100299048e-01
4.844541842293019762e-01,5.150515917034175217e-01
2.197772032605834203e-01,7.817347715753737436e-01
5.492616116528348247e-01,4.481227089069300118e-01
1.705546549320959837e-01,8.290126021058804584e-01
4.793266384475983188e-01,5.197222758129289577e-01
5.959781566000890152e-01,4.023559325260716579e-01
6.153557861658190964e-01,3.819078095903455372e-01
5.298234166231520215e-01,4.738834048992819903e-01
6.051863664701745416e-01,3.945763806520837247e-01
5.695350055908202647e-01,4.307965003915903979e-01
3.378558666944527222e-01,6.602027097257867627e-01
2.569365866114561303e-01,7.429604233728033247e-01
6.666788432844907852e-01,3.348569282839182204e-01
5.767751512052762819e-02,9.379935622245521021e-01
3.898030996488071609e-01,6.064213959619523253e-01
1.048405362010598196e-01,8.943329956751419063e-01
4.307332217377098371e-01,5.664754700790742836e-01
3.145293432690294821e-01,6.846799063706960897e-01
5.194973767978356971e-01,4.780581834454323831e-01
2.287490123989765756e-01,7.695926923508826789e-01
1.352620480937095915e-01,8.617826513053772342e-01
2.161369391709217214e-01,7.852856597211919087e-01
1.247657899790453467e-01,8.760210955361354968e-01
1.108281061669861012e-01,8.845892703930422485e-01
5.909456316419723354e-01,4.101004101493366250e-01
1.627724616554614701e-01,8.370170183665434083e-01
4.193144457247178214e-01,5.836098890199159506e-01
8.516418637857614549e-02,9.101128432444561822e-01
2.798679178496979447e-01,7.186353697561908005e-01
4.000113198745942622e-01,6.006312402256130945e-01
6.444668834029779747e-01,3.540569447936115499e-01
3.641964002228682551e-01,6.358467572158732484e-01
4.194659348513342101e-01,5.797922386647337278e-01
2.296569198455379601e-01,7.706323080382916357e-01
4.526253791054888898e-01,5.459782254034443172e-01
2.516390641658821092e-01,7.468814659448215210e-01
1.192626499830764658e-01,8.781209169533059633e-01
1.890131438352509255e-02,9.742064798486208543e-01
6.839946638351810174e-03,9.910735929584002513e-01
4.566668678471922371e-01,5.418278155947415797e-01
3.954811618852347443e-01,6.016687460902114815e-01
6.589908700630302540e-01,3.415758085055751181e-01
4.773123681571418420e-01,5.257650868730896487e-01
1.817797520567707437e-01,8.150924115308277873e-01
5.211566237808101798e-01,4.811538705819888295e-01
6.661733626232974048e-02,9.287661958603566914e-01
2.555151464908865869e-02,9.682030574391494726e-01
2.015662472930426774e-01,7.966614412891535046e-01
4.125208572516577132e-01,5.864709226163207223e-01
2.864780294775081115e-01,7.119174255982856359e-01
2.176176152955968945e-01,7.816854431801626424e-01
4.621279992595218045e-01,5.389676709795092613e-01
7.637049144959400307e-03,9.867927540668045561e-01
3.073995748014789475e-01,6.909680638604893677e-01
2.928621316719915990e-01,7.072255149130677321e-01
5.029065085887489406e-02,9.488780633266320486e-01
3.257599938213473489e-01,6.749121758678985339e-01
8.135530536456912765e-02,9.169824130634559589e-01
6.887157310612244954e-02,9.313785793053200868e-01
3.968142859644891440e-01,6.053360901531662508e-01
6.368821153269921265e-01,3.612571502990417627e-01
1.930809848317388555e-01,8.079369100209102816e-01
3.025712314125443281e-01,6.949361676845101643e-01
3.961007344851847356e-01,6.010988081750338052e-01
7.152819959107866409e-03,9.927712601902186629e-01
4.439158656049823626e-01,5.526947547838074737e-01
5.776374017471062050e-01,4.236419017431001244e-01
4.416633223120032259e-01,5.587501345848280287e-01
9.515120664817877660e-02,9.012983593345185174e-01
4.337924775579924397e-01,5.665708235835907880e-01
5.410019327623554197e-01,4.628427922315641596e-01
2.629112192420370864e-01,7.381426201244751795e-01
5.973463404155250345e-01,4.049942859990482980e-01
2.420861941488928748e-01,7.536644615474716868e-01
2.182999834424018681e-01,7.762699166087806413e-01
4.486108384647380376e-01,5.503668696310101138e-01
1.585631500178790732e-01,8.424440038771977557e-01
4.200514725262119442e-01,5.807784611223651972e-01
6.041977841008833172e-01,3.999294492388348332e-01
3.294523500743100075e-01,6.702730346664509398e-01
5.550905618772631334e-01,4.458966577041911794e-01
5.942538479735698376e-01,4.065794018942492372e-01
5.351524632548565474e-01,4.645795107651630174e-01
7.693168812302447757e-02,9.192265388155480554e-01
1.470468004119708794e-01,8.507988749664591177e-01
1.115056293090557621e-01,8.863903071338217199e-01
2.523950250355149749e-01,7.480111160708204920e-01
3.317731809897698364e-02,9.607844851705514833e-01
4.680040705358685105e-01,5.288142657813612590e-01
5.231615454709338531e-01,4.798583183314061862e-01
3.928721819192103615e-01,6.098826845696366794e-01
3.585227848460263989e-01,6.371321507006951768e-01
6.395277829374560463e-01,3.626510644408744710e-01
6.666602563307033602e-01,3.331980351963963471e-01
4.588635595588462235e-01,5.400356337766608616e-01
1.326713359926042224e-01,8.653785304835750480e-01
3.393564751690527070e-01,6.589597306932408749e-01
3.960229754143528291e-01,6.025121244754667593e-01
5.567035776730224761e-01,4.447738611000731646e-01
6.206113170671061496e-01,3.808540782231939481e-01
5.957146085803508573e-01,4.082052802551576209e-01
4.830840582319888554e-01,5.143083375773855881e-01
3.318383702355003906e-01,6.634520401583060556e-01
4.376098055478588877e-01,5.616873574871875663e-01
6.488300159025329750e-01,3.489534657556658259e-01
6.340094301810809130e-01,3.672272723381581061e-01
2.468796482628410061e-01,7.521935027520583184e-01
2.084336627097210515e-01,7.913680419366350138e-01
6.326277358112633031e-01,3.671456180754006926e-01
5.471316913531572013e-01,4.534024240875719203e-01
1.270566991785660738e-01,8.728595741679795461e-01
6.119129056924151877e-01,3.867809568823088462e-01
6.168146368340055030e-02,9.370796751568704064e-01
1.313336505313146829e-01,8.694729941189154321e-01
6.368136537277331310e-01,3.669977754281701920e-01
2.169950489814665914e-02,9.733825306643569819e-01
2.783181940304757518e-01,7.233856133362556173e-01
2.109505928046587903e-02,9.761668943014250033e-01
3.350754593299983680e-02,9.635083354478513051e-01
3.940433450420883221e-01,6.034068867242622369e-01
6.655895645247366099e-01,3.349588793020810695e-01
1.741345844290215564e-02,9.782486772887981630e-01
1.407839922553796586e-01,8.600714893920401449e-01
3.705387275322717944e-01,6.319855463863159883e-01
6.488149648980927608e-01,3.493706891221137756e-01
4.361508995427393343e-01,5.604643260073916000e-01
5.216552779336669499e-02,9.481421692526234013e-01
1.949034591890382306e-01,8.006221812293429219e-01
4.678275787081062065e-01,5.293019442977981992e-01
3.582570608391519862e-01,6.385550201751338806e-01
1.571517458343062723e-01,8.405276015605945839e-01
6.085546407569785154e-01,3.922806640748901508e-01
4.690840992783020663e-02,9.505371125791384213e-01
2.580690903428750627e-01,7.382661187527493896e-01
9.654396403090002854e-02,9.039147015763765447e-01
2.400313700837989478e-02,9.744985750411819803e-01
2.243502228232513163e-01,7.749852648354870199e-01
1.531339283038401222e-01,8.476153663946436323e-01
3.846943575827420636e-01,6.145861807060617465e-01
3.263268235373487647e-01,6.710313378682377650e-01
4.504266489664083828e-01,5.519727059223847876e-01
7.479066495593549024e-02,9.245390126890313809e-01
1.697708871082864446e-01,8.294197333824238072e-01
5.078806304721460163e-02,9.462649276938868148e-01
3.702172037368139379e-01,6.311462337846652781e-01
7.572029560516242014e-03,9.853632927639761618e-01
4.444249983622515221e-01,5.572890278980522361e-01
4.849430246118530685e-01,5.170818008927557941e-01
5.182855900356535539e-01,4.790042420715018845e-01
2.610865453348230544e-02,9.670893215166622703e-01
2.464322440863636332e-01,7.534423563581156280e-01
5.218091247775150654e-01,4.792702975099644713e-01
2.041400273711312663e-01,7.925534297739018630e-01
5.372391057355362376e-01,4.658617873581813451e-01
1.686819322610155769e-01,8.256021631700792840e-01
6.441151631730437366e-01,3.568577048321251999e-01
4.527838427690980549e-01,5.475032192894424554e-01
2.638453953903094340e-01,7.315508589139263496e-01
3.010269411975207143e-01,6.968610887871842241e-01
1.883258593711101270e-01,8.081078337300398040e-01
6.574153448894106688e-01,3.433023799583895252e-01
3.950065927623320344e-02,9.604372903929283556e-01
4.193455298036387613e-01,5.803085050310836657e-01
2.306956796708501956e-01,7.693941444015024445e-01
2.243349014961788235e-01,7.703997911035412871e-01
4.583389699764029435e-01,5.406829952985189314e-01
2.661949825326548891e-01,7.290173388926551867e-01
4.093581358614855614e-01,5.887068385857836539e-01
2.724274370790354949e-01,7.242799638500698745e-01
6.355696060572911810e-01,3.686969619275225485e-01
6.442780553967135670e-01,3.580736911839050296e-01
1.898711882676652751e-01,8.063863917631927114e-01
5.934670501447073532e-01,4.096371029458504287e-01
4.054356175288288400e-01,5.942887054384207168e-01
4.130881427634704450e-01,5.891679363452649865e-01
1.268663599363063776e-01,8.731975204997648454e-01
3.313950520620784213e-01,6.692866918082761574e-01
2.599004890023718928e-01,7.379390413211697197e-01
1.516078997461988986e-01,8.431856370095237585e-01
6.333571920525928878e-01,3.642221584478320673e-01
4.954737322925588661e-01,5.049975564692332775e-01
4.335961279171283711e-01,5.690567399432314710e-01
1.427107893000713057e-01,8.580929604779407027e-01
1.610969154696720654e-02,9.826694747850828193e-01
5.577967221598051362e-01,4.416227452357030514e-01
3.777468332099411241e-01,6.238105405447399443e-01
4.009265550714119497e-01,5.978645486336789938e-01
1.790672245339650082e-01,8.169707180348770859e-01
4.383468235597776097e-01,5.594988925649675426e-01
4.265383677253585526e-02,9.526681230278539747e-01
6.140252987448953093e-01,3.846688818085142736e-01
6.515743149257178235e-01,3.495489469288531881e-01
2.105694604078371668e-01,7.897061813902060967e-01
1.657484435977968351e-01,8.338450667337943267e-01
2.215739629372568686e-01,7.788481709399918129e-01
2.206164481463250560e-01,7.742652111562338124e-01
3.677972050061226877e-02,9.582875839017236386e-01
4.878357520170059081e-01,5.133312849240039277e-01
2.178152449053407380e-01,7.830434737505175269e-01
3.018571474056840898e-01,6.994207193733603667e-01
3.815249895621737330e-01,6.197647527581123805e-01
3.244328299965355544e-01,6.708353452359300251e-01
3.023628514939656342e-01,6.987691587879955035e-01
5.850296816676179290e-01,4.173095876646397695e-01
2.654222274527447412e-01,7.350109061039554748e-01
7.658981294739786172e-02,9.218200194421789506e-01
9.733037686870114891e-02,8.996571164997594350e-01
3.155954619599255495e-01,6.848698059875650834e-01
2.431305417617565107e-02,9.687450136002666579e-01
4.363676919549080990e-01,5.597064055584981546e-01
3.514182966967642485e-02,9.591385555607139235e-01
3.479288243378299561e-01,6.541967641118860977e-01
1.146824774290622351e-01,8.799284335020886028e-01
1.298375987328215242e-01,8.684068475810263754e-01
4.714812231854709212e-02,9.527555439946417959e-01
6.537723832923105771e-01,3.469549678366253831e-01
2.739498006449669898e-01,7.269493417085498566e-01
4.097225944766361705e-01,5.879335096200362099e-01
1.026098082185667171e-01,8.909689208705638963e-01
2.916542254344224316e-01,7.053316585896111102e-01
6.105923852837210619e-01,3.912549892623478631e-01
5.768744961075862321e-01,4.263647825613364195e-01
8.470021605499809814e-02,9.121590047548079339e-01
1.375223559778959714e-02,9.817832803707353673e-01
3.754212612758108802e-01,6.242872995111817813e-01
1.884790700906139038e-01,8.126127076151880013e-01
4.164390104831537376e-01,5.806001609179127776e-01
3.526956325234721634e-02,9.615988490159314006e-01
2.073476694804345655e-01,7.899831980532288078e-01
4.668309097858397427e-01,5.312584659049904845e-01
3.385369033395295157e-01,6.568805187794685141e-01
3.416848470976444063e-01,6.562131614571254934e-01
5.621447638206689135e-01,4.413875851036102582e-01
1.395407401647629775e-01,8.551748866139902150e-01
5.300291436703095105e-01,4.680670767796501486e-01
3.081281711991392669e-01,6.930916610443728088e-01
6.089045000795662022e-01,3.912262298492283907e-01
2.978494522488302487e-01,7.008319578541062356e-01
5.045281177091472946e-01,4.947181260231078848e-01
4.528054161533970334e-01,5.465377812984679728e-01
7.051084219216063875e-02,9.234436321738948017e-01
1.304731601086922196e-02,9.866517789731841237e-01
3.537186025331127137e-01,6.417163991008620894e-01
2.141617743441724675e-01,7.852702898054069180e-01
1.093248965930067318e-01,8.905939402898138679e-01
3.143978388058055184e-01,6.867911322288344778e-01
6.963870648877422409e-02,9.293286212812352787e-01
2.633655710462116106e-01,7.330627347913983849e-01
3.419374754896407076e-01,6.547658560427680463e-01
1.666889285968334300e-01,8.284418854079014238e-01
2.214251473775763202e-01,7.747723044207777132e-01
1.306103419847579605e-01,8.703248517072682544e-01
2.230136628313648672e-01,7.777946157124847604e-01
5.481030609551231780e-01,4.488084960992166361e-01
7.717136199068386215e-02,9.185448137864984375e-01
3.927259253821658302e-01,6.051418126024705746e-01
1.054122925820360629e-01,8.923804195647344617e-01
3.072653494119155226e-01,6.933860014717089237e-01
2.583482414670280197e-02,9.711286242267821445e-01
3.794009191194340769e-01,6.215227864319383677e-01
2.049367576852726136e-01,7.923124039710968125e-01
1.174162253107809001e-01,8.827255748023890014e-01
7.882693272458286826e-02,9.201083416456840025e-01
2.801064743450037975e-02,9.719728891532088966e-01
1.175615408389916877e-01,8.792849825321769064e-01
1.890972984449602046e-01,8.095711254850224137e-01
1.101683639136459419e-01,8.894241652301245749e-01
5.717822216243474420e-01,4.266148277826862789e-01
2.010505484084433026e-01,7.999830878124164490e-01
3.749212305321428240e-01,6.275259924154770186e-01
6.278354849845131369e-01,3.714313846695522781e-01
4.969174389983467832e-01,5.013062927176108463e-01
2.119054379607363536e-01,7.882380084006199716e-01
6.620337583848148744e-02,9.295722939687551811e-01
6.504539550551649008e-01,3.501615328641317082e-01
1.641319224978048941e-01,8.346481056294670076e-01
4.356209403179155948e-01,5.631927720044411778e-01
2.894775250738033240e-02,9.647303545100101019e-01
2.721971324245656132e-01,7.290040799136339178e-01
2.643773163582228136e-01,7.306864541088682330e-01
3.487308223589452028e-01,6.468684602380238013e-01
5.993865303354868335e-01,3.978076589253414230e-01
4.013200107823166052e-01,5.974362660464790364e-01
3.927426974324953468e-01,6.037581458558912706e-01
3.990010955971692169e-02,9.597428201963680294e-01
6.417890465407087852e-01,3.609201387029148389e-01
2.556569340900187171e-01,7.423670577524493774e-01
8.593771693647864196e-02,9.144880181590944179e-01
3.389014008180939869e-02,9.607660413143778166e-01
5.843448857870054552e-02,9.354622851594618371e-01
9.321858055113607655e-02,9.035637820611965854e-01
4.590114141207238263e-01,5.393834966184101187e-01
4.080459693018478190e-02,9.549596827723763059e-01
4.705784986113039081e-01,5.269382568140125178e-01
6.667561577469111045e-01,3.319596948559795924e-01
3.850626128076900523e-01,6.163029082406312753e-01
2.339943355705499314e-02,9.762870244365803307e-01
5.068190818474740400e-01,4.904968785832500844e-01
2.747172523220500207e-01,7.235675641224912358e-01
3.633340681322522886e-02,9.632276888293949124e-01
5.478589196278889073e-01,4.512074578380833589e-01
6.603271106324249962e-01,3.433043420208951590e-01
1.686002655578013598e-01,8.318341696148190412e-01
4.456353275652632506e-01,5.541320198894216231e-01
1.421501596662204381e-01,8.572643317714920830e-01
3.920124748421437433e-01,6.107161027854832724e-01
4.869463560766056909e-01,5.117981534245507058e-01
4.436879161289138951e-01,5.583657106281584293e-01
6.114665172321406272e-01,3.866156824065107855e-01
6.235486074964732284e-01,3.739364304495429447e-01
3.156078563688723415e-01,6.851125175488050889e-01
1.716347128668049282e-01,8.254540825403348103e-01
8.513800888700732983e-02,9.086038496996600156e-01
3.717248903682174310e-01,6.279643148221722981e-01
5.582478670175727853e-01,4.404001771812393051e-01
3.651342031286356482e-01,6.339349672982883543e-01
6.069956768029229899e-01,3.902669620445262666e-01
6.387306682440797578e-01,3.648045276012955584e-01
4.204743302264448701e-01,5.812542347167393153e-01
1.173189817267929619e-01,8.787658756210932065e-01
6.628217165606876682e-01,3.383712382476052882e-01
5.555473037179146090e-01,4.419233712141314441e-01
3.404875814358296893e-01,6.558970586804929725e-01
1.537714091055176757e-01,8.465405450359432260e-01
2.438010027738504171e-01,7.512280421821293519e-01
5.480202707755164049e-01,4.514537692421686788e-01
4.939601857121102557e-01,5.075992053131511694e-01
5.980140908141960976e-01,4.028230807991485252e-01
2.214567786519343051e-01,7.769367566735855268e-01
5.894485632956270038e-01,4.122662996535658153e-01
3.643061819734557671e-01,6.352133315203241093e-01
3.770209681800247847e-01,6.208887361163505370e-01
2.209502538275960881e-01,7.754407270100497351e-01
6.485880672842195827e-01,3.492351996928084179e-01
3.513447375502253278e-01,6.451491714104610198e-01
1.013145427728394110e-01,8.994117942846752145e-01
5.080968303041348555e-02,9.468182329680516762e-01
6.263646758795253788e-01,3.763172326801265122e-01
2.731289432373326109e-01,7.243913573544223938e-01
1.580342894751120275e-01,8.417055457154541953e-01
1.609745352492104598e-01,8.367996945465095981e-01
5.940141798937060846e-01,4.037462012622743956e-01
4.122934255774838852e-01,5.872574096827375412e-01
6.979984443518053028e-02,9.262776902277802815e-01
3.286215744464308641e-01,6.724197977640101742e-01
4.049225517308568389e-01,5.972966458752585472e-01
1.411404623503152989e-01,8.536212571882381139e-01
4.244586302621292107e-01,5.754317424287540561e-01
1.347043346509460213e-02,9.799415617156994607e-01
3.585658686526851935e-01,6.369226539928901643e-01
1.889971755957285671e-01,8.052871995187130816e-01
5.436405619735397154e-01,4.554369524094666888e-01
5.570942453616419821e-01,4.451035305471305881e-01
3.977609787799643581e-01,6.039906227596644195e-01
4.365415240919180428e-01,5.616702533100020878e-01
3.090246695607060806e-02,9.628521111789264397e-01
1.752685550092651923e-01,8.196414861286818176e-01
3.911385406669349307e-01,6.082330038358675361e-01
3.755285070860047564e-02,9.581356751280138973e-01
4.814504222101201325e-01,5.212408206059219173e-01
5.731620897897629074e-01,4.254647535001228054e-01
6.272316052062517633e-01,3.769010416293534504e-01
2.606368044393833627e-01,7.378321285225646342e-01
5.334128533594063581e-01,4.699995490677711940e-01
6.381309020001352250e-01,3.619267091646182211e-01
4.350061379937698591e-01,5.658648472921159467e-01
1.453722132527057453e-01,8.533466567105459921e-01
1.880298284625576133e-01,8.079822751817973270e-01
1.786524146530336088e-01,8.208616946578521922e-01
5.693078289774163026e-02,9.383695276732034740e-01
3.913399407759252657e-01,6.111559502263572696e-01
1.772052846898493628e-01,8.198887612100802524e-01
2.912352878515452326e-01,7.084418934626126596e-01
5.484214913061767893e-01,4.500764599254577503e-01
3.452746717713978675e-01,6.559301365251878346e-01
1.352562343033787418e-01,8.597758298838589219e-01
3.285261277579585304e-01,6.678813278168832523e-01
6.614499350350241391e-01,3.379971937299798834e-01
6.302409079780064705e-01,3.683165847332929843e-01
1.323358554995259992e-02,9.815814663173910715e-01
7.757708791478147570e-02,9.172552094043175952e-01
1.937588537272387224e-01,8.007720942828392419e-01
6.003273579915241465e-01,3.968816982297877494e-01
5.944157812442376621e-01,4.048989983360032352e-01
2.362124601430573845e-01,7.604277504924201736e-01
1.542284686520202786e-01,8.426101522536892929e-01
2.935626406963904866e-01,7.056828897012860091e-01
3.635048051721557205e-01,6.386951543063880132e-01
2.803220192060360549e-01,7.190855861284807249e-01
6.344091727051999197e-01,3.641988825374423144e-01
1.938448788388530963e-01,8.012560409434040798e-01
5.215335159340103166e-01,4.816289581065205105e-01
6.471593063367191423e-01,3.542888184716569966e-01
1.536578974126414088e-01,8.469484213445414023e-01
9.799428740362466084e-02,8.959302505059426602e-01
1.869375894803826932e-01,8.073534481626249981e-01
2.239214125442043901e-01,7.732911087267537731e-01
3.926047344870328693e-01,6.061645185423322202e-01
1.303672797889602886e-01,8.639653460227328940e-01
7.222543358257949020e-02,9.276291675520285107e-01
6.105751314130601626e-02,9.330217120387900298e-01
2.094788473725307798e-01,7.880454957549022366e-01
3.751045646852113058e-01,6.230302635926860955e-01
3.559791043540657673e-01,6.433312355577870401e-01
4.348022633024097305e-01,5.629172605776043836e-01
4.225609903693299252e-01,5.734412531258146206e-01
2.930573024870219978e-01,7.073512653047772103e-01
4.933697391185339343e-01,5.052260624289485191e-01
1.313994080247167240e-01,8.690390214078032027e-01
2.405619813306646704e-01,7.564615565870926872e-01
4.490579966414374180e-01,5.487256940201511446e-01
4.919875634632639994e-01,5.045397769653630071e-01
8.523481963822122920e-02,9.099712745448081952e-01
4.928515468857925796e-01,5.057859627768035438e-01
1.478437534521845620e-01,8.503997245750323231e-01
4.998648120521531069e-01,4.980604411713795976e-01
3.851035159645298522e-01,6.116228312143530133e-01
5.797941187303150556e-01,4.194174987062003201e-01
2.422149487874292739e-01,7.551669934830046449e-01
1.784071437106420632e-01,8.208934924032020852e-01
4.495574768902532714e-01,5.509539791075528381e-01
3.311066176001766781e-01,6.701860608165295385e-01
2.130052963421249224e-01,7.842122865354110850e-01
1.096668507661846953e-01,8.863465995057877578e-01
2.426399215525782971e-01,7.568956354458061808e-01
2.356206136090464032e-01,7.638993947296214282e-01
5.769392792324324892e-01,4.211929226001785431e-01
2.932599489905806101e-01,7.040567111378233101e-01
2.347559453267504259e-01,7.632876560639615393e-01
5.984015800409990538e-02,9.400016612587818177e-01
1.784689893250813730e-01,8.180057014365839096e-01
1.630952164290936368e-01,8.317596523128075736e-01
1.298894105197335447e-01,8.702339742504601183e-01
3.496181166842681209e-01,6.496529830728423605e-01
7.097161394180570571e-02,9.250642955736454454e-01
1.773822334486953589e-01,8.183444013768601533e-01
1.980603100893182922e-01,7.964611147292922633e-01
1.966067303760654916e-01,8.002419675534324650e-01
1.303540165360173864e-01,8.699789111185769475e-01
3.767735709948379780e-02,9.616798575064293697e-01
6.034340234174518924e-01,4.003997155611888625e-01
5.087177702085373676e-01,4.904020340935140720e-01
2.083916759729936286e-01,7.875733342391667557e-01
2.696904305471037322e-01,7.259446012362156253e-01
1.605915779786259989e-02,9.809995626671037527e-01
1.450327320734637049e-01,8.547925759149349600e-01
2.445919006233754703e-02,9.697879882565284548e-01
3.208903990830327957e-01,6.812148808636689923e-01
5.654043602296785487e-01,4.328155503809509308e-01
2.040048155875659186e-01,7.971546472322178500e-01
5.813537402526199882e-01,4.201932311251424523e-01
3.257221016389894030e-01,6.728736216793134162e-01
7.048337709252948391e-02,9.239019870100713128e-01
5.654519960190695915e-01,4.375732203482545213e-01
5.259524856515681579e-01,4.754929371855845521e-01
2.316746199290186103e-01,7.688890313566946189e-01
9.319919175459483174e-02,9.043501312589833363e-01
1.338256908012010193e-01,8.658645151969179832e-01
3.097986767815494313e-01,6.914080315572654900e-01
1.265719399762910147e-01,8.737487028930661648e-01
1.146759697725870109e-02,9.886078441739860612e-01
5.719055413771301222e-01,4.261105679745927355e-01
1.137676079662090917e-01,8.829723962542858073e-01
5.539122259550743888e-01,4.493247868072423046e-01
1.050589906484646063e-01,8.912035484043664413e-01
1.038914966586294425e-01,8.896989650761983892e-01
9.979259352259803317e-02,8.974586403352056152e-01
5.504401209707161513e-01,4.529307257955219601e-01
3.998094655827071908e-01,6.020964493403355711e-01
2.389013600681287319e-01,7.611316058000234808e-01
4.677054511485544963e-01,5.300866450156251908e-01
5.729947025188123488e-01,4.268385550531103023e-01
1.852234995574979781e-01,8.132825526440954356e-01
2.062993021631032153e-01,7.941180503164940729e-01
5.902642344390172102e-01,4.082891007118712445e-01
3.347230317310184167e-01,6.618729517787510508e-01
3.467308295383525474e-01,6.503168193330414182e-01
1.846794623013233230e-02,9.804902358764265857e-01
3.119501609178239043e-01,6.844734671258290160e-01
4.069389262780355732e-01,5.927703933422751037e-01
4.962176301568876347e-01,5.030706124225414744e-01
3.555174975535252413e-01,6.467122459236501752e-01
3.116901358538656797e-01,6.850379326298028371e-01
5.514962427154226909e-02,9.431079415146944589e-01
5.459797229928169404e-01,4.549732087783626144e-01
1.307637610556664776e-01,8.669121735062670364e-01
6.422765043756227810e-01,3.585571248925834564e-01
1.009002447140444070e-01,8.989220453301871583e-01
3.877396111648580002e-01,6.092135358278542023e-01
2.261947862695730740e-02,9.718534383899863904e-01
1.851613002340751768e-01,8.153284025885823016e-01
2.730813919086282349e-01,7.242730131861417897e-01
3.154696663147066871e-01,6.837435037065779930e-01
4.040001191638580291e-01,5.930339030192942618e-01
5.343677360477064875e-01,4.645273857079937896e-01
1.411504841480092087e-01,8.582626811553324409e-01
4.828484316852078018e-01,5.199232279425645142e-01
2.340602595043323464e-01,7.618698414549196496e-01
5.770745977911625468e-01,4.219258601068878178e-01
5.672350606806467743e-01,4.317212409043556520e-01
5.560888956499130398e-01,4.423517661050232475e-01
1.964447279009168545e-01,8.046902960588082632e-01
5.547700737947413030e-01,4.457672540896404079e-01
1.937938973019082967e-01,8.070846551821927450e-01
1.035467573530607366e-01,8.904421126137190834e-01
5.087759178645003821e-01,4.909766006040239827e-01
4.523914136363298422e-01,5.480284469048003482e-01
1.511997593096449377e-01,8.440782246530948996e-01
3.186381706702513528e-01,6.786835311814916061e-01
4.306497169161174199e-01,5.658428809258631009e-01
5.001107739022776499e-01,4.995754849717441437e-01
5.661302440241738898e-01,4.373751050719094646e-01
2.601654328473634314e-01,7.365535399890883461e-01
2.731474202134516818e-02,9.685969615797227483e-01
3.771034058600611361e-01,6.194575153808232759e-01
3.072683152014885621e-01,6.884519888137937693e-01
3.253386391552423595e-02,9.665851729630193789e-01
1.571660494073013892e-01,8.386863947740865743e-01
4.835760379220770955e-01,5.141097659832565281e-01
1.095066826147463174e-01,8.844320268480952985e-01
7.535626421414669263e-02,9.180699055649703677e-01
2.291076240735940572e-01,7.661061615065533070e-01
1.614756185415810452e-01,8.387564299658554212e-01
1.263807222047018120e-01,8.695890409446878078e-01
