7.859971441676441017e-01,6.182297376063233818e-01
7.571597167626555880e-01,6.532293250228393688e-01
7.787584912896616807e-01,6.273244331533586182e-01
5.057846047833672865e-01,8.626594001672837075e-01
5.709214638364732419e-01,8.210039689294924559e-01
4.698447520916552156e-01,8.827503188682461754e-01
5.969687944888181219e-01,8.022660786853933468e-01
4.803126767257307472e-01,8.770958337369892943e-01
5.271459149942648859e-01,8.497728727384673553e-01
7.528342232356015629e-01,6.582129312675414345e-01
5.595070624381384139e-01,8.288235263281906740e-01
5.587878827394869852e-01,8.293083013338878873e-01
4.064106547703043582e-01,9.136887928848783647e-01
4.336495285084903117e-01,9.010834855413176747e-01
5.002520040783462463e-01,8.658777024927378774e-01
5.422016100233618685e-01,8.402508158324213383e-01
7.541825229159651034e-01,6.566614992912935822e-01
5.282256413675339157e-01,8.491068946666827655e-01
4.823395235032371664e-01,8.759816483762981054e-01
7.645517418603207105e-01,6.445576417953132742e-01
5.927690408078037931e-01,8.053762109188601359e-01
4.879125667895475305e-01,8.728956946239899706e-01
4.872920842471282765e-01,8.732423254380339284e-01
5.726113009617581628e-01,8.198228819682391588e-01
5.092873886350902657e-01,8.606001969166752197e-01
6.811561788131058615e-01,7.321327200264660107e-01
6.537852569508632028e-01,7.566854115820395021e-01
7.851497666966320566e-01,6.192993715228670704e-01
4.884674449806018504e-01,8.725862344902290957e-01
7.727408799132849948e-01,6.347287801245716787e-01
6.101189993813198598e-01,7.923154734716056913e-01
6.412352672483100369e-01,7.673505420335231531e-01
6.003886724961218224e-01,7.997143661572937434e-01
5.225982640802411261e-01,8.525737792310261742e-01
4.899439353455067869e-01,8.717589568189403337e-01
5.604272131934482370e-01,8.282097792521686541e-01
7.931371605498406252e-01,6.090522161290419234e-01
4.845574815974835747e-01,8.747651215462917129e-01
5.819015445548101351e-01,8.132518142743311307e-01
5.755839334059820178e-01,8.177501208661076548e-01
7.514485965025263781e-01,6.598014697240117687e-01
7.959440779688031764e-01,6.053806154467582523e-01
5.312553791474063924e-01,8.472188008515424418e-01
4.520939107803272350e-01,8.919642956077636908e-01
6.012526832379705422e-01,7.990670472152410220e-01
7.904497778694471455e-01,6.125161192725760984e-01
7.834762797133187906e-01,6.214109700349366161e-01
7.594507913235848395e-01,6.505751519985394360e-01
6.224774304188687157e-01,7.826463470500698572e-01
5.168495023938476374e-01,8.560834626000455305e-01
5.071227024864203292e-01,8.618667854929802363e-01
6.845221451534861945e-01,7.290017713056616833e-01
7.687555507466488081e-01,6.395538938335191270e-01
5.965337398600698560e-01,8.025792183642218580e-01
7.744492261807249811e-01,6.326478078496660107e-01
5.018467802256009191e-01,8.649487741727502899e-01
5.846626009653717038e-01,8.112856060249085122e-01
5.516946883849191963e-01,8.340375855391487514e-01
7.288911027015148036e-01,6.846182689201978366e-01
7.936198527604559905e-01,6.084263790316195575e-01
7.641294574450003818e-01,6.450749416050343132e-01
4.900928568278802855e-01,8.716624182861038017e-01
7.051139534163066713e-01,7.090827441648384077e-01
6.067761171440670953e-01,7.948624252115354949e-01
7.330955894922328575e-01,6.801128916019212323e-01
4.821377678356154606e-01,8.761038032365813244e-01
5.397692018559578919e-01,8.418225204014276875e-01
7.721528831677826332e-01,6.354505579745023391e-01
5.893139030924636756e-01,8.079148230974553258e-01
4.956114396664033084e-01,8.685352191498052488e-01
5.543255896479535316e-01,8.322892755398774156e-01
5.076328017376586788e-01,8.615636775440684847e-01
7.389111514066000197e-01,6.737880825786193295e-01
7.746967962993638324e-01,6.323172626837301191e-01
4.207832707464510547e-01,9.071700614186202216e-01
7.532538826113874819e-01,6.577457596599526335e-01
7.543877840615407226e-01,6.564454709481633010e-01
4.989438175952152221e-01,8.666452979670487000e-01
7.698992581573309568e-01,6.381839294511880700e-01
4.895596903826514024e-01,8.719577890445605606e-01
6.152351157378477264e-01,7.883592219261081890e-01
5.466457114109988247e-01,8.373501164842696021e-01
5.747090710299116445e-01,8.183725851842305055e-01
5.731361607004121783e-01,8.194452899050258532e-01
5.449139726839128395e-01,8.384776363870168892e-01
4.953821191868011953e-01,8.686882616384882239e-01
5.603425083230846315e-01,8.282460032504421754e-01
4.143877283409707624e-01,9.101115308727744102e-01
7.734034578249775471e-01,6.338931306586698122e-01
7.523997020583836903e-01,6.587272891977120626e-01
7.694470795214838343e-01,6.387315619332020189e-01
4.477556727721999641e-01,8.941682214452971733e-01
6.337505772733964537e-01,7.735200547894319767e-01
7.793220073860159802e-01,6.266021602665116097e-01
5.340632166845981077e-01,8.454599291101048131e-01
7.813396536916457080e-01,6.240832842574656203e-01
7.602008467757264132e-01,6.497103092889884302e-01
7.732973137147858278e-01,6.340209808228086663e-01
5.334542021283363855e-01,8.458446210868837412e-01
4.393821405688023152e-01,8.983131611829699992e-01
4.602006264169841709e-01,8.878013679405083458e-01
4.365212060070367550e-01,8.996810493163095446e-01
5.193699577565995540e-01,8.545341106497491568e-01
5.333025099497454846e-01,8.459404056853412346e-01
7.475746200246820017e-01,6.642002139738915067e-01
5.818576074256760489e-01,8.133085322610862367e-01
4.579837391719572270e-01,8.889462820927145348e-01
7.946452032064207360e-01,6.070493165901600374e-01
5.755943942075580910e-01,8.177543730085019558e-01
4.726829739102203498e-01,8.812168304292231635e-01
7.269810450105765876e-01,6.866332232444820605e-01
6.384427208408602894e-01,7.696479166846225128e-01
4.581994287558720513e-01,8.888648780660068915e-01
7.660975132888168115e-01,6.427502282987727078e-01
6.496901097825682481e-01,7.602211396460960557e-01
7.701087674624401691e-01,6.379387006748841182e-01
6.581358247671279527e-01,7.528765796950402933e-01
4.665105591392479378e-01,8.845317013564777398e-01
4.439265688084530481e-01,8.960785009814284940e-01
4.619274327981752748e-01,8.869337855520879055e-01
5.796594654934843494e-01,8.148385848013250943e-01
6.321114281727573392e-01,7.748552586244747964e-01
4.085835342064390030e-01,9.127354005502943401e-01
4.765771539349215602e-01,8.791498134788222618e-01
6.219024745398749054e-01,7.830722246459433933e-01
5.398873128100583063e-01,8.417571595011011931e-01
5.629551401889485440e-01,8.264666979454244888e-01
4.630434529558061785e-01,8.863184485675147384e-01
6.150211843579369564e-01,7.885334105118784187e-01
7.103958711909290624e-01,7.038288630182842898e-01
5.929558178490869080e-01,8.052125697218085465e-01
7.748184763397218955e-01,6.322135998956208702e-01
6.993345405165432016e-01,7.147673962170819628e-01
3.927654249515015739e-01,9.196540408980552472e-01
6.254915582832752952e-01,7.802064390717506903e-01
5.706037092435659597e-01,8.212479074302445614e-01
6.276860341231029761e-01,7.784418255950040777e-01
7.140831396713636092e-01,7.000892438864179113e-01
7.550420315084971357e-01,6.557064420905122093e-01
5.052465276145177153e-01,8.629951975496101824e-01
7.731862520493122393e-01,6.341477855694470644e-01
7.595822338605184854e-01,6.504419631340636609e-01
4.861276083807490878e-01,8.739076010251418669e-01
4.286704051899521972e-01,9.034789718210125553e-01
4.697298680630590528e-01,8.828300415344813024e-01
7.684445400076839183e-01,6.399490059082701965e-01
7.579826751593843337e-01,6.522423063902857976e-01
4.498059200493744747e-01,8.931457021853873579e-01
4.579912126652038729e-01,8.889764673594674482e-01
4.583065691775823902e-01,8.888139920654863912e-01
4.368104948706095780e-01,8.995345614363733366e-01
4.746581508673568539e-01,8.801495900179727716e-01
4.856559266440024780e-01,8.741289338425681787e-01
4.865387647379634806e-01,8.736803780484247994e-01
7.760461113764525187e-01,6.307108372358706250e-01
5.853167520642654775e-01,8.107783304621354326e-01
4.704766807062810696e-01,8.824336501368506003e-01
4.213815117095187635e-01,9.069025204268101881e-01
5.879808894545087705e-01,8.089017011202739305e-01
5.538336238226140296e-01,8.326529300918379395e-01
5.493915063708310065e-01,8.355396864037245575e-01
5.721447292526955497e-01,8.201260571245562181e-01
7.418583957338368284e-01,6.705912179971675879e-01
4.370668241888653882e-01,8.994086221599646436e-01
6.706547179904079892e-01,7.418011228800288626e-01
7.877866509584026122e-01,6.159109743510741142e-01
6.754996780713296012e-01,7.373923588362636394e-01
5.204788593017786180e-01,8.538994876253245270e-01
6.434281154541605652e-01,7.654754795340971141e-01
6.342411377217902491e-01,7.731044379435367819e-01
7.689673628215734080e-01,6.393257203329265614e-01
4.713525816457611040e-01,8.819214772355631338e-01
5.138603385624953557e-01,8.578483139958047454e-01
4.842549142916623417e-01,8.749510813829716183e-01
5.729622742642180855e-01,8.196104241805534096e-01
4.886752567559984328e-01,8.724904178528426479e-01
6.687218623379940219e-01,7.434781538895264275e-01
5.764603896824043172e-01,8.170950543173368663e-01
4.888088523131219887e-01,8.724164679111779952e-01
5.980010162196851553e-01,8.015266417934228116e-01
5.533368066912134342e-01,8.329868109911477969e-01
7.536707155867389263e-01,6.572123987908408127e-01
5.211243449679414663e-01,8.534527420071700288e-01
5.693215264869716519e-01,8.220841633740835208e-01
7.267086075163519121e-01,6.869064695445912250e-01
6.750700972336944883e-01,7.377903377333359103e-01
4.993580108733207679e-01,8.664232361392126824e-01
5.524648747766025547e-01,8.335666032507740297e-01
4.770397558911566027e-01,8.789081873960206126e-01
5.004002879345385013e-01,8.658219644512682445e-01
5.633346069277997969e-01,8.262603912471269130e-01
7.561163176106140416e-01,6.544798931670205988e-01
4.461347256283793028e-01,8.949405642186308851e-01
7.204958369801444107e-01,6.934184771392652991e-01
4.455327995337357017e-01,8.952908953503125877e-01
5.083207782600208668e-01,8.611387211852777890e-01
7.491166438507020908e-01,6.623952461955964210e-01
7.604833190677412480e-01,6.493138586806456169e-01
3.999172287250147839e-01,9.165742168515623733e-01
6.838588374209002563e-01,7.295747982502500673e-01
7.619875339845630924e-01,6.475473426349279693e-01
7.667807792464026440e-01,6.418643203629665894e-01
5.610117886412850918e-01,8.277748371895620183e-01
4.771009355223605475e-01,8.788204319672652254e-01
7.793256940442152558e-01,6.265731616782965752e-01
7.761932052994083842e-01,6.304491580527220584e-01
5.336801816164543633e-01,8.456547181105821265e-01
4.873962476085084150e-01,8.731519176919355640e-01
7.877861846540435975e-01,6.159959851201876058e-01
6.101662741817326374e-01,7.922364482022413723e-01
4.758398730463026527e-01,8.790868647281392390e-01
6.191012282043623083e-01,7.841807056665711650e-01
4.355179555814781556e-01,8.992002773313105823e-01
3.970903049089405390e-01,9.131602948501154060e-01
7.177062673497889289e-01,6.940607102803182382e-01
7.273084693620019969e-01,6.836223732589928881e-01
4.667649966238456294e-01,8.847595308301150485e-01
5.089028987311289276e-01,8.613422532596294312e-01
5.265826103624864363e-01,8.510676990116012863e-01
5.463831362132657299e-01,8.371298699196594306e-01
6.324062872849937067e-01,7.737590475529988465e-01
4.288418280160294915e-01,9.013268072175237844e-01
7.621862969157939816e-01,6.469944301161716371e-01
7.313732436550165472e-01,6.799184777702327320e-01
4.595863943044396493e-01,8.877298426608127846e-01
5.759261583601602563e-01,8.172901399662845234e-01
7.536052913735605818e-01,6.559977505808748388e-01
4.731076509058848023e-01,8.809029450694983998e-01
4.719057639806605309e-01,8.815401915750945561e-01
4.082853689300231514e-01,9.090749945746073868e-01
5.785810892291260998e-01,8.159536541887629779e-01
5.144535011926268941e-01,8.586653424633027276e-01
7.529932103282157563e-01,6.567652163186403769e-01
4.787285405951815509e-01,8.785639136749017197e-01
7.767656184597546698e-01,6.306977240065529955e-01
4.185491902055282765e-01,9.056205966560911813e-01
6.593259694378466040e-01,7.499365701056158739e-01
4.187420963892123926e-01,9.054325442170999549e-01
6.747271554512115355e-01,7.354545643959858880e-01
5.654893009852214325e-01,8.252238748060639617e-01
6.825542917909863672e-01,7.290046681780606441e-01
6.787953768795009779e-01,7.319816761534440053e-01
6.749527878112659973e-01,7.357647269304788962e-01
4.442738054201390008e-01,8.952601501481073365e-01
6.686346160881875278e-01,7.414706675835541771e-01
4.084699449951270100e-01,9.101548753464036023e-01
4.252830498743536136e-01,9.031775092064160404e-01
6.521121665212007423e-01,7.562605419320633793e-01
4.947248697312803811e-01,8.687929189621289572e-01
5.664374387308199754e-01,8.234453655067311972e-01
4.240605128830204906e-01,9.028289985891062575e-01
7.959825843406700407e-01,6.075277250271307050e-01
4.029585033813928852e-01,9.121603348891662577e-01
7.853802559201101818e-01,6.201238005293490119e-01
5.208663545801602845e-01,8.538474173002453815e-01
7.853080839930968171e-01,6.210372572153118886e-01
7.323623551805621412e-01,6.795133132444566293e-01
5.091841533670429243e-01,8.608226225431294676e-01
7.322209778799151358e-01,6.795814920597578190e-01
4.921795577468645044e-01,8.704039012886358728e-01
6.472435103209260854e-01,7.599490792719060250e-01
7.431158784006718365e-01,6.676731043360701889e-01
6.469578322584992325e-01,7.606288728337947669e-01
6.306349706760885354e-01,7.745494303201425623e-01
4.622718926006260109e-01,8.863191696610227543e-01
7.299841123627693884e-01,6.810475301990909225e-01
7.826700959644992128e-01,6.237950295578271742e-01
5.791199608934418652e-01,8.154714437604501098e-01
3.951600032667038076e-01,9.147469194210936516e-01
4.554826045036975413e-01,8.894979869366073100e-01
5.145708207985931759e-01,8.578986921846928349e-01
5.360419134503116023e-01,8.444609623572019164e-01
4.895928348005703090e-01,8.723907170494460406e-01
7.392694696944669408e-01,6.718865266745208675e-01
5.455402792691460556e-01,8.377151506924731539e-01
7.350257768774997036e-01,6.759657067227156091e-01
5.122198735111271883e-01,8.588905843450255206e-01
6.081804331924018925e-01,7.929606222699139284e-01
6.427844961282833669e-01,7.639489265563601528e-01
4.265645591600652486e-01,9.029944175175353971e-01
7.930083414358664040e-01,6.123143813705356209e-01
5.619040353030654300e-01,8.266845809301636150e-01
6.562522360225560014e-01,7.526821380338634127e-01
5.487741878341314550e-01,8.366174530102716833e-01
4.489455786261685732e-01,8.922976907680513214e-01
7.216679298469448334e-01,6.900404821396164401e-01
4.728802169193926375e-01,8.811226655290063103e-01
4.401754874796817707e-01,8.966278029071199640e-01
5.115157177045167591e-01,8.595524519897109750e-01
7.296736287950599253e-01,6.822121261385420965e-01
5.220622315194571872e-01,8.533954714652588480e-01
5.218619321857802529e-01,8.533499757965796739e-01
7.359100240345444188e-01,6.758920380527787541e-01
6.600371014733927844e-01,7.495111013922165499e-01
5.548323024250535473e-01,8.320566431663537488e-01
7.715128473980588097e-01,6.367553817505365865e-01
6.074662925281912873e-01,7.940708077340510318e-01
5.120350083523762530e-01,8.601147640679874806e-01
7.466754469966658814e-01,6.635510735011846961e-01
7.915488672126933523e-01,6.129111549548259541e-01
