4.139253764017976067e-01,9.103108306030144314e-01
4.113957703923211140e-01,9.114568740319516360e-01
4.162169789657669816e-01,9.092652281524052915e-01
7.538068804624660224e-01,6.570962065400881569e-01
4.517521175968068903e-01,8.921433776946512406e-01
4.162421083888419027e-01,9.092536922899175922e-01
5.115748828831939710e-01,8.592388630142557826e-01
5.200478330583067077e-01,8.541373176387360155e-01
5.193339031907737713e-01,8.545715928462674915e-01
4.943936165522319626e-01,8.692379711002056197e-01
7.429125934199898307e-01,6.693887539393748032e-01
5.178219085470332494e-01,8.554886911633063917e-01
6.523256852926946348e-01,7.579391092759384385e-01
7.545931146231608100e-01,6.561924817743397531e-01
4.157699891902985057e-01,9.094695202177889293e-01
5.262084345088542392e-01,8.503560523422224460e-01
5.011031894152470079e-01,8.653880072548627567e-01
5.269783806556240791e-01,8.498781821633369926e-01
5.690497410219497176e-01,8.223025345859413804e-01
5.066030992112053877e-01,8.621799354791790382e-01
3.987333845363302265e-01,9.170664606840260857e-01
7.357828668785515447e-01,6.772184901257485290e-01
5.154780417048033803e-01,8.569034757871011321e-01
4.180080919028643649e-01,9.084427355872725096e-01
7.438626758214991197e-01,6.683335065280244791e-01
4.040684566907151720e-01,9.147293005067109739e-01
5.263326486378094859e-01,8.502795138228522731e-01
5.367832848313787153e-01,8.437209435517377676e-01
4.130472173797603008e-01,9.107089694535843716e-01
4.444316952639063567e-01,8.958134643408446340e-01
5.252113851411288614e-01,8.509726545841153067e-01
4.280814150006890806e-01,9.037394745269732299e-01
4.984624661573006654e-01,8.669120959586069652e-01
5.250550196675132231e-01,8.510691868180160213e-01
7.547343373139948630e-01,6.560292313195936753e-01
7.522775852782656036e-01,6.588476309091797489e-01
5.197248146610069508e-01,8.543346552373090041e-01
5.820497487428211159e-01,8.131520703787403770e-01
4.944381157042735397e-01,8.692118902137051517e-01
7.949358584950868556e-01,6.066919563995148978e-01
5.169315673223225938e-01,8.560277466975841909e-01
5.327793094154217313e-01,8.462552902225538576e-01
5.240283957686601157e-01,8.516997282935905300e-01
4.364424698889244891e-01,8.997330548450988008e-01
5.358503441371775811e-01,8.443118876881241519e-01
4.434012945742809575e-01,8.963222901024583411e-01
4.097639701825925296e-01,9.121907350758945432e-01
5.025118341871942507e-01,8.645692495107583087e-01
4.219976569982021308e-01,9.065960023712655858e-01
5.231948468111284889e-01,8.522142370822821666e-01
4.055116032574002660e-01,9.140907900712489376e-01
4.599964076204105523e-01,8.879217916707811131e-01
4.380508791884437647e-01,8.989491927127806203e-01
5.181430130173099169e-01,8.552928095526143304e-01
5.246374480125598483e-01,8.513245387562048405e-01
3.870523093393325453e-01,9.220586639433654419e-01
5.263706578199165431e-01,8.502539466919645239e-01
5.297936149933415440e-01,8.481278842342542257e-01
4.163477746120080591e-01,9.092064647443007797e-01
7.540032145341735159e-01,6.568688400398425831e-01
5.347582174846652325e-01,8.450065470267089651e-01
4.169612873570826550e-01,9.089231301402594942e-01
4.712169971842335991e-01,8.820185961101840721e-01
3.671174903410152623e-01,9.301735801108571566e-01
7.544939686717759830e-01,6.563090790950837361e-01
7.534204040390110046e-01,6.575370040544498140e-01
5.163202404654168021e-01,8.563941302062345606e-01
3.820096846569077664e-01,9.241572296426179278e-01
5.249467556028655224e-01,8.511365685740552856e-01
4.043064085960852427e-01,9.146247554965909465e-01
5.210987961628176235e-01,8.534978641429934454e-01
5.030000813476037669e-01,8.642848883265991100e-01
5.252189204941681844e-01,8.509655868580060512e-01
3.864388066249818676e-01,9.223161991023952622e-01
7.846023683184465414e-01,6.200016456464457759e-01
5.229429058945403996e-01,8.523661436092333510e-01
5.197554188279556175e-01,8.543135191331894251e-01
5.233849839941848714e-01,8.520947045739227788e-01
5.262394415006445003e-01,8.503381100607284582e-01
4.075254883613510515e-01,9.131925184771836346e-01
4.099440267164190521e-01,9.121093477825730211e-01
5.005554465766921535e-01,8.657028506123941591e-01
3.977044638177835711e-01,9.175148860977456744e-01
7.544180783158165315e-01,6.563967504850189982e-01
7.604707831974233390e-01,6.493695638410947879e-01
5.400986041249595804e-01,8.415998970280530456e-01
4.173876586782683806e-01,9.087271013564858224e-01
4.031619029798871878e-01,9.151300506259180123e-01
3.910488644865071639e-01,9.203712683540209438e-01
5.236307116871431466e-01,8.519435379214498338e-01
5.266727861832453117e-01,8.500662712867762538e-01
4.184480513318390438e-01,9.082392442567813751e-01
4.129362989216689983e-01,9.107613816357008618e-01
5.085590626181644147e-01,8.610289356338516331e-01
7.389044406211657812e-01,6.738129477476740847e-01
4.156572337813647655e-01,9.095198070418434311e-01
7.520835914926313759e-01,6.590705057360520813e-01
7.538269234049798095e-01,6.570758357894429524e-01
6.440930723488524912e-01,7.649447157848046075e-01
4.183132163717648844e-01,9.083044249571035067e-01
4.164048480401854602e-01,9.091777244433837391e-01
5.310774121836645545e-01,8.473212768337258227e-01
4.282671203248580305e-01,9.036505510357056847e-01
3.924822266442394847e-01,9.197580841465003987e-01
5.249694068226096189e-01,8.511231349409504876e-01
5.252755124930921227e-01,8.509342594984006247e-01
4.085250478032884658e-01,9.127455116612868125e-01
7.973404215554579233e-01,6.035329556353024039e-01
4.624239448034325739e-01,8.866571288458523492e-01
7.581911443838875719e-01,6.520353606302675686e-01
5.177331195012151444e-01,8.555401047022416217e-01
5.075261366200221058e-01,8.616342956105662587e-01
5.186537171723213380e-01,8.549822771309463221e-01
4.175021268031814392e-01,9.086776539629392024e-01
5.101507175989654641e-01,8.600828952073039657e-01
4.848453572192484851e-01,8.746019309429500233e-01
6.605155860253457689e-01,7.508151214930072204e-01
4.178917519967770833e-01,9.084950554636730402e-01
5.166030287914611385e-01,8.562272337796420496e-01
4.809873997542541413e-01,8.767254235858655820e-01
5.265254255869341593e-01,8.501570947793275490e-01
5.160077360375485700e-01,8.565861722092511510e-01
5.281546487520640820e-01,8.491505163765802333e-01
5.259271412443864424e-01,8.505319495321864709e-01
5.308382306178571763e-01,8.474708072872142450e-01
5.408639436279645274e-01,8.411125247615857115e-01
7.530208535289413252e-01,6.580000635392408981e-01
5.254135111770128486e-01,8.508494022601574835e-01
5.347330728514185783e-01,8.450234636607968364e-01
5.116530575281168502e-01,8.591898124285626270e-01
4.708884048928408950e-01,8.821949600811528347e-01
5.236714427891515644e-01,8.519227894323333494e-01
5.201043760666337334e-01,8.541002179776089331e-01
5.041508104324925466e-01,8.636132024259393081e-01
5.243259575677692297e-01,8.515201701503067877e-01
5.261074147889615027e-01,8.504155835527957841e-01
5.268883416162032374e-01,8.499319544723124009e-01
7.522779313080683039e-01,6.588496180360667864e-01
4.144486790782276886e-01,9.100706280411606786e-01
4.210870442965825022e-01,9.070223617242012537e-01
7.101455175813853327e-01,7.040513306760445289e-01
4.109627462822051935e-01,9.116500494716752723e-01
4.744037377149751267e-01,8.803097972132032378e-01
5.038315049586140626e-01,8.637993883335134404e-01
4.176630794819035097e-01,9.086041047512197766e-01
4.759912877329253167e-01,8.794475622826504191e-01
5.148203234578954124e-01,8.573007386692451659e-01
5.180818801484401437e-01,8.553336884321768308e-01
5.224299266317800061e-01,8.526849067626778300e-01
7.492696617069697362e-01,6.622611294635788459e-01
4.305926413385390839e-01,9.025486535817124345e-01
5.177185351243981382e-01,8.555537316518602164e-01
4.957303683582598985e-01,8.684738594855938576e-01
5.232042569440524815e-01,8.522100872839941665e-01
5.126332955076776665e-01,8.586049321611782803e-01
7.524797366026780843e-01,6.586113879665612680e-01
5.570363473935335819e-01,8.304850717323095655e-01
7.548090883204751078e-01,6.559486829067078251e-01
4.118292103224573397e-01,9.112633484433942943e-01
7.552305712462994425e-01,6.554549699368381610e-01
4.275377641010718044e-01,9.039950828578131592e-01
4.281586085703519284e-01,9.037011912049235374e-01
5.169101937135640590e-01,8.560367119338583297e-01
5.192624436515400621e-01,8.546177826850175352e-01
4.905696705542773595e-01,8.713991672529989296e-01
5.153786259263497538e-01,8.569596174395107679e-01
7.206850284731126655e-01,6.932584905902380301e-01
4.018208635507423132e-01,9.157159714096018144e-01
5.417727394114073558e-01,8.405218806221547156e-01
4.268557921851247050e-01,9.043221999545382195e-01
4.847995655070431731e-01,8.746224448091173276e-01
4.172431455027315605e-01,9.087974274692545151e-01
5.442737811890930866e-01,8.389109596432183791e-01
7.403112151592250445e-01,6.722597865697614861e-01
4.023124265938732291e-01,9.154999681474019768e-01
4.160967858568969113e-01,9.093229359454025884e-01
5.234067579325833997e-01,8.520862430256849196e-01
5.280523829811432091e-01,8.492151632233368996e-01
7.561805581851656077e-01,6.543581829719211651e-01
4.806055326906738534e-01,8.769338129801950155e-01
5.152291413838372414e-01,8.570491330073886083e-01
4.173854056084291275e-01,9.087268543748184824e-01
4.113800100943115767e-01,9.114612461399465015e-01
5.077051791078419640e-01,8.615275628283839415e-01
7.674621469023641396e-01,6.410892473646963019e-01
4.434332810159969940e-01,8.963044783394865656e-01
5.259603352717878710e-01,8.505125528129645618e-01
7.555128793262227971e-01,6.551387598467391937e-01
5.262284354399501263e-01,8.503468086625542988e-01
4.202055848225648704e-01,9.074260847465935864e-01
5.252143998374514400e-01,8.509663698980097779e-01
4.158928498682459840e-01,9.094107838061663562e-01
5.149726588140490779e-01,8.572030568013497831e-01
7.541544079841141501e-01,6.566919018787515938e-01
3.947296622267062460e-01,9.187945609585946860e-01
5.204898742041224047e-01,8.538641990355413380e-01
5.267078777224235564e-01,8.500426688965061484e-01
5.234648776680744797e-01,8.520509680375110140e-01
5.270669157247482861e-01,8.498275391888640007e-01
4.682465175652432143e-01,8.835945094717592152e-01
4.968465225882877645e-01,8.678420016926075009e-01
4.148217629842645415e-01,9.098996461056946261e-01
4.101840943081823676e-01,9.120057734215558654e-01
7.384237398549429177e-01,6.743315404788134959e-01
4.485437897440143207e-01,8.937641893703056617e-01
7.519609605243071648e-01,6.592132512857904469e-01
7.571720117589630927e-01,6.532212248166731072e-01
5.010694173771058635e-01,8.654108766728193514e-01
7.033853872922097850e-01,7.108033092993317759e-01
4.167451388937879475e-01,9.090265621446114164e-01
4.903202884826453056e-01,8.715385481475736995e-01
4.158556213284192449e-01,9.094338585551274834e-01
4.988103406833306330e-01,8.667150583661011876e-01
4.803753474505766397e-01,8.770667666886242664e-01
5.220161606177252667e-01,8.529396793669309362e-01
4.158382473789348222e-01,9.094353310627012466e-01
4.792529091890993520e-01,8.776730865244489754e-01
5.347885954888339510e-01,8.449901155468529934e-01
6.209082444039767390e-01,7.838783402378124432e-01
5.035796692081589976e-01,8.639527765801934267e-01
5.108388012801260425e-01,8.596806218961655643e-01
4.190858773872727649e-01,9.079499684028008444e-01
5.277931859219243682e-01,8.493771667962842775e-01
4.860893533063826433e-01,8.739051642288114818e-01
4.851943609681959590e-01,8.744023781207611590e-01
5.042459113310419072e-01,8.635559288162951708e-01
5.255636105985062034e-01,8.507586803212172644e-01
4.365258343735505808e-01,8.996953667788949449e-01
7.542088060339664501e-01,6.566283202146546705e-01
5.183056255719377114e-01,8.551911035783129611e-01
7.543822748001896006e-01,6.564290118404886298e-01
4.405418002872597549e-01,8.977283612605123642e-01
5.247720255719600102e-01,8.512472676089599677e-01
5.247090369046836233e-01,8.512860998243408917e-01
5.268870321828265091e-01,8.499398877359094495e-01
7.544672305156835401e-01,6.563311737718713346e-01
5.203279764664188178e-01,8.539710219269214253e-01
7.798446306549846607e-01,6.259663312500191035e-01
4.136070199903463807e-01,9.104591239770941646e-01
3.947446575228145127e-01,9.187943337571643498e-01
7.538512674019799409e-01,6.570517481306764607e-01
3.950766909370104774e-01,9.186516429959310504e-01
5.021186068023161253e-01,8.647943101693752466e-01
5.128848170164090892e-01,8.584528585172768178e-01
5.174465053621921662e-01,8.557109128299007494e-01
3.924243589171033664e-01,9.197807585063040303e-01
4.255291546656119195e-01,9.049408671238382551e-01
4.699738500373416006e-01,8.826846607262235356e-01
7.772770321852008335e-01,6.291656582576949930e-01
7.496201362051700956e-01,6.618752364978942593e-01
7.541215680519552933e-01,6.567418324758205195e-01
4.129699961323287649e-01,9.107407923406620753e-01
7.859856336402801791e-01,6.182374237867629407e-01
5.243738667106953022e-01,8.514831905123331213e-01
5.070454496426417546e-01,8.619241559520162133e-01
4.317613270028086703e-01,9.019920384225775800e-01
5.089618587079205447e-01,8.607841582881865516e-01
5.127266788462321312e-01,8.585469214668378646e-01
7.536469143261717019e-01,6.572868213950316951e-01
6.803019819148148351e-01,7.329252963847746605e-01
4.140626016950491040e-01,9.102525106221716067e-01
5.273318804106579272e-01,8.496541635242214063e-01
4.115350008990735775e-01,9.113898620630920266e-01
4.548042579895505977e-01,8.905868788364774691e-01
4.239766291147152866e-01,9.056688908237292557e-01
4.106452472919464025e-01,9.117993039565447377e-01
4.754551269442065520e-01,8.797352143183314599e-01
5.006308929639268213e-01,8.656658794742604357e-01
5.234621773973073822e-01,8.520436332614081953e-01
5.249571420391755394e-01,8.511233526841763819e-01
5.231329907036168514e-01,8.522457693377429866e-01
5.262976981029990897e-01,8.502950434230408527e-01
4.199496607436377094e-01,9.075516934636342903e-01
4.165889555978803394e-01,9.090906801335485454e-01
7.912997550349415432e-01,6.114365405078506788e-01
5.240229202559656407e-01,8.516987709943133478e-01
4.092524292413312059e-01,9.124169849601317939e-01
4.159398166697096944e-01,9.093964356833074136e-01
5.249440701216286920e-01,8.511312565598103674e-01
4.305776652051498399e-01,9.025490437943134436e-01
4.826527225052794079e-01,8.758067896531789298e-01
7.551703529634345990e-01,6.555207134579816852e-01
5.169288603831025952e-01,8.560229272466471917e-01
4.524071674466748072e-01,8.918066959808836902e-01
4.664700210057495799e-01,8.845320468816836312e-01
5.195679085283937404e-01,8.544236248889496288e-01
4.321891612133985650e-01,9.017875989742233367e-01
5.184136413329227810e-01,8.551244339888811608e-01
7.534621905507968842e-01,6.574831533855064469e-01
4.321133517400549406e-01,9.018239419128672996e-01
4.105718594762818863e-01,9.118238247445160649e-01
4.126358831158088991e-01,9.109005072899749589e-01
5.163247562737021124e-01,8.563984618605735566e-01
5.255703572849863559e-01,8.507558916690539652e-01
7.540732280163167101e-01,6.567986103358169903e-01
7.541587886343339431e-01,6.567003932765851371e-01
5.247757989694981084e-01,8.512462597797554320e-01
5.269655879223923423e-01,8.498808073107840810e-01
7.540000638898035623e-01,6.568826631087179013e-01
4.888275129233121685e-01,8.723750633169594648e-01
5.227617442142009629e-01,8.524846099594278748e-01
4.156070768781239266e-01,9.095396143980425396e-01
4.349534060578577610e-01,9.004578721890946769e-01
4.414717107327433832e-01,8.972801770023325352e-01
4.887779523112661950e-01,8.724137777249699743e-01
5.336669841616450416e-01,8.456886090968340763e-01
4.186649301800011713e-01,9.081359856384092488e-01
7.531540394430433771e-01,6.578528262906946367e-01
5.122130503123928369e-01,8.588525435592008206e-01
7.536830241755765325e-01,6.572467531639318850e-01
4.426807920027163723e-01,8.966843679594080907e-01
5.249203022018388287e-01,8.511453371069295226e-01
7.436280227294623790e-01,6.685850048986615723e-01
4.226642299579425055e-01,9.062814730984708467e-01
4.986724154119082097e-01,8.667847341938755834e-01
4.303958223327364885e-01,9.026453001775853746e-01
4.158930988006999119e-01,9.094183818331594837e-01
4.166411123465638688e-01,9.090759438427992167e-01
5.471029567939021954e-01,8.370588941964635099e-01
6.031470220636812041e-01,7.976371322856729007e-01
4.698506437104514322e-01,8.827403916904817960e-01
4.202493856017230911e-01,9.074135997964801748e-01
5.647000931620534958e-01,8.253029637309093891e-01
5.256218570316532057e-01,8.507246285044173240e-01
4.227005828777199437e-01,9.062745111961888478e-01
7.338247034716649519e-01,6.793477964883237741e-01
3.910370059655831065e-01,9.203797120988550517e-01
7.798077438300210495e-01,6.260095474438525098e-01
7.537198124540179789e-01,6.571866601465380375e-01
4.198211669465434781e-01,9.076017017477450155e-01
7.534507106693075773e-01,6.574951258199930315e-01
4.624813443847665684e-01,8.866347118964320595e-01
4.983087291695445509e-01,8.670058028237962455e-01
7.532474237217481328e-01,6.577279545318210907e-01
5.236031667884687435e-01,8.519557572798064360e-01
5.275154735754163937e-01,8.495388291639243139e-01
4.169220818042184140e-01,9.089370108326241260e-01
7.033672319610312362e-01,7.108355196168132384e-01
5.281628269749291116e-01,8.491364565216277249e-01
4.140638515584545987e-01,9.102426119988140663e-01
4.892595681649746231e-01,8.721320222395773092e-01
5.256509846027880295e-01,8.506936634096958771e-01
5.227781507300555131e-01,8.524753985076587437e-01
4.337459756023530066e-01,9.010407111056688567e-01
6.979486730544451900e-01,7.161566798865106609e-01
4.153747410528271233e-01,9.096450906419381033e-01
4.532429727794806684e-01,8.913812335340787207e-01
5.239490554255158417e-01,8.517429045951178113e-01
5.198591670626584449e-01,8.542586376156050543e-01
5.172601121419679870e-01,8.558348779862779976e-01
5.030100407237219073e-01,8.642870245606938395e-01
5.266503251850284117e-01,8.500752459858290644e-01
4.196003430627316400e-01,9.077035618788438232e-01
4.123784324006405377e-01,9.110073065137987980e-01
5.247371864791952056e-01,8.512574801611493269e-01
5.274821542867984547e-01,8.495729685998655301e-01
7.506125012157986998e-01,6.607524829428261803e-01
7.537846047358982560e-01,6.571314486522285003e-01
7.480368834677690870e-01,6.636669933733552185e-01
4.079075354859094671e-01,9.130286239540573723e-01
5.124507652644740840e-01,8.587098442219750494e-01
4.178452082653485999e-01,9.085237906739702662e-01
5.815578088696283787e-01,8.135128160224619487e-01
7.511543094377715057e-01,6.601366755837907441e-01
5.128359086591267602e-01,8.584935433665823457e-01
5.280764625599494444e-01,8.491897278347479983e-01
4.157128330588784615e-01,9.095015350336496107e-01
7.530102427118586794e-01,6.579986158929086448e-01
7.488410080153025117e-01,6.627598168477721874e-01
4.097825890577178054e-01,9.121776737137561319e-01
5.074374900830979085e-01,8.616954519780604116e-01
7.497806481418991531e-01,6.616762583311545098e-01
4.755945037225085548e-01,8.796581210787102201e-01
4.231444749456126919e-01,9.060680214658267673e-01
5.164950161562259501e-01,8.562972814928216936e-01
7.677394639468436699e-01,6.407726777134755691e-01
5.264716441083567844e-01,8.501999214716158271e-01
5.104115099158333946e-01,8.599373245220099937e-01
7.526463158021181599e-01,6.584146430777338965e-01
7.542409351298907660e-01,6.565873238934845091e-01
4.088539644128083017e-01,9.126054876233706814e-01
4.224219655565634168e-01,9.063933934960816119e-01
4.306543922221739429e-01,9.025229511755934464e-01
5.215221072461487806e-01,8.532451046841329489e-01
5.202827986223534928e-01,8.540013612194327086e-01
5.148246500058977215e-01,8.573027689592959133e-01
5.249640237933824727e-01,8.511318384479271693e-01
4.363462284118093670e-01,8.997850130559434945e-01
4.164829678400273072e-01,9.091376276251560418e-01
5.148332009757823347e-01,8.572830839724475682e-01
6.930382979101421537e-01,7.208909112906530803e-01
7.519612179628605286e-01,6.591966039508345698e-01
7.603959128885952046e-01,6.494707467245706134e-01
4.336038010455917635e-01,9.010973848398616814e-01
4.174646354573787743e-01,9.086871562040493844e-01
5.258687751146645661e-01,8.505581197204131749e-01
5.249352544622583050e-01,8.511497847989042409e-01
4.232746565151384588e-01,9.060075714406266023e-01
4.083758835156646727e-01,9.128079141543213870e-01
3.726771432813764662e-01,9.279665225325502975e-01
5.780784821828547360e-01,8.159896394387187168e-01
4.138732989250853977e-01,9.103284215964849713e-01
5.295289310275159700e-01,8.482996950900287825e-01
5.181959355156966485e-01,8.552696076040136042e-01
5.381440109301116603e-01,8.428609064327222677e-01
5.254087244990639505e-01,8.508421588411350101e-01
5.189924393783353906e-01,8.547710708690716697e-01
7.466864785288482853e-01,6.651649649027052691e-01
7.546024756393661104e-01,6.561935772576091841e-01
4.121136682982709520e-01,9.111262340094316015e-01
4.126545234920752092e-01,9.108938450798973463e-01
4.200711148519059579e-01,9.074975380115719581e-01
5.150968233743560276e-01,8.571397929913210367e-01
7.232471011506178549e-01,6.905783806076490894e-01
5.219073944912457907e-01,8.530100808789679023e-01
5.244616305990981164e-01,8.514420638375070904e-01
4.078845088484137626e-01,9.130273204634868911e-01
3.113387667467429898e-01,9.502941978972497816e-01
4.021217219313413249e-01,9.155800248016857656e-01
5.249146759616794000e-01,8.511467321780679107e-01
7.526086661812406708e-01,6.584564091402146380e-01
4.124512938191536859e-01,9.109860549592064816e-01
5.104915837461198036e-01,8.598748214212382779e-01
4.738986761672504544e-01,8.805720165188936077e-01
5.254520772445935295e-01,8.508313662443185432e-01
5.207978919109438332e-01,8.536719052019653420e-01
4.063307706827925525e-01,9.137197213623019509e-01
5.271759120625759687e-01,8.497644208112847819e-01
5.168507184356695427e-01,8.560674428294988703e-01
4.053276249336216219e-01,9.141651252232446678e-01
4.220665121812020026e-01,9.065715157330185292e-01
5.451168536145400978e-01,8.383514806276285425e-01
7.522838016798161220e-01,6.588511265561478591e-01
5.236618977678824116e-01,8.519345164053883090e-01
7.601530519154028331e-01,6.497561700462927137e-01
7.541682204722213179e-01,6.566933606553941871e-01
5.179412822775197878e-01,8.554078705517977887e-01
7.564129172795154288e-01,6.541065566038185564e-01
4.890656325456838593e-01,8.722548528307157989e-01
4.164041487290539578e-01,9.091863255212641048e-01
5.271756609956752548e-01,8.497478173909930321e-01
3.706396149352801928e-01,9.287707757284490162e-01
4.217147266787918403e-01,9.067217306611997651e-01
7.403738259752409290e-01,6.722073914038619868e-01
5.261775021943081443e-01,8.503661810473472915e-01
5.281230382934968270e-01,8.491765162896335317e-01
5.129860488893298598e-01,8.583885122688882374e-01
4.090232381113082516e-01,9.125306973752681516e-01
4.168365407764299535e-01,9.089883480711852259e-01
4.490280288933627961e-01,8.935250999289550133e-01
5.249038210497447565e-01,8.511528405541327613e-01
4.439596947245332270e-01,8.960541200666417572e-01
5.247550347053246966e-01,8.512619894217153815e-01
4.318122454423573009e-01,9.019563500219315300e-01
4.031122077733566567e-01,9.151572666685755530e-01
4.735617647590260049e-01,8.807527271625434917e-01
5.464723567253835235e-01,8.374862423866716865e-01
4.181329838428473611e-01,9.083927987557438577e-01
5.191524560358287133e-01,8.546729911817296799e-01
5.284840370948604704e-01,8.489343937882329882e-01
3.655319494071561648e-01,9.307926751079513839e-01
7.483341354840618020e-01,6.633094245283829293e-01
5.260455749282118010e-01,8.504475426743076660e-01
4.534670078326645815e-01,8.912654169735323428e-01
7.536654302938603500e-01,6.572455297918127215e-01
5.248082864737840803e-01,8.512293246986931683e-01
4.091881564579161190e-01,9.124569543318095111e-01
4.831989430758061865e-01,8.755187677415985359e-01
7.534480446801959941e-01,6.575202261310411078e-01
4.164106958341762255e-01,9.091695364543894708e-01
5.062703114877054045e-01,8.623834712452063123e-01
5.257745002386393640e-01,8.506150284950936280e-01
5.589293540199455901e-01,8.292057424730258086e-01
4.883494462567755101e-01,8.726398148837901658e-01
7.540889096639118439e-01,6.567852648494387768e-01
7.525775495602231580e-01,6.584907227915076655e-01
5.218847294161119699e-01,8.530249728171396262e-01
5.059539887093085220e-01,8.625691517563760513e-01
7.496426212082190066e-01,6.618557128735421680e-01
4.418120930159848969e-01,8.971152296033249041e-01
4.386650283794605309e-01,8.986430735875806652e-01
5.262076405757277753e-01,8.503652401329941934e-01
7.163722532897003337e-01,6.977058493026039310e-01
5.274043075466339214e-01,8.496236013371313289e-01
4.112866703157775916e-01,9.114988986873472365e-01
4.157323534213708260e-01,9.094797537384812225e-01
5.216475212580423682e-01,8.531702069974268499e-01
5.262126698091459387e-01,8.503621940220368325e-01
5.449976785362729004e-01,8.384470891297440831e-01
7.525606537115647754e-01,6.585097607251076957e-01
5.126336129576736234e-01,8.586164954858263032e-01
5.038901528165145027e-01,8.637588510729031777e-01
5.228279242816500361e-01,8.524474776020265487e-01
7.546187040256109313e-01,6.561768867145116868e-01
5.115582086253704919e-01,8.592576960479026971e-01
4.864010307880575201e-01,8.737443147223762363e-01
7.482338346114403294e-01,6.634217689224022330e-01
5.154539740850747620e-01,8.569080820349751493e-01
5.225335321870123728e-01,8.526094047607043480e-01
7.529195857809418690e-01,6.581259737916502761e-01
4.189267352839421421e-01,9.080275427144332001e-01
7.525267680203084897e-01,6.585481501726586639e-01
5.259107575470640672e-01,8.505492119839489495e-01
5.251937700592458347e-01,8.509731968411426983e-01
5.000602932959076208e-01,8.659815561020917096e-01
7.539302363520832273e-01,6.569408421627451755e-01
5.455597684874480269e-01,8.380620359756147941e-01
4.082858148649571861e-01,9.128467296503196549e-01
7.533134264409633296e-01,6.576479845586169493e-01
5.253097103782047306e-01,8.509015373359138934e-01
4.181951680735509491e-01,9.083648210021314506e-01
7.390958762721331343e-01,6.735867589705383240e-01
5.853170123730480068e-01,8.107938269085712690e-01
5.340075596540855285e-01,8.454699317036198369e-01
4.166982925061104570e-01,9.090372212721953282e-01
4.005850262510268767e-01,9.162669244620317288e-01
4.161010821111343905e-01,9.093259853844699592e-01
5.176766386619167104e-01,8.555668661200703795e-01
4.427503266501175982e-01,8.966368154475322649e-01
4.542109711457930077e-01,8.909024902131459367e-01
4.192028047370164323e-01,9.078849214988481409e-01
5.159156622401204206e-01,8.566488615791673089e-01
4.319964449836454223e-01,9.018832467577853063e-01
5.256169040052418584e-01,8.507310513044158418e-01
4.417112699708949375e-01,8.971653928597388417e-01
4.205715368205013571e-01,9.072516216289155944e-01
5.937228614450965614e-01,8.046586354729751145e-01
4.161548196387953591e-01,9.092860883521823867e-01
5.660304662901586292e-01,8.243738475124889886e-01
5.175529574031196844e-01,8.556415935257751793e-01
7.541333209283724859e-01,6.567353715086303723e-01
7.532374249738500449e-01,6.577627385215130129e-01
5.146834245577185385e-01,8.573899302825718216e-01
5.169928916150263731e-01,8.559799851718262742e-01
5.047496662308066373e-01,8.632562721723169297e-01
5.420470477037160340e-01,8.403379507622504851e-01
4.025661987697430888e-01,9.153832977002023252e-01
4.191073734139062479e-01,9.079287351582855381e-01
5.286699744925971167e-01,8.488174402007556685e-01
4.185710115857890212e-01,9.081920088165469362e-01
4.595037067704814682e-01,8.881845805300940810e-01
5.250873010332208768e-01,8.510383524855659187e-01
4.002190662514172326e-01,9.164118188446589430e-01
4.978511823048320517e-01,8.672720293339172271e-01
5.270859765207035474e-01,8.498018099733619657e-01
4.980584251781675076e-01,8.671338746610890436e-01
7.259716482920151037e-01,6.877105066720888837e-01
4.937397212853153472e-01,8.696000960330484419e-01
5.350068076522019878e-01,8.448582211365222028e-01
3.971681582309452008e-01,9.177380518816115051e-01
7.737552897839190535e-01,6.334998130203064459e-01
7.484847644671869249e-01,6.631667192222399088e-01
4.179580777944697512e-01,9.084745750482920990e-01
5.269005622860103433e-01,8.499165030237403329e-01
5.229886685163316340e-01,8.523292708673225748e-01
5.016306427631874731e-01,8.650719371660103851e-01
5.551474268446731086e-01,8.317630084684297653e-01
4.193450018443800054e-01,9.078352936118383454e-01
5.571578487083913567e-01,8.304177035616039371e-01
4.175109968829212037e-01,9.086635276555168339e-01
7.497695188571021907e-01,6.613084743397085186e-01
7.828634876943201260e-01,6.254198778079288479e-01
3.168861277731554460e-01,9.431198140112556638e-01
7.240797357194632689e-01,6.877358999326399491e-01
6.591217839549892155e-01,7.491335686274206429e-01
6.905873072781451016e-01,7.203972255121147139e-01
6.329863813502718539e-01,7.716512987722669026e-01
5.999102122288716421e-01,7.982940190960521321e-01
6.139924824263938152e-01,7.871991740982559049e-01
6.725477275744775607e-01,7.371004133873902964e-01
6.433220940984403224e-01,7.628969696522150956e-01
3.587591666265632639e-01,9.310731199519358681e-01
4.552652419482505763e-01,8.909175459215912252e-01
4.159129428008611074e-01,9.093969823746438363e-01
3.676033810873884367e-01,9.281506320272581156e-01
5.803404640063534181e-01,8.131152120298716923e-01
4.548042302262860215e-01,8.911514346061717440e-01
4.717643021093354538e-01,8.823337983064358792e-01
6.923458642678401720e-01,7.187209282741776617e-01
7.512696707957160491e-01,6.596904676077973706e-01
3.603298825137216665e-01,9.305886574939900013e-01
3.302080753805179958e-01,9.396508837244881285e-01
7.023902153345841226e-01,7.091367516728173115e-01
7.069054703287862562e-01,7.047549151349301599e-01
6.666580999376500172e-01,7.424213299908263286e-01
7.735733463716832903e-01,6.357039616592443654e-01
5.386001332417782450e-01,8.423078635319568575e-01
5.144425245035071370e-01,8.577362713394196536e-01
4.756173551520447296e-01,8.802223776558736335e-01
7.786625960577147065e-01,6.300811113679465336e-01
6.257248902528093071e-01,7.776739105607071156e-01
7.363463496355568960e-01,6.752594438526856591e-01
3.994759947463719096e-01,9.162539435798743304e-01
4.750773728235331284e-01,8.805439032559907453e-01
4.497210642947995773e-01,8.937141244719113420e-01
5.691549707044948336e-01,8.212288142244376088e-01
7.410242510993645393e-01,6.704231572388643645e-01
6.094482243560901402e-01,7.908048753008175558e-01
5.216880063728916994e-01,8.532121955250324685e-01
6.277095074226330951e-01,7.760349590800893482e-01
7.509160704481734339e-01,6.600644403206721300e-01
7.613366643336698658e-01,6.489832573715592634e-01
6.616903406667657972e-01,7.468677712489304454e-01
6.107056038566620604e-01,7.898175788897666694e-01
4.532217484174169142e-01,8.919489980406961616e-01
5.526978077135444867e-01,8.327888050254244057e-01
4.695000959475851277e-01,8.835301189319532122e-01
7.585157657993425451e-01,6.519882697113587033e-01
4.947345380351900745e-01,8.694934803961681391e-01
3.778560609733442321e-01,9.245132321376274831e-01
7.434517099248791894e-01,6.679215182896386382e-01
6.868856618634961997e-01,7.238775203261232916e-01
4.475474978492295364e-01,8.947564946588770773e-01
6.142312972041964469e-01,7.869936097738189362e-01
3.376821541329457776e-01,9.375655112399619018e-01
7.493144741108863638e-01,6.617865280655741422e-01
6.559678405465843021e-01,7.519337649746155039e-01
6.255920412803588349e-01,7.777658812832336510e-01
4.459481433914832538e-01,8.955345324329495593e-01
5.919303078823501263e-01,8.043928840658957080e-01
6.934776885621442011e-01,7.176571113956559111e-01
5.785398360920790406e-01,8.144242377176276193e-01
4.431095391429164532e-01,8.969375405871685691e-01
3.658037494868172645e-01,9.287511683522868822e-01
5.811408627829529605e-01,8.124943466452574370e-01
4.896569777381324373e-01,8.724410378873800331e-01
4.417278963662781832e-01,8.976225328625592192e-01
3.560687749360863519e-01,9.319677553242308177e-01
7.448980079496579920e-01,6.664031083059590577e-01
6.248955918465688431e-01,7.783575430686652252e-01
3.137004044894020072e-01,9.439401636191125933e-01
6.712103518494005883e-01,7.383319096645951651e-01
3.477956732545735008e-01,9.345455129411561757e-01
3.977781187056492751e-01,9.169393960871240479e-01
5.630695371793745796e-01,8.255852533593016629e-01
7.195042046272839276e-01,6.923248414211667923e-01
5.738215810288141983e-01,8.178625124058748197e-01
6.543755141981331125e-01,7.533358509505193590e-01
6.738214826706035998e-01,7.359444341547266566e-01
5.359167828506079534e-01,8.440591256386353880e-01
4.088447987654664217e-01,9.124121669414723135e-01
3.710444778904974927e-01,9.269559415638966016e-01
4.789850443996566121e-01,8.783808686177715375e-01
5.593261417646516742e-01,8.282122176920962975e-01
7.450162492084545507e-01,6.662914723201056599e-01
5.398796263275801310e-01,8.414672138278406210e-01
3.256176738522941760e-01,9.408849966175587554e-01
7.698428326924126042e-01,6.397743780352711518e-01
4.990583337356949700e-01,8.669872509160660989e-01
7.211912281082211162e-01,6.906479461829265754e-01
5.011704120471180968e-01,8.657567919099414810e-01
7.338729751390714595e-01,6.778049677562700825e-01
6.320153650452366989e-01,7.724690195580994345e-01
4.231845724601420167e-01,9.062026374479854596e-01
7.968859040996999488e-01,6.095779657895965542e-01
6.072668822603652927e-01,7.925376099028196286e-01
7.895224922200727580e-01,6.179327761274339137e-01
4.667818920484385625e-01,8.849675344207190708e-01
5.370211512460658643e-01,8.433639435897328784e-01
7.144368774232366937e-01,6.973523271558845771e-01
7.198906523689592163e-01,6.919249898708280666e-01
7.354050866292091149e-01,6.762272987056716644e-01
5.457116414195156695e-01,8.375554513365986997e-01
4.892393406971969894e-01,8.726650072797085267e-01
7.893622091905211358e-01,6.181088507006592403e-01
7.896420959003956908e-01,6.177953124852684219e-01
7.244293343894077086e-01,6.873760069566919872e-01
3.384533119633507670e-01,9.373227660981265918e-01
5.022209007609924614e-01,8.651275476868816039e-01
6.165527189984629786e-01,7.851441981723226160e-01
6.557270163378103867e-01,7.521495147284923410e-01
6.747159573502197194e-01,7.351058330881364844e-01
5.050132533601592311e-01,8.634691487079042549e-01
7.271718847538775066e-01,6.846299868839315073e-01
5.401007006741180838e-01,8.413245881426992812e-01
3.972765766511369701e-01,9.171188147135873603e-01
3.560173268277844194e-01,9.319616399599692791e-01
5.917101743082666676e-01,8.046013490065605511e-01
5.075949736537471724e-01,8.618860074934978632e-01
4.872027099238702696e-01,8.738129936931714470e-01
4.768704606785887368e-01,8.795360670293304040e-01
3.575178007337109221e-01,9.314895921571968440e-01
6.713773137796243962e-01,7.381708333598806515e-01
6.251283688863140675e-01,7.781484823282888152e-01
7.899414502367527735e-01,6.174563066646013842e-01
7.732360055093968620e-01,6.360610989382075031e-01
4.872604890062322003e-01,8.737619047268262440e-01
6.894413335654550057e-01,7.214568166791792692e-01
6.315898060256455171e-01,7.727922073037883921e-01
6.837112576353934212e-01,7.268468005095003459e-01
4.212596413838761156e-01,9.070371481071867192e-01
3.711171318256845097e-01,9.269068157240367700e-01
4.633812335788602410e-01,8.867735323720538076e-01
5.858771315484598841e-01,8.089708701557418724e-01
3.122224789882094842e-01,9.442962296687102963e-01
5.008486112855856653e-01,8.659466641071247306e-01
5.542056839447556671e-01,8.317821098291978688e-01
5.009072536947812848e-01,8.659078910865053436e-01
7.335222422487683858e-01,6.781446407437725643e-01
3.975900456530365723e-01,9.169990394305679304e-01
7.836023787410650865e-01,6.246030516518144005e-01
5.074938906136795547e-01,8.619531485182595487e-01
3.716897538241351606e-01,9.267203160540558038e-01
5.678330627201315650e-01,8.221885989582840004e-01
6.191481138945486018e-01,7.830553130402213569e-01
7.326662194357682623e-01,6.790209013283026174e-01
5.687381398404283139e-01,8.215378596446343273e-01
5.286986616183654286e-01,8.487695164678913384e-01
3.566473795004372893e-01,9.317608100576015850e-01
5.645655642354213688e-01,8.245236815097017891e-01
7.302680672364325609e-01,6.814801555210150408e-01
7.200771979514448695e-01,6.917634737862571326e-01
7.286027565289823205e-01,6.831647797530191468e-01
5.194130366215410355e-01,8.546565055871692129e-01
4.319842475566237905e-01,9.021923155080290302e-01
4.142786393461727057e-01,9.101061152963322298e-01
4.816973243072254496e-01,8.768918852638767358e-01
6.269707949515734846e-01,7.766415789748205567e-01
5.114634777455719927e-01,8.595544408389508284e-01
3.983063267206551350e-01,9.167455563056245982e-01
5.809422967039142849e-01,8.126673204113469273e-01
5.265969388672958607e-01,8.501203233331151576e-01
7.936087518087211468e-01,6.133437514158140980e-01
4.187151464362234843e-01,9.081617262305404781e-01
4.690197751067392007e-01,8.837939584959438877e-01
6.853711574548746466e-01,7.252800048096323948e-01
6.844975773557528953e-01,7.261023335853464822e-01
7.718854383856990076e-01,6.375470785284766961e-01
4.846284006786698573e-01,8.752730539386112119e-01
6.320820905275449375e-01,7.724069601474725655e-01
5.813466701630654043e-01,8.123486518373896903e-01
4.289785013360435384e-01,9.035698954302195940e-01
4.232265134917608806e-01,9.061665319900971127e-01
4.607118903750402339e-01,8.881444851241445670e-01
3.398767451986384192e-01,9.369142289807583790e-01
6.138377250206651370e-01,7.873033747907687285e-01
4.702893893933063341e-01,8.830926480229893683e-01
5.771891296575843988e-01,8.154005883204119565e-01
5.460553646908863357e-01,8.373142604751374618e-01
7.937460831931963945e-01,6.131740404527787902e-01
6.751243524172124699e-01,7.347539312554953739e-01
5.180409424356701154e-01,8.555115824037538008e-01
4.739862701343188212e-01,8.811115197970084134e-01
4.529593072849776858e-01,8.921002833091580264e-01
5.809428709329611529e-01,8.126307519363293874e-01
7.111043243819255011e-01,7.006268740731907974e-01
3.504284124757732211e-01,9.337569597803918597e-01
7.575972098287682144e-01,6.529838210079432770e-01
6.765272109602427086e-01,7.334457887081444749e-01
3.956896732980208498e-01,9.177708566144481273e-01
7.639350886384990158e-01,6.461711123344915375e-01
4.389563578715951486e-01,8.989465531345615101e-01
5.767629009697208264e-01,8.157156987825530114e-01
4.191279505122874061e-01,9.080035253914030546e-01
6.412598098013941872e-01,7.646571295266483270e-01
7.937493284943294425e-01,6.131589772491314871e-01
7.120283852183886264e-01,6.997132238548577909e-01
7.747749837401625150e-01,6.343865177789438370e-01
7.901800577581594709e-01,6.172134996287360620e-01
6.967837615242118421e-01,7.145035229940089883e-01
3.997238812596235480e-01,9.161404697613111381e-01
4.577328626162250336e-01,8.896692403663273296e-01
6.888855501967139361e-01,7.220033717233944603e-01
5.185989641895695224e-01,8.551438315216958186e-01
4.457355704982631783e-01,8.956586317688044474e-01
3.204148401222556841e-01,9.422420200217488384e-01
7.684115707592393818e-01,6.413158859241333554e-01
4.540147704213284285e-01,8.915571298235548392e-01
6.175056028508325578e-01,7.843840804970516611e-01
5.330701870856363600e-01,8.459441217631893384e-01
4.520298701100908811e-01,8.925310868008682341e-01
5.181521423051328457e-01,8.554137577314387952e-01
7.967169747576325900e-01,6.097948730386838490e-01
7.295284204318495114e-01,6.822317506246272645e-01
3.723401333704834948e-01,9.264861606278554929e-01
3.687494524866882228e-01,9.277554269871119974e-01
3.619603582238716255e-01,9.300241361606930157e-01
7.959955560139246877e-01,6.106290362356223689e-01
4.123909703922821746e-01,9.109276806890412859e-01
5.124976575438175974e-01,8.589321718169328213e-01
5.485717232422779865e-01,8.355996178749516279e-01
6.759926051682850767e-01,7.339375659270933605e-01
4.651079768079814936e-01,8.858516381601381218e-01
3.428784257353638676e-01,9.360477277391870965e-01
5.371214728434432484e-01,8.432972966965810446e-01
6.129720542011735107e-01,7.880043837255510386e-01
7.693803157444992769e-01,6.402813897258297082e-01
6.669550791244296395e-01,7.421544166364374417e-01
5.848442037285620509e-01,8.097578446474256175e-01
6.848210810982870989e-01,7.257867071743004939e-01
5.724412071560803783e-01,8.188874978021659645e-01
4.716780806697725703e-01,8.823568109596680031e-01
7.927107265487874921e-01,6.143340219821650239e-01
7.895213599065468157e-01,6.179353034196393146e-01
3.752538229121795688e-01,9.254617580368760255e-01
4.751893366829213483e-01,8.804647120313739972e-01
4.939005840956972593e-01,8.699673142252239977e-01
6.558406047016395179e-01,7.520570493812658297e-01
5.836749649966639364e-01,8.106411466894445361e-01
4.213981016948736280e-01,9.070012626461432248e-01
