5.947615052545740522e-01,4.058302721078058672e-01
6.183087384793745089e-01,3.823706794276806598e-01
2.981698026760699616e-01,7.035735359070972583e-01
5.991434154118263633e-01,3.984347168451060073e-01
4.453958210339755697e-01,5.511866382323293845e-01
4.349838471304742216e-01,5.613014398602318433e-01
3.940545780470102732e-01,6.021617612564271749e-01
2.935244081715293607e-01,7.019273431871725366e-01
6.086179175117882867e-01,3.963597491102919257e-01
6.708583492100098633e-01,3.262098388880292354e-01
2.266482806885486978e-01,7.794275195489762664e-01
2.105258625993011723e-01,7.963222470980002576e-01
3.335757231980895909e-02,9.593765130257346785e-01
4.313893917769986430e-01,5.608997103215487279e-01
6.996638203787497456e-02,9.222031430458210721e-01
6.223239028492209002e-01,3.696799414649308835e-01
6.480858009259226060e-01,3.599574696507575888e-01
3.799989469686105847e-01,6.281205563820124738e-01
6.676707987391709009e-01,3.226042090533780549e-01
2.659029027650644528e-01,7.424077623344363941e-01
6.621248477696277668e-01,3.464123900471407502e-01
5.792718373557992351e-03,9.850985003271804930e-01
1.959394190215725251e-01,8.132040689574485670e-01
1.947201020589529596e-01,8.145610258645266111e-01
1.969891070930220867e-01,7.929540114626550951e-01
1.050205213903003809e-01,8.849211671513408373e-01
4.683264056583843482e-01,5.215823867234806732e-01
3.156385438778427366e-01,6.950658703097735147e-01
1.179701575297699145e-01,8.710226881169588209e-01
2.816552643171090775e-01,7.302105584600169230e-01
6.598636258491274997e-02,9.461711792784103237e-01
9.596415050323703344e-02,8.904525531009029882e-01
1.024028523752416042e-01,8.836632915106068520e-01
6.033923430613979955e-01,3.822350969599849213e-01
4.292357224175951114e-01,5.852419480501778182e-01
2.613247665505964434e-01,7.533441511653283795e-01
3.793139950331675392e-01,6.356059578816291022e-01
4.486557131630573014e-01,5.662993805036353745e-01
9.739051513261043347e-02,8.869689699355122192e-01
6.777858852471865259e-01,3.135347279266591514e-01
2.898292717038130073e-01,6.933647616509224232e-01
3.385088549923565004e-02,9.493382137210697458e-01
5.170813937520982728e-01,4.657383683892630799e-01
2.411396235924666565e-01,7.415051314369431879e-01
5.808633280894724971e-01,4.365513245017128563e-01
2.979884372589828301e-01,6.842301169653035586e-01
2.176989675477098984e-01,7.634753231517966698e-01
1.975352784057422539e-01,7.835463273807867779e-01
1.612685300279859124e-02,9.644666534022044990e-01
3.216515203382341870e-01,6.981330069842934805e-01
4.691920016081482236e-01,5.512133117645585667e-01
2.609081976954511495e-01,7.596140528566435179e-01
1.864955888108070781e-01,7.929499987068202582e-01
3.332817849178921765e-01,6.878040068551158903e-01
9.668250407082934483e-02,9.272219530994131320e-01
4.524394529871234027e-01,5.219002330301784065e-01
3.994158547991462083e-01,6.271206989151576483e-01
4.849680491885600686e-01,4.884893288092498898e-01
2.357455742230535334e-01,7.372767697404428722e-01
5.916662261379258547e-01,3.812148580821055344e-01
2.037587756268907091e-01,7.688777968980565758e-01
6.532084405174731767e-02,9.622802994985955038e-01
2.553478784218667919e-01,7.723237989527719227e-01
4.152141513127022288e-01,6.129431262921878343e-01
7.149347564494012985e-02,9.572456800684283618e-01
4.196262597238440417e-01,5.497789500840333243e-01
1.061224862361105359e-01,8.630953638701571728e-01
4.875843070925719447e-01,4.815327733926577647e-01
1.619117238572251871e-01,8.066955799826637241e-01
2.031209153580315618e-01,7.652733838057153015e-01
6.999966567815678609e-01,3.151093806609396308e-01
6.386173807543670256e-01,3.210747112683721705e-01
2.888821793770272039e-01,6.786222228946361401e-01
3.537655884563905007e-01,6.136788730552530380e-01
8.750145773482664868e-02,8.795820959075275614e-01
5.341732840435354790e-01,4.987765791219725964e-01
1.982796176188834636e-01,8.348596857339670718e-01
5.357963859479911717e-01,4.976671612723967408e-01
1.203267886521104391e-01,8.454279342728578950e-01
7.127833377519021685e-02,8.940369554221720971e-01
3.087892282354786078e-01,6.561820381590448559e-01
4.885277857252636746e-01,5.470341248660265387e-01
2.209698381515768917e-01,8.148852268902874174e-01
7.043362199004227220e-01,3.233352458229296067e-01
5.001138948441335996e-01,5.359338995064771849e-01
2.471875832575706200e-01,7.161191126393913198e-01
5.999494227049912976e-01,3.627689330848725691e-01
3.809735243008970373e-01,6.564984229071446631e-01
6.004079323494164733e-01,3.619680400662179665e-01
4.786926043072790016e-01,4.835223861562155667e-01
4.115306629393888915e-01,6.270813948903116719e-01
4.443275773075805457e-01,5.953165520960645996e-01
4.098021718461875018e-02,9.987128967819436376e-01
1.185171158990626639e-01,8.416630766215319470e-01
6.532847741029834676e-02,9.746098437925019287e-01
4.782951136098700928e-02,9.112990604587197785e-01
4.923630315681137848e-02,9.097046353986247835e-01
5.106399223855919711e-01,4.474372995836466416e-01
4.069273469585328318e-01,6.353167280113276583e-01
5.592346627103494949e-01,4.836788984410343994e-01
5.113351782466624140e-01,4.454833599468848160e-01
3.319777349930097543e-01,6.248286130028245511e-01
6.187651546258337021e-01,4.251297188857795506e-01
6.412053835624877962e-01,4.041215054567121046e-01
6.286587993000680719e-02,8.916315348653098827e-01
1.117424145685103065e-01,9.338451882943153981e-01
5.771509031933110823e-01,4.690523314081939121e-01
2.392526217609132200e-01,8.070084449352848965e-01
1.732343842375594356e-01,7.795809505756280400e-01
5.891780989371869781e-01,3.627176823943122352e-01
5.937050099405355441e-01,4.562138492050316074e-01
4.960325931885342099e-01,4.538742447324896068e-01
1.299958397515810216e-01,9.201428322997833309e-01
1.747865740221183906e-01,7.744332480515222494e-01
6.706292361380269407e-01,2.676407985789166499e-01
7.182977667306507108e-01,2.942404535322900028e-01
5.803268714608887935e-01,3.683460127251556582e-01
5.424526114407580701e-01,4.055051795342852206e-01
3.824674314224764116e-01,5.654865387828958978e-01
3.684645554291519076e-01,6.838051371264778355e-01
2.189813616050048095e-01,8.344730795954757863e-01
5.007004079799413088e-01,4.458203137629606072e-01
1.662952262354567834e-01,8.875310031279723955e-01
1.986122639653939981e-01,8.563180841165569657e-01
7.164828780709535661e-01,2.760335055887763733e-01
1.546189666803129414e-01,9.014649144322931518e-01
5.559155607432745283e-01,5.002329536425134116e-01
1.220007603382996519e-01,8.218384656131548782e-01
3.134864328555072577e-01,6.290670131480791127e-01
6.374825897016318521e-01,4.201035086063085178e-01
5.239895929453638468e-01,4.183758035473623682e-01
2.249373136559655872e-01,7.169196174059901949e-01
5.253038223851432820e-01,4.164033391826017505e-01
5.840159414159331597e-01,3.575276542237764144e-01
1.731005094325950289e-01,7.683530511485141545e-01
6.085118461382189592e-01,3.314169852214093881e-01
6.437235467968626113e-01,4.154852588320803175e-01
6.167338453897472927e-01,4.432173346609434850e-01
6.411347744490004663e-01,2.741037633293313958e-01
9.809804651986986368e-02,8.405324067124572140e-01
1.135717996066241131e-01,9.485614338409249502e-01
6.764065754166406208e-01,2.514430467234435307e-01
5.605588995518611117e-01,3.770410644457711236e-01
4.679213472512412375e-01,4.693466668495714922e-01
3.880762912989124125e-01,6.749972843633718078e-01
3.840793572150199564e-01,5.517331084328546131e-01
1.882508934128562794e-01,8.760706140866533209e-01
2.662967742024613393e-02,9.087652634782102945e-01
5.073073534047887190e-01,4.267047625618065609e-01
5.652349629323594193e-01,3.681895013746924183e-01
2.457323373833468771e-01,6.876254548776198350e-01
6.430382593440886474e-01,2.626412368898959349e-01
2.489790157906822676e-01,8.189225734494750553e-01
7.065312110878577689e-01,2.457841936369765667e-01
1.584477523558190937e-01,7.733882782076828555e-01
5.338600382714955295e-01,5.347415215102733210e-01
9.060975208723054397e-02,9.783173724916042202e-01
3.646973944932264677e-01,5.642257537173354098e-01
6.979897904306090473e-01,3.731228003286233275e-01
5.196471949418832725e-01,4.074213113503368788e-01
5.239847573392309998e-01,5.497423444442061102e-01
1.530153012360364606e-01,9.207984884599891284e-01
2.667362320864331560e-01,8.073711448974555394e-01
3.540170847329058290e-01,7.203125487050726639e-01
3.887249381539998883e-01,5.349018329870680599e-01
4.207280840173289738e-01,6.560229226301884653e-01
6.552127886965978254e-01,2.415153160473239025e-01
2.452751801320872671e-01,8.318130842177683393e-01
6.217071553563713326e-02,8.605342805850196841e-01
2.794001339713366727e-01,6.431393812690024969e-01
3.813392518051510471e-01,5.402787708270120337e-01
1.389289680565587437e-01,7.825114610835138818e-01
7.018415609164334601e-01,2.291228933325027972e-01
2.999469182810736712e-01,6.211644479977050937e-01
5.623575908491439401e-01,3.580873773766609647e-01
5.875938768328150541e-01,4.921605591720945583e-01
1.920247112429944725e-01,7.281749000703587882e-01
2.066052349926751353e-01,8.747906196962745851e-01
1.428093741930003269e-02,9.041885182706426161e-01
7.032896898078154768e-01,3.786736959136446368e-01
3.539477115643154814e-01,7.283469986557266074e-01
6.882217371308008147e-02,8.487942649978066356e-01
6.198514559329576512e-01,4.628707912547811443e-01
2.588110221608258543e-01,8.239356928606852426e-01
1.628099266381669574e-01,9.204204487968963289e-01
3.802873429308777364e-01,5.363289258620906885e-01
7.517306275863185894e-01,2.686223437482132548e-01
6.034843635436986098e-01,2.835895992010573075e-01
2.462455081980876592e-01,6.693172288967449424e-01
3.713997981120855663e-01,5.435298229400766790e-01
1.051072575200839854e-01,8.091342348721149991e-01
4.095781176861825745e-01,6.764017852457420155e-01
5.392863988456320090e-01,3.740834890714136440e-01
3.944499646263064374e-01,6.924190186675452940e-01
5.287675832409389765e-01,5.584074766206347240e-01
4.150803328617573840e-01,6.724232725950710643e-01
6.335791537692958553e-02,8.485641260808893804e-01
7.020717489715451176e-01,3.862036682179271763e-01
4.319531236493585613e-01,4.797711195598467482e-01
2.519922478135454558e-01,8.371465302706957434e-01
5.444687110365280525e-01,5.452133053470680224e-01
6.046888709939357565e-01,4.851876972373759811e-01
4.393688982603050075e-01,4.700526086171915585e-01
5.707432814877366756e-01,3.383093288156175937e-01
6.725578182598410670e-01,2.160541111674280090e-01
3.162952376761209994e-01,5.922597380470827622e-01
1.722736307078506224e-01,7.351391953134810420e-01
6.107643151633727063e-01,2.589827341368761138e-01
2.107576744214323394e-02,8.844765157340526152e-01
3.623518297853913772e-01,5.431909302082122970e-01
5.945567327104879229e-01,5.009977180159097543e-01
3.591139702856811500e-01,7.365748081851277718e-01
7.678613969470632350e-01,2.921911587359357076e-01
5.349002570452028316e-01,5.619175407989469573e-01
2.497454842491800830e-01,6.520064134517623566e-01
2.070787708548683659e-01,6.942743794906213184e-01
5.916505980507739126e-01,5.074145267777058210e-01
2.843469707040435779e-01,6.165346867643803908e-01
1.501931176427661052e-01,7.505436552615868395e-01
7.493550195723558405e-01,2.212428001084802975e-01
1.261341606720330910e-01,9.746808365422048315e-01
4.802458358075991640e-01,6.209358244446856467e-01
6.779616972082689319e-01,4.244660408240389371e-01
1.497150837796189515e-01,7.473511415352633858e-01
1.863492185658656153e-01,7.107160999621578990e-01
7.398706713513778510e-01,3.632789618171095025e-01
4.819018425372444403e-01,4.146273207049342435e-01
4.019315048556451053e-01,4.944779340195188944e-01
2.103485554481382414e-01,8.933413981238720325e-01
4.306165852355678947e-01,4.656101261299163685e-01
7.714216391661927741e-01,2.489056706235883709e-01
4.370970109337039000e-01,4.569675381110119838e-01
5.364677996044060482e-01,5.695451064144770870e-01
5.647438391165017224e-01,5.416796046314195090e-01
6.447392460726913965e-01,4.617792748274058834e-01
5.184522527284309845e-01,3.741727173581383958e-01
2.462494880629235716e-01,6.462027690633993515e-01
3.744108694971673978e-01,5.170059202563307421e-01
6.764098755295485654e-01,1.923431303704011830e-01
4.015954083774438965e-01,7.072533717668091358e-01
7.180994602143004890e-01,1.877328470761071566e-01
3.520529482169675317e-01,5.375031900110041061e-01
5.471742588235875004e-01,5.636234000982173198e-01
6.650743351123448166e-01,4.460272245054294205e-01
6.649350823794915044e-01,4.462404928927592440e-01
7.640301906582012137e-01,2.155150775862836321e-01
7.801992747506825143e-02,8.104787811606389836e-01
2.781668547218574261e-01,8.334773516988187581e-01
1.501636776833126241e-01,7.379866840104948311e-01
2.204329643137322714e-01,8.918826638196956091e-01
3.982036197389265952e-01,7.143984357094789184e-01
7.534786805499495976e-01,2.004871164633779124e-01
1.807317458400735655e-01,7.060495109063659180e-01
6.923886403429996284e-01,1.831281762772184463e-01
7.054246908339690814e-01,1.803998387687715255e-01
5.889387932101959322e-01,2.529783544078083590e-01
1.975444482242005861e-01,9.174012388016321573e-01
6.143628986522872149e-01,2.230456003198879600e-01
2.984182182672044936e-01,8.166189372371508437e-01
2.571315755547938231e-01,6.264341491791691752e-01
7.885694263419147365e-01,2.656008837018463131e-01
1.703664735250998152e-02,8.661748106036586403e-01
5.575016913126279450e-01,5.602406258469847522e-01
2.565501861532935024e-01,8.612947995836720549e-01
6.159750611795823394e-01,2.169286459505683773e-01
6.346933011772966093e-01,2.013163616539463963e-01
7.535076724672256088e-01,3.649854256202307301e-01
3.834296219789335991e-01,7.351650394154600754e-01
6.210941983674491684e-01,2.117419432238464294e-01
7.271591790686759982e-01,1.769489338937337841e-01
1.718265310929928402e-01,9.475162221085557945e-01
2.274513981102356253e-01,8.919498229581993565e-01
5.406594560637235647e-01,3.396609601752705876e-01
7.521350927081035254e-01,3.675503884221280604e-01
6.413894366950366743e-01,1.948834950820833578e-01
2.982809988945045454e-01,5.812768456377022108e-01
5.155496610319054707e-01,6.050317285102611020e-01
2.822937683439452616e-02,8.511096231950427971e-01
8.284825418350361126e-02,7.960234635915165446e-01
5.713422966438307382e-01,2.676181837825338805e-01
5.764345603145962782e-01,2.587807056875313094e-01
5.027002529106827655e-02,8.265911606502174269e-01
5.596438339407593388e-01,5.637930404545102858e-01
3.074560630223364122e-01,5.690932151607059897e-01
4.138595701440533903e-01,4.624634007875506603e-01
2.874658294501158950e-01,5.887651478280393480e-01
3.312434614129172727e-01,7.928614871548134158e-01
4.398507789118610845e-01,6.847316944242902714e-01
7.952466250192256059e-01,3.151583996822880929e-01
4.159038950158000514e-01,4.590015324542604525e-01
3.248344030464528354e-01,5.500138706330602867e-01
7.965212682456768167e-01,2.516070783315880188e-01
6.997952070649633427e-01,4.256599618341609936e-01
4.993275578912064194e-01,6.264674903016550500e-01
7.817907670849452151e-01,2.078866468804649870e-01
2.790969927314362886e-01,5.936897633928717166e-01
5.122255868888014874e-02,8.207503563044172834e-01
5.011088404071012414e-01,3.707350813711837167e-01
4.866537873616435528e-01,6.426333564209444349e-01
7.975721160293733902e-01,2.343726325446146008e-01
8.030967604662001547e-01,2.418099853979734926e-01
8.070633358772688615e-01,2.834466120478286166e-01
4.190690658251506884e-01,7.143211653479154544e-01
6.097691310789865593e-02,8.056199917321570370e-01
3.220592130400946607e-01,5.444183364945832659e-01
4.508388801600512474e-01,4.153595267182068618e-01
2.982553706320766329e-01,5.674909020272945748e-01
7.149178212300816293e-01,1.543627232880782074e-01
2.094151117382629934e-01,6.559555576837616808e-01
1.586110265136297937e-02,8.484430339342163840e-01
8.097393491603331883e-01,2.638172398309911459e-01
2.012017545512991834e-01,6.617034442355623769e-01
2.255129274279562557e-01,6.373723828049934204e-01
8.078591486582406000e-01,2.388460203487824396e-01
5.113715751054428438e-01,6.259432406662610582e-01
4.256786254487935350e-01,4.363551558270052366e-01
1.532340322821525991e-01,9.848359907872609176e-01
4.610531711212618733e-01,6.773716239056801758e-01
8.129312849506439287e-01,2.714548014293269862e-01
8.106121912125490159e-01,3.072102507598758470e-01
4.548587704453829206e-01,6.840489600817422078e-01
6.369452900168064424e-01,1.721619343402072122e-01
7.922265113673553349e-01,1.894890890617701995e-01
6.403723644175272067e-01,5.010774793241585812e-01
8.111893503124381066e-01,2.301991972012151777e-01
3.757424863681719795e-01,7.666715052651986717e-01
6.594771716212699531e-01,1.553426558363152354e-01
5.734071362278111428e-01,2.268644779834740888e-01
8.147271009402237141e-01,2.315057916734122312e-01
8.187957256911424508e-01,2.823924336752001718e-01
5.557640886256942636e-02,7.996452581338874266e-01
4.805836060494128592e-01,3.746270747152349312e-01
5.474715853272970056e-01,2.659388815516313676e-01
5.684119281741016882e-01,5.769115157277486805e-01
5.581613786817295475e-01,2.467220621744676823e-01
8.158385607784608418e-01,2.301252466155758736e-01
8.190910031293630045e-01,2.436065148464592323e-01
7.495385392044984219e-01,1.432959044457532416e-01
8.185193015614827816e-01,2.360617362984438472e-01
4.742317681777777905e-01,3.782338701975261896e-01
1.731930624442302724e-01,6.790239567853181279e-01
2.569790700304331876e-01,5.951083643979139248e-01
8.223971787158173008e-01,2.808315494850920357e-01
3.670093615838474488e-01,4.844675387944750167e-01
5.316924155042259681e-01,2.919966922529974029e-01
7.958825151720495539e-01,1.727462498258782730e-01
3.854518564919851009e-01,7.643725320807269741e-01
8.247291280524565726e-01,2.740563149137690280e-01
8.248054665178726763e-01,2.589235398719224035e-01
6.145309224475146159e-01,5.363868429750635602e-01
3.266883392839622369e-01,8.246723421238840723e-01
6.905771786303256388e-01,1.340555269669853056e-01
7.007574083047929392e-01,4.510718393024398809e-01
4.557245560928158135e-01,3.923484867364367412e-01
6.585683566682206669e-01,1.444241851784823227e-01
7.954560907282651749e-01,1.660365208866139142e-01
5.788187706620255835e-01,2.064721020408942787e-01
5.867257958836593623e-01,1.974172576835764303e-01
6.733358407776238730e-01,4.795769165621922570e-01
5.479016882893589235e-01,2.494547079150906121e-01
4.176348222100291219e-01,4.289536586828307518e-01
7.236270210346347209e-01,1.288449312103625566e-01
8.281480236617733137e-01,2.518432530114494972e-01
4.426505116967668352e-01,4.033034366690619876e-01
6.744117345819723441e-01,4.801072696507371340e-01
4.648997207239562446e-01,6.897631503113522689e-01
6.021277743372550617e-01,1.794082551913961376e-01
3.127654895255577161e-01,8.426115180856151854e-01
7.422880506245693732e-01,4.136902031553766346e-01
6.741520767952340343e-01,1.330424839646532353e-01
7.873498366433719919e-01,1.505267030668092643e-01
5.109105033886089942e-01,3.296508826760797817e-01
4.758693907014605040e-01,6.808813005021643328e-01
4.027775577052485900e-01,4.401127863090142922e-01
5.814506066541508256e-01,5.763712973180249444e-01
5.210897813934605161e-01,2.933456754262622201e-01
5.130055667451234314e-01,3.138798146486040386e-01
5.174769773579432908e-01,6.419148057478994973e-01
8.340420987161936139e-01,2.485722667387040286e-01
4.519251936642089129e-01,3.884875717443460053e-01
3.089898806556897748e-01,8.506235216780014818e-01
5.445879815440580751e-01,2.427778893251072434e-01
2.119508916904063733e-01,9.485137590838701449e-01
1.810467683799369398e-01,6.580716135039335057e-01
6.282179315487470550e-01,5.339133162342395433e-01
8.330907798905984318e-01,2.180219178091065135e-01
3.541982822240425932e-01,4.829375018360629879e-01
7.852739763787516258e-01,3.777714911665392972e-01
4.611393880083205499e-01,3.753776133493218481e-01
1.605237211408400144e-01,6.759883364645969950e-01
5.822887778309455697e-01,5.812503802264453734e-01
2.040876159683863156e-01,6.313429487334966117e-01
3.828438942263718836e-01,4.525408440058819037e-01
6.191978464655218950e-01,1.520249848387265068e-01
3.557425699580178957e-01,4.788652708074975228e-01
8.330443724544152051e-01,2.027103654933348764e-01
4.897187682943322518e-01,6.764734687191910067e-01
8.375466645812218447e-01,3.129491597653444312e-01
6.395006575764428103e-01,1.351300176919352225e-01
4.644521726653193516e-01,7.029777832894914535e-01
3.275839641347182418e-01,8.408056217922011966e-01
8.414717685577284279e-01,2.217765296859566249e-01
1.494461593116755971e-01,6.812793977866150597e-01
2.197321386891837314e-01,6.103686054348496093e-01
7.717195314199907230e-01,3.989723225779518989e-01
5.652464391036686742e-01,6.057664315688205958e-01
8.101019273274215893e-01,3.614035498817047554e-01
7.359411243276654524e-01,4.355760534419512719e-01
3.273543957412661243e-01,8.447777173454233957e-01
5.090096780739019611e-01,6.631574829276847272e-01
6.238358302694626545e-01,1.384723761035917544e-01
5.109915460581101465e-01,2.820468258720005839e-01
3.100671476943412941e-01,5.167791381681238194e-01
8.092098512083149009e-01,1.391886453921735711e-01
6.427265130659867154e-01,5.307496218601436277e-01
3.911086505340805042e-01,4.351657861994947529e-01
5.574718313092611455e-01,2.003982715859291552e-01
4.268800480798730090e-01,7.470199208911566524e-01
1.769293265740971011e-01,9.974067185685129289e-01
3.765353019234739529e-01,4.485104830534477616e-01
8.405311095797217691e-01,1.880425061493411487e-01
5.441039964891265512e-01,6.314218082001159527e-01
4.432387505941278727e-01,3.812156263906703035e-01
8.075086028723619247e-01,1.329333429981738313e-01
5.386852924114556851e-01,2.240507969678754430e-01
4.751542692355250619e-01,7.008071140024419998e-01
4.870502247939137996e-01,6.896756536822906680e-01
1.902543536230549837e-01,9.870039099793592730e-01
4.562524818988096253e-01,3.664472146577995026e-01
5.798068078829925476e-01,1.694388930767662949e-01
4.550414779095667273e-01,7.226067488940438599e-01
8.465863346947921642e-01,3.238691906612198856e-01
3.371281543118517243e-01,8.407986043319291003e-01
3.350177966513478989e-01,8.429842551946918894e-01
2.388966010373229087e-01,9.398966735598237587e-01
6.792542344316083724e-01,1.022616197165810981e-01
7.932656379794149615e-01,1.146278886771270322e-01
3.027833482986908020e-02,7.905748061721613595e-01
8.528472158254835067e-01,2.202914205109011148e-01
8.010512284302263586e-01,1.199491958110866507e-01
6.198138430638115981e-01,5.599103476276821034e-01
4.708423502843905872e-01,7.091590853716100984e-01
8.130939063020928836e-01,1.298969668895068041e-01
5.069918755522323517e-01,2.731703813813571857e-01
5.434223403026114951e-01,6.370747849697526721e-01
1.611280594807251720e-01,6.579598909391908279e-01
4.797182371464787654e-01,7.013032546129368550e-01
7.770681759568854874e-01,1.020663951982253570e-01
1.275603261412916467e-02,8.059647976137539471e-01
9.586745673217267338e-03,8.086826661614217038e-01
6.463825596631739279e-01,1.128641544259532115e-01
5.435158919310233427e-01,2.057799919672540501e-01
2.319460574994333113e-01,5.857125386826064206e-01
8.489153302203555906e-02,7.325054485480443356e-01
3.567917155970063980e-01,8.262872089466709591e-01
7.714180592212851462e-01,4.120310417944029746e-01
5.665071097400953271e-02,7.597505416657748256e-01
8.534859387615220117e-01,1.971128245388829026e-01
4.512011630897685421e-01,7.326799917345085955e-01
3.977812860964017316e-01,7.864518656201970881e-01
4.074034206697882965e-01,4.082470812488232514e-01
1.378096608467017647e-01,6.778253103194549212e-01
3.745629926015842104e-01,8.100312668324972654e-01
6.773068942425737315e-01,9.576586357705574315e-02
5.136810445111303913e-01,2.498652527391300726e-01
2.811991638262680837e-01,5.340202038999430911e-01
4.957372297690613161e-01,6.898473734502781340e-01
2.224178085637835700e-01,9.632673525293043992e-01
5.233192164023950932e-01,2.304722666009236809e-01
7.520745814807573426e-01,4.343926957852632942e-01
7.668604385322507211e-01,4.196534747507867369e-01
1.961488076451485263e-01,6.172537301190399450e-01
8.352944132618930206e-01,1.429381260211662896e-01
6.280433097892377248e-01,1.151911937572399625e-01
4.463934980617684234e-01,7.425205657407240034e-01
4.333096559263809322e-01,3.776918432247916568e-01
8.064589226274448963e-01,3.828347939188262439e-01
1.225993922978174666e-02,7.981771138369871954e-01
2.560235321445909484e-01,5.541873371137245874e-01
1.149839787546031999e-01,6.950445477082399792e-01
8.347351524094285269e-01,1.325893338001025157e-01
5.169506399569722133e-01,2.308265265341018502e-01
2.254570489325596894e-01,5.826689366381284652e-01
8.671974272501719039e-01,2.104206587817643026e-01
6.664490346373489471e-01,8.901770209240833509e-02
1.956561589705044790e-01,9.977160692698098243e-01
7.188082526927688232e-01,7.462903317710734008e-02
1.625916323275863329e-01,6.419653179098554485e-01
5.349997233551023745e-01,6.605580150392351690e-01
7.129656317369789109e-01,4.825940586244660269e-01
8.563948648254164908e-01,3.393203993840840926e-01
3.637391449911442365e-01,8.327000301144178440e-01
1.827423010025228667e-01,6.205149053129533909e-01
6.812328360721572329e-01,5.159191118404768961e-01
5.882529489050336569e-01,1.334876701224269047e-01
4.468047444747151875e-01,3.556312320873606936e-01
8.629011019771560820e-01,1.709505926707997059e-01
4.581225004359926745e-01,7.400678697034410725e-01
4.507037328285690148e-01,7.480822350353260042e-01
4.179467839489888759e-01,7.809568312197390227e-01
5.781758099073726065e-01,6.209714969891373393e-01
6.031698427133584950e-01,5.964654013170523905e-01
3.427659278429741052e-01,8.575957784497060254e-01
8.746060646443235553e-01,2.041466333544899037e-01
7.971097271056073463e-01,8.102364399927441951e-02
2.807281093573591457e-01,9.202132209562048359e-01
8.770967787323383780e-01,2.114003289754035064e-01
6.030176887280253029e-01,1.145904207376425843e-01
3.077778322869734184e-01,8.947266748382763923e-01
8.532704500751308041e-01,1.335364175513269469e-01
8.642549940973629496e-01,1.557060550950638556e-01
1.172230007698886745e-01,6.797514682549671283e-01
4.745837841457748452e-01,2.968261772693167044e-01
5.631122877499057378e-01,1.497909243459158990e-01
2.794489033925953159e-01,9.240886335646306682e-01
6.149854062373493191e-01,1.039208721974007599e-01
5.142382691624021174e-01,2.121528323236587799e-01
4.238462234358111314e-01,7.804720450158785239e-01
6.898099209064880721e-01,5.162146179101873011e-01
7.632799962322637244e-01,4.429442498605398182e-01
7.936984578968571125e-01,4.127298540130074356e-01
7.518682430869438882e-02,7.182387227125841545e-01
2.440638285224744353e-01,9.626577206437312295e-01
8.008234503248230496e-01,7.257712246326974981e-02
4.761569474524988133e-01,7.317102898444157733e-01
8.559327908181049160e-01,3.527358771402625548e-01
5.891861070077755169e-01,1.172023374317273658e-01
8.730968280894837452e-01,1.587436687463651408e-01
4.708190275091385102e-01,7.381741470591286491e-01
7.429941824148388330e-01,4.661803947296592199e-01
5.515253462732164769e-01,1.533413703101266234e-01
3.227805275168891264e-01,8.869913551550668851e-01
4.415050734841938773e-01,7.688221776346007008e-01
8.881856417015250305e-01,2.275735857780756266e-01
8.791594883598047305e-01,3.256335738589388740e-01
8.339590207983632597e-01,3.769833954604375759e-01
7.931141491071953542e-01,6.214870192688404238e-02
8.010433091131138328e-01,6.469082124349367913e-02
4.637502203339990414e-01,7.489004853448064658e-01
4.033638594502533259e-01,3.823806181798005133e-01
5.949391117050069067e-01,6.193476657522251072e-01
8.924117970151747015e-01,2.531774178565575628e-01
8.757010458570158029e-01,1.466282719086137165e-01
2.358800806403056338e-01,9.789587140237624441e-01
6.319871879229163047e-01,7.730151737247259458e-02
8.306149299550558140e-01,3.854270820975324030e-01
1.844899376236287525e-01,5.989799942891127493e-01
2.675275920142174968e-01,5.152671412337301859e-01
3.138461107797748673e-01,4.687715262097654767e-01
7.180489216291666699e-01,4.995914355706417842e-01
2.084228388133818610e-01,5.736942921871943657e-01
3.112850204474247873e-01,4.705375612251379014e-01
8.221603063164372172e-01,6.569416109476911014e-02
6.932898038955614961e-02,7.110821573832635245e-01
8.906911740225981200e-01,1.730791057080239836e-01
8.941476866883332209e-01,1.870411986653830461e-01
6.191792747727165036e-01,7.836969199991650203e-02
8.796651015628044190e-01,1.331358584198553130e-01
2.388120635747997822e-01,5.393569994020210867e-01
2.652047826734421632e-01,5.127481968022680192e-01
7.969489770154171149e-01,4.251162509100422371e-01
2.617344922277439201e-01,5.160868992665099686e-01
5.059088664430452242e-01,1.911952964304174385e-01
6.867709911179218363e-01,4.295105228208306869e-02
7.730392835585122580e-01,3.708524673735758004e-02
8.780318153337277609e-01,1.205008442679500469e-01
6.527330510522548757e-01,5.507663000740592452e-02
3.768221535728449867e-01,8.481892474585208674e-01
5.361622717602807509e-01,6.888993924700531624e-01
3.886600386413272545e-01,3.859651925426007546e-01
4.836762676459396282e-01,2.230168047012317523e-01
8.408218950625356847e-01,6.802882461971193617e-02
3.039652987148256935e-01,9.224895577129794688e-01
9.052030453012834821e-01,2.536466417508819182e-01
7.843162190273335055e-01,3.624732530965490973e-02
2.576040534557941797e-01,5.150397404214425157e-01
6.637693119429862731e-01,5.636389689216788623e-01
4.826520965948895014e-01,7.449813282857867813e-01
4.208603871401057628e-01,3.505783096558019452e-01
8.244048325717016068e-01,5.114549706288162856e-02
8.166123001404927972e-01,4.651126432274821365e-02
8.507237963884071164e-01,3.784127368018118664e-01
4.395564890507732692e-01,3.253303815379694486e-01
3.901385423173973077e-01,3.783372914341596172e-01
3.474295140158052408e-01,8.843024080365345929e-01
4.714608731151629373e-01,2.351760227818273652e-01
4.761131934369783325e-01,2.260845474502161112e-01
6.234873396126892064e-01,6.198920765059934279e-02
1.978556830776183606e-01,5.699926839675509838e-01
8.205523678792665532e-01,4.117295136161147617e-01
3.915068167272772737e-01,3.761992552436508319e-01
6.220101498999970335e-01,6.221778121984178345e-02
6.264286217271586299e-02,7.049096437167040596e-01
3.576804781660948285e-01,4.095649922351702887e-01
7.975470290648090099e-02,6.870692689120874164e-01
4.255175345095542072e-01,3.409335070377340626e-01
5.191075247107621582e-01,7.145390727592304536e-01
4.137623603674775996e-01,8.199554640281219164e-01
5.053318020822945567e-01,1.738253413780140866e-01
7.345935015835473036e-01,4.995618693024742596e-01
5.336212024605946347e-02,7.118958743342554962e-01
4.187924076492344216e-01,8.169661346430071580e-01
3.629934337540311473e-01,8.730400006909464494e-01
4.053357089248973422e-01,8.307716026817622001e-01
5.669398790525459475e-01,9.906019782940478358e-02
4.875150885531449596e-01,7.491220431942543501e-01
7.894576775551646053e-01,2.338938048346239640e-02
8.737042987547928297e-01,8.291929166765077408e-02
9.101356724748735916e-01,1.688906532440099806e-01
7.486096839309546169e-01,4.886096821017616998e-01
9.167570985216789703e-01,2.456482389773981811e-01
4.761144395875268609e-01,7.616400868872374996e-01
6.771103353101961542e-01,2.808969494721869076e-02
9.177652281695346526e-01,2.003673821611741124e-01
6.975945018268639997e-01,5.426034049720757091e-01
4.170166106207092716e-01,3.420790776240015818e-01
7.036593905472193766e-01,5.376863309398310919e-01
2.466544552687218728e-01,5.114318070129983962e-01
4.507483844269692952e-01,7.912534292159247862e-01
6.135137643628348902e-01,6.285994120034272825e-01
8.557215824829845774e-01,5.093751627943077231e-02
7.656055179044031211e-01,1.049034674839921522e-02
4.442913104765784382e-01,7.988482949508055597e-01
1.027962602288992056e-01,6.540331929781197928e-01
2.245653301629566556e-01,5.320225537053205889e-01
4.219702744860931443e-02,7.132058527496981659e-01
5.051686653662930127e-01,1.567281534646901564e-01
7.164859338287310475e-01,5.287104546802136040e-01
2.486679397917705980e-01,5.060402670227063249e-01
9.253760055738455836e-01,2.339331318096782297e-01
2.059288401951884229e-01,5.481929124415599874e-01
9.154847932482397255e-01,1.461096002249355763e-01
3.653061035495400732e-01,8.815026973795184739e-01
2.916740473080881024e-01,4.604717941989727725e-01
1.468156310097487038e-01,6.046220760792163640e-01
8.002604807304395385e-01,9.361601522746898496e-03
4.417687863563179995e-01,8.070657490458023053e-01
4.855968662946027470e-01,1.777370863758412911e-01
3.348547801707066895e-01,4.158751439395536043e-01
8.769029447201633909e-01,5.885684174964378457e-02
5.701646216242023391e-01,7.764840413378859552e-02
6.237332459854126876e-01,3.815504649746448429e-02
5.323419836335970823e-01,7.181115957176774645e-01
5.951698630755153374e-01,6.555344608549298346e-01
7.133859192032212526e-01,2.336771028852879795e-03
3.419217551468652916e-01,4.065712007704767039e-01
6.041403968658936030e-01,4.877413654616369332e-02
3.242729821502809973e-01,4.234703145541718339e-01
9.328097733192548535e-01,2.257227216998795027e-01
7.281668353075644307e-01,5.244508517275900950e-01
6.737978753772202456e-01,1.032017933547679789e-02
7.958373883966312068e-01,1.056482129531022274e-03
1.330918546372609201e-01,6.125129962571572717e-01
2.644361042074747647e-01,4.810516233134535247e-01
3.237675873656550296e-01,9.308539095056265200e-01
8.893614583712800004e-01,6.204898349204124308e-02
4.840291742329452251e-01,1.684176249385288537e-01
7.841676376749049382e-01,4.716758248076557969e-01
4.097308690512775353e-01,3.343221429033330638e-01
9.358900453632612582e-01,2.472553252758492581e-01
7.924100008059747902e-01,4.640739994645209920e-01
1.389615048677184106e-02,7.292493215901425518e-01
5.279862599941681500e-01,7.292051946271715934e-01
8.301499411354353875e-01,7.089436184328334889e-03
9.125589982095424491e-01,9.429843010182659135e-02
9.194078248999904002e-01,1.085306359495566975e-01
6.043601787443118045e-01,3.932773947522849589e-02
8.922091787823349662e-02,6.514771643865803208e-01
4.831045411641973208e-01,7.765769278258541908e-01
9.388948129960317246e-01,1.868963926571372003e-01
4.368153966732877258e-01,2.460708860113005603e-01
9.356925564136633344e-01,2.928118730227955435e-01
3.499655759586484116e-01,9.110700283962969159e-01
4.014281776752990361e-01,8.596261627427790319e-01
4.490101277365117216e-01,8.122944285339105397e-01
1.833839257481095775e-02,7.201609237041131095e-01
6.174928698487820444e-01,2.733012809648749375e-02
8.469732259966685772e-01,1.073905224836280148e-02
5.831183064661606963e-01,5.094587497995861636e-02
2.325271614473368720e-01,5.045191748558298661e-01
2.930339072800361988e-01,9.706678713429049976e-01
3.314131065954990518e-01,9.323947807507692032e-01
6.160597872351445403e-01,2.518556313790110135e-02
4.449052677917003651e-01,8.191715534157609779e-01
1.000902954752566076e-01,6.354534028450473659e-01
6.105161034600812275e-01,6.541596622436449682e-01
4.109233898085534742e-01,3.013660242850942916e-01
4.457578339040538795e-01,2.160558894742210523e-01
3.384139675511322887e-01,3.959074554773339694e-01
8.548512787908320032e-01,4.114028436824139767e-01
6.021700986233717856e-01,6.646980222581866382e-01
9.397802549373143188e-01,3.073950394144672194e-01
4.535667580967657209e-01,1.971320199934584183e-01
6.030271622838084822e-01,2.870282919463063021e-02
1.195011001126199401e-01,6.114805610680105197e-01
9.214458527174864688e-01,3.476111013926982407e-01
5.930760693054988320e-01,6.764347048427297171e-01
9.142613147678878560e-01,3.555153190481811221e-01
5.463780700732012718e-01,7.234659944616563809e-01
9.471818240364521246e-01,1.621522436634695863e-01
9.345780518547960325e-01,1.097885916326251099e-01
3.898082826714480698e-01,8.809427543427524876e-01
4.046998320781454161e-01,3.016388481436194091e-01
3.875695195883688271e-01,3.411632047846061555e-01
2.320587608332307372e-01,4.965995126863093079e-01
3.426003897105448504e-01,3.859411433259355428e-01
7.367639046443509310e-01,5.350536784551214176e-01
9.520629362966190889e-01,2.526337498749990917e-01
2.816311569763937372e-01,4.460338051516856694e-01
8.028013149886307209e-01,4.696835404173325124e-01
4.320954601674849016e-01,8.404295141093787169e-01
5.751758590124587123e-01,4.224394160600941639e-02
6.028407708570726609e-01,2.174425695237158784e-02
5.084210826165802555e-01,7.656303699336910462e-01
5.354993632082984956e-01,7.388000065690867313e-01
5.190812475317400088e-01,7.556671464275360739e-01
5.220611488462154615e-01,8.978435298171039136e-02
8.928634523537576362e-01,2.409235882421667529e-02
6.174873970203816897e-01,9.349891727685855081e-03
3.620974702587687055e-01,9.136367254596465814e-01
9.250593680484104908e-01,3.507212565617887634e-01
5.607718944660435856e-01,7.152764882632515198e-01
9.526696768034832452e-01,2.851162035396062056e-01
4.289778447871137601e-01,2.253053970371724501e-01
3.514704174363187938e-01,3.715179907803722870e-01
9.203896104062729844e-01,5.787759476499221289e-02
3.754723374319701712e-01,3.467989716915592657e-01
9.198929328807832206e-01,5.368016572888145710e-02
3.889567186724284253e-01,8.897929492524357942e-01
5.196402370231377743e-01,8.464149562281930717e-02
2.829398595545240536e-01,4.364910847122456250e-01
6.327666109875966782e-01,6.479227172819614911e-01
4.069971609154081627e-01,2.667193691243566755e-01
6.075920800264805743e-01,6.737652084248465512e-01
3.419308735813746392e-01,9.399208063943439440e-01
5.771296325145907069e-01,7.047544003932795231e-01
5.663215990339226513e-01,3.745420404068289244e-02
4.494062062551072989e-01,1.761904611296088996e-01
1.952345037698529628e-01,5.217238277308269279e-01
5.200231293805949173e-01,7.919202559644067385e-02
5.805595500875575521e-01,2.300536828877752793e-02
9.420188938866809192e-01,7.994069041089413297e-02
2.827152479823349385e-01,4.324684072304868510e-01
8.140256056164755227e-01,4.708343339169159814e-01
5.202905400076017761e-01,7.704126207547734584e-02
2.144854963944288206e-01,5.001259219955053181e-01
4.726545930749277424e-01,1.349549189357448498e-01
5.773256049157019509e-01,2.354495629776720556e-02
9.539154584058154862e-01,1.066863820984998990e-01
4.225985343255621585e-01,2.166510715571253742e-01
9.089240481003766359e-01,3.788560975965072908e-01
4.680144653646149955e-01,8.204670690046195203e-01
8.916594315937176329e-01,3.968318029842611283e-01
9.596618001302280598e-01,1.162613705784915075e-01
4.349946565734292836e-01,8.544250255375599457e-01
3.180436479496642210e-01,9.714144706808659491e-01
3.726739925757774907e-01,3.378326221777305793e-01
1.776457773527211348e-01,5.324778900759856715e-01
7.198525682953476057e-01,5.702305166127470404e-01
9.238186874128919701e-01,3.041801300611890468e-02
5.341300183272853497e-01,5.171991636024553252e-02
5.451797741929713670e-01,7.477807033695282879e-01
9.681545062398830837e-01,1.316733096888789145e-01
5.222679294735277367e-01,6.327538170676860751e-02
5.310924916464563328e-01,5.337391285234627247e-02
4.336657184114517394e-01,8.606503495389068448e-01
1.286818823971370707e-01,5.755664458454572419e-01
4.645429815507333693e-01,8.315109901265279602e-01
4.681633189483898061e-01,1.227262235413676406e-01
6.922052138806025212e-01,6.048296253016405277e-01
5.551675673079169426e-01,7.419337133007224416e-01
3.508107561773006200e-01,3.517529464436990327e-01
2.023101131684624798e-01,5.001435762968744481e-01
3.317369835303253245e-01,9.659988070439762264e-01
1.899213886661410555e-01,5.121328998416905254e-01
2.041644717755752847e-02,6.816108846541998334e-01
4.433847294248148829e-01,8.550489179801363804e-01
7.533125967952373214e-01,5.451635605810989382e-01
2.251406428989755071e-01,4.756721542509950718e-01
4.630407043443753867e-01,1.257279932554210555e-01
3.620285273259450376e-01,3.386429610751942043e-01
3.307671552612008181e-01,9.687368570407826063e-01
5.704328913139292689e-01,7.293200114920507238e-01
4.577830179555189005e-01,8.420220537622923329e-01
4.393018450714543111e-01,8.609234701086250219e-01
9.391071831885527965e-01,3.622519617478245912e-01
9.226200379037767796e-01,5.105584230034487803e-03
4.210050843358636996e-01,1.896479834618746141e-01
2.618663599483959104e-01,4.360788898646402734e-01
9.675600301986442275e-01,8.746439328322797024e-02
5.732399275753640167e-01,4.470960582083627344e-03
3.880212383540337928e-01,2.576922397740150084e-01
1.092372542720794204e-01,5.875013504776827045e-01
4.471710265819225372e-01,8.562208613032148419e-01
4.940887747778412997e-01,8.094199646800377401e-01
8.445147028909215647e-01,4.600972895841627386e-01
5.065081326617746349e-01,6.270040355962136491e-02
9.575430158473808850e-01,5.140024458697356469e-02
4.119152738318784257e-01,1.987571399406959927e-01
4.233477793666566846e-01,1.771627970761959769e-01
7.453731302003651082e-01,5.604516279678021240e-01
1.919828848817572986e-02,6.748530528119474070e-01
5.707367571195381961e-01,7.356814212070039716e-01
9.332814909759568067e-01,3.732340341550212104e-01
2.438138365993752776e-01,4.494458636885876324e-01
5.333182312572926076e-02,6.397425938060973261e-01
5.414189340208174217e-01,2.474967515071047064e-02
4.789999007081290339e-01,9.072875270970603978e-02
4.716989192363345573e-01,8.365735925630175540e-01
5.230789408101265137e-01,4.007871249825312177e-02
9.688152308543639402e-01,3.407979521621016250e-01
9.339440669371643633e-01,3.758290866254166973e-01
9.695766692618208449e-01,3.402874550022219058e-01
6.462888366909569360e-01,6.642211403987798857e-01
3.631400158800056621e-01,3.071002869040894145e-01
5.992181661363102929e-01,7.116920891433485830e-01
9.386562260397349755e-01,3.724107660207461867e-01
8.751392207666852663e-02,6.009070918119574500e-01
9.461835588056761726e-01,1.406182120934562629e-02
3.863642726684152207e-01,9.254407527898762531e-01
6.182562683736237963e-01,6.935999044339834496e-01
4.127021979245586447e-01,8.996163575183684369e-01
9.720973333892112267e-01,6.116949419407102795e-02
5.221094634853439276e-01,3.444047915665726656e-02
4.782917968551774202e-01,8.260714559709547711e-02
8.563558798218716683e-01,4.573504645265457080e-01
4.260800625310268153e-01,1.570127757967700877e-01
5.523576900147314506e-01,6.464793929656487137e-03
2.036713129228751029e-02,6.654708402065896422e-01
7.036750937991100852e-01,6.108978097458851453e-01
4.558239729944201235e-01,8.590924379486475360e-01
4.007386739876629411e-01,2.008003898058122738e-01
4.253694635079382502e-01,1.542262117812327471e-01
9.999338448960539694e-01,1.691700965290320324e-01
3.305053147316343587e-01,9.873816627995977147e-01
9.434510984907440445e-02,5.866918190931665888e-01
5.020393168025314434e-01,4.738754340505635376e-02
6.616001074903198331e-01,6.578058534506995292e-01
3.397936841563282684e-01,9.802095511789262750e-01
5.261400919607170934e-01,7.941491112737603109e-01
9.372774743217475724e-01,3.851559720059636316e-01
9.028198836351073453e-01,4.199044679875264530e-01
3.854152483670216789e-01,2.149028433843108710e-01
3.630519882149143562e-01,9.607109319412119319e-01
3.573628633321790371e-02,6.402525418445891292e-01
9.933520099713398777e-01,3.224695227119649399e-01
1.149702162304540032e-01,5.608306736405903603e-01
7.164268417793473454e-01,6.097960973168257137e-01
3.588778049783837298e-01,2.718854212022450145e-01
3.630032104881202315e-01,2.590040840943517164e-01
5.094673405560572466e-01,8.190123379688678540e-01
3.613414530887973930e-01,2.591109025045109648e-01
3.631594932610817672e-01,2.510811916792570209e-01
4.515219821693158275e-01,9.082233170785702914e-02
4.202494455838464704e-01,1.352984668692907011e-01
3.259119315816836338e-01,3.429227289700499393e-01
5.376793909818299300e-01,7.944209661592046556e-01
4.423049374477368012e-01,1.001975176326599382e-01
3.382380732603260665e-01,3.115911878047334937e-01
7.765641029639648307e-01,5.577439566702503404e-01
3.976655373390783899e-01,1.674086942712065262e-01
5.508756581242545414e-01,7.838531394707866085e-01
3.400533130286246264e-01,3.026590786836048652e-01
3.930701907340821144e-01,9.426668815748567853e-01
9.811936892546868627e-01,3.548737421921617230e-01
3.691072864484635785e-01,9.669833823145040919e-01
4.023777398866930088e-01,1.542746105493353337e-01
3.527567627081001911e-01,2.592907610150145814e-01
4.989870649357032173e-01,2.436605461698171382e-02
3.417120023927661121e-01,9.955607196144624638e-01
5.938882452524034683e-01,7.440802322020909632e-01
1.971950593240463512e-01,4.640751982630316741e-01
2.175632300134763275e-01,4.434060750700343778e-01
3.076370668002004205e-02,6.292407939871842437e-01
1.682664772102330231e-01,4.914892113861432099e-01
9.917265704472247867e-01,3.486059996651272863e-01
2.537351118213985179e-01,4.056325908841941219e-01
9.956057409414174053e-01,2.765892132073655141e-02
7.756073968580083910e-01,5.659029380038673729e-01
3.781552460760259082e-01,1.900271287886831084e-01
7.325106795961814354e-01,6.095593212604407674e-01
3.838330800557098188e-01,1.766667276288143018e-01
5.924458208454090880e-01,7.505290362333735255e-01
4.521737139621471169e-01,6.967177748427355599e-02
1.736149123919420445e-01,4.831533502800274826e-01
4.361893951122708390e-01,9.073915958294956896e-01
1.946083392723639838e-01,4.615841581297340790e-01
4.046278386879772482e-01,1.376642772999442377e-01
2.421357444947466186e-01,4.136588523176288890e-01
7.420699820896239363e-01,6.021661833028895128e-01
3.363151793446969018e-01,2.832233251721519851e-01
4.681341117160533472e-01,4.689747268454891316e-02
1.643295390176146009e-01,4.895398100509619210e-01
5.057945200442447442e-01,8.408151200539250025e-01
4.550054671607083323e-01,8.916914186123146013e-01
6.674352199413314812e-01,6.801712715699538281e-01
1.824711486281633821e-01,4.693456367046771049e-01
3.324822137859581028e-01,2.809059839084409038e-01
2.683190060566325030e-01,3.815334232433655881e-01
4.156068756933752883e-01,1.058003140475586301e-01
1.233948322441146273e-01,5.243761021702567637e-01
1.914355215279028855e-01,4.562211403115555841e-01
1.756897303123946541e-01,4.718598320644303845e-01
5.778366878635818882e-01,7.754323193786458734e-01
7.508155786689846289e-01,6.032583037146722615e-01
7.791773683592180255e-01,5.752209741094432838e-01
2.738917056335166134e-01,3.716972059883889568e-01
2.244874626582756827e-01,4.206459415274244051e-01
4.670399947301968613e-01,8.894046157812085518e-01
6.653765160878988283e-01,6.913202773148492408e-01
3.906794460414924064e-01,1.370574663169148444e-01
7.554205340390596213e-02,5.675492641309006769e-01
8.271572188281373084e-01,5.305146290483212512e-01
7.679993808437153291e-01,5.897871149155206050e-01
1.369991754462033251e-01,5.045799942819635397e-01
9.812835494069731546e-01,3.772033177283872218e-01
9.455438012272469051e-01,4.130657349940842771e-01
6.186804890510487764e-01,7.406723606104704816e-01
7.675975793702383143e-02,5.636728551917592478e-01
3.818650601180924031e-01,1.468733951113231351e-01
5.560170922454269471e-01,8.047464627237853607e-01
4.755390593670866251e-01,8.858635755476889084e-01
8.381137799946644096e-01,5.234583999225049800e-01
7.645839662849018836e-01,5.972194029728375986e-01
2.059614299801352244e-01,4.322333824021719062e-01
5.687855921505697854e-01,7.930197032755446074e-01
8.749222814241516266e-01,4.869827777440896011e-01
4.231295016899097039e-01,9.407043105035606256e-01
5.699072943981187134e-02,5.785973843845240161e-01
3.433201374922068005e-01,2.109219270328834828e-01
4.820563834937505732e-01,8.839182941731106302e-01
2.423837654635597749e-01,3.911148966736923693e-01
1.843389816129594738e-01,4.486489798907146165e-01
7.623639397409742724e-01,6.052477088760902513e-01
6.833951367372143038e-01,6.847205498706577798e-01
8.520323790607315928e-01,5.165741850857450412e-01
1.799936808887435680e-01,4.512142016533311484e-01
3.961887784246027611e-01,9.733065837109899920e-01
9.532196947883844196e-01,4.167765631054239917e-01
7.399908179395626728e-01,6.314332842481200636e-01
8.063359096602878973e-01,5.653056361607916580e-01
2.981617162624259354e-01,3.204500688703447731e-01
9.256631746238510594e-01,4.468252597632633716e-01
6.613402462333419773e-01,7.117336116819249492e-01
3.079091319383594483e-01,2.830793550877209741e-01
6.632301602732136869e-01,7.100731673948186273e-01
3.796854126397163354e-01,1.244746546639056151e-01
4.182672276003296385e-01,9.554827526285502026e-01
8.497243082615103527e-01,5.256977079706404155e-01
7.572222208795537091e-01,6.202100458051378329e-01
2.614024803721667345e-01,3.606151066868336086e-01
3.003544647277832658e-01,2.899546670660372305e-01
3.411348779660783315e-01,1.856960763123838287e-01
1.115534967821428802e-01,5.090129453238442236e-01
8.673976806349257274e-01,5.130447700302949166e-01
8.820765497880889150e-01,4.988767634553828989e-01
3.406344924116500028e-01,1.817148320480309609e-01
4.450211268588015745e-01,1.874241305972534910e-02
3.480572124814979018e-01,1.614399057391567860e-01
3.584562749716925234e-01,1.416135779749845280e-01
6.365359819113322049e-01,7.483184202921371320e-01
7.612300002178874481e-01,6.244425875710630791e-01
3.403956405964847498e-01,1.719272004132746945e-01
8.538229159268688750e-01,5.323718077621482081e-01
4.083854594911981994e-01,9.782342934430731107e-01
4.171953102417370607e-01,4.449084247225865152e-02
8.709331617087224808e-01,5.174293043711081230e-01
5.118498031134768311e-01,8.766322755605177042e-01
6.941272282839056063e-01,6.943743259939535450e-01
2.790412201450640506e-01,3.267710712317396515e-01
2.827507097276498182e-01,3.075561421200168066e-01
9.278836857791799009e-01,4.635856334106892573e-01
1.564470913802235019e-01,4.499354991318308405e-01
9.025134084786677890e-01,4.913369695959097783e-01
1.177260644823208136e-01,4.883888203710434750e-01
9.841410068655628285e-01,4.104220814389858418e-01
6.896753644603930145e-01,7.049249912791890615e-01
6.583064991523659426e-01,7.365891562864457232e-01
3.416028123489933677e-01,1.492229779417721947e-01
1.508329767594218662e-02,5.889212422504751521e-01
4.005049263939499671e-01,9.955191557323556095e-01
7.785143380719794504e-01,6.178159576323105640e-01
2.854481118645171289e-01,2.787964714526416365e-01
3.018061804658020986e-01,2.325492284924151054e-01
8.864501197716142533e-01,5.112367927631881193e-01
1.631011377285590536e-01,4.387683533071667918e-01
3.455224541624577483e-01,1.374508839393432380e-01
3.454914587802941917e-01,1.363687099083934484e-01
6.191962162499750066e-01,7.796002421034207153e-01
5.293325740783121347e-01,8.695962916397310671e-01
7.311967195194214453e-01,6.698219900316948472e-01
4.234493997795272247e-01,1.514203488209686643e-02
5.650229456603456102e-01,8.364637817989002411e-01
1.106045367836816506e-02,5.872725804338568834e-01
4.324786508891474979e-01,1.528666773860654082e-03
3.174628245530891624e-01,1.818302296596928658e-01
7.466753762410567319e-01,6.567600934197175278e-01
9.098394047406993534e-01,4.937715584205185637e-01
3.140209671092886179e-01,1.886259304632954548e-01
6.788232679192603980e-01,7.249564163475179512e-01
8.598186296684782182e-01,5.441617292652417559e-01
4.652232497659777311e-01,9.389781464991805437e-01
9.970940480263824623e-01,4.085027446833846554e-01
4.874909548598472808e-01,9.182916261567483085e-01
5.750914665383253244e-01,8.307661005674930044e-01
6.993827115629607238e-01,7.066948123230850642e-01
9.850686336430158896e-01,4.214265573695307188e-01
2.156520894711009273e-01,3.777294242392336132e-01
8.878404156646571010e-01,5.195786940289051081e-01
6.399298792791257018e-01,7.675309215057809498e-01
9.361073478320940389e-01,4.714381031594092608e-01
2.773434175022191361e-01,2.705278416010444831e-01
2.417120101901879536e-01,3.495281018397610184e-01
8.585414061588033663e-01,5.507870978783376836e-01
1.431465225129678887e-01,4.473566110736753032e-01
8.750850514074169917e-01,5.347173825055373531e-01
3.007492406216145664e-01,2.026302252012289751e-01
7.961019163773597196e-01,6.149233034813731402e-01
7.468965082080761819e-01,6.641702629880663622e-01
3.703699739492833931e-01,7.023042380275390517e-02
5.755707567980301587e-01,8.374707944505349611e-01
4.613257171782680910e-02,5.407293943539582814e-01
1.936499539240277290e-02,5.662341394056136235e-01
6.676544651301302702e-01,7.484372171915429917e-01
6.964525272919487309e-01,7.198846596953203392e-01
7.008322027747747596e-01,7.157160585380879514e-01
1.957092318378439444e-01,3.874615039287736540e-01
6.930767338069466765e-01,7.247129490196209112e-01
2.836776768872713017e-01,2.251356369515068456e-01
8.339045964610596329e-01,5.862042054956017045e-01
7.637554711816425534e-01,6.566171365387039049e-01
4.595399172812867361e-01,9.608370525238588700e-01
4.843653281371745889e-01,9.361330257025418655e-01
8.090498018976327588e-01,6.116780740194656119e-01
5.873979656765130342e-01,8.334722303810949695e-01
1.590072444679484498e-01,4.194430539836627725e-01
8.460525702787612401e-01,5.758728102130457049e-01
2.488158978322851933e-01,3.175918325527601338e-01
6.179874326109123794e-01,8.039947005233244459e-01
7.271513513646342686e-01,6.949215114480815636e-01
5.912635488651697413e-01,8.317405797241504972e-01
2.647784727816487882e-01,2.610733191414683629e-01
2.678730334744386932e-01,2.512830926200392279e-01
5.519272471088091381e-01,8.719853109329408491e-01
2.597294048506814113e-01,2.718159531757077252e-01
9.276612027154171880e-01,4.976070317959286893e-01
3.304000658251118328e-01,1.112620978372425018e-01
4.513456931284345330e-01,9.754620361597392542e-01
8.608456473449704882e-01,5.661622785405779901e-01
2.165393341111992997e-01,3.558608079071231556e-01
6.578366262387523866e-01,7.698355546032289443e-01
6.105485029650884465e-01,8.175440379068028562e-01
6.109738342687481838e-01,8.174661616219709437e-01
4.967685521581017838e-01,9.327415211990613964e-01
5.531417122907059669e-01,8.765979795466375402e-01
6.550001860941133680e-01,7.763249049627478637e-01
6.997777697180335155e-01,7.320422407719258118e-01
2.529451636672187531e-01,2.694177355034728105e-01
7.194550562832864316e-01,7.135657989330784767e-01
8.552260021040500870e-01,5.778958256013718708e-01
1.702146123115173548e-01,3.962855506567414254e-01
2.084581953737866256e-01,3.580273612569793151e-01
2.334852372200200143e-01,3.317265044759362125e-01
3.063700566916583989e-01,1.382637311787523471e-01
7.557607095394678343e-01,6.801798602121734705e-01
5.141210873510985158e-01,9.219195698073281431e-01
7.967189728624520795e-01,6.394806290171266561e-01
2.338050267555530359e-01,3.201158267640784594e-01
9.478573865284378730e-01,4.886198038825311230e-01
4.402185588585704190e-01,9.964522879176054282e-01
9.040996998093243642e-01,5.330514416862468519e-01
2.758242476298443657e-01,1.967061285180123908e-01
1.409518437218412190e-01,4.206337609548238543e-01
9.241219819217321163e-01,5.152476111422459315e-01
9.873050344004137280e-01,4.531348074219979649e-01
3.252446682159837454e-01,9.083319645565701705e-02
2.952944277941430551e-01,1.442295310882278914e-01
2.882572859327570125e-01,1.558270130824892519e-01
6.537898644090858191e-01,7.899887476006706155e-01
4.820562508724018924e-01,9.617970721508470877e-01
7.240835447363180855e-01,7.208624886685953692e-01
9.673328998783925492e-02,4.582093055845666285e-01
7.669996155829716944e-01,6.786833468522782686e-01
8.148763627504095330e-01,6.310770221947243908e-01
2.762475807093192071e-01,1.741006564868812223e-01
9.828681797238906226e-01,4.638543664740557571e-01
7.815161421840109979e-01,6.652549161133287647e-01
2.079434754965187038e-01,3.442564330122532823e-01
1.858887704930408669e-01,3.660945390071793648e-01
2.666952813085080587e-01,1.852063338913761958e-01
2.354465855667563501e-01,2.648286101145655991e-01
2.100410861060044709e-01,3.385114806896406536e-01
2.390712013877156483e-01,2.530839600582507343e-01
6.040611676672139607e-01,8.486458823298459464e-01
2.244477307947577716e-01,2.941932110704125192e-01
8.064646523259038080e-01,6.480703220066015291e-01
1.577149187221577042e-01,3.876051283072785569e-01
8.669970302833386322e-01,5.880478887825163481e-01
2.364606470279173589e-01,2.499132303568459834e-01
8.981393180832512035e-01,5.574580990380243462e-01
3.548666101956144958e-01,1.848190358884005402e-02
8.429317595030846322e-01,6.135630614044117470e-01
2.446711180848465395e-01,2.234103719331583804e-01
7.079852078754056421e-01,7.493328723565257921e-01
1.129300738810230520e-01,4.294725052162362555e-01
6.125126163076353158e-01,8.470065683920378063e-01
7.168169379019769805e-01,7.432147605860193185e-01
2.083535637044122701e-01,3.205664393290722503e-01
8.285738616210780449e-01,6.334831845603970946e-01
8.362101329323153864e-01,6.259193277007977230e-01
8.270777061285471410e-01,6.357208423693491151e-01
2.577369547711416686e-02,5.110086840948364628e-01
5.947958775940372922e-01,8.684667583565531812e-01
1.365682881639556090e-01,3.996679673915806141e-01
6.680267271276875141e-01,7.970749453137262464e-01
9.616948164519786291e-01,5.042689703705831583e-01
2.035719227428554046e-01,3.218260506933947607e-01
6.930463265654523974e-01,7.735058171937569949e-01
9.669781874993093052e-01,5.003516065984998651e-01
2.237583935611989761e-01,2.495878542630604047e-01
7.217036496281226121e-01,7.465077073808913388e-01
8.402209928349398949e-01,6.289351457753034058e-01
1.941423925871580414e-01,3.365864802146939505e-01
8.607103635830168908e-01,6.088242955200680040e-01
9.453597883904919508e-01,5.242135699347764133e-01
4.001909772511302865e-02,4.898823697938439192e-01
5.477934153717919363e-01,9.229240284438786635e-01
6.016804400649189422e-02,4.689822573811386341e-01
3.382733135090441046e-01,1.659084246989694922e-02
6.776590115143483750e-01,7.943423117541020817e-01
4.991511423505420320e-01,9.731452147139296738e-01
2.002628508766035598e-01,3.104377253465430142e-01
1.179239283997930432e-01,4.092831781702674920e-01
8.563269301542381085e-01,6.165928590602208770e-01
3.409087223203857153e-01,1.079115042060574403e-02
3.240406824198373004e-01,3.510340982908288776e-02
2.510836943075732686e-01,1.665966636527916878e-01
2.197618216564770632e-01,2.437861798656644208e-01
1.722351814308638041e-01,3.532268945897708567e-01
7.890805630887641753e-01,6.862936756080609824e-01
1.553401461923348270e-01,3.690447942756128752e-01
2.466370355170982576e-01,1.722054531504040309e-01
1.843443112112029825e-01,3.389633762413227780e-01
5.192061636814639947e-01,9.574888166014607904e-01
4.912654161298707356e-01,9.862990599935591574e-01
2.369417464586535127e-01,1.883279055437268035e-01
7.496468268233454912e-01,7.300711223688003404e-01
9.924363204172508279e-01,4.877364854297305818e-01
2.971501661518610726e-01,6.285409281344744858e-02
8.637055154802164569e-01,6.202879676274711818e-01
5.186402926737201380e-01,9.654284327375410868e-01
2.004427065374988493e-01,2.684693946811789189e-01
8.109726512254841202e-01,6.744050874319132971e-01
2.440366374805578165e-01,1.544178597154362009e-01
1.512484813227237268e-01,3.624782829127306538e-01
9.750117452709150534e-01,5.114460794403491439e-01
8.745233493030580840e-01,6.126744833281128066e-01
1.381993621491597324e-01,3.744319249372700664e-01
1.911345688019477906e-01,2.877265675156234215e-01
3.030417002866229170e-01,4.045998405207662518e-02
2.123851135395733447e-01,2.216233816575333693e-01
3.222488718930340834e-01,9.856448251919225356e-03
8.025864798027376734e-01,6.871171480669616694e-01
8.295372548790724831e-02,4.258677773779220299e-01
6.538482287900260204e-01,8.380142449323313425e-01
7.936995400758961594e-02,4.284610766739264109e-01
5.520830794069633285e-01,9.404690120892812422e-01
2.020538623716529036e-01,2.405727237937588248e-01
6.106785726083249211e-01,8.824334573893011235e-01
1.433991540095270745e-01,3.631373516688107816e-01
5.292084317606834398e-01,9.643973524377082995e-01
4.650777015986695684e-02,4.596128423111872641e-01
9.881808987046367676e-01,5.069721193735291509e-01
8.722137308549544610e-01,6.241271936081449478e-01
5.094863217890085449e-01,9.910920470812515370e-01
2.758162715765327677e-01,6.369955994003106969e-02
9.911111005656371153e-01,5.107877073513532595e-01
2.703640078694263815e-01,7.069515679978677358e-02
4.954676669575408532e-02,4.478852212827644230e-01
1.232411543167667434e-01,3.739942420997585115e-01
7.383336180538081495e-01,7.646162337850603841e-01
1.712836666150207021e-01,3.042435903533184938e-01
8.100612106277836899e-01,6.952963950846358099e-01
3.024170028013453138e-01,1.206778931669005850e-02
1.659634955222972774e-01,3.128657775043216516e-01
2.012621445525194508e-01,2.063724691794014410e-01
9.219990016960888379e-01,5.843039644825945844e-01
8.969998850047135042e-01,6.095543936111069705e-01
7.382387424587125713e-01,7.696306042897189670e-01
6.026842632294804325e-01,9.062751337764950454e-01
5.783862151659289186e-01,9.307625948609048461e-01
8.275467456531949706e-01,6.823096229358515119e-01
4.863738129214500994e-02,4.402650410113964075e-01
2.433097863205361255e-01,1.017811787993254669e-01
2.084253950803210964e-01,1.680168872462082241e-01
9.120238703102634403e-03,4.747188449443667801e-01
6.336427525721403109e-01,8.828015856199411537e-01
6.276680169305864920e-01,8.889240485308644857e-01
9.801127337860722211e-01,5.384929786523950934e-01
9.131057682800796105e-01,6.057725595957439424e-01
5.316141920745404148e-01,9.879958140765522367e-01
1.750534200877364999e-01,2.394885808493207868e-01
6.909207798931192857e-01,8.290914525229906573e-01
9.928219859399645131e-01,5.277290939044790852e-01
1.797534925469994604e-01,2.232471780061947575e-01
2.005958170873831659e-01,1.690374196421441377e-01
2.524294450097238629e-01,6.408404509526977044e-02
1.608831947988037525e-01,2.741445840504976861e-01
8.249835555092173145e-01,6.991236796771134188e-01
8.775167131937517961e-01,6.466017714896523660e-01
1.398524055185967896e-02,4.618916017147179920e-01
1.795664261938397788e-01,2.152480046588787221e-01
5.353589965638801962e-01,9.889280777537239331e-01
6.660207343112054534e-01,8.589390771908481659e-01
6.970801202955747566e-01,8.281373421331359452e-01
7.789723655689645421e-01,7.471539804891245140e-01
1.719354063720680559e-01,2.285968545821297493e-01
1.989492186557774156e-01,1.574185835678069134e-01
6.016261144582949472e-01,9.278436516860728567e-01
3.059490942556719606e-02,4.388884117358822223e-01
1.618861587044657657e-01,2.445188916704432724e-01
8.146926810817570752e-01,7.170565288651805647e-01
7.524468294525920031e-01,7.814439405245094949e-01
7.749046110587820557e-01,7.596742545220344089e-01
7.684878952110735240e-01,7.661912106436959968e-01
9.101036220229629103e-01,6.247918984374681850e-01
6.694931677253530555e-01,8.654392739930781842e-01
7.750151364381572261e-01,7.606629306251533329e-01
8.813826340899822975e-01,6.550301299707932401e-01
5.694663921815631413e-01,9.672054597414108112e-01
1.465148464402575845e-01,2.737416376421631936e-01
2.707110950061184518e-01,4.543779948285142645e-03
6.682661480566483014e-01,8.699429913625803534e-01
2.148461303141078194e-01,1.015088106877752860e-01
9.101170822965636287e-01,6.289273639439416641e-01
3.582991674950430916e-02,4.247627086528803497e-01
2.712471310422506221e-01,1.006077872872213064e-03
5.732534459248982417e-01,9.667573680676714298e-01
2.506131672581068948e-01,3.293400924594402923e-02
7.430904040850712100e-01,7.973072766361124497e-01
1.472062596549380542e-01,2.601456703569446915e-01
2.600472668512413543e-01,1.661377497374127987e-02
1.542477055086487470e-01,2.386726168049970731e-01
7.332587919798284615e-01,8.076768751582742434e-01
5.713949493149959036e-01,9.704917729808677507e-01
1.364660895694805864e-01,2.890389316985786383e-01
6.217055955390820010e-01,9.240958136258605737e-01
4.624793755285649954e-02,4.074771114967166152e-01
1.513992059676017021e-01,2.302012116323451929e-01
8.385710707274240949e-01,7.097186885430604164e-01
2.187905636358797867e-01,7.411452983192567956e-02
2.097721764010663792e-01,8.919916646102254987e-02
1.866300030738838878e-01,1.360201795161609661e-01
4.395142031585508313e-02,4.059571679962501456e-01
7.594133667600452275e-01,7.926214989446747072e-01
6.989045482263023246e-01,8.531966566118679429e-01
5.588242798032170278e-01,9.944705330056768933e-01
6.478111780326600844e-01,9.065558584050592561e-01
7.895985522269836077e-01,7.647852049322344525e-01
2.360685867675188510e-01,3.120244047806775001e-02
6.810683505506281987e-01,8.744405820375282801e-01
7.568369156003532661e-01,7.990974594195994207e-01
5.807587933013539372e-01,9.752443790542162372e-01
1.520652694954391926e-01,2.025659581720931079e-01
6.053283959055224539e-01,9.517814285589245582e-01
6.718272253845768427e-01,8.854005838365999193e-01
2.204498169096926752e-01,5.184618012333319648e-02
9.276815997801446390e-02,3.489934223336548236e-01
9.768320063800300934e-01,5.825134341162871987e-01
1.780585200352619024e-01,1.315976925538649978e-01
7.275260477275329318e-01,8.325474695393390023e-01
7.978782762773790616e-01,7.625224736545570536e-01
7.792846444080645529e-01,7.820618768706673052e-01
2.080725404266189349e-01,6.541011654702244549e-02
1.502056775869934357e-01,1.891427100184455146e-01
5.810573832802949923e-01,9.822730903226778443e-01
3.590411739016308168e-03,4.330222410754530626e-01
6.089311766625428168e-01,9.546983942869875506e-01
7.075165450151535973e-01,8.565821185165641838e-01
5.496558594475264847e-02,3.806182483895179658e-01
7.030641036329003946e-01,8.615717947592688164e-01
1.865809591829735714e-01,1.031756366324952934e-01
7.278321600715328410e-01,8.374833573229809591e-01
1.934914990920334477e-01,8.735018630502899839e-02
2.382946713206849365e-01,5.945265409233901899e-03
6.366901447093550326e-01,9.299940412743409324e-01
8.187393549098974654e-01,7.481224903187130293e-01
6.458444824550124697e-01,9.213224041679868304e-01
9.898961452286336726e-02,3.329660374488992991e-01
8.403231979371785787e-01,7.280464322144485356e-01
9.592010930909522504e-01,6.103583963102264809e-01
7.658737217280499054e-01,8.038377090688880733e-01
9.412239063800839078e-01,6.287073749672337231e-01
5.921864148988111864e-01,9.778895628901282944e-01
7.946120744979842110e-01,7.770980836943001124e-01
7.057481163438028560e-02,3.551001372768285425e-01
1.802209596978650019e-01,9.546074792476244575e-02
6.850679606158593948e-02,3.561986308458975348e-01
9.360453112270584741e-01,6.397242995407166344e-01
6.308035063316412838e-01,9.457517748167332261e-01
9.070723029064977627e-01,6.724560562432596589e-01
7.879315391069370289e-01,7.924763435232985431e-01
9.982587602686865402e-02,2.824231499119373989e-01
9.122696342829490490e-01,6.686692818752251188e-01
5.997689746644041531e-02,3.578854204740000711e-01
1.965673297794117147e-01,4.787592399538687093e-02
7.574358522554628381e-01,8.257831905251095117e-01
9.072487455676122581e-01,6.768128219704434567e-01
1.904348899346430812e-04,4.148885776632770250e-01
1.142823973920377156e-01,2.230622861834286041e-01
9.144191188069240583e-01,6.733286311868587060e-01
2.763932315267336737e-02,3.837467575518426210e-01
9.989486241620666451e-01,5.907044914301524674e-01
8.025172339018854517e-01,7.873542973856993976e-01
1.037718469583958081e-01,2.375875076046731760e-01
5.959021189219152470e-01,9.955543130363528892e-01
9.788736199396760318e-01,6.134190141072114466e-01
1.239471860748109222e-01,1.751129926876147103e-01
9.259993102519996633e-01,6.692258045539296596e-01
2.606332778935438466e-02,3.774247016329831395e-01
8.999642172489885628e-02,2.587716999390523576e-01
1.241041668404996301e-01,1.626623673345360954e-01
1.416188081582618885e-01,1.211831124376657742e-01
9.510250964829580766e-02,2.340889311158210750e-01
1.013901974008428741e-01,2.143583532137250947e-01
2.921764401014703694e-02,3.655012067178585733e-01
6.702126697595305327e-01,9.356350581249137655e-01
9.470946340704672339e-01,6.594931736154102664e-01
1.264032170722444448e-01,1.376791203740669323e-01
8.231376984737900360e-01,7.856161896849858106e-01
1.392667791765521690e-01,1.055584409651511013e-01
1.797917167778603220e-01,2.194712710338397876e-02
8.009102069907294563e-01,8.102042887920481995e-01
7.663770780766380186e-01,8.449148776867517752e-01
9.538610944048263596e-01,6.581242262597077897e-01
9.358118867320927015e-01,6.764166874138004548e-01
8.098660730217120962e-01,8.032101089724373866e-01
4.291478430234141328e-02,3.423110269553225615e-01
9.442828448856264156e-01,6.718109469470423534e-01
7.976356711901901875e-01,8.194418368579533540e-01
6.675703280191835898e-02,2.689903486764013696e-01
8.120735042841131790e-02,2.250056839876677373e-01
7.660641372712863051e-01,8.531967731272709354e-01
9.484288068373447622e-02,1.837360545916503218e-01
8.958383417523101411e-01,7.239308182065423702e-01
8.627041861272188861e-01,7.576659203988416191e-01
6.125991301080635498e-02,2.765565779445505745e-01
1.162342069742138273e-01,1.258569583875452924e-01
9.137336055738920493e-01,7.083453204801668512e-01
7.063203578150620832e-01,9.158923412902864047e-01
1.193649858052424628e-01,1.161482560814611764e-01
1.048694163415364589e-01,1.467655405171273131e-01
7.833570411238388598e-02,2.120976370341134398e-01
1.079444245638744304e-01,1.353668694534102546e-01
7.036974837042954123e-01,9.244304029843056769e-01
8.767350430119058569e-01,7.521659786296871486e-01
7.634097435121025566e-01,8.662533980125333155e-01
9.816224421383803467e-01,6.482783634473940904e-01
8.689757098984290939e-01,7.612733045402355625e-01
8.266911536864963717e-01,8.038259614061370462e-01
7.510346276839680035e-01,8.809792202763930824e-01
7.872357823954249101e-01,8.450404276563225903e-01
4.140317160090967175e-02,3.053303980684155539e-01
7.757164393775978217e-01,8.571336420287019031e-01
1.161329225986357239e-01,1.005789724599546187e-01
4.284098238610700715e-02,2.977413271188037447e-01
1.048018654422182561e-01,1.253172360454870571e-01
4.159804728780991390e-02,2.954226316579600109e-01
7.477146552761113618e-01,8.898053685801309287e-01
4.137690439217978078e-02,2.869085526185207735e-01
1.156964669436242321e-01,9.047631983452653071e-02
3.645136433209150706e-02,2.977276584208390364e-01
4.062832729117382691e-02,2.822463054993115117e-01
7.896803125808050661e-01,8.504948243334929936e-01
1.474148325392857783e-01,1.458077991687434238e-02
5.126475547557440837e-02,2.149414131374464132e-01
8.881879049359167055e-01,7.646821474270510954e-01
7.875667713080753973e-01,8.666791134547423558e-01
6.757014195092047038e-01,9.794443982313010277e-01
6.577460041910120347e-01,9.989784917438447875e-01
8.584794912105574438e-01,7.984890265466924042e-01
8.753323507361089328e-01,7.827076524659182244e-01
9.981169485845786671e-02,7.868046902000536136e-02
8.587895482401441960e-01,8.009053775719684465e-01
9.664232225790635455e-01,6.935831736733257813e-01
7.248412769918242127e-01,9.363342788845040454e-01
1.249355780554861628e-02,3.052922551064356504e-01
7.148601497684137218e-02,1.349372613561966583e-01
4.628348290498951467e-02,1.967626297516270606e-01
5.684723174522443578e-02,1.675586208636949959e-01
6.970411712570168117e-02,1.305331960027114047e-01
7.519531093665052790e-01,9.136519274045286076e-01
6.761871749427754708e-01,9.909941687383322373e-01
2.732501554752697626e-02,2.351056430493807525e-01
2.410553222688316399e-02,2.410779613255745746e-01
9.688467488954333184e-02,5.927492349089147350e-02
9.334957953643213679e-01,7.377418631194609944e-01
7.476868587410209210e-01,9.236790623291587510e-01
5.960497047008661564e-02,1.393579072346925463e-01
8.040481011433098235e-01,8.690564310320563202e-01
8.453898634162866355e-01,8.284135471450299049e-01
7.982230752721578559e-01,8.760130283733412737e-01
8.336422171292112715e-02,7.877916079884494938e-02
5.049286637394423405e-02,1.498058445293530827e-01
1.014933520397602873e-01,3.140002732922198003e-02
8.163139914748879233e-01,8.640635291525003980e-01
6.680380278440223307e-02,9.938002887080454872e-02
3.589137201076775252e-02,1.731176726877270422e-01
8.759909005272518145e-01,8.062666403521571157e-01
9.810907166931502887e-01,7.016122320600186590e-01
6.567322033239053614e-02,9.403149348351869108e-02
7.144178142965953437e-01,9.748228804975925810e-01
7.436675875670304414e-01,9.474319538870051849e-01
1.204767375623849723e-02,2.102287596103267209e-01
7.690254767058957164e-02,5.399942238165955644e-02
8.226707942739515111e-01,8.695282211301820219e-01
1.027933622489364263e-01,2.341144061706934565e-03
7.770729859701397402e-01,9.171216295324680079e-01
9.488292960745021709e-01,7.484928383432239984e-01
7.861908919402214035e-01,9.116677911249398969e-01
7.369802839971062447e-02,4.683072795315679215e-02
7.859072274621214937e-02,3.609441213602671006e-02
8.144684150704836201e-01,8.908289369411525049e-01
8.694939008399681368e-01,8.361168106101395381e-01
2.234627385036103142e-02,1.448323461123878220e-01
9.994561301747706406e-01,7.077220436214749499e-01
9.378500885158308487e-01,7.720682007870536268e-01
9.587187924924487348e-01,7.538678768368421990e-01
7.223139906242507235e-01,9.922415212437507570e-01
4.731985095418345111e-02,6.604272685995049574e-02
8.373210831761872530e-01,8.806596465689658926e-01
4.025162873982568446e-02,7.366723323206747498e-02
4.332823244901673476e-02,6.570354675758416363e-02
8.338927134046372203e-01,8.874622884758487373e-01
9.173395485153968965e-01,8.049836731004171853e-01
7.865301577254775189e-01,9.362411896258600041e-01
7.593430614467403528e-01,9.640273296946323400e-01
1.492687506888989990e-02,1.143173853320368361e-01
8.159245767677397732e-01,9.104532229127422216e-01
7.768086238451503700e-01,9.503913862161942339e-01
1.354276465031623022e-02,1.082604424399987719e-01
7.967792011557486287e-01,9.348536631836771305e-01
4.257178874129019519e-03,1.230620287711020611e-01
9.032894282082072346e-01,8.298777350101322892e-01
9.082887926729030781e-01,8.250798595484007958e-01
7.887453604465936019e-01,9.457705066097918944e-01
3.461792491874549071e-02,4.066220659937935800e-02
1.715723584163908466e-02,7.468683404290987760e-02
9.939635713642607229e-01,7.475880138620357718e-01
8.916093092977858126e-01,8.523012703906257537e-01
8.053082127343449415e-01,9.415343397431525929e-01
9.132597653634714208e-01,8.337155849624477977e-01
9.490405017451138958e-01,7.982765369425788293e-01
9.814494972538762019e-01,7.685936429924331570e-01
8.997755540071903368e-01,8.572881959179301514e-01
9.917056126366252666e-01,7.806534129013102952e-01
8.757893679061968806e-01,8.997651877153814981e-01
8.767146659542133236e-01,8.992670896244155943e-01
2.915402887945339749e-03,1.859206425539594587e-02
9.446346248941028811e-03,4.190082561699171038e-03
8.763166551882997091e-01,9.055272264897835655e-01
9.232621820948571090e-01,8.649023315124538813e-01
9.874415328621731769e-01,8.011509160724455958e-01
8.346724560453285813e-01,9.557062749788044487e-01
8.650430304645474466e-01,9.284630152891933941e-01
9.159506314979598551e-01,8.834447478501469275e-01
9.997387633268906004e-01,8.086263406855269675e-01
8.784078838203256412e-01,9.343060668112247447e-01
9.637540813115947902e-01,8.524006114177149485e-01
8.336214064859827078e-01,9.828282912355813528e-01
9.392334951578966695e-01,8.773231971289691122e-01
9.676141930658640478e-01,8.499615791131812648e-01
9.629513861260916574e-01,8.549372475878231903e-01
8.391076129000467621e-01,9.792599108299938626e-01
9.035772311480394503e-01,9.168349543607912100e-01
9.659341236878230541e-01,8.547250993584687428e-01
8.745572282817513088e-01,9.474985920590415223e-01
8.472658599213435116e-01,9.824449301641584587e-01
8.772153290164091954e-01,9.532108529679709230e-01
9.721605817715993636e-01,8.610227663464323777e-01
9.054242737201428914e-01,9.386483177738583761e-01
8.853095574983724791e-01,9.632113764605704231e-01
9.132937908602546395e-01,9.423571267564754272e-01
9.017815345083373124e-01,9.600468567669521169e-01
9.609151945165279596e-01,9.025096969676136283e-01
9.034851319512400281e-01,9.672984543568907689e-01
9.793065352163575765e-01,8.944877813912608389e-01
9.137920411838923451e-01,9.615627929548693498e-01
9.943370907517523616e-01,8.868457561063055605e-01
9.883959786486902210e-01,8.959154660866514019e-01
9.543207498223243990e-01,9.418752431354205923e-01
9.183224315141225169e-01,9.974257134906093780e-01
9.754169631606838253e-01,9.583670763692700989e-01
9.520383883585932239e-01,9.835433148912490209e-01
9.704062990853035142e-01,9.651813217604180428e-01
9.501264508271433096e-01,9.936510710767089138e-01
9.771380408608617563e-01,9.670771426629175549e-01
9.922082204348826595e-01,9.594669130094436449e-01
9.978373653891144945e-01,9.606440126738142737e-01
9.885588096715268724e-01,9.772022021633268718e-01
