6.826251384816208745e-01,7.307685174108153880e-01
4.451646216777222498e-01,8.954484236881096182e-01
6.238948856655158748e-01,7.815073515765965650e-01
5.581380973709727522e-01,8.297472288927171258e-01
4.772594064141044701e-01,8.787631808437893488e-01
6.417894461741279200e-01,7.668820812602894499e-01
4.901830622685952599e-01,8.716183845347965642e-01
7.577434818853995280e-01,6.525546419607715087e-01
6.384016232834468507e-01,7.697012597899257624e-01
5.725356100196293818e-01,8.198776217903159802e-01
6.243975925235482061e-01,7.811091893766540784e-01
7.556182613245258084e-01,6.550089488484661659e-01
5.339231039405487600e-01,8.455306656728382997e-01
5.273071246729549300e-01,8.496774066136760784e-01
6.998293686130104829e-01,7.143062976463246949e-01
6.275505855199110528e-01,7.785792078442570485e-01
6.858785363978789906e-01,7.277121535652054662e-01
5.606311450797987206e-01,8.280618743490034683e-01
7.030824567597526720e-01,7.111131605658229660e-01
6.053189154165002916e-01,7.959872306617405968e-01
4.486537660770919533e-01,8.937089730161049683e-01
6.306641448787293491e-01,7.760607266751458067e-01
6.739481643185529780e-01,7.387838877697852080e-01
6.517004479413628371e-01,7.584816439723499615e-01
5.614930415240995121e-01,8.274767275625979357e-01
5.945137945608889307e-01,8.040803834440202191e-01
6.060706823726395021e-01,7.954159415464311378e-01
6.315225549091247892e-01,7.753521030737003938e-01
6.266332885804004604e-01,7.793088456947813158e-01
7.705822248595961543e-01,6.373473485398155614e-01
4.706385569250826073e-01,8.823302493949427561e-01
7.686837814657370149e-01,6.396221853734513907e-01
7.596302954936073881e-01,6.503619552371820989e-01
5.490566990484910814e-01,8.357800480922144004e-01
4.745722523530791492e-01,8.802210010172943910e-01
4.752799452166535099e-01,8.798391295493376285e-01
6.410116682648825392e-01,7.675374325530576192e-01
5.275646000675793257e-01,8.495094881798157527e-01
6.005558198309477458e-01,7.995760743457804853e-01
6.488389693094839261e-01,7.609335989395334954e-01
6.334868438786717126e-01,7.700715852169299769e-01
7.266429862201919665e-01,6.869789254082822039e-01
4.801614168833380769e-01,8.752751854857835356e-01
5.838546035720567629e-01,8.131467427534135872e-01
5.769699013384010922e-01,8.148788204728059092e-01
7.541043408802613479e-01,6.557520864476666933e-01
6.710475197496196254e-01,7.398443854341332226e-01
4.725680530835706383e-01,8.808087879546410148e-01
4.738581540419230520e-01,8.785586290260032349e-01
5.344021475030243939e-01,8.467580600489628129e-01
5.510520660966637951e-01,8.322603157505641391e-01
4.966714982571832637e-01,8.648926314337993526e-01
4.744465863797712180e-01,8.777963124463120659e-01
4.454692844441065502e-01,8.932164005465573764e-01
5.397788257838540549e-01,8.401243957414208374e-01
6.880217645101558421e-01,7.239130246492696541e-01
6.709591135316046451e-01,7.394969032073309689e-01
7.418229345364800720e-01,6.685756031408529587e-01
5.734116438774794489e-01,8.168221624281165605e-01
5.242553051971078348e-01,8.530437843082414595e-01
6.423915638596411348e-01,7.639590763449454203e-01
6.828160434210716057e-01,7.299433200616450845e-01
7.464197550077644738e-01,6.666537990743819364e-01
7.177785060815009555e-01,6.957594083586202682e-01
4.742448267885799318e-01,8.800940685545599607e-01
5.225850443500716924e-01,8.532800223886934932e-01
6.323332517998486724e-01,7.709996954709590344e-01
4.643850226317459140e-01,8.842091432750173174e-01
7.399203973815056123e-01,6.699217661037087934e-01
5.907569487685172538e-01,8.037484528891855051e-01
5.851258967738601768e-01,8.095096780136190606e-01
6.107786229564449165e-01,7.906198511199565848e-01
5.675099737500941544e-01,8.247199688688739982e-01
6.042118086567130897e-01,7.947339281804175481e-01
6.559960858702251763e-01,7.522694601498616240e-01
7.176767517049035261e-01,6.943177654812324739e-01
7.511287136634797745e-01,6.594775252954335754e-01
5.156689663958921033e-01,8.570876376786283890e-01
5.993484908943900180e-01,7.989551330781835548e-01
5.566418559171807390e-01,8.282956846075120172e-01
5.728660473227553673e-01,8.202269286019131522e-01
7.652592245680926997e-01,6.458420678814142946e-01
6.232016081610672886e-01,7.807516916232928317e-01
6.006735553105344572e-01,7.980645115945170787e-01
7.172476305449735356e-01,6.938457058407343503e-01
7.536593389891934613e-01,6.556335944756567224e-01
4.509343542670446459e-01,8.894049181452415853e-01
6.077030806543555208e-01,7.941956893826992436e-01
4.517032238948590628e-01,8.879347709245796194e-01
5.383053385768985510e-01,8.441691233169533737e-01
4.730279175760135901e-01,8.768764544974737563e-01
4.770704626079199651e-01,8.754285752328023751e-01
5.853788371398553902e-01,8.108178385408275624e-01
4.448334994513286067e-01,8.916402684229761677e-01
4.749258904659373060e-01,8.765696777143729967e-01
6.332985788830652885e-01,7.731315877564702843e-01
6.758764016245615291e-01,7.371373309685719244e-01
6.775987422413843886e-01,7.346879450394249167e-01
7.184944287423133957e-01,6.916554771433195414e-01
6.448930296255711569e-01,7.634576785232957130e-01
5.844183487776097863e-01,8.118956315891575626e-01
4.838468867138764895e-01,8.752254861181756329e-01
5.595558514742247080e-01,8.288888737574398036e-01
6.136904969673545596e-01,7.887029450283201681e-01
5.321326267169967927e-01,8.468464905725099356e-01
7.019484576800527620e-01,7.090730370688862472e-01
5.455578267375895685e-01,8.352076133809588354e-01
5.724059708854275508e-01,8.173909873392445347e-01
7.016924471816332609e-01,7.112798496407756188e-01
5.027101011775274575e-01,8.640941179574732622e-01
4.969082350190648367e-01,8.663475200893155925e-01
6.492867146174752246e-01,7.587885102414153593e-01
5.925857386593431642e-01,8.034373415962318132e-01
7.411403885473554221e-01,6.713145986082954542e-01
6.420225157144788808e-01,7.641827774438542109e-01
6.591579888967352696e-01,7.522462920048351709e-01
6.883749556920595314e-01,7.221517250418644229e-01
4.784269983462046127e-01,8.752948434825256196e-01
6.065472808970611140e-01,7.958101749137187486e-01
7.195163484370155071e-01,6.927794258487487422e-01
4.712662530763542801e-01,8.782855516290575260e-01
5.031829002439947018e-01,8.627633619249222008e-01
7.107984502508284397e-01,7.013747392366966871e-01
4.897274368624959240e-01,8.727924610655308779e-01
6.274754351920656115e-01,7.762087107489787918e-01
5.715371230148316162e-01,8.208055417357501549e-01
7.079802727362212167e-01,7.030367821918711568e-01
6.623960608148820040e-01,7.460398207907189549e-01
5.190838371591577349e-01,8.517024951035195857e-01
5.998529189796293348e-01,7.996147448987467321e-01
4.555193644006568232e-01,8.852055669303341423e-01
7.245501884540641591e-01,6.853270579365875470e-01
4.702751425699856491e-01,8.794221564518358569e-01
6.404686172111920817e-01,7.683083417596535680e-01
5.230107669435679618e-01,8.514279379116447277e-01
7.707618973102028370e-01,6.354532287104390775e-01
7.334086183956982641e-01,6.761249089156528003e-01
4.831080828311014597e-01,8.744536735338485078e-01
5.826448130424524141e-01,8.135561154084853808e-01
6.143952837834231184e-01,7.880099910718840750e-01
5.239510154784032814e-01,8.513855310651440300e-01
6.311784375417079929e-01,7.760829613808405414e-01
4.961302585126222131e-01,8.655245485981059028e-01
6.562821608616097313e-01,7.530049308344952674e-01
4.768240841366383487e-01,8.774846555803558212e-01
5.696208313425129566e-01,8.213609433792572467e-01
7.232381472765619934e-01,6.897562039771385489e-01
5.727415582463604160e-01,8.184163054298841944e-01
7.157910032813543655e-01,6.974878799094821336e-01
5.866882598918151670e-01,8.107571457530020620e-01
6.150887525069826944e-01,7.867991891985794961e-01
5.153853340738717703e-01,8.560756802859563752e-01
5.691390968367635583e-01,8.224037213510253519e-01
5.060402889203640120e-01,8.593938916867647215e-01
6.868211432259586635e-01,7.263048221595729270e-01
7.228860928940959996e-01,6.871997787177761552e-01
5.616411439800106375e-01,8.288208912927433891e-01
4.711919119226868902e-01,8.795997843385109372e-01
5.113841685664816117e-01,8.600815385673218350e-01
6.142170218136436821e-01,7.879445833983017566e-01
5.323664800737115677e-01,8.456869659043600995e-01
7.069362400258624168e-01,7.035554322418704487e-01
5.316152738456997318e-01,8.479961663220496604e-01
7.042210221690792249e-01,7.092340430440078336e-01
5.007174670090686064e-01,8.638468853936693836e-01
5.411972438965959586e-01,8.419974369540251802e-01
5.534558370986358833e-01,8.308287097580587810e-01
5.319276686125721243e-01,8.458396794353456594e-01
7.601243328777451680e-01,6.478457506376132935e-01
4.764214074646793140e-01,8.792550167863060206e-01
6.101247867693295746e-01,7.907112891679879407e-01
4.828796711313460555e-01,8.744220960644816243e-01
7.444187752126132374e-01,6.654288331931798028e-01
6.225824148913197131e-01,7.808732074497199971e-01
7.393183117791424230e-01,6.727274922343089436e-01
6.599081946607177063e-01,7.504100685564110140e-01
7.577691268899937604e-01,6.503669491365996480e-01
5.930320088147145174e-01,8.053829000403673888e-01
6.912943139538967330e-01,7.182680897703895839e-01
6.790664547525150363e-01,7.330646720373038550e-01
5.927040011440446454e-01,8.032719077091106108e-01
7.438864117329647696e-01,6.692596416538474369e-01
5.826329393387814637e-01,8.128355860518650111e-01
6.045815934542059233e-01,7.966295206232214543e-01
7.653298150015470647e-01,6.451018448953445006e-01
7.223188837655795114e-01,6.877547375106028982e-01
4.552634770244901041e-01,8.870069201638373091e-01
6.073008638646645307e-01,7.955315221469597686e-01
7.179881395570953950e-01,6.926152428567401431e-01
5.529585797527425406e-01,8.309838822449593376e-01
6.697400078934340195e-01,7.418083981253563719e-01
5.930142900022057351e-01,8.063938197646575157e-01
6.552964453372359666e-01,7.528289537440527868e-01
6.121866817481931289e-01,7.910840855392525794e-01
5.918939012538176891e-01,8.063120387998906624e-01
6.224791080443020652e-01,7.809969737685459323e-01
6.876686876874097409e-01,7.248534929616604616e-01
7.419883724835856231e-01,6.712776810149286844e-01
5.780990639052654423e-01,8.142904713616206935e-01
5.634065214090347995e-01,8.237582588629844826e-01
