1.992745818142483971e-01,8.050279604971799507e-01
3.574853771765071908e-01,6.476234678433672176e-01
4.014077412704974979e-01,5.921995968125681742e-01
4.338639585524952658e-01,5.726868183037059357e-01
3.353647567058427592e-01,6.741990889598272751e-01
5.634262621396042281e-01,4.230277471396641786e-01
1.283594481651713082e-01,8.871030990614798828e-01
3.054437930192873685e-01,6.787561784979188051e-01
5.642208760566824743e-02,9.242037585372079311e-01
7.333773237796659128e-02,9.461245207249272537e-01
1.037375082982435748e-01,9.169190803907406595e-01
3.621682267751226147e-01,6.592920139691207382e-01
3.421722521209059620e-01,6.807882287513267183e-01
9.714173376880397281e-02,9.258236236492347615e-01
6.842272329464954561e-01,3.429908945961754885e-01
2.920014121526526285e-02,9.409648772080073664e-01
1.884615438573916668e-01,8.418918317578236721e-01
1.419376712406434926e-01,8.918984814776391712e-01
1.802848810341260988e-01,8.545923451210206689e-01
5.328576628557007977e-01,5.064906870660237370e-01
6.615695696204453302e-01,2.839716401090714992e-01
3.757131085218073929e-01,5.817378532444135164e-01
5.516080042678972450e-01,4.009589368293109413e-01
1.622447766337135056e-01,7.897293142196292193e-01
3.580888853467734112e-01,5.926941079934632262e-01
5.816378364615076846e-01,4.684487165066076875e-01
6.141952359075290024e-01,4.372348208816984050e-01
5.703520032722247946e-01,4.818142933839949515e-01
7.178128252112359053e-01,3.348598404585689803e-01
3.315532288096343372e-01,6.091375153374937179e-01
2.248549222986873097e-01,7.131906550670974454e-01
1.240253336475581891e-01,8.115640787672686596e-01
6.676914960105813091e-01,3.976430885172299590e-01
5.970155018497408372e-01,4.723487272939540516e-01
3.100466383924067593e-01,6.175044478328641784e-01
7.432515800004468876e-01,3.147995300869362856e-01
3.778185071116246796e-02,8.883976834507542053e-01
8.712018999298865030e-02,9.870342332508811323e-01
6.640493144839648698e-01,2.403224494875756401e-01
7.002173297048418510e-01,2.333280477664606556e-01
6.756020454911968454e-01,2.316323017507632143e-01
3.501966647555621037e-02,8.863733188182468803e-01
5.810911267191775087e-01,5.001923696985739465e-01
4.597495071198517413e-01,4.589229534861359872e-01
6.228594443475059528e-01,4.625923001482794561e-01
4.226674307544411313e-01,6.669471278167699024e-01
7.613957131997141081e-01,2.747514696126958089e-01
1.780994663520141241e-01,7.295150952880774531e-01
1.911558645989186456e-01,9.019146364159128515e-01
3.150396321149522283e-01,5.874220696420716648e-01
3.878033114950723004e-01,5.132638155375323086e-01
1.541132526665597302e-01,9.513218327517789508e-01
3.541379937354934837e-01,7.543564141500735953e-01
7.278236594289351213e-01,3.811765809575737851e-01
3.990329538559275191e-01,7.102085931735907520e-01
3.918130230594466523e-01,4.948918085293346758e-01
6.282665831024103475e-03,8.775760538245385156e-01
7.800304110682236836e-01,2.187010769252287767e-01
6.053284993564720384e-01,2.219105220910538856e-01
5.082967207446809077e-01,3.685192536565355947e-01
2.762896166731131364e-01,8.497909612544218838e-01
7.982178899770574487e-01,3.120970126630092656e-01
4.049560323367538128e-01,7.227629491644919080e-01
5.518283942097089723e-01,2.944574463112817897e-01
3.490960888829524045e-01,7.792153617143934285e-01
3.028235551574136597e-01,5.668797747087900296e-01
6.313913978217997602e-01,1.872488603768924786e-01
2.866867574660674212e-01,8.581932379186028026e-01
2.994398171942661557e-01,5.556230994810049673e-01
8.163529821326004354e-01,3.261704483919124486e-01
1.714976451982787031e-01,6.776539621259310975e-01
6.408407848938644236e-01,1.541160896723948737e-01
5.499001024719598618e-01,2.393319103980292573e-01
5.607076391441413454e-01,5.964333709902148728e-01
7.664083889078521228e-01,1.309408929327279258e-01
4.819484514933691788e-01,6.777289350780169030e-01
8.345234599120715524e-01,2.999981883521264381e-01
3.464882592422029450e-01,8.152386786414607123e-01
6.819724688412835967e-01,4.822971643718566570e-01
6.240439945608728944e-01,1.456965175682083391e-01
6.359374685148871942e-01,1.352846149647317642e-01
1.830044380892017486e-01,9.872926889307807041e-01
6.970242673814097678e-01,4.734301448941289348e-01
8.462026709187303597e-01,2.785822436053012607e-01
5.232678007534444786e-01,2.582750296833019599e-01
6.970021574452706092e-01,1.040282969352015474e-01
4.322906968092367075e-01,3.915607973783523654e-01
8.077826139376355075e-01,1.320270668744553122e-01
8.230980941330395817e-01,1.431821133495487786e-01
5.283661654037056232e-01,6.550094507387403953e-01
6.024556424988459780e-01,5.816329140892263494e-01
5.729884527572935982e-01,1.660685670916540735e-01
2.704335407671027980e-01,5.447715802781748495e-01
1.856290390507447929e-01,9.993510186676731744e-01
4.988162098477086914e-01,2.811097498627067592e-01
4.540528033425232923e-01,3.601862558825721372e-01
2.429542603821981395e-01,5.711136464634745114e-01
7.289822956166127632e-01,8.485331549020658226e-02
4.895810147865850004e-01,3.020515466543960414e-01
8.345504436694144434e-01,1.433662958620337546e-01
6.963901236736566025e-01,7.879887095143800479e-02
7.145032745416730613e-01,7.284655567728259840e-02
5.707597442911741537e-01,6.284566016430614965e-01
7.979567176598172384e-01,7.946873477101712435e-02
6.387528320079445265e-01,5.668029996743201293e-01
5.666580995299363988e-01,6.401258736200420296e-01
8.741776873414230931e-02,7.048221133995558052e-01
8.862853558633863038e-01,2.728552703768148957e-01
2.380615134797542387e-01,5.487943282920555443e-01
7.060521401109577377e-01,5.080481980993668545e-01
3.578395177269941829e-01,4.274106563076287557e-01
3.847936926919168776e-01,3.977946941077772358e-01
2.870293001036845482e-01,9.328995012450440605e-01
1.375953948670198823e-01,6.421453321293303373e-01
8.757209284520199866e-01,3.445988413487389712e-01
8.877285320613323982e-01,3.310193625741868484e-01
9.008035814969911348e-01,1.881383166414311026e-01
3.188895546559271654e-01,4.548367899274531334e-01
6.187788023841935825e-01,7.002855909371330512e-02
8.346951698023415966e-01,5.931377664496062518e-02
5.098649571552910098e-01,1.742089974632479166e-01
1.695440307415644332e-01,5.998448303451074937e-01
6.343596060557501470e-01,5.976466908867876793e-01
7.523103266056803129e-01,1.807675679825804238e-02
9.165615631122884244e-01,2.184109280525209362e-01
4.999270772410006058e-01,7.378508205437102063e-01
3.398422502292094416e-01,8.982980428775988457e-01
8.842041900610920768e-01,8.768048341846657046e-02
1.572721987794719611e-01,6.003479329699190625e-01
7.064563549350288962e-02,6.863042733683412111e-01
3.879828375630963722e-01,8.585080516505189108e-01
2.217707314835895005e-01,5.304840965093575722e-01
1.199596922045326197e-01,6.316302657490043826e-01
8.137104845567275646e-01,1.389984279679123969e-02
6.377715443346831936e-01,2.940473364657325561e-02
1.403706949547802729e-01,6.076629804451399997e-01
4.863447948356369732e-01,1.661739679298965822e-01
2.982279240911633877e-01,9.581064690696925457e-01
6.413011143561152538e-01,1.612352730332378137e-02
7.147765582473846191e-01,5.467349274094420730e-01
4.220779894316784020e-01,8.439817357072266768e-01
3.957435656697884108e-01,3.308762811949044202e-01
5.351660238514983625e-01,7.976250530853346010e-02
8.776889368399040103e-01,1.334357130636898425e-02
4.566193582478620394e-01,1.735962580209687856e-01
4.466939897084692968e-01,8.313307019545864707e-01
3.922590902937406199e-01,3.172772923988647076e-01
8.947988458112628996e-01,1.965893106335303564e-02
8.902229321208958712e-01,1.484603256450289788e-02
6.679943341269634072e-01,6.115871969238528827e-01
1.960191171394105591e-01,5.238915830728616552e-01
6.414179911485838881e-01,6.405382179691657685e-01
7.370661872039675488e-01,5.463391520902398657e-01
3.578777131795257693e-01,3.585404906132225733e-01
5.306934568147099185e-01,6.444302436530702227e-02
9.690675987166101901e-01,1.917216442520826014e-01
4.445205272365516658e-01,1.703041338176030095e-01
6.662896601626510096e-01,6.252434348465837344e-01
9.653742017265432018e-01,1.081947027719076804e-01
5.440681043734155731e-01,7.523651605861318981e-01
3.861485313365153882e-02,6.635375088320007997e-01
7.378003796340204534e-02,6.282323706063726032e-01
4.588424322419442092e-01,8.393190064478635026e-01
8.276146277742391089e-01,4.715141531853145329e-01
3.988059103542762607e-01,2.361284535629801784e-01
8.856734928024122544e-01,4.167375162729672899e-01
3.338456847294025698e-01,9.717504718367595551e-01
2.250782887725003567e-01,4.690855517816694409e-01
6.585746906500288267e-01,6.484282678141484180e-01
9.921818022293583672e-01,2.369365757076794532e-01
9.853163728885732109e-01,3.005237628053072374e-01
9.956969598916562969e-01,1.233589412095564830e-01
3.577863510276265702e-01,2.955151535863212997e-01
2.740945606878039120e-01,4.061320043173948235e-01
3.575930492191148335e-01,9.651029906501803479e-01
1.611923710184537395e-02,6.550903826874301394e-01
6.004084689598103708e-01,7.287601689486448153e-01
2.191699349308556810e-01,4.512284166918754114e-01
7.496624772133764214e-02,5.942870616937915296e-01
3.764637470549612175e-01,2.157722815982875408e-01
4.309360566294627715e-01,1.175788672033499793e-01
3.469686659876239920e-01,2.827096034076493902e-01
7.314944062800645685e-01,6.052631322146159176e-01
3.142680307703272780e-01,3.477889170482632020e-01
5.029947688562448338e-01,1.101322013985739368e-02
4.494252776439170427e-01,6.503281043124520266e-02
7.126449123623536108e-01,6.377115363488403688e-01
4.978335729383470687e-01,3.098521148308774897e-03
4.833105376200043102e-01,8.770385642183379238e-01
3.479245586063939299e-03,6.344055293766179826e-01
8.841838213949133607e-01,4.789255617209215998e-01
2.150776186891846242e-01,4.192783407978667443e-01
7.526167896380147049e-01,6.179103379569317323e-01
1.456515047317702427e-01,4.830830415327753702e-01
4.998464792852491678e-01,8.737259804597939938e-01
3.837355892230207566e-01,9.958841804926857888e-01
1.490066115278673164e-01,4.677874181392610575e-01
7.761234581230341822e-01,6.105546155576641043e-01
7.128773204101751526e-01,6.752607095428524442e-01
3.033608104103339143e-01,2.525761404794339970e-01
3.365075407308887323e-01,1.728833731152561448e-01
5.452114835209078691e-01,8.518648995764632748e-01
5.448005410074540089e-01,8.532396632223121502e-01
5.534022815186320221e-01,8.447482086189495032e-01
8.897137969659342227e-01,5.089208210476334759e-01
7.943493901602528551e-01,6.043377621120642473e-01
3.662726142996542977e-01,9.939545712214947759e-02
7.259048054805572470e-01,6.781115799974236635e-01
1.004055176783843484e-01,4.938724372337992552e-01
6.869485653314640894e-01,7.195307847494161191e-01
6.277929013554313098e-01,7.841615495353778664e-01
4.907641509065293617e-01,9.262822299729618347e-01
2.824911334575741506e-02,5.491768290524746687e-01
6.675015663625009088e-01,7.570400395692712392e-01
8.843560717539992178e-01,5.498274376836110866e-01
2.413211914039565809e-01,2.964517635438077559e-01
7.040519856125670994e-02,4.938615421392912319e-01
3.157600090102439250e-01,1.156575567042962271e-01
9.577890413653020740e-01,4.818607956507025003e-01
7.374336637379140802e-01,7.068341229289305527e-01
2.267027563090590059e-01,3.143675710523579081e-01
5.095320862799317396e-01,9.363958775212128938e-01
3.655507544591333202e-01,5.468794907663054872e-03
1.780201227739132142e-01,3.648195369751473516e-01
1.992626496289913174e-01,3.429504472463504872e-01
2.790672563561029662e-01,1.431665342073019653e-01
2.540199261480667881e-01,1.972288207961558903e-01
2.992003179938604873e-01,1.025161623656272170e-01
2.887784540127001920e-01,1.210643858765327874e-01
8.177387651940415392e-01,6.423748715379178353e-01
1.720707980601465792e-02,5.218166723732198253e-01
7.819301828794656961e-01,6.791328264231081269e-01
5.195166751646836945e-01,9.415540194656123463e-01
8.592159822204692432e-01,6.024244099687287024e-01
2.210125252992710676e-01,2.660171836023386138e-01
2.333257683891529766e-01,2.271509408410925523e-01
3.164720013427159140e-01,5.549169767518780105e-02
8.384668148298263235e-01,6.326395624167333587e-01
7.691529478275501708e-01,7.068988405547043108e-01
9.545514888424406763e-01,5.227351827444767229e-01
2.209856756796754196e-01,2.255702233119449840e-01
6.033181786284723680e-01,8.833691948492639057e-01
3.054970880179899151e-01,3.586603147679501280e-02
1.769246021777508560e-01,3.193972739839946451e-01
1.415109199133179896e-01,3.576542880328744678e-01
9.272560957791250447e-01,5.748086366203064568e-01
2.987324594864078087e-01,2.357588203578320218e-02
7.728848888251312887e-01,7.313406104285584686e-01
8.180939752786209329e-01,6.889913043676493265e-01
1.250725512393076055e-01,3.671505249912216939e-01
6.972992380877833796e-01,8.147369402563146012e-01
9.228409025195580817e-01,5.962135838043487457e-01
1.614456336451641771e-01,2.719111486942541456e-01
1.387946833850115524e-01,2.865226112789456270e-01
7.142522084535218863e-02,3.861492727187174623e-01
1.256250964539519233e-01,2.525755635916109298e-01
1.215491824636463214e-01,2.614212966167409613e-01
8.819668255725361394e-01,6.860393026670776884e-01
1.263963662082349115e-01,2.180703886655940282e-01
2.237818161805711359e-01,6.434571752451101467e-03
1.102916137353384674e-01,2.452689848938345296e-01
1.171492420107728138e-01,2.227404104820032149e-01
6.550733336770137027e-01,9.292425100513163061e-01
8.867234085370960806e-01,7.070045806462617044e-01
1.024084567854030015e-01,2.250142230466624094e-01
6.764259584468449438e-01,9.240906897033432932e-01
7.366263708648146391e-01,8.665713305533261357e-01
8.167845150054025005e-01,7.867827274999757980e-01
8.839957674837689572e-01,7.233321325245537503e-01
7.304272370809608006e-01,8.981004340906304506e-01
9.745336900834653537e-01,6.543689251782071059e-01
7.161534637854483076e-02,2.162914447630994719e-01
6.662650901224858035e-01,9.716217952001199309e-01
3.144184334438293593e-02,3.158025337298798751e-01
8.577847536470744050e-01,7.968205096000466892e-01
4.102885906083675316e-02,2.233338593979549147e-01
9.486836760039506489e-01,7.137122367235396725e-01
8.436881592785686612e-01,8.280363193937173572e-01
8.094553853159638379e-01,8.730221716434569679e-01
7.254521639926228005e-01,9.597657951177820390e-01
8.851277358617923863e-01,8.057263310871914941e-01
9.638313529876982866e-01,7.335973218340514634e-01
8.163832041557494978e-01,8.897875276426088220e-01
9.422143531154696383e-01,7.677742072072976098e-01
5.613551076160949727e-02,5.611816471848452004e-02
7.237861179599081041e-01,9.882261290734242198e-01
4.524357741265583321e-02,6.952783847438737119e-02
3.803764185751357108e-02,8.072448189850978117e-02
8.083198240575354410e-01,9.354792592106112581e-01
7.998090781371843816e-01,9.459595931971784832e-01
9.159081698219130319e-01,8.361931162463607237e-01
8.395900045003383827e-01,9.218349745744552903e-01
9.521552295721559256e-01,8.116748843660743784e-01
9.022653073122897105e-01,8.906195174172873985e-01
9.623400235470636055e-01,8.578800549073092307e-01
9.707510036045764457e-01,8.655376126632836620e-01
9.107525925575425951e-01,9.321408297480775484e-01
9.172873330503511502e-01,9.783118873574987440e-01
9.833619397382340477e-01,9.177170416520259444e-01
9.975033504795276507e-01,9.535270421003042562e-01
