4.535071550476208913e+00,9.304769915143634051e+00
6.122768251288683850e+00,8.225106210232219439e+00
3.638250460653733587e+00,9.999307868191294801e+00
6.347425199912764882e+00,8.007389984561099183e+00
9.919341722831990893e+00,4.935416967957467982e+00
5.425169907501086186e+00,8.807273958574045380e+00
6.835811272750520473e+00,7.700986079773064930e+00
4.620417784372908621e+00,9.379820350267847218e+00
5.913877365561175381e+00,8.465755609605743359e+00
9.269385046859198951e+00,5.877643204033260460e+00
6.392612115602865686e+00,8.123180682265592978e+00
6.418712050131764713e+00,7.886170287036598836e+00
4.674058053971934967e+00,9.385548650156108508e+00
9.502902352153135723e+00,5.687384982756332974e+00
8.826259494287455709e+00,5.957270148723190495e+00
9.355719878036643067e+00,5.423012593647803747e+00
4.186051874124007810e+00,9.385764544058044834e+00
7.616373214054040552e+00,7.033057608869736299e+00
4.965655833226193749e+00,9.237512758667850932e+00
8.056766747640237369e+00,6.607536843093221535e+00
9.790685996075991326e+00,4.912871290051348261e+00
4.989207032388442542e+00,9.229668933085484639e+00
7.203259330779525627e+00,7.251281565963781262e+00
9.916044545726702353e+00,4.597928697340314841e+00
9.228374429923182021e+00,5.388459940697289952e+00
6.804480568779039729e+00,8.052344831858901486e+00
7.991384084949258337e+00,6.525453334791545323e+00
9.636746310790101688e+00,4.906134720952315398e+00
4.158247411561351470e+00,9.237042188933440201e+00
9.639907146443958297e+00,4.866951038797848739e+00
7.756751124872717895e+00,6.703397434339105843e+00
8.816599870605298150e+00,5.734770844623207964e+00
5.416961494860212056e+00,8.322219605534392883e+00
9.013207417837312718e+00,6.382278618945212756e+00
3.108128164837048679e+00,9.927140169336542641e+00
5.126998108914144758e+00,9.336878872415217856e+00
5.128135735177615118e+00,8.480772418445157612e+00
7.814232341023678252e+00,6.585312656944381615e+00
8.935773742804700603e+00,6.493960364909570515e+00
4.777154582651866654e+00,8.712118337953246083e+00
6.341320553775854130e+00,7.593317496414578649e+00
3.226190009512216683e+00,9.767402366795968405e+00
9.204423282414607499e+00,6.302648799420701664e+00
5.246979218381402355e+00,9.303552617128193702e+00
3.699216959500969182e+00,9.427970672199709412e+00
4.858969052223681473e+00,8.589279323338841365e+00
9.807267600854990164e+00,5.800365738212269306e+00
9.815505250454156894e+00,4.344432535052487943e+00
5.096501293467452953e+00,9.449615748023084905e+00
9.886472283608963352e+00,5.729738928136203668e+00
8.030469174038699975e+00,7.340781584981536767e+00
7.343136422882467151e+00,7.872913497249207637e+00
5.466580009028181308e+00,8.113327936048058575e+00
9.344917360366176595e+00,4.972100420925352537e+00
9.775647257699070281e+00,5.893913618054471115e+00
5.750098855486923455e+00,9.042628997326971785e+00
9.612522165257207263e+00,4.487523469812717991e+00
9.488092267617236786e+00,4.663754293733745726e+00
9.453461052201625137e+00,6.212600773649883834e+00
6.972000896580588858e+00,8.208917654351054694e+00
6.834695387706897662e+00,7.103677937104273532e+00
8.459842568545624886e+00,7.074197923248469522e+00
6.398627205949630081e+00,8.634219108520690966e+00
8.825236840073552358e+00,5.434534446164435373e+00
7.297537313973073481e+00,6.747435372957463429e+00
9.115320727365631370e+00,5.113561633497925030e+00
4.782692212433811818e+00,8.492461211553493428e+00
9.478748195541902177e+00,6.257816743523663128e+00
3.627238498312376436e+00,9.304017475182096319e+00
4.859239660572805874e+00,9.771161082761302907e+00
9.014870617836569622e+00,6.659974055111694824e+00
7.992163596740966547e+00,6.172887053473691488e+00
5.642227966866465216e+00,7.858633750542604268e+00
8.650924333435263236e+00,6.984957312034826060e+00
7.100650676510483095e+00,8.207388824052070930e+00
6.180753389006793164e+00,8.893219003307482495e+00
4.945668667090816761e+00,8.308297487718704133e+00
3.284136113285232916e+00,9.461949864409646693e+00
4.449493910097728211e+00,8.652211374845553138e+00
5.471553693027059850e+00,9.406711812154590291e+00
3.569045519972198210e+00,9.268338848096481897e+00
9.926591801423333195e+00,5.960842789126907348e+00
7.552714878367102536e+00,7.938959474100212077e+00
2.684811297870234092e+00,9.778282517365266102e+00
6.842069063121146044e+00,8.473681885988920470e+00
8.072148232769201570e+00,5.989157976370815817e+00
2.927029278553256120e+00,9.601246309846201754e+00
7.769207010009155034e+00,7.820303711751344089e+00
5.922306227922756960e+00,7.547511825281362441e+00
4.097503213571310532e+00,8.833652498160596167e+00
8.319525795481167663e+00,7.377160424523764526e+00
7.427367427653620346e+00,8.085505738111798735e+00
9.155282074217122812e+00,4.771574592394074443e+00
9.979105904312254083e+00,3.643669500565366093e+00
3.287008559949039288e+00,9.367077138436025407e+00
4.960743917660497715e+00,9.867291346169137611e+00
8.484328242156474076e+00,7.276307197699265927e+00
3.319642376506066750e+00,9.328588088191846595e+00
7.143810449643934746e+00,8.332744918436345571e+00
5.670529569988923768e+00,7.673685537983328864e+00
8.768110945808960111e+00,5.202541624912729645e+00
9.325419552596200035e+00,4.380731685495274697e+00
4.690704153307743596e+00,8.336729464438095150e+00
4.855358469433380009e+00,9.988501642580727591e+00
5.707742900130705621e+00,7.598353326344042813e+00
8.157270399702861496e+00,7.608215199606213730e+00
9.767985646511331055e+00,3.736065107326139945e+00
6.360346052925192062e+00,7.124616049148814412e+00
7.267050008837783182e+00,6.487783055575528479e+00
6.720471821209997643e+00,8.705859695707619750e+00
8.985084646237979200e+00,4.849621448029191484e+00
8.246569946888973490e+00,5.653254006374410778e+00
8.565122314407183524e+00,5.328404872648906832e+00
7.388644521279994493e+00,8.244263032327673102e+00
7.851015258275594100e+00,7.904501299640626755e+00
3.454333234357387372e+00,9.139688219918939538e+00
9.565931787353438409e+00,3.887845458849221725e+00
8.149588409417752644e+00,7.690386439862791690e+00
4.232755639077323551e+00,8.559674848004661385e+00
3.222916585994464178e+00,9.242904911864036066e+00
5.651893446338939420e+00,7.555699550661449493e+00
3.047362666753795857e+00,9.317284712739427377e+00
2.353812891047433187e+00,9.741694350919873457e+00
7.784389032656781282e+00,8.018525580278119236e+00
9.371319365010903013e+00,4.042662483537100115e+00
9.494301921242595199e+00,6.642585456221987705e+00
4.594071479583272222e+00,8.218875310412803614e+00
8.364550171454292027e+00,5.371884788915874509e+00
7.763523577119696206e+00,5.956687459341760693e+00
9.498237216761772572e+00,3.754706776431912196e+00
6.355840698542221112e+00,6.955907254236326054e+00
9.176295161138604328e+00,4.191741756634039362e+00
8.025129504186194751e+00,5.674622146831966418e+00
3.981090708630454778e+00,8.612328521227514244e+00
5.266004352344975104e+00,9.927306146985783286e+00
9.491526873794605024e+00,6.710927673112073499e+00
7.286205749277810284e+00,8.519969574225566333e+00
8.032253416428238424e+00,5.623524722015883270e+00
6.005290870720686236e+00,7.140487784224784917e+00
3.485582234186603845e+00,8.912558648427118868e+00
4.738825979379221565e+00,8.025347970568697420e+00
8.504939721345046166e+00,7.581972887657546067e+00
8.222369019799948830e+00,7.818175362501202486e+00
8.013101174979812669e+00,5.607550264777001914e+00
5.779956522927340856e+00,9.637911112082907295e+00
6.504205083884377459e+00,9.127155655335108975e+00
9.284362171331672187e+00,6.957813318651076884e+00
3.743149129114878626e+00,8.690697398242821947e+00
6.686636038480211042e+00,9.010681032114669975e+00
1.793994019578424304e+00,9.901196859275291473e+00
7.056055799703957021e+00,6.352360102647302220e+00
7.526436599876682010e+00,6.016985257994793557e+00
8.138814276959973171e+00,5.427503026521984353e+00
8.707624418770874897e+00,4.729606059884856606e+00
3.543925419378394004e+00,8.807720711641277234e+00
7.193273984955262712e+00,6.237544696111585907e+00
4.441411479653307737e+00,8.156642143788641164e+00
7.398676615046918315e+00,6.057435590738695197e+00
7.165287827705363100e+00,8.726527501610624071e+00
2.489874405990635253e+00,9.372009062463025231e+00
3.505270285546686626e+00,8.787265577168517083e+00
6.298054310114530097e+00,6.813504820258869721e+00
9.999091826808157890e+00,2.875140879079081113e+00
7.903671480838823094e+00,5.571408875513554904e+00
3.180025339949301699e+00,8.931639680709995588e+00
3.724477210097979274e+00,8.575798430880533729e+00
6.648308197003723663e+00,6.500210877212796667e+00
8.963101863610802411e+00,4.055873572259219628e+00
1.463062156439608463e+00,9.974029912723187508e+00
6.446924679638600608e+00,6.637395598925234452e+00
9.584889397265282440e+00,3.207485193208048369e+00
8.686012604833234008e+00,4.478138559113284067e+00
6.938459258089565651e+00,6.281200700470984444e+00
9.483394259187653219e+00,3.308846773439162448e+00
8.380370743051766880e+00,7.882054184699330612e+00
8.808537241096297876e+00,7.527298924733019092e+00
9.786403434573331950e+00,2.942433966753168484e+00
5.848141625388713294e+00,7.030363491797436915e+00
8.441179350055875830e+00,4.878514164704135680e+00
6.663410304284152375e+00,6.451459193678705795e+00
9.875520577814249634e+00,2.828109940069930772e+00
9.799724340350344676e+00,6.715362082695829571e+00
8.149693065657327651e+00,8.102380420894469637e+00
6.608513682062841177e+00,9.265485193157145360e+00
5.265564353994478530e+00,7.408941008217873936e+00
7.955557925820261111e+00,8.284535771720845432e+00
9.925607488722237193e+00,2.719519481787373572e+00
8.070815708128161958e+00,8.204193801173019551e+00
6.330087769569089140e+00,6.623112264523319581e+00
2.333287216755843829e+00,9.276788476074379730e+00
4.996070790094381486e+00,7.540767448774535531e+00
6.163914994422716731e+00,9.652152300119704265e+00
9.752195340050601402e+00,6.840896241272867329e+00
2.771144639209168758e+00,8.980500602216242356e+00
5.125180773369015341e+00,7.420588863646205624e+00
2.867029380461248778e+00,8.918808513969407770e+00
7.239326039751347253e+00,5.916834898539150345e+00
1.812124631575676714e+00,9.530894325690434599e+00
6.868317925640242905e+00,9.197365156281136933e+00
7.267155152772176940e+00,5.861488030923983850e+00
8.074315380236146922e+00,8.299994318988694886e+00
6.394805067555664024e+00,9.549831805021831599e+00
6.465802720568084361e+00,9.515013191197036591e+00
7.505845595725919139e+00,8.778626076341701889e+00
8.425510882894606368e+00,4.482571987739473407e+00
6.783937438418812249e+00,9.318811289832297007e+00
5.579944513463086508e+00,7.010782620125604048e+00
7.171133229686724953e+00,9.044722824436210118e+00
6.388244409073671193e+00,6.441802620669237811e+00
1.098350515228717628e+00,9.944748042733465354e+00
7.623720197811732824e+00,8.729770811950336551e+00
7.808805210021994903e+00,5.308223424899435550e+00
6.699533144795241313e+00,9.402522180524515605e+00
8.475761004166271206e+00,4.321451898951840676e+00
8.973814666430214970e+00,3.548507027964972416e+00
9.169909276982453505e+00,3.248097351999490456e+00
7.404105794031505816e+00,8.926085015891713326e+00
5.350191626492884822e+00,7.122287308513839399e+00
8.896047704882306562e+00,3.604088872911630492e+00
8.881888524498052107e+00,7.742300918541681121e+00
9.239759775284552390e+00,3.084824357584956545e+00
9.056007696854237565e+00,3.302770583082452749e+00
2.607099165352667391e+00,8.869449439851752715e+00
3.246398121297648931e+00,8.515516507811517144e+00
9.986024619575186279e+00,6.864938629010618243e+00
7.563437264920061409e+00,8.890656759862210379e+00
5.109248798297948646e+00,7.213296177567193546e+00
9.343248838288873870e+00,2.874506332052208180e+00
2.192100254940704041e+00,9.076607920602356216e+00
7.607043455802284804e+00,8.879064338200493012e+00
9.692072116072360188e+00,7.146984676769166711e+00
5.060884873086314073e+00,7.217206769534591615e+00
6.015830592807419386e+00,6.523137073288979515e+00
8.471670589295015930e+00,4.008949959682494679e+00
3.712625139075070635e+00,8.136026185434877434e+00
9.945971274879545021e+00,2.089561476562213915e+00
8.649652818442296720e+00,8.073175354312221330e+00
9.903784561574173750e+00,7.018002194412633621e+00
9.133883602795791035e+00,7.690067069452899418e+00
8.495120503512701760e+00,3.903051578867373639e+00
6.241986564030497675e+00,6.317360044681471720e+00
2.119537391209849186e+00,9.016322251986373715e+00
8.669003971276323384e+00,3.601798052932100092e+00
8.183441982529569003e+00,4.380556980713105730e+00
3.382752852761846896e+00,8.290040859793357697e+00
8.610863251629220727e+00,3.623693483140736582e+00
3.395834454626447396e+00,8.274734038375102685e+00
5.412539503513152717e+00,6.850891862623616824e+00
9.310022070958984486e+00,2.664409012842297919e+00
3.854535036147377358e+00,7.934903102290227217e+00
3.520697977615333762e+00,8.169082851465866213e+00
7.312124594654369147e+00,9.244651275778497990e+00
7.070027357554168113e+00,9.417335493562930537e+00
3.760981416371549368e+00,7.993075841013968841e+00
6.118001401664323602e+00,6.325342223090999028e+00
3.338086022199677760e+00,8.257293455364306922e+00
9.062086585903236013e+00,2.882718822401212577e+00
9.706303662675821897e+00,7.323084986818400033e+00
8.307015715549173507e+00,8.506852681382113701e+00
2.301721672070339508e+00,8.786558052256154383e+00
2.118432093212457623e+00,8.890953838763799411e+00
8.936669759262072521e-01,9.637297188174295925e+00
4.748623838145435094e+00,7.209711261430244100e+00
9.785531019258362662e+00,1.941462928465671478e+00
8.564850629464638487e+00,3.482942933794732632e+00
8.056465867765183475e+00,4.289529436367811144e+00
1.820124578751892708e+00,9.024118842794646156e+00
8.443948608875283313e+00,3.619637312722778777e+00
7.850209352660525219e+00,4.525093741791441637e+00
6.914076718204102967e+00,9.689568325533947757e+00
6.873386276258611538e+00,9.719444459738763697e+00
9.138445378097546978e+00,7.929936730419245627e+00
7.249214938410432296e+00,5.246463134016979168e+00
7.772379090147364167e+00,4.604186451252806123e+00
1.020621192467253691e+00,9.436916813805298787e+00
8.052556274233246825e+00,4.098349000115568685e+00
3.598892737038331902e+00,7.914462649939355998e+00
4.716281324969981981e+00,7.118215201578594886e+00
7.735442524000234243e+00,9.139801160611607855e+00
8.879910063622936889e+00,8.187658581777947475e+00
9.523415615935617140e+00,7.653236994147208705e+00
1.863423152183040221e+00,8.855136913015529743e+00
2.666410324740361659e+00,8.397843196012440004e+00
8.861896456149263912e+00,2.802399394499165197e+00
9.554134384193931240e+00,1.942309190014800402e+00
8.668465462172800784e+00,3.054615959808938186e+00
2.768556576949300130e+00,8.330223091445894568e+00
9.772421663441038575e+00,1.687287557849156405e+00
7.585770025483284940e+00,4.776021623594885135e+00
7.976595169217571168e+00,4.051204702926110457e+00
7.928718859722583279e-01,9.465800530789563183e+00
6.963496656424561948e+00,5.315228623310527922e+00
7.098242396568799073e+00,5.194870424823560207e+00
6.924326215480358648e+00,5.332606101194063974e+00
7.742687067001249090e+00,9.269925813646779034e+00
2.066317570836565309e+00,8.623469713314490193e+00
1.747085312312830485e+00,8.805502422084353853e+00
2.770075143003369877e-01,9.756227373230219158e+00
1.300847539005435261e+00,9.068625032286327325e+00
8.431368047008811928e+00,3.168075131758386398e+00
1.511270761964864651e+00,8.925484275466059714e+00
7.638282553878311454e+00,9.390511774505647224e+00
7.346564925059226425e+00,4.850201717275782975e+00
8.766065462070089964e+00,2.667421215989143946e+00
3.211424856824665053e+00,7.956222519210981226e+00
9.464970903597119900e+00,1.790914142329608216e+00
8.013387273976332992e+00,3.760360109349242030e+00
7.566645897001837540e+00,4.487693396547109970e+00
8.632507085411997849e+00,2.806318271918202267e+00
7.897580713415627507e+00,3.912336575832742191e+00
6.823259683970295253e-01,9.405233637717453021e+00
4.320584476619444558e+00,7.178016405604310535e+00
8.900491297192855811e+00,8.392605653457087200e+00
2.611704368102274465e-01,9.670296470168937120e+00
2.536333336297848184e+00,8.254646400291770547e+00
2.613355487821860113e+00,8.203573505107460306e+00
8.351857214518558337e+00,8.880274166165449401e+00
7.466366539541230196e+00,4.476294668698132639e+00
7.228328963224309511e+00,4.817163711612141519e+00
1.583403821370307218e+00,8.751993197689449389e+00
8.397877292454573706e+00,2.980176273834602707e+00
8.029096004201392134e+00,3.492500239258580219e+00
2.083969716394227234e+00,8.406336935167479041e+00
7.532507860301805636e+00,4.222244574198858125e+00
8.402734213286858989e+00,8.932065065449091179e+00
1.023784280112384204e+00,9.030902686491025122e+00
3.805189420196013472e+00,7.411524187144527431e+00
8.845678189354265086e+00,2.261275269591974890e+00
5.238368979490337640e-01,9.346801529110349449e+00
6.528557132896533943e+00,5.389494496859679629e+00
6.112180752365042657e+00,5.721747257709194123e+00
1.443984326871441404e+00,8.728011050167230778e+00
4.656257945684093791e+00,6.760641808751032045e+00
9.932105900505726837e+00,7.707263079915867898e+00
6.648547383163768032e+00,5.222049659139581301e+00
9.918001925713742395e+00,8.968921118269768122e-01
1.906688825493388917e+00,8.405525082676019721e+00
8.889083617903333234e+00,8.618863019042903417e+00
8.307707795870291179e+00,2.830560922751106379e+00
8.206888765615593329e+00,2.945664827060876512e+00
7.642563317461413597e+00,3.809488556815949778e+00
4.576363498616715653e+00,6.746380059500883597e+00
2.573311526170216634e+00,7.991613555123638690e+00
1.971667644412057330e+00,8.314942152526629826e+00
5.394139979327473355e+00,6.145655345919339041e+00
9.567832422787486024e+00,1.158292870651391748e+00
7.463397818255611327e+00,3.968201095420926805e+00
6.050765249268181378e+00,5.606155887706675500e+00
9.226973559576679307e+00,1.517884723465405816e+00
6.595572056898472368e+00,5.147555687082871145e+00
9.942097238893850886e+00,7.820087290780009859e+00
9.573964485762852306e+00,1.086670326578264012e+00
1.168792607240718429e+00,8.740423495988466129e+00
9.451219898235285299e+00,8.242008166578042250e+00
7.306542996425182679e+00,4.091686355382336160e+00
7.559256625202488422e+00,3.747258169684763995e+00
7.433276290630948857e+00,3.905365821455355491e+00
1.999890116649668537e+00,8.223492646370404557e+00
9.539887942018381750e+00,8.195149249229190858e+00
4.894342773411030301e+00,6.424452906673866259e+00
3.039570028087799969e+00,7.660279547493388463e+00
9.047529354847284822e+00,8.613414655620918126e+00
4.031351800921537887e+00,7.027655446108162174e+00
1.029027179407564496e+00,8.778172422367719108e+00
5.475112729749803897e+00,5.995711558456910950e+00
9.150400833673508316e+00,1.479293058933136562e+00
7.074916990778450376e+00,4.334044316317902101e+00
7.321249877922593186e+00,3.979696111373018041e+00
8.692683367071348144e+00,2.038186183296946119e+00
7.213952273797819892e+00,4.125151054599149880e+00
8.165359815375840213e+00,2.753804412005458335e+00
6.161173686713656394e+00,5.376619013448539874e+00
8.912300840349420383e+00,1.685077202075135894e+00
8.859280612585010317e+00,8.839658038443896970e+00
7.679408718010646062e+00,3.415312289650676902e+00
8.210492019595065472e+00,2.613218522993359105e+00
6.631886699240991945e+00,4.894419309955393871e+00
9.851312164633721835e+00,5.752394555991202640e-01
7.924617352183438435e+00,2.990728758903780093e+00
8.324124508124832289e+00,2.407161211148012292e+00
7.200750654193273981e+00,3.882420442774650038e+00
2.773242069633610196e+00,7.639337859023206612e+00
6.607823150922762068e+00,4.770505099502812207e+00
5.512137976447220034e+00,5.799088906554631606e+00
7.539648914279262204e-01,8.789982550046303800e+00
8.714769522796368406e+00,1.766062418490909058e+00
9.911054913403141597e+00,3.659340297624780192e-01
7.426324211336964076e+00,3.502909593703087410e+00
7.974707150110720733e+00,9.707041183848557964e+00
7.673070384443645864e+00,9.959285811165271340e+00
9.384948652762625798e-02,9.151826750688478285e+00
8.200385605915968767e+00,9.540945493674604094e+00
3.361409681631473134e+00,7.252412957998748411e+00
6.808380712823652203e+00,4.248390026919856233e+00
5.626542341125119862e+00,5.582745321779779779e+00
5.880702958925317247e+00,5.338954436654468338e+00
9.646369488818216098e+00,4.561776251606464161e-01
8.670746228699133251e-01,8.574847942619980401e+00
6.789333418778058515e+00,4.123498437489397261e+00
2.697428810986694181e+00,7.518593748044770209e+00
9.019839299674469402e+00,1.117966662661217248e+00
1.809518470900263187e+00,7.986127423166163197e+00
7.467292377844884754e+00,3.178692651399963598e+00
9.563205259033267680e+00,8.524431058567088826e+00
9.584789139219370924e+00,8.507855097829295943e+00
8.554207806856091167e+00,1.654202928715192700e+00
8.797577882604370458e+00,1.328697384445387542e+00
5.847244350773349808e+00,5.276113690640013232e+00
4.064271189150203689e-01,8.766768325575339915e+00
9.433219488931127827e+00,8.676750767085747995e+00
8.672373395757622561e+00,9.319049600464781591e+00
9.175620516376966407e+00,8.902637060282250658e+00
6.745400504078339132e+00,3.968144570771898749e+00
6.242258436444851455e+00,4.740084449828675162e+00
8.276768086301220961e+00,1.895428456807974893e+00
3.909547357609378437e+00,6.691918080432842864e+00
7.441094991154417748e-01,8.508763237618316211e+00
6.210794732540315444e+00,4.776397259570384968e+00
6.636018805354776617e+00,4.095909679025223404e+00
7.013672770347545438e+00,3.561411767718539956e+00
8.946913205125806456e+00,9.144239165943085723e+00
7.104817919840367146e-01,8.505325629955077460e+00
9.777609431212850311e+00,5.391911757124723259e-02
7.472201457138134550e+00,2.922566401580219964e+00
3.186167683944209017e+00,7.116894641771986052e+00
9.128909351259643756e+00,7.116043940626315401e-01
8.436627132135754437e+00,1.564426114150124780e+00
4.447427780557688948e+00,6.246621897142561330e+00
2.628509396829403766e+00,7.377448970665075656e+00
8.039525001827577455e+00,2.084074613288006361e+00
8.366707953715854629e+00,1.634062839068549655e+00
7.952731573944119781e+00,2.161434336521995903e+00
6.710121896058578450e+00,3.778839217826003072e+00
9.625655950530518368e+00,8.873292450746750326e-02
2.053469626220140398e+00,7.626390698577438343e+00
2.119302391636198379e+00,7.586261355729436495e+00
8.127661822408715153e+00,9.937491957878656024e+00
6.103685799038932380e+00,4.578721343396924048e+00
2.885649394700226189e+00,7.147239374867689676e+00
1.603737151861738264e+00,7.823087964377619663e+00
5.825046879636492925e+00,5.005966891276143471e+00
2.231630305529935576e+00,7.462851544641619483e+00
3.430014356625927796e+00,6.836250731253486812e+00
8.372375011487921626e+00,1.418507731357773194e+00
6.137870222247579832e+00,4.425634353044250346e+00
6.327681028273234531e+00,4.103553232643451842e+00
1.595158524685910129e+00,7.786666987864935052e+00
8.863018882050452518e+00,9.409281785826721034e+00
6.304621044812869002e+00,4.086462390772684472e+00
5.094288305307669518e+00,5.548860648041565646e+00
7.256914453329614823e+00,2.787340688659925014e+00
8.728505673109994589e+00,8.719817638319549147e-01
3.208315880285879107e+00,6.892778635148578914e+00
4.666229913013943076e+00,5.884361058701895963e+00
9.943565611218209810e+00,8.545077759404167139e+00
3.362641728970218402e+00,6.790813349160856660e+00
2.658019714909936049e+00,7.135926917816210135e+00
3.081018137836314175e+00,6.916937808104368202e+00
3.457416596142270926e+00,6.708073668098887055e+00
5.661847495533707253e+00,4.986703429243042329e+00
5.395124985619266234e+00,5.203079112571490583e+00
8.473866513323836003e+00,1.037933560113539766e+00
3.544801325650911217e+00,6.601419160566768696e+00
8.870612646988156769e+00,5.322619131290906580e-01
6.677759091776112044e+00,3.302468843710263613e+00
7.982209370370505042e+00,1.661750780618124201e+00
8.426551163232240071e+00,9.915985329807156745e+00
9.081530825045017963e+00,2.629697190448265776e-01
9.071063712108509591e+00,9.381300551929385279e+00
3.494558318654099605e+00,6.619601258342466821e+00
2.386509720788918543e+00,7.177170481939350033e+00
6.243762002076231887e+00,3.815047453193574967e+00
4.517996581350950613e+00,5.837043094640216090e+00
6.775855027555631516e+00,3.058804021026876541e+00
6.064792731100984824e+00,3.992700524857923927e+00
8.044844486396007355e+00,1.429957514704387478e+00
5.663284530970341457e+00,4.618107360738205713e+00
8.650340789216183879e+00,6.267249491155724161e-01
7.491406157728594195e+00,2.123047594768080693e+00
7.911811502700516030e+00,1.580094106468500348e+00
2.734525357781871779e+00,6.907440195630788260e+00
6.349592566483584832e+00,3.484394516466972291e+00
9.773161481741721168e-01,7.847999210202953435e+00
3.058381147553623780e-01,8.221040666701521005e+00
8.008809026573249223e-01,7.924691732849094450e+00
1.867790711185961516e+00,7.317972392302941387e+00
9.870434929260419210e+00,8.878497932944258153e+00
6.112972953068701365e+00,3.646596247047895201e+00
4.527651483265401566e+00,5.633125639040125421e+00
1.386887193877979207e+00,7.531585127659216283e+00
8.561180887235236625e+00,5.037973634198911199e-01
8.632448726818253704e+00,9.978324415707785278e+00
3.914355389271334751e+00,6.077385334501107295e+00
5.990090456430705146e+00,3.653098027862634822e+00
6.243307042992168654e+00,3.267005227356196695e+00
8.274166986401476631e-01,7.769218300783299114e+00
2.244753786535043094e+00,6.973653870493868645e+00
8.037384255968023083e+00,1.028532524780193524e+00
2.665528094355940070e+00,6.745984129962495857e+00
8.784952516186184113e+00,9.952613292424913993e+00
5.106984017292796274e+00,4.945196027486518098e+00
5.727488529463327538e+00,3.863095222013629204e+00
8.083851795821450636e+00,8.496279618888158414e-01
5.791199227440365860e+00,3.726751152674160572e+00
3.541312079920546640e+00,6.194583287111701253e+00
4.072783696075715554e+00,5.773198107525859157e+00
6.348477041513966412e+00,2.864386656713067136e+00
3.252868786999756345e+00,6.337278546257413048e+00
5.558959210059769340e+00,3.985529175358494491e+00
5.618720656233731070e+00,3.877055030686454629e+00
7.531190681963279232e+00,1.416881017600077897e+00
5.225579067936425570e-01,7.780395831491199843e+00
5.928568156073037443e+00,3.351507805915580285e+00
6.454758390359089937e+00,2.628044063482394499e+00
3.997285350863500675e+00,5.754954567167879453e+00
7.862402455656298805e+00,9.633901908960529337e-01
5.162492693628697893e+00,4.459798008097264344e+00
4.587161137078552997e+00,5.215763306674716659e+00
4.851097589044560010e+00,4.980546037512319835e+00
5.008938387297621198e+00,4.681248681621140051e+00
4.179815135508587964e+00,5.547113346573695480e+00
9.180301385293214267e+00,9.808860668729790788e+00
5.999853561256369261e+00,3.120869630787411531e+00
9.320591729001770354e-01,7.467483548009827388e+00
4.705569349770741816e+00,5.091303266348043088e+00
4.984182895786902989e+00,4.663364117549999577e+00
5.894268791600048019e+00,3.206199185064716239e+00
2.781279351257054167e+00,6.444074510750708029e+00
7.964623558037446927e+00,6.810590497878754590e-01
6.024551238365503103e+00,2.990911944681295953e+00
8.607940649916301368e-01,7.466440616506961447e+00
5.751786903323376166e+00,3.362167622673322143e+00
3.076356604215144674e+00,6.260876218586385988e+00
7.237459855217482918e+00,1.469210788043441296e+00
5.077727407961202033e+00,4.358491351617324483e+00
3.702979935957666502e+00,5.832073502418991140e+00
1.779404010808364189e+00,6.905628018575593607e+00
7.831010982596453562e-01,7.453373748827364587e+00
6.494704235936266556e+00,2.259189507724634005e+00
2.492045594618375937e+00,6.490793939142044167e+00
7.709907725634534970e-01,7.420366562382293196e+00
5.195581113668724882e+00,3.988575474407216603e+00
9.394512313077743926e+00,9.791134694057525678e+00
4.740491687913019447e+00,4.734960912824558221e+00
5.751684307863333068e+00,3.110914910973514580e+00
5.698374937224864212e+00,3.185768533801981661e+00
9.867326796856051629e+00,9.403758099385360225e+00
6.436665088589385242e+00,2.170251620295944317e+00
2.580489248130875879e+00,6.361699518293228550e+00
3.796617466257753648e+00,5.559528444040841677e+00
7.498465701421373808e+00,8.589150101160603068e-01
3.068918399378005368e+00,6.066968013823677452e+00
2.631477586752989595e+00,6.285565160904522664e+00
1.903294380742033276e+00,6.663049515879976070e+00
4.984315061106983968e+00,4.048549635734856267e+00
8.054924582843070446e-02,7.685240536010876866e+00
9.704476446868099515e+00,9.677108213038067674e+00
6.286567466077887190e+00,2.119549531281347043e+00
2.293804022236893836e+00,6.410873214285116362e+00
7.384584523008248524e+00,8.572405715558462092e-01
4.676382276143899119e+00,4.408479313099469721e+00
4.761280252102127797e+00,4.247069847254211439e+00
3.260182393866331019e+00,5.831582668181556350e+00
3.330851544221253846e+00,5.786408455316175647e+00
7.687491184581308090e+00,4.534241181616438521e-01
1.223515806604857925e-01,7.541074732479273734e+00
3.455119243779027016e+00,5.673321073097983280e+00
7.501212934616019457e-01,7.158949595423626633e+00
3.074614766202377059e-01,7.412102680719060643e+00
9.923713874044706174e+00,9.606392073223990025e+00
5.634781960833146197e-01,7.233893272326669788e+00
5.532223507476881963e+00,2.845903448793838386e+00
4.148730026425678119e+00,5.043305262680620515e+00
3.288631575192997314e+00,5.734001193560523291e+00
4.310942130507868342e+00,4.777789387826674172e+00
7.821357501485421082e+00,1.562311959679052453e-01
3.237367479648213475e+00,5.750515309375971995e+00
1.132384802281486413e+00,6.890551703569284925e+00
6.771937662579822437e+00,1.260098685767808702e+00
2.776867340648403459e+00,5.990062829752988982e+00
6.148057154017995352e+00,1.949947683940038701e+00
2.383584400619220833e+00,6.191682633514642653e+00
2.747420154696539107e+00,5.981727443676081890e+00
7.431201298345683881e+00,4.837907776916017255e-01
5.795870002206373606e+00,2.344539352271242105e+00
1.956029889781633058e+00,6.387251800227449650e+00
2.632673188297748545e+00,6.024259270761569418e+00
7.336164899128226224e+00,5.249245401806368339e-01
6.354047662216972370e+00,1.557933278583587544e+00
4.481311865404643768e+00,4.191551164024041931e+00
4.426373921654668919e+00,4.246958573908937495e+00
4.655972366635523940e+00,3.856684481844629975e+00
2.711415399198073839e+00,5.894923226076018707e+00
8.471938393089883945e-01,6.901722028635747463e+00
7.414118684369306322e+00,2.998201297006386490e-01
5.295976237816304888e+00,2.670768976164175079e+00
6.181156745469080782e+00,1.507978280823277784e+00
3.984229765178670668e-01,7.063993927507673298e+00
5.984377767284685845e+00,1.729705393189134854e+00
1.955344891203795177e+00,6.196251653445593810e+00
3.909533584287240515e+00,4.834391828478318054e+00
6.224130981252521622e+00,1.428127488541611756e+00
5.564089626823347956e+00,2.236705807344217867e+00
3.998783439260025219e+00,4.647759961346439539e+00
6.553034727152752481e+00,1.031739062420671260e+00
1.169332830097395970e+00,6.602943267921546067e+00
2.535930481626860189e+00,5.840770151420508149e+00
5.267085434680912392e+00,2.576170985180120887e+00
4.938256954066906346e+00,3.037629426311081460e+00
2.208339246938396450e+00,6.016883576432823233e+00
5.513364330500446719e+00,2.226582567353534436e+00
4.890206764868830547e+00,3.073817281657777123e+00
2.819769653504135221e+00,5.614334491737026589e+00
5.681602042881674919e+00,1.958322781145785951e+00
3.269718402251599265e+00,5.342642754730007049e+00
5.876692379330816784e-01,6.863411314672887009e+00
2.154451882875483282e+00,6.008707481933366346e+00
1.658707481713830312e+00,6.266160283775779938e+00
7.066568751465649001e+00,3.225525134206652655e-01
4.207680221548816490e+00,4.029583929117388053e+00
4.525689619831902100e+00,3.456071452020029966e+00
6.094843349407823574e+00,1.322302810419663244e+00
4.659194687555812564e+00,3.237775243856223284e+00
3.687598652427486190e+00,4.879346322668977720e+00
5.635259174190754283e-01,6.811292661302297269e+00
6.701413638763851210e+00,6.207990742992985922e-01
7.052621378980428180e-01,6.715132214782864040e+00
1.175205916156922825e+00,6.445638986412981275e+00
3.762811284141183155e+00,4.672387346032975231e+00
6.143152101808205146e+00,1.156636243195203750e+00
2.306244419353601138e+00,5.762588827516212042e+00
6.988876631197118883e+00,1.935797983331644101e-01
6.506107566755343186e+00,7.033900059817010941e-01
4.565303111039637152e+00,3.194455190780973730e+00
4.246495641464114179e+00,3.664637877210339401e+00
4.429271708992736478e+00,3.362637584002980962e+00
8.140539734231810876e-01,6.562974095350484482e+00
2.835401798357952696e+00,5.383189769517540135e+00
3.250803103374995118e+00,5.131339826849234953e+00
7.040754358662777435e+00,5.899232077326566070e-02
4.278338654403361474e+00,3.496340537680703520e+00
4.425018133486516625e+00,3.253824499918689384e+00
2.525259011393451658e+00,5.516545991403600802e+00
5.727022197677151816e+00,1.427841841075567775e+00
2.905922016639678418e+00,5.268208200759044502e+00
4.041483986488199065e+00,3.791042547678452834e+00
1.019237883330806893e+00,6.361309772866335699e+00
6.913019572748002606e-01,6.538222546722752604e+00
5.473634842721940785e+00,1.691521610964025202e+00
2.211667969030496117e+00,5.656944766314598638e+00
4.782112381029818060e+00,2.601050566203234382e+00
3.477298414506918789e+00,4.693255788166856846e+00
1.157386078746264202e+00,6.246295148144201725e+00
8.409579149331314341e-01,6.412495780915454802e+00
3.268065063275976456e+00,4.930197446771770409e+00
4.588748889006204479e+00,2.795701824609181152e+00
5.397246294363245767e+00,1.677022772684452212e+00
2.182373173616181106e+00,5.597387110584834957e+00
1.175717950379344678e+00,6.190274324403325146e+00
3.390194915465319703e+00,4.694014316331191594e+00
2.104175704203451680e+00,5.630105329172600648e+00
4.097534659568308868e+00,3.439375006981938654e+00
3.270392784214379844e+00,4.746250434594716516e+00
4.079586924426092942e+00,3.382112837552032403e+00
6.635978860915177968e+00,8.350743923194015039e-02
5.972875493981012696e+00,7.813720688925962499e-01
1.644948411078205330e+00,5.821640847685230824e+00
4.444379310478866252e+00,2.762658974413678692e+00
2.309412105639441215e+00,5.400391891291432600e+00
6.015518484013496980e+00,6.861214603552712177e-01
3.511572378057676858e+00,4.189648144701036081e+00
3.852012824945859393e+00,3.613346208515798352e+00
3.501845349567374033e+00,4.141531887168953041e+00
9.790328329398190199e-01,6.121420829549812481e+00
6.470099074852112331e+00,4.513500789466662333e-02
1.647226554537367660e+00,5.691937398342922450e+00
3.621092869285167382e+00,3.805461756528676354e+00
2.937745690158191092e+00,4.739130959386356423e+00
3.422407314756878982e+00,4.101645933529640686e+00
3.031038245577684975e+00,4.567599493433801783e+00
6.001481009076440998e+00,4.540674019709889375e-01
1.747782261876069665e+00,5.527554960888236835e+00
4.643883873896614389e+00,2.063530711494445669e+00
7.192058387624733484e-01,6.148003579409548003e+00
4.081441847028378866e+00,2.755543012799655855e+00
1.619634507815697066e+00,5.503700002893476828e+00
4.650346540621318248e+00,1.840937875649812927e+00
2.850519027930703331e+00,4.348476286043682748e+00
2.653919819983908468e+00,4.596667747722472441e+00
2.662977476065168325e+00,4.547662195397103702e+00
5.606198597745107648e+00,6.022970643249558886e-01
3.524491140990483551e+00,3.428395037916799559e+00
5.941294790721124208e+00,1.817491542570492946e-01
4.683715535468903290e+00,1.711852224078224127e+00
2.840696134583110322e+00,4.238214037753254004e+00
3.737997819000926647e-01,6.190237358381431854e+00
4.142959736284431926e+00,2.441947834450159949e+00
4.717933717920056225e+00,1.640378052534624542e+00
5.412182186826210994e+00,7.532983827762473883e-01
3.050795734725219255e+00,3.933556759188837404e+00
4.136385024268381727e+00,2.404880523288666083e+00
1.511756066193808978e+00,5.442547656627909625e+00
5.101090013333154261e+00,1.088847818851952365e+00
2.351036937568111718e+00,4.790458342093333322e+00
4.866570372066865602e+00,1.365986078864269704e+00
2.391917527541398414e-01,6.216051011346062083e+00
2.660581835245587001e+00,4.298979373295757966e+00
3.835795817116220086e+00,2.731756869365945306e+00
5.204269621623493158e+00,8.720367225600433869e-01
5.509763179202002092e+00,4.863068945282267297e-01
2.172373147434155882e+00,4.893867270498870603e+00
5.438883725821250792e+00,5.660628462450290055e-01
2.606489164967808136e+00,4.279822714578545906e+00
2.363728227232889445e+00,4.585209469878631872e+00
2.083939473196717351e+00,4.910427016522424637e+00
2.240833565324952481e+00,4.671018337494706074e+00
4.652000664730628010e+00,1.465236227379577150e+00
4.697611007165950703e+00,1.390521062750511572e+00
2.411110952088124648e-01,6.111867169895073282e+00
2.905244474715238390e+00,3.747838179268895509e+00
2.606089398674134028e+00,4.026701070782614522e+00
2.667550458732733887e+00,3.941577632857481639e+00
2.043660938774837454e+00,4.787277902189700285e+00
3.924193727729556880e+00,2.338830776142162282e+00
2.867464206547033712e+00,3.653065162735208204e+00
2.039400017464207959e+00,4.682815562493764183e+00
2.581757297259512640e+00,3.936991869624806295e+00
4.072891277551730305e+00,2.018609330776586219e+00
3.028982506207066550e+00,3.383498015659103242e+00
3.307340125721830226e+00,3.099522893254202938e+00
5.619178216007717275e+00,3.180425103142647814e-02
1.770472228090516076e+00,4.959757355432756754e+00
4.725500511182918473e+00,1.084442997580760126e+00
5.589260779028670356e+00,3.337600318199962501e-02
1.946358752183530161e+00,4.538448745154361141e+00
5.204720118676444685e+00,3.879548401283494652e-01
4.445662272870322340e+00,1.335787000074789566e+00
3.673942563472408551e+00,2.409841421074539802e+00
1.739806943801961436e+00,4.761654631785027902e+00
3.988367128685710306e-01,5.773644537050842906e+00
2.233340787655163417e+00,3.979815259804554195e+00
4.850358682399696697e+00,7.213622217376258750e-01
3.075542888534500641e+00,3.020339144586134061e+00
3.660948405912822778e+00,2.298607928795921573e+00
4.979440874918436677e+00,5.325237993589149177e-01
1.813639074952965169e+00,4.480373604459192194e+00
1.862118234502775360e+00,4.406905762194454290e+00
8.245550222597652912e-01,5.408868277953629899e+00
1.526265360407400573e+00,4.858048023415153516e+00
2.540509204121251585e+00,3.466503635385993487e+00
4.444887492182065358e+00,1.071417210220482197e+00
5.184328761209544556e-01,5.547650035272645219e+00
4.618296311503478080e+00,8.196778233058832352e-01
2.898353735549930033e+00,2.967740600107538818e+00
2.060696199839448184e+00,3.904902735177392614e+00
2.356255648540654946e+00,3.512209470769354080e+00
6.021815121395990289e-01,5.443415992341166465e+00
2.132006478496555335e+00,3.737608234573964516e+00
4.027315985454110958e+00,1.510505123170475805e+00
4.731261751922433145e-01,5.510855808266631684e+00
1.683009310192641328e+00,4.297501251305606118e+00
4.158891301058745604e+00,1.303476977241817547e+00
5.973783208862204486e-01,5.417727896552325006e+00
2.910649582873303665e+00,2.822864192912533099e+00
8.877200754865832710e-01,5.218915682744635021e+00
3.965644410739868064e+00,1.545046431314639479e+00
1.140952885692229080e+00,5.046069744342787544e+00
2.004634766143960078e+00,3.810114446086445561e+00
1.201399951098062191e+00,4.984833096544961428e+00
3.545158880178875815e+00,2.080920149276038522e+00
4.344449077477770871e+00,9.817575825045599114e-01
7.194361735494281263e-01,5.266784064506215834e+00
2.574204143195704120e+00,3.032980658240113314e+00
2.614238037238696410e+00,2.930425692529066151e+00
1.962335394850855952e+00,3.655880175487407069e+00
1.092492130938090833e+00,4.890775042087152968e+00
1.796976277078803363e+00,3.770422230543127640e+00
2.150141955832269858e+00,3.278404393074497492e+00
3.518598571962256116e+00,1.856621399293436614e+00
1.891347791019263314e+00,3.561564923554854101e+00
4.416374111524900670e+00,6.441097803629025620e-01
3.532060967837404863e+00,1.813838144685722131e+00
1.001741625154773940e+00,4.843874859816430956e+00
2.687100635642989399e+00,2.636393470310931519e+00
3.326194467778892161e+00,2.051813338173497314e+00
9.621504490682430966e-01,4.837651942164997720e+00
6.954096207987636724e-01,5.105604817709036070e+00
2.804722045316564660e+00,2.448226348685525799e+00
1.776090823161226018e+00,3.577835900970379512e+00
3.386773765088705090e+00,1.898850912027252313e+00
1.452499016338427706e+00,3.973361004398200613e+00
4.469717763590173476e+00,3.047409676226398023e-01
3.108393557167776766e+00,1.924387120752174551e+00
1.266302297201781224e+00,3.940346298602246389e+00
6.456888209554145774e-02,5.342214470478877431e+00
4.537286560247177913e-01,5.081836120432247306e+00
1.538149014619781818e+00,3.467819755141277938e+00
2.212247647853903487e+00,2.676166031079871832e+00
2.363151872051502345e+00,2.463851659911577840e+00
9.886152497438405184e-01,4.173040812450842907e+00
1.606400323286721887e+00,3.305094863242069358e+00
1.945262716263810310e+00,2.897961514560483121e+00
5.530568526961887610e-01,4.867959857354673403e+00
2.316882488072156132e+00,2.466783892862492777e+00
3.560852610724363210e+00,1.265926685491808312e+00
3.650617425847485720e+00,1.110640211639295494e+00
2.790508253519556892e+00,1.956753757766419577e+00
4.738779447182028814e-01,4.890646068950305292e+00
1.449234367205783913e+00,3.329737466793573297e+00
9.570525978144672763e-01,4.009871660828276951e+00
3.192658939154009445e+00,1.527626504138401842e+00
1.306372873286606451e+00,3.473727640456278909e+00
1.659249543739795829e+00,3.019599521568800071e+00
3.821434429190838422e+00,7.728495354807429774e-01
1.927614516925909571e+00,2.676641950050435703e+00
1.104341546498636140e+00,3.599589719975448077e+00
2.041086691054176949e+00,2.466377955964420554e+00
3.338297240869205762e+00,1.293114478022430180e+00
1.673997640310219692e+00,2.850787477807927850e+00
1.721999413134260859e+00,2.686657633276945401e+00
2.304278982737892001e+00,2.065553427456813473e+00
1.611918603704487474e+00,2.801289029087822513e+00
7.207432025629345596e-01,3.946615805829577717e+00
3.667003199594660590e+00,7.119412706547056935e-01
1.393979766320827540e+00,2.963299465298260493e+00
1.216547911603068632e+00,3.031947702146448265e+00
3.252929124834669228e-01,4.326891418133829603e+00
1.794272656225348594e-01,4.488527701130497150e+00
7.474777654752684519e-02,4.646629053925459552e+00
2.523531314793516778e+00,1.544201760151707736e+00
1.697262062780221514e+00,2.348613751028652885e+00
9.282217132962711226e-01,3.231389219292401194e+00
1.315893312710111340e+00,2.694526616375445549e+00
3.690514483190461270e+00,2.964619597490869563e-01
8.272103240358474885e-01,3.146235893300942443e+00
3.323753624988797561e+00,6.730050530274156451e-01
2.773436311158138601e+00,1.036521103414089762e+00
1.508686850758472753e+00,2.164279010451753749e+00
2.602661103414670940e+00,1.094430929722381984e+00
8.439719509271026432e-01,2.861994975649050588e+00
1.407422906001917218e+00,2.151842440397323308e+00
3.095605948204679159e+00,6.148320336963175592e-01
2.115538597787547381e-01,3.619909638449042788e+00
1.190458603261074222e+00,2.238540287765372838e+00
7.340008625113536578e-01,2.763169884319875980e+00
8.171363746838833375e-01,2.655972290032717620e+00
1.323737394609447726e-01,3.451932494728381151e+00
1.304777669346589564e+00,1.910359423503532605e+00
7.514187237594904811e-01,2.536741320728243210e+00
6.883280297277949433e-01,2.541665914600508280e+00
1.010285898574085905e+00,2.149230327467249957e+00
2.733492526370539188e+00,5.074662649259498171e-01
1.114257223548553721e+00,1.986590782488536489e+00
1.352792277236380958e+00,1.685624706616976054e+00
8.333068198465298781e-01,2.252773157728954700e+00
1.432399680904780093e+00,1.580123256407981458e+00
3.068604101894570668e+00,1.664622855037423133e-01
9.176234120517612336e-01,2.017962047906473266e+00
2.239700488301807901e+00,7.014486653104623493e-01
4.850849990351968621e-01,2.407088957649300198e+00
1.701621228643153128e+00,1.012924345413240834e+00
3.516563089742374970e-01,2.478361104255577541e+00
1.282468910836387366e-02,2.910942645318850275e+00
1.352820649701169664e+00,1.298099015083941099e+00
1.589848820100255855e+00,1.040308537047648363e+00
3.232174040276059035e-01,2.401716734395453745e+00
2.737246404487296836e+00,5.443873199897586446e-02
1.303430470772010130e+00,1.230120856392669104e+00
1.908533468103246200e+00,6.676463355430573010e-01
1.201009290990252554e+00,1.206899810408770257e+00
5.152133125767399680e-01,1.913020394442908056e+00
2.555664842309546270e-01,2.141275474651044064e+00
6.974478702545472419e-01,1.553316444175406597e+00
1.235165126844528505e-01,2.065710076960585173e+00
1.769181423900564321e+00,3.671188125402102820e-01
1.478624635652159292e-01,1.952832812047952116e+00
1.718327287146719229e+00,3.412578201870586359e-01
2.117090794031023293e+00,1.033535903896209973e-02
1.798782514915382436e+00,2.070574480216758051e-01
8.005172132222682091e-01,1.138011925180384409e+00
4.539464044089036587e-01,1.453715254236893628e+00
4.283879343995211642e-01,1.473553371862912353e+00
1.292264789131815084e+00,4.889685010165290002e-01
1.749574832924656320e+00,6.920867938122743368e-02
1.256625432343937421e+00,3.500348825401033981e-01
1.299810146926714260e+00,1.440101535878612893e-01
2.965207959778948243e-02,1.384008665795835036e+00
4.147246426239004080e-01,9.324740627736816112e-01
6.178587579790850715e-01,6.909905414260231193e-01
5.145854487947865152e-01,6.818830038247258862e-01
7.881960257791065239e-01,3.316606293862311983e-01
6.537873753535106136e-01,4.036849694044830628e-01
6.042669521007182354e-01,3.375380983873554896e-01
5.067585656119755200e-01,3.254297112897963640e-01
3.001362995420908675e-01,4.037515574172567678e-01
1.398185912460103708e-04,7.130343205450262456e-01
3.429671611439710777e-01,2.870431878439128059e-01
2.962331351510694155e-02,5.337766554730616342e-01
2.480375907030862859e-01,2.328490513355696567e-01
1.821943640331025183e-01,1.929353151224333374e-02
