5.485553656413869605e-01,4.514446340970398874e-01
9.096665308430783581e-01,9.033346956159420127e-02
5.034260654418961645e-01,4.965739339537789676e-01
6.792305550941430958e-01,3.207694460388421098e-01
8.812725494673849802e-01,1.187274485770051513e-01
9.483991045102473372e-01,5.160089763504117910e-02
8.753552912456886714e-01,1.246447055561580031e-01
6.784928016658416938e-01,3.215072017016542549e-01
8.671379933977854115e-01,1.328620025887448097e-01
7.793254132649078958e-01,2.206745924379244772e-01
7.273129689981712165e-01,2.726870246871964665e-01
9.823904433396084546e-01,1.760954889750761601e-02
5.019435758105416090e-01,4.980564162961343966e-01
8.088512578838960021e-01,1.911487503232432439e-01
5.771512732549797242e-01,4.228487372600575056e-01
9.300468859391906040e-01,6.995312633478505127e-02
8.121883209220042144e-01,1.878116666778785748e-01
6.307746003351986097e-01,3.692253861081817301e-01
6.352973611972033696e-01,3.647026527280831099e-01
6.318398189043085145e-01,3.681601671089609340e-01
8.859268307439841506e-01,1.140731836892767137e-01
5.942151393408247051e-01,4.057848751283228417e-01
9.539324929573409495e-01,4.606749242959845558e-02
8.122457311846026373e-01,1.877542540820516526e-01
9.320299916455191402e-01,6.796999270135992144e-02
6.596602107704068185e-01,3.403398056258564730e-01
9.009281817203609322e-01,9.907180169575052764e-02
8.093710922284051978e-01,1.906288906528410543e-01
7.189398861607652069e-01,2.810601318220481981e-01
9.121392584934777670e-01,8.786072324355624630e-02
6.632326356223460229e-01,3.367673830230995535e-01
5.144606372044157050e-01,4.855393435248571143e-01
7.500093815657402629e-01,2.499905991242911962e-01
7.165196727240498165e-01,2.834803476733243621e-01
9.670266415982682329e-01,3.297333793965955689e-02
8.862003346714799612e-01,1.137996860304103242e-01
7.512122945568017185e-01,2.487876847384065115e-01
7.560023701946549934e-01,2.439976088596921555e-01
7.313576642710898357e-01,2.686423568895506264e-01
5.118614471903253360e-01,4.881385744328311516e-01
7.603368998367331377e-01,2.396631232929961053e-01
8.011192212445172878e-01,1.988808025575023175e-01
6.832675487581036933e-01,3.167324265826741980e-01
9.382681374430963395e-01,6.173183736359538071e-02
5.029185833084480750e-01,4.970814420395820443e-01
9.503054677961427776e-01,4.969455758199819301e-02
6.935321278350936591e-01,3.064678975513179249e-01
5.563450002613863354e-01,4.436550259542943464e-01
9.177777598693931393e-01,8.222221340588273253e-02
9.446218027839210496e-01,5.537822563250881930e-02
8.245944618148127736e-01,1.754055096925528912e-01
9.650482566404430251e-01,3.495177289621816813e-02
7.917104670449169879e-01,2.082895629657590397e-01
6.856725521150754954e-01,3.143274175378905633e-01
7.745966686875893625e-01,2.254033623898555605e-01
9.144254104192026666e-01,8.557455632474872398e-02
6.825412499841836400e-01,3.174587834690347776e-01
8.784949815871785361e-01,1.215049838260790771e-01
6.734854665056058121e-01,3.265145682572368480e-01
6.569118650065829401e-01,3.430881698665000368e-01
7.404077842672527332e-01,2.595922508597844902e-01
8.150880108947247127e-01,1.849119534757019123e-01
5.291591584786987656e-01,4.708408053962609419e-01
8.943362610722231931e-01,1.056637014603298702e-01
5.042370076827557002e-01,4.957630301948871554e-01
9.789923610999291537e-01,2.100767717323633738e-02
5.859269832175468817e-01,4.140729782385163538e-01
8.522591266747474581e-01,1.477409120380232810e-01
8.565644312255098480e-01,1.434356076739907171e-01
6.247995424934323916e-01,3.752004968055016598e-01
5.712518732851212810e-01,4.287481674432859213e-01
9.772578595800097689e-01,2.274218119265885088e-02
9.709946484156002366e-01,2.900539294195548720e-02
6.726363221804889658e-01,3.273637199836027523e-01
8.426217975857412945e-01,1.573782447273864016e-01
5.945367628242836933e-01,4.054632796865457744e-01
9.885139202518560264e-01,1.148612242459412514e-02
6.293903447723677713e-01,3.706096119258973642e-01
8.481129508985780774e-01,1.518870930148027709e-01
6.375863218179809166e-01,3.624137228927214460e-01
9.034830465396257448e-01,9.651690839412081779e-02
6.916902563416853500e-01,3.083096981584195206e-01
8.240169634410979826e-01,1.759829906409496048e-01
9.279077175991470305e-01,7.209223451973791053e-02
6.049054611615751753e-01,3.950944905329970003e-01
6.915485236768637023e-01,3.084514275057678168e-01
5.197864583566779162e-01,4.802135906420572642e-01
5.609095089312109428e-01,4.390904415356117751e-01
5.755615890666949674e-01,4.244384608912273316e-01
9.504004635812844937e-01,4.959958663025979680e-02
7.799267744902478317e-01,2.200732763662567870e-01
5.128447438902662414e-01,4.871553069698409955e-01
7.394891505149249200e-01,2.605107986083388671e-01
7.258205126024555032e-01,2.741795387798055539e-01
6.765775149416918266e-01,3.234225368550377455e-01
8.353498518199863332e-01,1.646502002674733733e-01
7.542175677991302951e-01,2.457824855289225952e-01
7.727385607233249187e-01,2.272613851097166071e-01
8.660685641049523653e-01,1.339313813499744266e-01
9.081162756404960179e-01,9.188366973396011606e-02
8.589054993890090639e-01,1.410945554447779193e-01
9.909062647990105610e-01,9.093680363677627762e-03
9.132886849676367103e-01,8.671125979055964439e-02
7.610414431247005673e-01,2.389586135655176746e-01
6.778144881238550301e-01,3.221854549581371074e-01
6.115518631599712318e-01,3.884480797949166342e-01
5.924976715626054657e-01,4.075023857645674319e-01
5.145941084542061672e-01,4.854058337813624835e-01
5.783242873416747365e-01,4.216757704277294128e-01
8.982849757710076322e-01,1.017149663578687524e-01
5.505817890140876081e-01,4.494182695353957646e-01
9.343947209982084168e-01,6.560533785532346451e-02
7.163531534552809443e-01,2.836469060230604189e-01
9.368611801443567089e-01,6.313887969959125490e-02
5.071741209628545244e-01,4.928259391409974821e-01
9.707490913790625120e-01,2.925096983014273400e-02
8.588422894352751857e-01,1.411576491040425485e-01
5.768987093080519823e-01,4.231013528390944467e-01
5.587016360830907580e-01,4.412983010835703768e-01
9.075149498640826540e-01,9.248511312388980887e-02
5.976596810143793848e-01,4.023402554384486463e-01
5.032529054233976229e-01,4.967470308951581481e-01
8.644033461125625317e-01,1.355965896318916675e-01
5.148034676672237353e-01,4.851964680475275293e-01
9.158698950776704706e-01,8.413004048112783517e-02
8.482719655057935348e-01,1.517279700363530215e-01
9.458050393082777507e-01,5.419489567430036542e-02
9.917994420815581247e-01,8.200623678007218711e-03
8.047658775874564352e-01,1.952341888367747913e-01
5.901675593359809735e-01,4.098323740979116225e-01
9.382749081757431053e-01,6.172515947348280324e-02
5.409596379828882640e-01,4.590404305315575195e-01
8.564242249623892356e-01,1.435757053267017747e-01
5.920719944771537513e-01,4.079280752978978186e-01
6.029178233126215591e-01,3.970821066628165696e-01
7.935694338458887387e-01,2.064304952011303262e-01
8.495118530602940865e-01,1.504882183128977979e-01
6.608145580594124713e-01,3.391853695513491473e-01
9.741835593319461140e-01,2.581636754656132030e-02
9.907004669455485857e-01,9.299457977410481233e-03
8.049977552624741906e-01,1.950021694199296773e-01
7.520332133817048126e-01,2.479667107305558171e-01
5.200080099553079371e-01,4.799920671455553678e-01
8.150827607426707200e-01,1.849173171285704853e-01
5.340003823951977591e-01,4.659995394717674211e-01
8.122752421177228399e-01,1.877248365355291271e-01
6.188310982071725252e-01,3.811688228471101225e-01
9.207225316170861706e-01,7.927754830723654500e-02
7.367275231279197811e-01,2.632725574442107974e-01
9.327854366780095052e-01,6.721448226550520710e-02
6.279372452387190773e-01,3.720628360514958155e-01
9.414467329254495587e-01,5.855334844344489698e-02
7.832096258238547826e-01,2.167902925187158991e-01
9.159982841219617145e-01,8.400179835735448186e-02
5.476121043904231822e-01,4.523878130727778113e-01
8.509603283963527165e-01,1.490395881214549856e-01
8.076297679414632391e-01,1.923701476878920680e-01
5.757137664022975443e-01,4.242863185147651151e-01
7.578293981864550055e-01,2.421706893609603672e-01
5.643463527673856506e-01,4.356537349536735437e-01
6.622605094771762957e-01,3.377394018707450818e-01
7.348639227480389113e-01,2.651361669530636900e-01
8.507268676720731726e-01,1.492730413356291863e-01
9.477370553378992035e-01,5.226285323432955376e-02
8.921259871307645195e-01,1.078741059601237423e-01
8.134337245740254074e-01,1.865663685327499655e-01
5.751296017229529101e-01,4.248704932919420973e-01
5.208106167971762179e-01,4.791894786225551206e-01
9.671526810508590533e-01,3.284741474633554731e-02
8.499160464673547466e-01,1.500838567699238346e-01
9.693826634615095861e-01,3.061723963765822926e-02
7.023675988804247705e-01,2.976324987468907390e-01
8.305870347809087839e-01,1.694130631758617445e-01
8.569162589097983895e-01,1.430838393069604475e-01
6.799593865211037702e-01,3.200407123186767011e-01
9.653742021902314008e-01,3.462589748823718949e-02
9.834669110826241845e-01,1.653298851476775119e-02
6.888724770720593416e-01,3.111274222080176455e-01
9.754050560139109205e-01,2.459484322951355911e-02
8.733024519853751499e-01,1.266974463720045019e-01
7.594254670015674336e-01,2.405746351838768393e-01
9.525333757047269589e-01,4.746672791862190793e-02
7.493726294968541257e-01,2.506274755053087278e-01
6.583915141970624330e-01,3.416085911987018497e-01
7.268775267090860082e-01,2.731223677536300798e-01
7.248980430688318766e-01,2.751020625421792265e-01
6.678683157363283218e-01,3.321315785503720641e-01
6.021315294540205976e-01,3.978685771895625334e-01
5.977858347648592474e-01,4.022142722640342227e-01
8.204482816535489942e-01,1.795516112068379633e-01
5.284459611428717896e-01,4.715541460076060898e-01
9.783615355137904590e-01,2.163857188604556211e-02
7.764414190158546170e-01,2.235584733550010639e-01
6.467534282571461013e-01,3.532466796551825827e-01
5.501885729221126509e-01,4.498115365218612882e-01
7.021231952572138946e-01,2.978769146944478252e-01
9.142413921974712476e-01,8.575849781874274325e-02
5.742128724529462769e-01,4.257870167523127303e-01
9.829815824752670128e-01,1.701852911394516679e-02
6.278151640068878603e-01,3.721847243046301212e-01
7.755792080496834995e-01,2.244206799381309736e-01
6.274725834447816286e-01,3.725273035756590523e-01
6.372323523569487502e-01,3.627675346537768686e-01
8.000243744698968262e-01,1.999755123857597516e-01
8.020784786279001599e-01,1.979216346805252880e-01
7.878622483089083861e-01,2.121376379238331111e-01
7.219342599890647971e-01,2.780658542597094773e-01
5.276080526790859482e-01,4.723920623066039104e-01
9.765683744960661494e-01,2.343174186780749499e-02
7.526598077116143370e-01,2.473400743384033262e-01
8.057629880267065392e-01,1.942368939612415801e-01
7.203531668447812342e-01,2.796469513494124759e-01
9.423492151301813280e-01,5.765066646334308237e-02
6.006480057715877230e-01,3.993518757541124620e-01
8.001367342390901527e-01,1.998631469538739991e-01
8.416754882591759301e-01,1.583243925724072132e-01
5.016637802077809072e-01,4.983360996257840125e-01
8.686033825610139925e-01,1.313964960835291851e-01
7.443745397455374668e-01,2.556255826321079394e-01
9.734799782950037672e-01,2.651989862514292709e-02
5.181746087056483541e-01,4.818252681532388948e-01
9.656113172868630024e-01,3.438855936747768627e-02
8.393193578396196397e-01,1.606805181238054880e-01
6.448611588194926858e-01,3.551389662047952367e-01
8.948305434643910594e-01,1.051693313794778289e-01
6.820124482319331882e-01,3.179876777200504878e-01
8.963977858005373056e-01,1.036023402765780671e-01
6.712870226281033581e-01,3.287128508205435229e-01
9.664003894833951280e-01,3.359948355236504203e-02
5.888173339181724808e-01,4.111825387446940705e-01
8.844712035518100812e-01,1.155289240063438333e-01
8.605008004054460757e-01,1.394993275654567988e-01
5.759739181642360428e-01,4.240259529987123188e-01
6.909494187441174162e-01,3.090507101536893453e-01
8.860449598301193275e-01,1.139549110428260681e-01
6.216659808240754259e-01,3.783338890976739033e-01
5.688131702246503885e-01,4.311866988301129022e-01
8.056345806070489557e-01,1.943655503639820648e-01
8.694512098284714607e-01,1.305489211802722260e-01
9.870374183653842781e-01,1.296245058928850030e-02
7.696196393763488075e-01,2.303804917582111811e-01
8.279942928803237789e-01,1.720058387704712366e-01
6.245445747900081335e-01,3.754555573147579373e-01
5.656484973188102838e-01,4.343516351820278509e-01
7.889285788534490251e-01,2.110712884191542071e-01
8.998327792291849203e-01,1.001670876698635138e-01
7.383897029793095035e-01,2.616101638436620358e-01
7.387224630293579564e-01,2.612776707720375624e-01
6.584578397508871195e-01,3.415422942978881271e-01
8.246797683562656633e-01,1.753203659700298955e-01
7.537723868955645834e-01,2.462274778280413023e-01
6.634745420804623040e-01,3.365255933409299627e-01
7.794682989871050127e-01,2.205318370773734493e-01
6.439353042699489382e-01,3.560648324510454765e-01
6.336815512496594138e-01,3.663185855342366848e-01
9.618075141045462351e-01,3.819262275267387013e-02
5.897337797436179585e-01,4.102663574249622580e-01
5.760590813992620962e-01,4.239410580162851216e-01
8.086281688891869823e-01,1.913719705485941169e-01
5.136840286980297599e-01,4.863158312919352300e-01
9.811892813207705455e-01,1.881085930846504092e-02
6.121118464539824222e-01,3.878882941773944548e-01
6.320162693420408040e-01,3.679838721210919594e-01
8.593121275857320551e-01,1.406880143516616999e-01
8.224929558917749572e-01,1.775071865946251659e-01
8.830698017263620692e-01,1.169300553618855543e-01
5.966610249899690910e-01,4.033391185969559256e-01
6.054547777755282523e-01,3.945450785321690801e-01
7.084630980984354398e-01,2.915367572122717910e-01
7.668606030337459245e-01,2.331392503831845597e-01
6.625364417721794075e-01,3.374634110508232809e-01
8.554276758182096652e-01,1.445721749172294845e-01
9.469345857408855149e-01,5.306526067179823114e-02
5.152767613433034688e-01,4.847233927997544045e-01
7.281737713726958994e-01,2.718263837029413765e-01
8.017751455180237574e-01,1.982246991432103922e-01
9.232132951062199666e-01,7.678654946074885135e-02
8.242251030159637448e-01,1.757750526932137791e-01
8.834149175983576630e-01,1.165849258673775785e-01
8.078254618197314718e-01,1.921746947504255343e-01
9.109072803452049616e-01,8.909256286963428140e-02
9.163578806547401090e-01,8.364227624769475511e-02
9.932462557316967811e-01,6.753587095277383337e-03
8.720395114253831625e-01,1.279606461344809376e-01
5.048273012982504859e-01,4.951728563171163833e-01
9.520568400334535886e-01,4.794300146151737191e-02
9.868731787457456495e-01,1.312698038688370206e-02
6.601266433682233536e-01,3.398731972720122618e-01
7.522552780131487316e-01,2.477448815413282879e-01
5.200378716671792967e-01,4.799622892151083620e-01
9.885683023854625606e-01,1.143185867069327483e-02
8.854561197615835599e-01,1.145440422620034732e-01
5.133497815356340421e-01,4.866500560806805709e-01
8.011039783776092715e-01,1.988958584435016053e-01
8.275659977596778738e-01,1.724338388541148404e-01
6.175940238796032711e-01,3.824061402677673138e-01
8.466894268802890311e-01,1.533107385701723557e-01
5.747101581434408413e-01,4.252896751644195117e-01
8.806230882190488884e-01,1.193767450784698203e-01
5.125622733367576345e-01,4.874378945580248312e-01
9.319317164044027546e-01,6.806811435445331293e-02
5.925275013880004771e-01,4.074726688071929059e-01
5.811622008693008157e-01,4.188376287711400581e-01
8.260811544940280804e-01,1.739190160118328221e-01
8.303091526748067608e-01,1.696910183146596585e-01
7.278898624976520848e-01,2.721099663736778473e-01
6.385765051904057632e-01,3.614236666077469962e-01
5.678218030110596670e-01,4.321780238822852116e-01
8.421389045837655019e-01,1.578609220513006173e-01
6.715792345862403590e-01,3.284209388466057256e-01
9.004493404246409760e-01,9.955048574724373323e-02
7.746549171282246515e-01,2.253452571237177238e-01
8.823686618908508361e-01,1.176311636742864708e-01
9.096270145450353617e-01,9.037280978746321802e-02
5.868417698812951055e-01,4.131580541720256128e-01
9.470403885809743905e-01,5.295943526410657604e-02
8.104737374964678942e-01,1.895260840244217815e-01
8.131570415126232465e-01,1.868427799602306594e-01
5.541887408855733499e-01,4.458114380959156131e-01
6.795821366002361419e-01,3.204180428076126019e-01
5.345045423521526118e-01,4.654952777880559944e-01
5.530464211774720473e-01,4.469533988449082007e-01
7.362385376597694320e-01,2.637612809378894196e-01
8.432882825757479495e-01,1.567118989007743601e-01
5.228927521263795342e-01,4.771070663495254327e-01
6.483997667077441296e-01,3.516004149524143418e-01
8.087392077975028570e-01,1.912606104914620353e-01
6.175692899282719805e-01,3.824308927876467479e-01
5.190875831442216537e-01,4.809122323816790723e-01
9.623474154532840608e-01,3.765239843428141303e-02
7.324770024376214828e-01,2.675231836922442041e-01
8.289311017438414364e-01,1.710690850297710286e-01
9.237344699568978967e-01,7.626571730949383010e-02
6.038306643058165557e-01,3.961695235168105067e-01
6.719997255016276760e-01,3.280004631517641212e-01
5.478291434049612496e-01,4.521710452700182792e-01
8.429306911747926900e-01,1.570694976183748814e-01
7.996033055165253645e-01,2.003968833312117781e-01
6.991443493741534843e-01,3.008554616222637312e-01
7.729229272482921465e-01,2.270772618212967831e-01
8.898252544301734623e-01,1.101745554015851475e-01
8.084564598343328967e-01,1.915433491546110756e-01
9.360195086178628721e-01,6.398029988683383296e-02
6.368663243722424427e-01,3.631338672972994619e-01
7.505945699454033004e-01,2.494056233300168401e-01
8.041355090109061354e-01,1.958646844170769952e-01
6.987969265078334269e-01,3.012032672444401871e-01
8.158523092667455678e-01,1.841478848618761932e-01
5.555160690216492947e-01,4.444841265354604332e-01
8.195217127570872950e-01,1.804784833184536197e-01
5.421280206089263975e-01,4.578721761061281259e-01
6.989663664072048865e-01,3.010334367836960401e-01
6.175006271657432766e-01,3.824991757240860935e-01
8.981320581137098857e-01,1.018681395084520408e-01
9.548744824418269328e-01,4.512531924540353484e-02
9.176226348332745530e-01,8.237716668921590824e-02
5.874308018165443901e-01,4.125693968318656646e-01
6.322827660272495320e-01,3.677170340648640567e-01
6.228680679455288471e-01,3.771317306786696189e-01
8.318439761488805040e-01,1.681558223648197958e-01
8.781043300169592003e-01,1.218958720188888234e-01
8.870880905258031746e-01,1.129121119705882165e-01
5.900803123715829823e-01,4.099198903921471571e-01
6.230014786956555861e-01,3.769983175438259559e-01
9.409191275513417718e-01,5.908107677363057947e-02
6.553914883433711314e-01,3.446083072459099061e-01
8.240459592592404015e-01,1.759538346670925235e-01
5.411503936541915971e-01,4.588493994591859026e-01
5.961399136095042461e-01,4.038602946755196488e-01
7.367726199172244250e-01,2.632271713557682302e-01
6.124018961478108203e-01,3.875978948786483747e-01
8.593731041511116775e-01,1.406266863390819855e-01
7.404361023608304615e-01,2.595636878029551897e-01
6.799090082925671741e-01,3.200912016431746165e-01
8.476601847451996630e-01,1.523400252086819229e-01
7.109865506301337179e-01,2.890132393789264786e-01
7.679713098967840823e-01,2.320289001078626734e-01
9.198085971091043422e-01,8.019161345966581422e-02
5.200768890015968759e-01,4.799233215849077472e-01
6.512894512074579589e-01,3.487103372773989740e-01
6.741576149633322634e-01,3.258425981621715373e-01
7.120466531597040571e-01,2.879531325171293954e-01
9.849417993271936123e-01,1.505841547262256989e-02
5.307664653306892744e-01,4.692337497610448160e-01
5.765752581865635218e-01,4.234245264547650267e-01
5.738545205610142697e-01,4.261452636523569981e-01
6.364970142415544707e-01,3.635032028178371011e-01
6.568374739318222355e-01,3.431627433315473930e-01
7.741050793657406892e-01,2.258951382080502945e-01
5.430161716166229668e-01,4.569840463018396415e-01
6.747678118329545338e-01,3.252324066046110573e-01
5.261818411289959085e-01,4.738179400817486009e-01
8.968670561937004404e-01,1.031331632373936463e-01
6.922514564035958662e-01,3.077487634058534427e-01
5.576241270687738449e-01,4.423760928412372451e-01
8.198245610014380791e-01,1.801752186764782049e-01
5.635600056985605733e-01,4.364402147524950593e-01
8.219664024254496049e-01,1.780338182098714639e-01
5.717665717654099033e-01,4.282332074638924291e-01
6.614422305108949018e-01,3.385575485079813096e-01
6.516175873237429750e-01,3.483821916884965453e-01
6.449170882954116113e-01,3.550831337637086471e-01
8.555430843958935494e-01,1.444571382676034244e-01
6.349707321595394749e-01,3.650294923109080880e-01
7.063248236233607980e-01,2.936754014231909848e-01
7.767189735828753383e-01,2.232808009566187579e-01
7.334249427374596175e-01,2.665748317741543638e-01
8.259264833309658549e-01,1.740732911427068652e-01
6.689165441613653673e-01,3.310832302507419889e-01
7.047143628870287113e-01,2.952854091437947526e-01
5.924788814306451989e-01,4.075208898283715908e-01
9.267655463594142162e-01,7.323422413563139555e-02
5.245872036429717333e-01,4.754130261754909714e-01
8.726590476447347866e-01,1.273407222505260894e-01
6.444878167045020589e-01,3.555124145279893733e-01
8.296827987825274864e-01,1.703174326927126281e-01
7.583329781153402838e-01,2.416672535569264479e-01
5.517660929764871547e-01,4.482336742898959114e-01
8.234601273378902020e-01,1.765396396180258232e-01
7.642634952707121343e-01,2.357367387053035668e-01
6.280916843277254413e-01,3.719080815531710105e-01
8.874503409490295258e-01,1.125498934511312832e-01
9.104383551825578902e-01,8.956188037267251434e-02
8.882433422563433822e-01,1.117568935972315380e-01
8.443905455943382377e-01,1.556092182793532563e-01
8.854661908261927117e-01,1.145335722202869555e-01
6.493898281690724250e-01,3.506099345855746563e-01
6.618831175546084911e-01,3.381166446516717938e-01
5.143617262911268639e-01,4.856385118999961281e-01
7.311696971284470381e-01,2.688300640510863926e-01
8.169811865478362467e-01,1.830190524272174157e-01
6.423485717993164812e-01,3.576511885637191912e-01
5.891647175778448320e-01,4.108355231019618636e-01
8.704864178158966403e-01,1.295138231555146846e-01
7.881818838200367328e-01,2.118178745249080230e-01
6.045874776165865994e-01,3.954122806466997542e-01
8.885570780062830298e-01,1.114431637754621646e-01
8.876524448036284820e-01,1.123477975652002053e-01
6.954302470006035186e-01,3.045695105177222972e-01
7.667797828020932460e-01,2.332204597459929252e-01
5.749612036628506395e-01,4.250385527336053570e-01
6.064536195500995763e-01,3.935461364275217866e-01
6.507729769015017096e-01,3.492272671943909002e-01
5.169174999369506862e-01,4.830822558928992150e-01
6.398744492865036104e-01,3.601257951422456860e-01
6.103594222050590101e-01,3.896403332944213815e-01
9.809778212074491410e-01,1.902193331952430413e-02
5.237010631053236054e-01,4.762986909650330780e-01
7.070824505046205966e-01,2.929177967293508655e-01
8.803873492774658693e-01,1.196124031801005100e-01
9.098740955148844067e-01,9.012615284260787341e-02
9.127600403017794850e-01,8.724020892901129809e-02
8.684591520054256719e-01,1.315410973105426151e-01
8.972914197577699369e-01,1.027083305559426119e-01
9.860321884119660485e-01,1.396806164117263792e-02
7.352147150401653342e-01,2.647850347300786944e-01
8.111426843315625579e-01,1.888570645915837454e-01
5.329419047018096878e-01,4.670583481359317224e-01
5.563686295003402726e-01,4.436311175542229646e-01
6.986335863987026551e-01,3.013661606480620425e-01
7.380094424927550190e-01,2.619903040456093013e-01
5.327157057639042570e-01,4.672845479587291462e-01
5.864249528990175264e-01,4.135747929001472589e-01
6.507340765606065558e-01,3.492656691608416186e-01
5.512219050307449741e-01,4.487778393745444072e-01
8.813661591069007484e-01,1.186335848137456545e-01
9.225213099740920963e-01,7.747894669692427516e-02
7.398873916316424104e-01,2.601128651885022958e-01
6.832075910308766931e-01,3.167921521335522184e-01
9.267482791774512840e-01,7.325197853736332976e-02
9.163918852213990274e-01,8.360785619231220211e-02
9.933890967562459817e-01,6.610644271139699824e-03
8.886101901785530277e-01,1.113895506704170174e-01
7.035352125840782511e-01,2.964650466076380608e-01
6.516821885948819171e-01,3.483180706631561763e-01
7.357134478369716790e-01,2.642862927002511686e-01
7.832062318764521081e-01,2.167935083164597987e-01
5.912326682968487290e-01,4.087675936724873837e-01
6.360306075552819571e-01,3.639696549355713739e-01
7.591381482068234599e-01,2.408615891843484125e-01
9.666996149513868986e-01,3.330064800321870522e-02
8.155560607420970776e-01,1.844436739733771313e-01
9.752158342428947080e-01,2.478389947073472710e-02
5.057415816208445936e-01,4.942581518464368995e-01
6.609398699201635141e-01,3.390603969256758554e-01
6.048522681444158389e-01,3.951474649985166065e-01
5.624596512681013794e-01,4.375400816955546390e-01
8.084673745883335094e-01,1.915328929876302932e-01
8.967435406216666127e-01,1.032567271545011822e-01
8.280603514183016989e-01,1.719399172861851566e-01
5.269986125247226871e-01,4.730011178705816333e-01
6.930314479379832138e-01,3.069688233260494115e-01
7.277742126369373121e-01,2.722255158087828475e-01
7.213924003428036080e-01,2.786078718657336584e-01
5.378882834649253430e-01,4.621114439365430759e-01
5.388856476958807651e-01,4.611140792470000416e-01
7.627430492296527476e-01,2.372566773364482018e-01
8.274666981846476865e-01,1.725335777767473544e-01
6.128665137180729916e-01,3.871332101771182699e-01
6.306719304072669896e-01,3.693277934782603356e-01
8.834610062102948858e-01,1.165387175084190291e-01
6.064864837666518183e-01,3.935132394518460752e-01
8.945117945270182336e-01,1.054879282831950732e-01
7.982031640045467169e-01,2.017971132163141612e-01
7.481585504750311033e-01,2.518411705714257431e-01
8.028072324077228927e-01,1.971930468752705057e-01
5.543991504360977762e-01,4.456005702224849485e-01
8.671619520312204843e-01,1.328383273722196500e-01
9.122463137063195893e-01,8.775340566583966773e-02
8.241983389993874365e-01,1.758013803103911921e-01
7.447232092081816912e-01,2.552770716868411061e-01
8.454511874556629447e-01,1.545485305277454480e-01
5.544516219686529412e-01,4.455480957053960522e-01
9.154845850581727618e-01,8.451513259228347896e-02
7.255316685332002802e-01,2.744686139891768240e-01
5.851623415280706730e-01,4.148379409966364006e-01
8.673355189994409464e-01,1.326641976255770738e-01
7.739945434678683345e-01,2.260051724865208833e-01
6.049423206036492751e-01,3.950573952507207554e-01
5.642182049866072413e-01,4.357815084559370500e-01
8.833564242069333883e-01,1.166438628085452456e-01
9.649350784462205066e-01,3.506463439285623790e-02
8.141183872265234100e-01,1.858813255755060456e-01
9.822839193180936679e-01,1.771636874255581862e-02
5.306114902677020462e-01,4.693882215074003939e-01
6.427526522996644953e-01,3.572470592114440069e-01
7.710679948745586820e-01,2.289317160746458524e-01
8.672323656550765536e-01,1.327679237957103686e-01
8.665494924051619918e-01,1.334502180116120262e-01
9.868853328657793966e-01,1.311495679166982571e-02
9.125108890979469756e-01,8.748940081335024321e-02
5.077509978244189037e-01,4.922487119516724685e-01
8.952706661896556728e-01,1.047296241130561828e-01
8.515213629807316664e-01,1.484783463697136319e-01
9.634409654522181343e-01,3.655874366054795432e-02
8.358508319037090128e-01,1.641488770870118963e-01
9.902043354903848904e-01,9.795373434373855909e-03
5.465332334426618033e-01,4.534670581204489626e-01
5.140869008149584474e-01,4.859133928207985953e-01
6.207349292511162853e-01,3.792653652769651385e-01
5.274676982356244492e-01,4.725325963490968895e-01
9.878627950213205722e-01,1.213691011691592561e-02
7.958394893305849038e-01,2.041608058017037319e-01
5.782784375601559557e-01,4.217212672228998205e-01
8.096418143807877499e-01,1.903578900700771959e-01
8.671670997856719687e-01,1.328331957750125136e-01
5.424575932168804737e-01,4.575421107336586357e-01
8.317543307097587935e-01,1.682459657718134161e-01
9.877898087176980590e-01,1.221048902458731281e-02
7.293135249660275266e-01,2.706867731299015256e-01
6.193726646231996202e-01,3.806270367809067579e-01
6.516119244326501470e-01,3.483877769455530071e-01
8.776392063323807946e-01,1.223610937875456439e-01
9.851800015139128286e-01,1.482029907986330552e-02
6.803817730121676233e-01,3.196179252757350708e-01
5.701602690992637612e-01,4.298400329959478627e-01
5.950686276331302871e-01,4.049316747552746953e-01
5.809794446568093962e-01,4.190208584495374033e-01
7.723694875663368320e-01,2.276302091479971146e-01
5.018161460191570278e-01,4.981841574174609155e-01
5.065090228328708033e-01,4.934912810048333043e-01
5.475790925868263548e-01,4.524212121554243571e-01
6.498674560396205946e-01,3.501328496232685161e-01
6.881383520732728964e-01,3.118613422608261798e-01
7.870517592144898877e-01,2.129485467700867884e-01
5.337642197472555194e-01,4.662360870228793308e-01
5.742674119669306521e-01,4.257328950754487029e-01
5.528013339060724451e-01,4.471989731725452000e-01
7.385533478684478403e-01,2.614463445432886335e-01
7.789176251859593059e-01,2.210826827336232203e-01
8.223085869829813710e-01,1.776917215287830143e-01
6.593709646065826213e-01,3.406287265451338198e-01
7.113093164486965492e-01,2.886903745120331655e-01
9.065805265918673861e-01,9.341916391414742393e-02
9.420960077678381950e-01,5.790368267539250380e-02
7.701463787024254160e-01,2.298539310982563588e-01
9.211319050819726240e-01,7.886778488400630893e-02
5.217308158789669692e-01,4.782694949196849010e-01
5.495517276201035139e-01,4.504485836382013386e-01
5.690775044771442248e-01,4.309228071322649956e-01
8.226134744962649847e-01,1.773868371663218924e-01
5.924859234288124554e-01,4.075143883818569401e-01
5.566781996506112717e-01,4.433221129240722536e-01
5.843048135832341616e-01,4.156954993980599422e-01
8.387952298499496973e-01,1.612044565875896118e-01
6.271611609851575064e-01,3.728385244560957212e-01
5.811455553122963913e-01,4.188547598831715013e-01
7.671532778577101475e-01,2.328464068642976947e-01
9.909060994733419614e-01,9.093584260028141422e-03
8.827498536378668437e-01,1.172504628022383033e-01
8.157157557653801350e-01,1.842839277922924679e-01
5.355535705118961154e-01,4.644461117357837066e-01
9.703150405037803683e-01,2.968527742726601373e-02
7.868433158805221428e-01,2.131563661537212162e-01
5.406616949057162502e-01,4.593386230946392423e-01
8.652642402776279384e-01,1.347360782888867570e-01
7.503273452765464313e-01,2.496729733315722066e-01
9.731694464926504695e-01,2.683023475367923502e-02
6.212817744190785030e-01,3.787185444644652899e-01
5.930631559972163735e-01,4.069365251042856291e-01
9.152029842086774059e-01,8.479669646123154381e-02
8.855941054779484789e-01,1.144055746637447218e-01
7.852720588500490262e-01,2.147276210512822359e-01
7.903575303796785967e-01,2.096427901281784911e-01
8.103983230106385216e-01,1.896019985807332886e-01
6.715516359422627479e-01,3.284480417169137745e-01
8.726871615762856749e-01,1.273125160135591127e-01
5.150115586168303450e-01,4.849881178488099631e-01
8.641634117768131063e-01,1.358362636671744672e-01
8.433081518971312640e-01,1.566921731487352365e-01
6.130639489444840162e-01,3.869363763648822063e-01
6.656133037479776693e-01,3.343870217799680966e-01
5.253234532284059011e-01,4.746762194338851049e-01
8.864063492159498514e-01,1.135939790144566558e-01
5.934176681686129662e-01,4.065820029685208725e-01
7.928654561438186477e-01,2.071342148704637953e-01
9.085731831331711472e-01,9.142714602361273757e-02
9.838691132389569827e-01,1.613055703149772133e-02
5.077629733960586922e-01,4.922373571390240565e-01
9.754954327556975002e-01,2.450423628816790489e-02
6.919067921879628047e-01,3.080928766031469923e-01
8.985073003713113238e-01,1.014923678890631287e-01
6.237004672280156425e-01,3.762992004833024540e-01
5.028701682380284366e-01,4.971294993352206038e-01
6.348012441320296517e-01,3.651984234310765576e-01
9.775174455278893282e-01,2.248288704320669171e-02
8.893055872806614470e-01,1.106947454664073821e-01
6.663248445721986490e-01,3.336754882318562210e-01
5.399955463155666768e-01,4.600041206808156979e-01
7.244669946392716664e-01,2.755333388643154691e-01
6.762007469014581496e-01,3.237989190924537297e-01
8.154068521897273047e-01,1.845928137646691003e-01
5.696472458742899425e-01,4.303524197809406315e-01
7.499469894618950860e-01,2.500526759660747778e-01
7.846260101756652450e-01,2.153736551223592310e-01
5.765385659493440507e-01,4.234610992607167335e-01
8.572216975010844564e-01,1.427779674487485440e-01
7.724227593426487015e-01,2.275775757857152748e-01
8.421969852629697106e-01,1.578026795283848371e-01
6.436736639903308799e-01,3.563266718007701006e-01
8.333973041899833678e-01,1.666030320768632222e-01
7.878232773023374769e-01,2.121763863219951474e-01
5.722853338966236159e-01,4.277150037867234467e-01
5.365203371245771402e-01,4.634800010781983670e-01
7.799717446541321042e-01,2.200279163710547881e-01
6.140359202538848704e-01,3.859637404739578170e-01
7.967325337466222290e-01,2.032678058029494250e-01
8.054471117526429413e-01,1.945532298602916932e-01
8.609440184289491871e-01,1.390556397902312225e-01
7.672253536109738814e-01,2.327743043178717441e-01
6.779614401617168884e-01,3.220382175720777340e-01
7.938829592062781604e-01,2.061173837943877374e-01
7.920106353236546770e-01,2.079890213836721735e-01
6.317620569552349075e-01,3.682375991724256559e-01
8.357429588712942392e-01,1.642566972223088451e-01
6.422286997730041191e-01,3.577709562210353855e-01
7.520097503348224244e-01,2.479905941782093726e-01
9.298515548958257160e-01,7.014879088748746105e-02
5.238573718962543646e-01,4.761429739159691588e-01
9.666981741690279240e-01,3.330217198982270838e-02
6.652526460374723616e-01,3.347477001260030227e-01
6.192306652614826268e-01,3.807696810104069796e-01
5.885477425218718084e-01,4.114519106499782142e-01
5.368217918192105254e-01,4.631778605813353100e-01
5.478332251639725925e-01,4.521671229460518804e-01
9.863412174893269047e-01,1.365843426362092251e-02
5.449860734442794064e-01,4.550142749010035459e-01
8.931959044062248720e-01,1.068037467406377089e-01
7.509392903002419795e-01,2.490603603868337401e-01
8.989094075490730029e-01,1.010909418753120487e-01
5.693595673824112247e-01,4.306407823224678300e-01
8.875672692044211942e-01,1.124330815767799613e-01
8.557330413445978223e-01,1.442666067439101196e-01
6.550330182522560163e-01,3.449666296133851451e-01
9.663718732624858587e-01,3.362847950929399865e-02
7.965170286266394228e-01,2.034826185324717929e-01
8.518144496132902255e-01,1.481851975055077930e-01
6.481356331698806539e-01,3.518640134258333996e-01
7.610660046059172235e-01,2.389343488898302281e-01
9.804837285751180076e-01,1.951662690087865512e-02
7.690096640816481699e-01,2.309906919106108625e-01
5.349076454113879109e-01,4.650927117504589647e-01
8.661699338905628487e-01,1.338304236252559898e-01
7.708026529884381972e-01,2.291969890575400459e-01
8.146849958466690911e-01,1.853153625892463574e-01
8.409021104366047883e-01,1.590982484752567760e-01
9.809972481162900770e-01,1.900239291201756553e-02
8.895870660345784886e-01,1.104125749532221534e-01
6.170106546196535424e-01,3.829897047925528986e-01
6.550417323479332810e-01,3.449586275622114062e-01
8.537302643300530569e-01,1.462700958210749191e-01
9.739571703155431859e-01,2.604319003058716900e-02
7.593034053844300857e-01,2.406962341646969317e-01
7.552173640619279649e-01,2.447822740283366605e-01
6.860327870943502271e-01,3.139675749100868662e-01
8.751353151528498131e-01,1.248643225969444798e-01
8.981406352192946585e-01,1.018597273213858179e-01
5.167974977779518087e-01,4.832028649802094789e-01
6.597356472435733643e-01,3.402647161579832047e-01
5.888121098544560894e-01,4.111875266716917277e-01
6.176732328539840111e-01,3.823264036510552466e-01
8.943753588139697897e-01,1.056242769189071340e-01
9.283694942808558004e-01,7.163087021916975106e-02
6.567089922572199034e-01,3.432913723881918511e-01
8.420405108872524025e-01,1.579591242257232797e-01
9.660615077460583677e-01,3.393812682082839732e-02
8.079657923250318508e-01,1.920345732195722910e-01
6.268652995611132539e-01,3.731343341388291823e-01
5.226779385492902330e-01,4.773224281195464491e-01
5.648373647701924183e-01,4.351622684729991586e-01
6.882749587726084695e-01,3.117254083089949779e-01
5.385259671082855970e-01,4.614736632063719535e-01
8.260205949078499588e-01,1.739790352360662262e-01
7.884698988932158370e-01,2.115297310933095531e-01
9.746700281238566133e-01,2.533034317087946852e-02
6.447401845303981638e-01,3.552594440221824024e-01
9.282147673832802370e-01,7.178560425326441230e-02
5.922543703229741219e-01,4.077452577331540096e-01
7.728916840411828026e-01,2.271079433388899504e-01
7.653740275305942475e-01,2.346263453327731008e-01
9.383919536506610815e-01,6.160767347031406022e-02
5.669848368247862869e-01,4.330155360654053265e-01
7.067238394851165229e-01,2.932757876233776928e-01
8.696031731680032850e-01,1.303971999313367214e-01
6.942466494137398136e-01,3.057529766561291606e-01
7.827004748091732633e-01,2.172999002041841043e-01
6.326772681634208473e-01,3.673231075548927249e-01
9.288923796292922752e-01,7.110724463943360329e-02
7.854593577663829818e-01,2.145402663122437659e-01
6.309989832014704092e-01,3.690006403405269864e-01
6.446772346640282647e-01,3.553231419359351717e-01
6.119469320596125916e-01,3.880534451895956694e-01
8.887392392720829815e-01,1.112603834105886924e-01
8.050596328039879568e-01,1.949407461548943454e-01
7.386388586658878541e-01,2.613615207292145914e-01
9.157868671461144583e-01,8.421275280099081717e-02
6.587896672628628103e-01,3.412107131382035030e-01
7.647203722430102601e-01,2.352800084485109355e-01
8.890004206805337539e-01,1.109999602628586463e-01
9.608534147801887082e-01,3.914696631212725986e-02
8.548557485627972241e-01,1.451438701321548785e-01
9.730482812360601308e-01,2.695133744305053258e-02
6.519996960180930445e-01,3.479999200781352386e-01
6.332856291835189388e-01,3.667139867868198788e-01
9.732718859159139591e-01,2.672849969687000199e-02
8.690963141432541672e-01,1.309032995972773117e-01
7.957050693075998771e-01,2.042953176616381927e-01
7.768594829566102256e-01,2.231409044177399548e-01
5.302806980103387247e-01,4.697189139734222474e-01
6.895801214758240372e-01,3.104194905002952698e-01
7.058521805716380104e-01,2.941474301364972455e-01
6.476238054268879107e-01,3.523758052052642364e-01
5.284699606545059103e-01,4.715296495906589058e-01
7.797124523066742974e-01,2.202871576087201688e-01
5.512640696618920089e-01,4.487355383237258688e-01
8.963436915113736081e-01,1.036559162857296351e-01
9.262370279755973712e-01,7.376257979219745520e-02
6.956718648775778169e-01,3.043277426691389231e-01
9.154742079489741613e-01,8.452539885379034557e-02
7.789106412687920589e-01,2.210897520775534641e-01
9.282808878117045914e-01,7.171950570895542498e-02
6.868826410278954242e-01,3.131177525391079519e-01
7.378709624726145222e-01,2.621294325306467998e-01
5.230991004008243017e-01,4.769005042714552500e-01
5.694672095235100429e-01,4.305323944539377612e-01
7.886198366117935787e-01,2.113797657227735050e-01
6.555343961162832800e-01,3.444652060255773418e-01
7.363744875645910071e-01,2.636251141060385050e-01
6.224913377462358843e-01,3.775082623171533980e-01
6.346970747993342377e-01,3.653033262974568207e-01
6.670220854748004635e-01,3.329783157313452313e-01
7.690917780978461238e-01,2.309078203321931755e-01
9.428735848517384444e-01,5.712601284739080715e-02
8.041811042950877120e-01,1.958184931059667178e-01
7.052542018951353242e-01,2.947462012081117910e-01
9.905899955861838801e-01,9.409600643584523083e-03
6.994497224194383689e-01,3.005506821220124691e-01
8.677724198666966204e-01,1.322271755621337863e-01
6.181703419026725044e-01,3.818292533472162908e-01
7.977419287238380896e-01,2.022584782628503997e-01
5.600015356391147003e-01,4.399980562488838287e-01
5.605287087792009126e-01,4.394708829324816546e-01
8.815446321864690571e-01,1.184557766837027321e-01
8.102008902022974635e-01,1.897987009159215199e-01
8.183549506289233832e-01,1.816446398320945288e-01
9.772387649935082576e-01,2.276082509754272926e-02
5.296898040109614403e-01,4.703106070038597930e-01
6.415922383038177301e-01,3.584081728775619369e-01
5.934122484086575833e-01,4.065881633007726870e-01
8.211710696399414644e-01,1.788293427914026401e-01
7.391133205881212920e-01,2.608870924827302873e-01
7.640094627713533981e-01,2.359909504727444596e-01
6.199493809933320776e-01,3.800502046521467836e-01
8.470266097060230592e-01,1.529738052927762937e-01
7.954963746402419211e-01,2.045040404479494534e-01
7.261634290796553648e-01,2.738369864563285905e-01
7.917621865556272454e-01,2.082382300205943559e-01
6.712063234427816383e-01,3.287940932063445620e-01
9.071705626680293122e-01,9.282902033575002321e-02
7.380254963595189732e-01,2.619749208087133741e-01
7.499218293942703228e-01,2.500785883168550328e-01
8.984534912615124158e-01,1.015469277204829185e-01
7.404608090219768624e-01,2.595387705842576165e-01
9.115581476086307422e-01,8.844143133372889265e-02
6.819813146134132698e-01,3.180182637748824592e-01
9.378438085817506487e-01,6.215661406711299464e-02
8.175127520643817869e-01,1.824868251991651757e-01
7.872959670300795354e-01,2.127044589274599551e-01
5.436486177783319551e-01,4.563509548803175719e-01
5.063602132785494092e-01,4.936402143886062244e-01
5.424323775114454627e-01,4.575680506215304422e-01
9.660492679826774287e-01,3.395116075510029585e-02
5.810453301567234385e-01,4.189550992086480963e-01
9.557722696527518602e-01,4.422730056193154013e-02
8.537102369315934247e-01,1.462893329948698196e-01
6.995032298281689265e-01,3.004963399943193503e-01
8.594540976293902901e-01,1.405454719609248171e-01
8.458956725358908191e-01,1.541047579282720237e-01
7.054586708830792308e-01,2.945417597812973742e-01
7.359065760209475560e-01,2.640938552650853310e-01
5.754594155944681155e-01,4.245401521731087535e-01
5.239549533841167950e-01,4.760454796309933623e-01
9.456154894742818673e-01,5.438407716653556601e-02
5.714988660729984904e-01,4.285007004540156705e-01
9.216072686386763690e-01,7.839229612507488121e-02
7.428808190072055950e-01,2.571187454307326536e-01
7.819965254895948625e-01,2.180030389030958027e-01
9.198245098639730166e-01,8.017505334579254350e-02
6.264448306620362672e-01,3.735556062182472381e-01
5.499341338250844924e-01,4.500654278955169008e-01
7.618542229507383468e-01,2.381453386601322664e-01
9.706233896524036897e-01,2.937617161377132843e-02
5.068929831645547779e-01,4.931074557512826195e-01
5.227463799963113500e-01,4.772540595030526078e-01
8.659605711085069935e-01,1.340389892492586943e-01
6.859073396980915893e-01,3.140922206224510682e-01
5.405963505603594843e-01,4.594032096984744795e-01
9.605030593368533154e-01,3.949738108600407693e-02
6.244930216186795890e-01,3.755065379347462540e-01
9.853035092326249966e-01,1.469693314400018561e-02
6.053693792921096550e-01,3.946301777474762185e-01
9.832866552462358190e-01,1.671290154652395679e-02
5.045533905908975436e-01,4.954461655038430168e-01
6.755087190555231214e-01,3.244917255267483203e-01
9.175526783746983384e-01,8.244687628587063499e-02
9.645827432743593333e-01,3.541770215078271500e-02
6.451894126283850284e-01,3.548101416487334236e-01
9.883308508677869364e-01,1.166959493223872213e-02
5.989107347587120378e-01,4.010897112573227896e-01
8.280068881368166656e-01,1.719926657919246260e-01
6.027497235834663458e-01,3.972507239425573933e-01
8.759349775558489259e-01,1.240654700596734994e-01
6.368948889200674035e-01,3.631046616263707283e-01
8.721513765545130248e-01,1.278490729393988168e-01
8.417123418269120139e-01,1.582872085596026823e-01
5.083331269717813461e-01,4.916664228083735266e-01
6.144621956337877888e-01,3.855382546138012567e-01
8.653624125022141289e-01,1.346380379177953834e-01
8.919031714437510860e-01,1.080963779101863503e-01
8.518697738099640926e-01,1.481297755253735138e-01
8.495491117413780380e-01,1.504504375187682430e-01
5.393134328458882853e-01,4.606861159962570285e-01
8.814494384379221170e-01,1.185501092752329760e-01
5.474359169620629517e-01,4.525645362376557457e-01
9.188970109011768139e-01,8.110253563125964515e-02
7.513904795644538170e-01,2.486090665710925796e-01
7.115908589363618697e-01,2.884086869121659236e-01
8.097953244894636748e-01,1.902042212034926461e-01
8.024311936730142980e-01,1.975683519009602818e-01
9.567193786095968822e-01,4.328107626723138451e-02
6.969046582309851301e-01,3.030957966587821684e-01
9.500375938532387154e-01,4.996286107332750109e-02
8.644318748177521883e-01,1.355676701227784553e-01
9.732786493555199980e-01,2.672180621432078407e-02
5.625366935835245386e-01,4.374628507957510348e-01
9.566505055822382975e-01,4.334903865625169828e-02
5.155059254053060425e-01,4.844945309392140187e-01
6.645394550856706939e-01,3.354610022376596778e-01
5.101547280275240404e-01,4.898457293735408169e-01
6.925199277934502851e-01,3.074805301358668475e-01
7.037113714489032779e-01,2.962890870003161425e-01
9.772102215978543116e-01,2.278931966408004328e-02
9.381581974181782968e-01,6.184226148748706020e-02
6.115011109570916981e-01,3.884984300453606654e-01
7.169486551454272716e-01,2.830518047336659238e-01
8.692787229301293106e-01,1.307217380046713229e-01
7.780458420741827030e-01,2.219546204011463575e-01
6.645250770007811170e-01,3.354753861340150634e-01
7.174503327365251426e-01,2.825501317601460949e-01
9.781905770261098976e-01,2.180988829333180626e-02
5.403924260395108758e-01,4.596080393124011843e-01
9.928410128204723240e-01,7.159452671219862854e-03
6.196260476620851776e-01,3.803734867609298020e-01
7.198751275115741199e-01,2.801244068102071716e-01
9.256343317815410865e-01,7.436520251663468473e-02
5.658733597692836570e-01,4.341271063569594468e-01
8.205309963146902863e-01,1.794694706037464893e-01
6.111296269096448963e-01,3.888699055136044525e-01
7.983764936382423683e-01,2.016239745223985524e-01
9.138011038728873769e-01,8.619936544130814282e-02
7.335146156167114961e-01,2.664858544627456416e-01
9.726061747232619403e-01,2.739335511019167987e-02
8.599993501564722198e-01,1.400001796279000676e-01
5.293765033611558257e-01,4.706239674441690113e-01
5.888302316670031011e-01,4.111692966092197477e-01
5.495469981531558856e-01,4.504534741887001870e-01
6.903543925087934907e-01,3.096451342693951614e-01
9.894137524397537131e-01,1.058672150887866696e-02
6.703475673540337798e-01,3.296529067674429103e-01
8.528940813763155049e-01,1.471063930560696786e-01
5.097676064571710075e-01,4.902319189992840331e-01
7.402160213149604484e-01,2.597835037615333076e-01
6.979693504826096628e-01,3.020301739867680690e-01
9.685804313455350645e-01,3.142004455443157818e-02
7.720000445394286093e-01,2.280004316684822729e-01
9.364244738985632033e-01,6.357600238568052176e-02
9.745172312917144142e-01,2.548324530081880201e-02
9.795110921455787434e-01,2.048938523201139159e-02
7.230942844184681251e-01,2.769052374976498920e-01
5.704932738475209097e-01,4.295072046773903418e-01
8.718989885543482199e-01,1.281005315735054551e-01
5.646347272490779279e-01,4.353647922437762219e-01
5.083020273798322108e-01,4.916974920505700064e-01
7.576890963562858961e-01,2.423113846309644936e-01
7.548363244571250075e-01,2.451631939502962043e-01
9.269540063588675993e-01,7.304647545031113520e-02
6.143560018786505816e-01,3.856444802636968539e-01
8.447173664908995683e-01,1.552821512639075696e-01
8.372871894463684850e-01,1.627132929279813123e-01
6.577927191823312869e-01,3.422077643417914539e-01
5.104147785752293220e-01,4.895857064894725275e-01
9.192707253359155839e-01,8.072878835027685884e-02
6.281270886182039881e-01,3.718733981325036964e-01
9.655729330394526855e-01,3.442657999478256764e-02
7.703997205137148585e-01,2.296007667347533254e-01
5.462776990020324908e-01,4.537227882645570864e-01
5.222072604339386137e-01,4.777932287716202264e-01
5.095184967264740905e-01,4.904819929088297670e-01
8.062645837139140736e-01,1.937359062566798018e-01
8.572297372852464292e-01,1.427707533570443388e-01
6.627788785689016082e-01,3.372206305139789362e-01
7.352543932111531566e-01,2.647451148166328205e-01
8.757807069242589115e-01,1.242188009966126438e-01
6.173848132884177664e-01,3.826146939533376368e-01
5.785443788307952362e-01,4.214561149382253791e-01
7.153095390286560162e-01,2.846899670587532682e-01
7.676989423712414773e-01,2.323015517032493427e-01
7.938285578654116215e-01,2.061719368154310561e-01
9.486960503151276036e-01,5.130444493322749988e-02
6.957860550972946312e-01,3.042134495815335127e-01
8.445362697045074585e-01,1.554642262035654809e-01
9.480682250082463902e-01,5.193127816776538230e-02
6.962773880117200109e-01,3.037231091386097814e-01
9.055400828885340481e-01,9.446041433419112565e-02
8.246535677088975280e-01,1.753469302627207460e-01
7.969061476146177547e-01,2.030933539292368861e-01
8.476169949057280606e-01,1.523825054232050558e-01
8.655224710644261465e-01,1.344770291656950112e-01
7.795684275833001387e-01,2.204320727305760785e-01
7.449693372167696115e-01,2.550301618305351736e-01
7.534250185393185362e-01,2.465744802129255786e-01
6.973297873315766893e-01,3.026697103148109358e-01
9.803424674198774058e-01,1.965803585433712614e-02
5.911768093027811588e-01,4.088236941998213969e-01
9.434098334983396228e-01,5.659067052071402315e-02
6.253636044827614038e-01,3.746368995883775921e-01
7.648418863218993113e-01,2.351576089668905856e-01
7.671415820063880453e-01,2.328579131326118934e-01
6.199739413801239607e-01,3.800265635610388659e-01
5.822357855571501650e-01,4.177647195515537537e-01
8.434503755214459719e-01,1.565491189598583466e-01
7.751133903401858927e-01,2.248871155757847240e-01
7.471872230932686820e-01,2.528122709406801505e-01
9.196696858756359116e-01,8.033082044494321838e-02
9.407239299976579705e-01,5.927556348592307595e-02
5.974165731363868526e-01,4.025839335528708096e-01
8.367883232303412466e-01,1.632121838368300881e-01
9.415205398537298542e-01,5.847996748780955739e-02
9.177589549637189537e-01,8.224155365377641691e-02
9.219014773444793587e-01,7.809801374567276744e-02
5.482624231380065494e-01,4.517433780854075431e-01
7.212063883721513413e-01,2.787869162547106372e-01
8.857910645803874772e-01,1.142296201285872004e-01
6.373139478857640094e-01,3.626817808697719303e-01
5.137012500068974807e-01,4.862815624945842630e-01
9.667255696090271133e-01,3.327787800725553330e-02
7.089376316574538262e-01,2.910899229627519902e-01
9.690262350002534220e-01,3.100327699059106379e-02
7.099376134919334058e-01,2.900867835545844486e-01
5.611242363194852700e-01,4.388793045181383357e-01
8.580922650132742913e-01,1.419086252226563205e-01
8.397369218254269185e-01,1.602663975530722873e-01
5.891325201510571041e-01,4.108841465901914014e-01
5.107064231471998283e-01,4.893124755949534999e-01
7.948834067183503382e-01,2.051392333286679581e-01
9.780433928744294292e-01,2.199744792338981583e-02
6.481724199703481348e-01,3.518426415525627848e-01
6.207590941927645378e-01,3.792520407546819960e-01
7.932083053039489240e-01,2.067885163133904025e-01
7.880477177925313548e-01,2.119823432356640891e-01
5.696849783326966010e-01,4.303108872264815865e-01
7.436151584785850588e-01,2.564165824957659323e-01
6.357459672882694868e-01,3.642770100769745500e-01
8.039985853989692899e-01,1.960164480338056903e-01
7.602541367440677211e-01,2.397467894416174805e-01
8.046126037040230994e-01,1.953861254242875989e-01
7.882320354532441620e-01,2.117834279188337832e-01
7.524281340511764782e-01,2.475952421823633398e-01
7.029181673396620589e-01,2.970984548066945008e-01
7.793123341622867351e-01,2.207022872075724562e-01
6.079834766504627064e-01,3.920008349098680900e-01
9.079152499401427212e-01,9.208408222590500070e-02
5.891323386756980307e-01,4.108823622816019649e-01
9.466207002490238942e-01,5.341999654394330443e-02
6.604701154895560311e-01,3.395277939805494971e-01
8.487940307423025299e-01,1.512413732828133128e-01
9.706374622568324506e-01,2.938437125092924901e-02
6.915150735636365065e-01,3.085084413260323344e-01
5.490956435658272961e-01,4.509041832314016895e-01
8.736731261265683335e-01,1.263535853662104969e-01
7.000579437929510540e-01,2.999324200918928596e-01
9.396904798312759599e-01,6.033464115173831771e-02
8.255366487882274118e-01,1.744603560483897198e-01
5.343580813840016486e-01,4.656549724952712688e-01
6.504673014036296275e-01,3.495364375632611931e-01
6.779770076165406723e-01,3.220109261462237304e-01
9.508415609100071553e-01,4.916153897780570214e-02
5.191184885108890423e-01,4.808736845432683982e-01
7.012844379422285002e-01,2.987199322727072670e-01
7.537067941500354973e-01,2.463164919348610760e-01
5.767854591160939126e-01,4.232240950072768126e-01
7.934907158935587956e-01,2.065143286752126051e-01
6.073619348050562916e-01,3.926434432188199986e-01
7.799366876628912593e-01,2.200947240488957402e-01
8.227827797330991011e-01,1.772218534907544218e-01
8.941523710569004857e-01,1.058459999703689758e-01
6.416856010362188556e-01,3.583258149902647793e-01
7.236797585651175702e-01,2.763426931508055073e-01
6.656111913843675287e-01,3.343841054995758677e-01
5.577369648775969413e-01,4.422794173347184277e-01
7.748612282868292400e-01,2.251444505383094208e-01
6.811392266911923121e-01,3.188657494132101644e-01
7.413783197592418439e-01,2.586272774789057927e-01
7.867951712302527767e-01,2.132073507736197693e-01
6.808986463001678313e-01,3.190891413854995973e-01
9.349327228502717357e-01,6.507014229103104397e-02
6.416382264785778222e-01,3.583615449597283287e-01
5.229730428800518638e-01,4.770121211244791604e-01
9.058524101188207833e-01,9.415862768546544304e-02
9.558341264209662125e-01,4.419419121280523249e-02
8.670362172561342229e-01,1.329628755562426712e-01
6.374609578070595806e-01,3.625492895087991108e-01
8.645683157215012793e-01,1.354573530009288984e-01
6.155490903250750989e-01,3.844420534645016096e-01
6.473497628330578957e-01,3.526401633818608827e-01
5.719845058702519580e-01,4.280232384488810160e-01
7.847034492655300397e-01,2.153095981787975510e-01
9.203272561993904866e-01,7.968591888400400336e-02
8.530861024084441802e-01,1.469327093163385334e-01
9.489710155573836126e-01,5.104493561290227022e-02
5.748709200353703253e-01,4.251276154391340767e-01
8.532491893277700523e-01,1.467549204963350951e-01
6.964530984142782710e-01,3.035723719372143137e-01
6.669602787257339349e-01,3.330383669952260428e-01
5.158673322232175673e-01,4.841266589213465976e-01
8.068939320096044643e-01,1.931376006034087878e-01
8.337978686289420072e-01,1.662248290937844430e-01
7.211530573754048046e-01,2.788435549193806762e-01
8.963422760990193972e-01,1.036670586168610964e-01
7.027874922238973587e-01,2.972074957516905314e-01
5.163033782668277061e-01,4.836918903510864509e-01
9.578175235314736469e-01,4.218970006635601455e-02
6.603525783710836317e-01,3.396718267030066629e-01
9.847359285660072237e-01,1.527636737528978959e-02
9.366374378435498027e-01,6.336016614233762334e-02
7.273530705313141498e-01,2.726354201848357195e-01
8.770392976671622653e-01,1.229611465801030007e-01
6.487820223106466333e-01,3.512297244803554985e-01
9.503215796881981925e-01,4.971521140321810694e-02
7.067934859074507248e-01,2.932359521795281365e-01
8.770589218988145142e-01,1.229402509182865727e-01
9.091652076489744605e-01,9.085285279979447848e-02
9.601147524067219496e-01,3.991153037187764735e-02
9.820803634460545384e-01,1.794002240021940267e-02
5.633803196099829158e-01,4.366055130976602694e-01
6.673881531793768307e-01,3.326106005549608891e-01
9.478124752193570757e-01,5.221697290430740018e-02
6.261886597993367998e-01,3.738263326344186677e-01
9.704824832028415837e-01,2.953793824620434480e-02
8.870572363804049010e-01,1.129580375161503419e-01
8.417515934956930623e-01,1.582627338612703771e-01
8.995817336381319862e-01,1.004543105597112823e-01
9.617351936570650572e-01,3.829981573514925491e-02
8.279645683853333882e-01,1.720489307232732634e-01
7.308525772029653700e-01,2.691474236877243187e-01
9.721916005443667075e-01,2.781920560148094107e-02
7.031801505251983331e-01,2.968324956944884407e-01
5.692409521091398306e-01,4.307475779363459378e-01
5.653972007448380133e-01,4.345883533442382873e-01
7.063162220125190904e-01,2.936723147831606928e-01
8.518365861804997330e-01,1.481833839493602867e-01
8.715749446128222555e-01,1.284480384184917834e-01
6.813620996470380886e-01,3.186338724637222120e-01
5.304873836098491502e-01,4.695001711517757248e-01
7.879587907820873038e-01,2.120574385041434917e-01
9.281936789751934480e-01,7.181165561793201313e-02
8.392534794729196168e-01,1.607789263468012708e-01
8.989896869216069675e-01,1.010422792058412317e-01
6.624038702443539872e-01,3.375832412622300494e-01
9.032181793643185852e-01,9.680341199967570920e-02
6.177506445531586454e-01,3.822644134310280717e-01
6.509633602972817457e-01,3.490607792708632084e-01
6.459215622619792763e-01,3.540915191485456415e-01
9.456728873902131571e-01,5.436605581041648733e-02
7.496646949966274676e-01,2.503501303484813589e-01
9.903509092049262996e-01,9.667633227999730336e-03
7.492849794507949746e-01,2.507179507753743986e-01
9.361804959463164710e-01,6.385773733607313929e-02
5.063981976944087471e-01,4.936157957347792613e-01
5.564024180318267732e-01,4.436024332381812707e-01
7.315057206328677841e-01,2.685046388511846960e-01
5.459992575324680297e-01,4.539820838518081048e-01
5.127251507012249299e-01,4.872705677692885096e-01
7.983724302488213187e-01,2.016270241117516515e-01
5.860577728862287339e-01,4.139572744195272880e-01
5.339366932256790488e-01,4.660592905727978796e-01
8.377197837387027057e-01,1.622953067079320744e-01
9.324600155195792439e-01,6.756160219584178561e-02
6.233960458110231473e-01,3.766108356323619177e-01
5.763854989408438989e-01,4.236137763527018096e-01
9.521680091551010250e-01,4.783733898721146544e-02
7.342895925901419263e-01,2.657049794373983476e-01
6.972672956128647126e-01,3.027223442811630139e-01
8.358680357357328727e-01,1.641459468282350509e-01
7.251155441020690207e-01,2.748986745238355400e-01
8.678284685296229206e-01,1.322001581246836088e-01
5.734666320361564429e-01,4.265529499300612648e-01
8.448593407802929001e-01,1.551610763966270456e-01
7.046697506135102262e-01,2.953598364051390202e-01
5.395585461924492510e-01,4.604323562755800459e-01
6.780768898463960248e-01,3.219124649554115369e-01
5.957707890377124116e-01,4.042513448843350066e-01
9.037871485976456398e-01,9.622258590633003816e-02
5.134394383509616189e-01,4.865699835070773083e-01
9.631922036233682149e-01,3.681225724154684603e-02
6.746595559240173845e-01,3.253675446469638244e-01
6.096094773850868620e-01,3.904058281597481139e-01
6.576102499782454647e-01,3.424129978563265619e-01
6.911187830229149620e-01,3.088748131555494880e-01
7.446229182702065463e-01,2.553741287749910494e-01
5.630239918081824113e-01,4.369954525888147256e-01
6.578515262739219605e-01,3.421395944148019064e-01
8.320405606997249848e-01,1.679761398741494716e-01
8.971783354831066593e-01,1.028402318832621759e-01
7.925279592459411049e-01,2.074719231720343615e-01
7.020928294958922455e-01,2.979332199251751856e-01
7.303616832172420414e-01,2.696657400303608121e-01
7.872740701719840306e-01,2.127498804765398654e-01
7.931315490365719034e-01,2.068721689934793773e-01
6.882146498257034617e-01,3.118058779344884401e-01
7.723935218613554587e-01,2.276374998404418482e-01
6.340327654040031069e-01,3.659617958763320966e-01
7.681350234208685901e-01,2.318948774379601674e-01
8.756925169135014730e-01,1.243230251447930979e-01
9.445090073814508269e-01,5.549853295687823262e-02
8.073934789080622343e-01,1.926314100957461917e-01
6.966111986736436279e-01,3.034173399008870398e-01
7.094768111061550142e-01,2.905186548519224088e-01
6.055796195923742742e-01,3.944223240849144552e-01
8.049543669841126015e-01,1.950795759984814415e-01
5.423074013108543090e-01,4.577130473296213697e-01
6.610237958117043400e-01,3.389678359874703228e-01
6.308390273148554162e-01,3.691457748098550540e-01
8.114385089442319732e-01,1.885564811225563242e-01
7.747226907992545986e-01,2.253052578839461195e-01
9.210158446873016880e-01,7.900344487228420920e-02
9.620473060719387792e-01,3.795286333009189467e-02
8.967162406630655447e-01,1.033125716899332414e-01
5.930981038891880441e-01,4.069089045612671041e-01
9.781355642717300958e-01,2.188048408447836046e-02
9.646208632925612481e-01,3.538804463062975025e-02
9.783910358081139291e-01,2.163158658419149158e-02
9.070862923215745610e-01,9.292913496573411425e-02
5.219827602727802329e-01,4.780328431584327520e-01
7.613565153450115863e-01,2.386551378115029931e-01
5.170138990510917409e-01,4.830078842997519439e-01
7.871535204313617751e-01,2.128514090888908028e-01
8.961965906337076015e-01,1.038060042105748981e-01
8.964026442182800869e-01,1.036109874553190896e-01
9.069064167801319520e-01,9.309952360581320863e-02
8.095525259018573339e-01,1.904498731599783001e-01
6.021209535903719878e-01,3.978751608500839532e-01
7.319629348766824029e-01,2.680618038977748419e-01
9.460238581973676730e-01,5.401492568093581303e-02
8.667542018662995895e-01,1.332617121265087246e-01
6.686022956993580291e-01,3.314103180117733416e-01
7.201824063190550573e-01,2.798440854058866223e-01
5.770279023482707270e-01,4.229713114967411647e-01
7.836972223582644448e-01,2.163146558186897772e-01
5.709500278121948380e-01,4.290512068413489533e-01
8.013302961452444251e-01,1.986969668568852598e-01
7.264918929022726735e-01,2.735264100761022887e-01
8.713429132272172417e-01,1.286889132208317021e-01
5.704085519500022849e-01,4.295866339069933648e-01
6.521827707039329347e-01,3.478098299670386306e-01
8.650439799771325600e-01,1.349658658903124531e-01
6.058572283755410126e-01,3.941282437419227902e-01
8.504942068779007824e-01,1.495276158069650252e-01
7.380833903484312897e-01,2.619195249364379974e-01
6.893206495148169743e-01,3.106696937636171940e-01
7.753557136462838617e-01,2.246422259535654220e-01
6.887227007349228103e-01,3.112978877053694804e-01
7.636251814321608489e-01,2.363765191738114724e-01
8.966155389986345536e-01,1.034135547311655218e-01
5.914136207276678991e-01,4.086074365278932197e-01
6.649966864395626676e-01,3.349914284415739241e-01
6.799154850713670095e-01,3.200870018003714734e-01
9.710873540964023443e-01,2.894792565086082986e-02
9.185884280674372349e-01,8.141878382709924478e-02
8.553555310059548500e-01,1.446704722143458965e-01
7.842112387770355797e-01,2.158150514579326995e-01
9.581485188651579499e-01,4.188959679745410392e-02
7.849619817975034275e-01,2.150588454845377973e-01
5.303509028382805690e-01,4.696387175000036884e-01
8.569912686467271445e-01,1.430101794164227724e-01
7.951604823270109756e-01,2.048554775562549946e-01
6.530870672627044904e-01,3.469055987174977651e-01
8.494145736016424086e-01,1.505863610394717333e-01
6.190305204289223706e-01,3.809646970622799222e-01
9.019627675793320254e-01,9.804505784962022630e-02
7.188714960314873670e-01,2.811530214983404830e-01
9.316540365903409615e-01,6.837790093331323760e-02
7.235722302975841069e-01,2.764160839553673754e-01
7.287531565652631826e-01,2.712634010749559454e-01
8.831779259682407401e-01,1.168365288558633058e-01
9.567558068956414363e-01,4.328145235322463508e-02
7.065188404473833339e-01,2.934855961711091421e-01
6.105179636248142527e-01,3.894938888910085550e-01
8.248494375062953576e-01,1.751495439333954351e-01
5.528906558346377009e-01,4.470931180367596625e-01
9.238360596930290658e-01,7.620284265692946202e-02
7.146368255175606921e-01,2.853685439558965586e-01
6.806259128859895036e-01,3.193681213482328363e-01
6.335961493450134041e-01,3.664096907694279204e-01
8.383438279388388814e-01,1.616864524763424460e-01
6.851933811382217021e-01,3.148230377574947614e-01
7.235297135564573434e-01,2.764588593925046967e-01
6.706413658551851897e-01,3.293614668471190332e-01
6.343764198728345516e-01,3.656133324946723717e-01
8.612190187514823236e-01,1.387812670848946883e-01
7.597784361395887309e-01,2.402307237758018188e-01
8.775027943873026093e-01,1.224993418064850709e-01
7.366699795876450185e-01,2.633603307317740616e-01
6.233884906093342115e-01,3.766139239332728650e-01
9.165024613525841746e-01,8.352148544810718278e-02
5.061368330893949441e-01,4.938792790311956060e-01
7.088171564862653096e-01,2.911769753966909069e-01
9.849818987616155708e-01,1.504179648735404565e-02
7.772286717742145079e-01,2.227715129333202315e-01
5.426572824674130713e-01,4.573611780408626815e-01
5.141145235126932667e-01,4.858863259613835917e-01
7.593793108882065379e-01,2.406400072481932328e-01
5.743790850585083207e-01,4.256302049945487886e-01
8.369574056600896927e-01,1.630519939537154461e-01
9.715926504749186066e-01,2.841690790981674791e-02
6.504844675374874541e-01,3.495313154026340463e-01
8.593889228010869186e-01,1.406118263960552395e-01
7.028678818516725935e-01,2.971523038687028384e-01
6.171140940950989862e-01,3.828901035460617885e-01
5.709907918952522587e-01,4.290185667080148035e-01
7.659925899551005557e-01,2.340086894724347499e-01
5.183874911706870536e-01,4.815988991808093367e-01
6.870667007202833076e-01,3.129538981932362129e-01
9.912312321591176811e-01,8.776242306312123306e-03
6.083525703024464937e-01,3.916657233219011380e-01
8.214495956041012459e-01,1.785450196788008481e-01
5.053030053198078742e-01,4.946950622617441451e-01
8.956083197722538580e-01,1.043962981355267966e-01
6.996786172886553246e-01,3.003149438199637644e-01
5.761823014973321833e-01,4.238027924401329694e-01
7.622710153921894438e-01,2.377196701905890108e-01
6.601434299816615336e-01,3.398602276403587807e-01
9.578883491223385560e-01,4.213260953824509575e-02
7.949229582220720403e-01,2.051038949863407124e-01
5.354841776486538585e-01,4.645047888434700178e-01
5.083842499482494892e-01,4.916211438259622812e-01
6.727664668281810867e-01,3.272235198585884963e-01
7.014273768804114573e-01,2.985728191968354817e-01
6.730698451879195687e-01,3.269486778594292709e-01
8.209419493091766329e-01,1.790665893610381698e-01
5.542579409823527037e-01,4.457404578720119415e-01
9.266785884393100581e-01,7.331973270515215746e-02
9.070297735213064261e-01,9.298325911664491461e-02
8.425296294692772303e-01,1.574651450202007863e-01
7.638341616866703987e-01,2.361639869204008313e-01
8.248523481779932442e-01,1.751501475231115323e-01
5.621830368545466250e-01,4.378033673558908156e-01
7.999873917399610290e-01,2.000130738983363632e-01
6.076914334690984854e-01,3.923021115493909861e-01
5.440490367163566265e-01,4.559578018188814030e-01
8.858490990053937697e-01,1.141738556589840387e-01
6.380059151076320489e-01,3.620000705755221371e-01
8.172709971015490460e-01,1.827379149317172324e-01
9.555505940505500950e-01,4.445832462002821672e-02
6.588021115462345811e-01,3.412255641480440582e-01
8.368266919602228571e-01,1.631668375475740229e-01
9.102651244619239801e-01,8.977119840383893101e-02
7.592059224464229317e-01,2.407897196494131475e-01
6.920178486605412793e-01,3.079927031053882325e-01
8.202498731184102443e-01,1.797741396877025333e-01
8.669035595802209171e-01,1.331157610642122457e-01
9.005615596382321453e-01,9.943964580030648093e-02
9.693020867560788734e-01,3.070142905127002525e-02
8.710868767522537137e-01,1.289099059254306401e-01
8.467202484335497603e-01,1.532909320067804282e-01
5.957218240417050392e-01,4.042885739377065080e-01
7.366454344483064354e-01,2.633490480251445831e-01
8.710265045460245936e-01,1.289972168835039068e-01
7.054447611247703920e-01,2.945582826600962045e-01
8.233976862351894965e-01,1.765957839097328508e-01
5.195779807659716143e-01,4.804118831734070505e-01
8.962493151201771369e-01,1.037773268138750260e-01
6.350671652212172003e-01,3.649573408563313581e-01
8.429764677761084624e-01,1.570573060102494756e-01
7.570055151792731696e-01,2.430258120966595770e-01
8.515202317885872674e-01,1.484831596917697838e-01
9.522558285492710439e-01,4.777051937181114177e-02
9.741042571551863372e-01,2.591110300966468702e-02
5.360642923919249903e-01,4.639584979003443244e-01
7.340010276339222761e-01,2.660279602058275850e-01
8.456307194434851127e-01,1.544035157001573400e-01
5.290292948819649288e-01,4.709810493248894891e-01
5.819426314934099675e-01,4.180650834735919474e-01
8.549035329795493521e-01,1.451219198841849911e-01
5.800996707755203818e-01,4.198939844825544387e-01
6.597265002699466141e-01,3.402601402300303723e-01
9.300358705738044351e-01,6.998667676515107905e-02
5.419815505032690162e-01,4.580078510390401259e-01
9.012761136000390083e-01,9.874255035886769782e-02
6.766467555024684444e-01,3.233492345478576335e-01
7.333888697884848318e-01,2.666189096191293739e-01
6.893403265493186494e-01,3.106767610532043533e-01
5.136296314818303843e-01,4.863741685640114998e-01
6.849396531161731083e-01,3.150800860956087801e-01
8.138449488656080977e-01,1.861749948216304129e-01
9.912613647606931533e-01,8.764662566949627323e-03
9.306970768420455009e-01,6.930592951566427740e-02
8.688406730846514048e-01,1.311794375973133753e-01
8.522827997953787982e-01,1.477421019997993690e-01
5.373782892393679234e-01,4.626336968437643749e-01
9.882419498565357951e-01,1.178333001616080171e-02
5.424593596510901561e-01,4.575384386208540266e-01
5.142653095995803891e-01,4.857448410057518262e-01
6.920435954554470248e-01,3.079550204810369007e-01
8.675909376514641114e-01,1.324206500720292723e-01
8.150129186347431220e-01,1.850189439817925552e-01
5.743742326453183944e-01,4.256214604210918906e-01
5.684786468608360455e-01,4.315143021672405155e-01
7.300497022615699549e-01,2.699810202268049797e-01
9.069982533856757456e-01,9.303159086747334050e-02
7.016066882375930902e-01,2.984039909081799280e-01
6.592167658045933187e-01,3.408042311562957671e-01
9.725507295113297035e-01,2.747134585331241843e-02
9.500285891157618234e-01,5.000639567093593391e-02
7.698793328769698574e-01,2.301167494576140393e-01
8.259557818881975155e-01,1.740710493575003959e-01
9.180239719884637495e-01,8.199457689998608523e-02
8.715414725018040265e-01,1.284797332796685232e-01
6.758593983928846693e-01,3.241640680897044380e-01
8.791827968523405756e-01,1.208435399514030256e-01
9.854380301732925673e-01,1.459551942560093074e-02
8.843718460146580140e-01,1.156388411438093872e-01
5.162323703394435803e-01,4.837794233904939567e-01
6.003720536649118644e-01,3.996465939992667193e-01
8.229862091604565055e-01,1.770246431506405371e-01
6.762385433046281813e-01,3.237624327850961437e-01
6.181006119685352740e-01,3.819259446362716637e-01
7.220833967138320375e-01,2.779072360152993193e-01
5.384602220375539483e-01,4.615369353409145003e-01
7.484582150910015219e-01,2.515442123868116830e-01
6.520223096013939568e-01,3.479847606383703051e-01
6.929004763549337920e-01,3.071254104414438690e-01
9.775517393003931854e-01,2.247551626243548401e-02
6.867449526527684700e-01,3.132606502018784322e-01
7.333399673922760265e-01,2.666674116448398135e-01
6.831814028389786575e-01,3.168248947187631837e-01
5.631326857598173419e-01,4.368804794274175340e-01
9.320639064936440121e-01,6.796009676378521325e-02
8.750812225996871252e-01,1.249538946695610830e-01
9.513535159773109928e-01,4.864750792723183254e-02
5.906697124079616223e-01,4.093376401748876625e-01
9.384698055697970887e-01,6.156535465005565089e-02
9.315563973784601881e-01,6.845063160429000482e-02
8.668200802780007264e-01,1.331850606007409510e-01
7.480091415654561704e-01,2.519914987004551188e-01
5.052997675364957475e-01,4.946936869352602240e-01
5.095568750957463200e-01,4.904405778074730216e-01
8.757915162418861144e-01,1.242199773790382544e-01
9.306070437356299685e-01,6.940354873484826104e-02
8.130559345282160066e-01,1.869506653770558469e-01
