5.486762170476056077e+00,8.658745871248337167e+00
9.041266743308716158e+00,5.921337876558387059e+00
5.558091140578697242e+00,8.604986640135267706e+00
9.245586965223482778e+00,5.803390678665731883e+00
5.660674899546424221e+00,8.558000599103724682e+00
4.319053224518771827e+00,9.453582282970092621e+00
4.522130343774083627e+00,9.296494492507616059e+00
5.086407908198476768e+00,8.862578029734580198e+00
9.984086105098011643e+00,4.871275515141551438e+00
9.982691413449190421e+00,4.872227822311169909e+00
9.980625749844104888e+00,4.874453009913240820e+00
9.978186455044326664e+00,4.876884800257129449e+00
9.982304150803846809e+00,4.871943905224416227e+00
9.977677805566154134e+00,4.876794000734535395e+00
9.983882975106846303e+00,4.869711369282378577e+00
9.982400496191928596e+00,4.871283350130231504e+00
9.978783373114721300e+00,4.875322096334580912e+00
9.976332412564545393e+00,4.877981501634509165e+00
9.984557501000491442e+00,4.868245201635853725e+00
9.984943252587473950e+00,4.867657769400983270e+00
9.974663617777000724e+00,4.879300596073328222e+00
9.976102570402707315e+00,4.877600859482418727e+00
9.978045827754778330e+00,4.875330840918016939e+00
9.973477380188819907e+00,4.880645308675555682e+00
9.980129716778808557e+00,4.872731659187982345e+00
9.983774682839225534e+00,4.868567986309870754e+00
9.974171041072887434e+00,4.879458065309078663e+00
9.984281870093512978e+00,4.867904379031243955e+00
9.973750199179720610e+00,4.879897277445380155e+00
9.984549934373781355e+00,4.867138648851956795e+00
9.983426482609171870e+00,4.868378842779679694e+00
9.972196224382798846e+00,4.881292332460817285e+00
9.984283461577467378e+00,4.867374730671317096e+00
5.486195535124780420e+00,8.572554943847489284e+00
9.983594715923436169e+00,4.868031720168125354e+00
9.981698385787957761e+00,4.870084478431301989e+00
9.975769700401016848e+00,4.876814348793263143e+00
9.971579124928915405e+00,4.881522379202427153e+00
9.980939074293615931e+00,4.870572450377392393e+00
9.975472789476349078e+00,4.876777250027164889e+00
9.981141567158600125e+00,4.870172828803104537e+00
9.976495000356930376e+00,4.875356568797298173e+00
9.973411748131063348e+00,4.878889690375922683e+00
9.971941819402710294e+00,4.880585568692922038e+00
9.978973602921968222e+00,4.872378299593467688e+00
9.777670178555382563e+00,5.328524082522141825e+00
9.973427808573273268e+00,4.878669582932143811e+00
9.973265508016318392e+00,4.878806634549732735e+00
9.971216569256556639e+00,4.881148145108924474e+00
9.973481684002234005e+00,4.878332338568325710e+00
9.984398905382789735e+00,4.865811217408593237e+00
9.985421774666175310e+00,4.864669380447366187e+00
9.985235263142850926e+00,4.864841168605648747e+00
9.971638033953336588e+00,4.880314738996264445e+00
9.968186773538787904e+00,4.884314243376748799e+00
9.984970066421263724e+00,4.864602981219125155e+00
9.966987123510627100e+00,4.885426061398086439e+00
9.981555150843133717e+00,4.868061507275465161e+00
9.973498339172792271e+00,4.877323699829293702e+00
9.978752433902522867e+00,4.871225242975580905e+00
9.971702858634419187e+00,4.879419179095152437e+00
9.979218647304632483e+00,4.870630859958158254e+00
9.975238502778875471e+00,4.875094525421513225e+00
9.985648071946762627e+00,4.863166717353606394e+00
4.649016487422406030e+00,9.336105673020831830e+00
9.658683339689135394e+00,5.448758919084122354e+00
9.983883324997462339e+00,4.864928878363684817e+00
9.982139988972747346e+00,4.866850520832350924e+00
9.966709987374702706e+00,4.884912945300833087e+00
9.966942654812116942e+00,4.884553039814408137e+00
9.979610456215517900e+00,4.869608408701421531e+00
9.969545041968965293e+00,4.881314955111887954e+00
9.980201223365414265e+00,4.868845347972955651e+00
9.978953039986869555e+00,4.870126818951559855e+00
9.979628604219282551e+00,4.869044384505961887e+00
9.973879853326501177e+00,4.875615699667204872e+00
9.983254403400460220e+00,4.864732175410320103e+00
9.980719638646775138e+00,4.867447616254855447e+00
9.980248540575558991e+00,4.867957622227203629e+00
9.966912231245480314e+00,4.883582645596125538e+00
9.985519203897819551e+00,4.861916626500213390e+00
9.985886199743951863e+00,4.861453366517702435e+00
9.962465660970474701e+00,4.888864129192771912e+00
9.976482681121453311e+00,4.871764837192829489e+00
9.986055054636997497e+00,4.860899733438320602e+00
9.968708601136171410e+00,4.880829925083608245e+00
9.965619466979857677e+00,4.884593801259183188e+00
9.968135773014207501e+00,4.881302830121201808e+00
9.963984867542745150e+00,4.886356022214719985e+00
9.983787474911583359e+00,4.863076575041056060e+00
9.964787090990684604e+00,4.885276720116205951e+00
9.979152481338779523e+00,4.868229270876884840e+00
9.961172954212424102e+00,4.889760935410357945e+00
9.981118558847194677e+00,4.865997914663569901e+00
9.970443413789112697e+00,4.878344810890773431e+00
9.979686743915305414e+00,4.867540549154806939e+00
9.976849456676157857e+00,4.870755259540397120e+00
9.982470538826351714e+00,4.864339986747872935e+00
9.977674215628578480e+00,4.869712908480360980e+00
9.967337467226936809e+00,4.881893481608941876e+00
9.974341236207656891e+00,4.873464372110771770e+00
9.984831751594128946e+00,4.861532401285996841e+00
9.975297856285745723e+00,4.872200804205693458e+00
9.974588866969881451e+00,4.873015424588256650e+00
9.965036467985937563e+00,4.884467800025396933e+00
9.966695674286489393e+00,4.882394440621765419e+00
9.970323357355413307e+00,4.877924746521003385e+00
9.979140305801713851e+00,4.867594650691366098e+00
9.978081394604789267e+00,4.868742078651562721e+00
9.970408376753123747e+00,4.877623160362664301e+00
9.964303181543954224e+00,4.885008604510543861e+00
9.978509343504985196e+00,4.868083012528305886e+00
9.974803564901302266e+00,4.872281789172277833e+00
9.975634645772412767e+00,4.871304076066722999e+00
9.976937539359848728e+00,4.869715943035886063e+00
9.972915683300954015e+00,4.874350629970948923e+00
9.971072849152097461e+00,4.876362695139410341e+00
9.965974488255149311e+00,4.882467961262327627e+00
9.969743566333558960e+00,4.877869762033265388e+00
9.975042006108697734e+00,4.871562254257221447e+00
9.979292797534805359e+00,4.866644984761991033e+00
9.958829390866382525e+00,4.891173862247540249e+00
9.976545071154063749e+00,4.869638737000539841e+00
9.971192097112094643e+00,4.875718939125047058e+00
9.974804256384581791e+00,4.871465428124967190e+00
9.959743727386296541e+00,4.889761504367794664e+00
9.981822956757529397e+00,4.863327575794387236e+00
9.956818057612057515e+00,4.893340280880473792e+00
9.972275443981073906e+00,4.874260278308960359e+00
9.959839259336131789e+00,4.889471339439574571e+00
9.963965292591492329e+00,4.884289414346025815e+00
9.970012847622188090e+00,4.876928338465699397e+00
9.973909317504780603e+00,4.872301871278202690e+00
9.970905596990419895e+00,4.875768507702232135e+00
9.973070344522639630e+00,4.873136803521721738e+00
9.963441325444289731e+00,4.884697660346787984e+00
9.972929577171584015e+00,4.873182666200061242e+00
9.964419768816688006e+00,4.883236730627149136e+00
9.969221859717496415e+00,4.877297570512080682e+00
9.969262477789516907e+00,4.877219528153300843e+00
9.982942123686468605e+00,4.861373498508911872e+00
9.971307747817272471e+00,4.874721614697973493e+00
9.958376212871531408e+00,4.890618934371333992e+00
9.962090011660290401e+00,4.885811350444124734e+00
9.970471768137489477e+00,4.875557340920185112e+00
9.976614012120695207e+00,4.868206207513735784e+00
9.969629408012288252e+00,4.876393626288363592e+00
9.956114598996393283e+00,4.893138602813446703e+00
9.967917731689450278e+00,4.878360724487484923e+00
9.970648888746254102e+00,4.875054863098238656e+00
9.955541669199359234e+00,4.893596511852999598e+00
9.975466678115511243e+00,4.869123429579180318e+00
9.959330286512257047e+00,4.888590597771856672e+00
9.960515564192650828e+00,4.887026995464719192e+00
9.971917173996239114e+00,4.873104678585766791e+00
9.961879219489144788e+00,4.885290164850404793e+00
9.972858429616099585e+00,4.871949257628961583e+00
9.972787034074711343e+00,4.871979068484109554e+00
9.956978311585057639e+00,4.891295596506165744e+00
9.960519852466040547e+00,4.886772466238018531e+00
3.696867485284607735e+00,9.865335336133147948e+00
3.701182518324158455e+00,9.861897552507574716e+00
3.668770404200943691e+00,9.887644416020881621e+00
3.714332724882987158e+00,9.851463572840328808e+00
3.723997539184716210e+00,9.843808523122872245e+00
3.656515731628099619e+00,9.897400624308350103e+00
9.970968711166365850e+00,4.873821633332433123e+00
9.958922416573562586e+00,4.888605315313897748e+00
3.724811128826273965e+00,9.843123613905008895e+00
9.984560930905612253e+00,4.858275791816881295e+00
3.649552553250289044e+00,9.902903882806588953e+00
9.966568844045870179e+00,4.879023956183969446e+00
3.645057033796339496e+00,9.906481602368311101e+00
9.952262904725763804e+00,4.897102395159768307e+00
3.696099410828545206e+00,9.865668374550557118e+00
3.697760769873494446e+00,9.864342287552066324e+00
3.687312081948030951e+00,9.872627598562905504e+00
3.669636083095522583e+00,9.886688455491389860e+00
3.711507543241532758e+00,9.853435261631652509e+00
9.952562969924569458e+00,4.896601453185009056e+00
9.960574240096383036e+00,4.886296031365487735e+00
3.656153168808529585e+00,9.897405626804637535e+00
3.654017387875684975e+00,9.899102131985022979e+00
3.628826227259943860e+00,9.919385889773211673e+00
3.724596233827197178e+00,9.843039670778304995e+00
9.961844918538389493e+00,4.884652082001093909e+00
3.753538069037416491e+00,9.820322935788849961e+00
3.727290728883165372e+00,9.840894046787678207e+00
3.729937277434603349e+00,9.838804411282616513e+00
3.649866162937198677e+00,9.902364413581679514e+00
9.954370676287469522e+00,4.894142853106422386e+00
3.626376943065747760e+00,9.921298780896576019e+00
3.646988013649811844e+00,9.904664152390449061e+00
9.953160963474790179e+00,4.895710664591222283e+00
9.977609178398996193e+00,4.865757719268676951e+00
9.951771245889357687e+00,4.897491194067198350e+00
3.759646162476052655e+00,9.815459982011308426e+00
3.689414360949915483e+00,9.870699231934910500e+00
3.688952859254738925e+00,9.871055884714754924e+00
3.693020893739361821e+00,9.867820161899924614e+00
3.675828913168679879e+00,9.881479128448249938e+00
3.701638757247724509e+00,9.860992302334439685e+00
3.691882918929810131e+00,9.868710142221795323e+00
3.704090969052000304e+00,9.859044350113617128e+00
3.765270541791405190e+00,9.811021143544337519e+00
3.706418503186444280e+00,9.857164139789196255e+00
3.631805620566559867e+00,9.916730561224571971e+00
9.965511892491837997e+00,4.879883928131908633e+00
3.655534037536048775e+00,9.897591605141045079e+00
9.977567010673320524e+00,4.865619489318313562e+00
9.966007251486303176e+00,4.879260724613863509e+00
3.610043960697725929e+00,9.934297665951842049e+00
3.625950686199843620e+00,9.921372167316041768e+00
9.960009202563085751e+00,4.886669069359227180e+00
3.751655336595169921e+00,9.821529853740887717e+00
3.723348321286612972e+00,9.843725089146428076e+00
3.609907240873306389e+00,9.934379233900898498e+00
3.647067488806520874e+00,9.904316675078366217e+00
3.726206073455586409e+00,9.841452239405455771e+00
3.756077517393022536e+00,9.818044876601437210e+00
9.970826380622417773e+00,4.873397814665184846e+00
3.729953827249647080e+00,9.838503473254666787e+00
3.644806913550104888e+00,9.906103093447049091e+00
3.776358458816224672e+00,9.802196035597212642e+00
3.758165656016520195e+00,9.816366172816168856e+00
9.975004503469799388e+00,4.868436022691532195e+00
3.636533860231671689e+00,9.912698306449327035e+00
3.690335250433263603e+00,9.869685297459549034e+00
3.684050196994105075e+00,9.874665150462442753e+00
3.615424348102652896e+00,9.929753211211448161e+00
3.674231168916061385e+00,9.882471567552491010e+00
3.670517774682792833e+00,9.885423159464854947e+00
3.695898893897477944e+00,9.865257815830243970e+00
3.676438114762481391e+00,9.880695016415709020e+00
9.986298096575655592e+00,4.855705790299303715e+00
3.662302232704369054e+00,9.891963506954610352e+00
3.669508685961352157e+00,9.886209483396530828e+00
3.669257273812938980e+00,9.886407077018645850e+00
3.742038423011979198e+00,9.828900247078069086e+00
3.710109889672759564e+00,9.853980265278460493e+00
3.745552462199588817e+00,9.826118536236212009e+00
9.980684222557915319e+00,4.861850578311899262e+00
3.745454643412335916e+00,9.826174119152028652e+00
3.651777410566454218e+00,9.900292985779687527e+00
3.717533416519373191e+00,9.848058374348367394e+00
3.650659200252384107e+00,9.901170839351939534e+00
3.722469865932025002e+00,9.844173199546185415e+00
3.625185223983035332e+00,9.921683486865553903e+00
9.979583163207648155e+00,4.863034071786891843e+00
3.747699775066162697e+00,9.824376159224621929e+00
9.957311287967211655e+00,4.889830916558615570e+00
9.981945729080392127e+00,4.860376525139042059e+00
3.622656729883829474e+00,9.923704398562197326e+00
3.772630550250505088e+00,9.804891457633502228e+00
3.692976148025208349e+00,9.867396326788883343e+00
3.727171224628830881e+00,9.840424652786209592e+00
3.680063125887603093e+00,9.877637947455697898e+00
3.754658788020551086e+00,9.818874449556236783e+00
3.677427840670993486e+00,9.879708071728957819e+00
3.693801243948156454e+00,9.866710086070829888e+00
3.695794100313290365e+00,9.865128545042324504e+00
3.636413992688127372e+00,9.912502467384667781e+00
3.702944070759119022e+00,9.859453908689962631e+00
3.590793850378870555e+00,9.949557347293248810e+00
3.656762502643522872e+00,9.896137111944241838e+00
3.777362533152568869e+00,9.801132351717630087e+00
3.631710737185021465e+00,9.916252262137206230e+00
3.631680249977998987e+00,9.916272602935059410e+00
3.712428554549199955e+00,9.851905679445781772e+00
3.715340936828114060e+00,9.849603983614704461e+00
3.611069624172681181e+00,9.932919962295171601e+00
3.598433307167081097e+00,9.943209019120461178e+00
3.763663819366875884e+00,9.811715911688576597e+00
3.645176599571511300e+00,9.905321382720661205e+00
3.595689072723764479e+00,9.945414738024043189e+00
3.625244226327711594e+00,9.921359733479585330e+00
3.584628326351722460e+00,9.954462599503605347e+00
3.594522346795787637e+00,9.946342334912522176e+00
9.964030130495673987e+00,4.881151913456782232e+00
9.963855057223051759e+00,4.881362377831309551e+00
3.622582985955079771e+00,9.923484437932376778e+00
3.745445797897823947e+00,9.825898414136151615e+00
3.669129837010610018e+00,9.886116503640815623e+00
3.699019264407504615e+00,9.862384511642920515e+00
3.605633474220366175e+00,9.937212971515007709e+00
3.660894482779310177e+00,9.892654098865191870e+00
3.591741646397845322e+00,9.948550059816467339e+00
3.786717959420783153e+00,9.793711107049656306e+00
3.632683546429987587e+00,9.915272267440391474e+00
9.962633148402527894e+00,4.882789224753515178e+00
3.716178523029481262e+00,9.848776166476030269e+00
3.648618475552574125e+00,9.902413572583853352e+00
3.771786574619167887e+00,9.805263397733321895e+00
3.717917922275717491e+00,9.847384541601027053e+00
3.721642980854082960e+00,9.844422642315063143e+00
3.681955617789749002e+00,9.875766015887316840e+00
3.612149668419451842e+00,9.931768693623981292e+00
3.577379254981845058e+00,9.960213607271622749e+00
3.577445292146664180e+00,9.960158523229955208e+00
9.955740074266925532e+00,4.891441469101999395e+00
3.804913795683868560e+00,9.779520022047353933e+00
3.681900501432700423e+00,9.875788610872094253e+00
3.724590194171220947e+00,9.842083962187196278e+00
3.805506195392238222e+00,9.779048506806855556e+00
3.694853708030319428e+00,9.865497987813274250e+00
9.983276069298504751e+00,4.858454576444060535e+00
3.583671043448312776e+00,9.954944084107756552e+00
3.606340637795243165e+00,9.936402710327490340e+00
3.618682457751249526e+00,9.926368722559111291e+00
3.594239164356149097e+00,9.946254694078241698e+00
9.966075978355359410e+00,4.878395268637770954e+00
3.762790850563453748e+00,9.812130197513413421e+00
3.750022634766527752e+00,9.822087016175318652e+00
3.764186099034784405e+00,9.811028105608571082e+00
3.795991705327412369e+00,9.786320267434827969e+00
3.711882590893499145e+00,9.851974857530533924e+00
9.965758775181964069e+00,4.878729230121363614e+00
3.781622735677226732e+00,9.797434602148756611e+00
9.952522010730785240e+00,4.895477420536899160e+00
3.784330108083890476e+00,9.795291620719069670e+00
3.587959646203497499e+00,9.951243824007924843e+00
3.673822640671796869e+00,9.882000073236094195e+00
3.742124619366250737e+00,9.828143865197001006e+00
3.688251411047851036e+00,9.870539634506950932e+00
3.679654326465584102e+00,9.877352100455954798e+00
3.575370470162503977e+00,9.961563786990160096e+00
3.675320771801737774e+00,9.880784507920628457e+00
3.728133136223478861e+00,9.839087853513996507e+00
9.949656920717449893e+00,4.899175228214655675e+00
3.694456008026799854e+00,9.865606678300480326e+00
3.694885648051394522e+00,9.865255965671430260e+00
9.968170211926032920e+00,4.875699221236143188e+00
3.788665433676349448e+00,9.791876171198522272e+00
3.665294046786551352e+00,9.888740211341270125e+00
3.703114044236362368e+00,9.858739572373965032e+00
3.659636788259154283e+00,9.893234127403273348e+00
9.959684126918945779e+00,4.886135774112241315e+00
3.573769936521612678e+00,9.962829916134746000e+00
3.656968843165133709e+00,9.895363004026929588e+00
3.803824755662748025e+00,9.780120109086164248e+00
3.706564225227841014e+00,9.855994753957162402e+00
3.564808024394208630e+00,9.970217574601180743e+00
3.565199307620647406e+00,9.969892058285417136e+00
3.613647463037786167e+00,9.930192898480290964e+00
9.974801040100562233e+00,4.867808341263466509e+00
9.972637659776280472e+00,4.870315596544720016e+00
9.964055256689816176e+00,4.880634297817461942e+00
3.592230629464776559e+00,9.947582228111221170e+00
3.807027011162777086e+00,9.777578840475735333e+00
3.641241337105284082e+00,9.907853619308278681e+00
9.961003119458627708e+00,4.884361060441742453e+00
3.638078228254233437e+00,9.910363929855893872e+00
3.638218304022370120e+00,9.910239900796902646e+00
3.637100968604496387e+00,9.911130367215093884e+00
3.635445767147769125e+00,9.912445806325235864e+00
3.725089680353383059e+00,9.841290447677712550e+00
3.781431139592299928e+00,9.797315737064559826e+00
3.559415114835696503e+00,9.974481360438472777e+00
3.615547020328880201e+00,9.928470183364209944e+00
3.558968637520196321e+00,9.974831988225838941e+00
3.557868382701492305e+00,9.975741313207018734e+00
3.603427164892360590e+00,9.938287012782117458e+00
3.558490041979562424e+00,9.975217093772480226e+00
9.985744668855087269e+00,4.855326342484078239e+00
3.593098471754582413e+00,9.946690857286746734e+00
3.678809668263659294e+00,9.877747878094892187e+00
3.665484267416879938e+00,9.888340475140532604e+00
3.824538708549541255e+00,9.763944320595708604e+00
3.584901228830693842e+00,9.953388753697534952e+00
3.591757384398009290e+00,9.947768441131669803e+00
3.812538864914705172e+00,9.773190420601336470e+00
3.732775055895867222e+00,9.835182451714441498e+00
3.592049014698570186e+00,9.947512798597553996e+00
3.657769806279855374e+00,9.894450394455486020e+00
9.973649110229098724e+00,4.868919174866310762e+00
3.555784647828759582e+00,9.977375469291308363e+00
3.652262568451453362e+00,9.898819779904044935e+00
3.765367803491969756e+00,9.809696145982977455e+00
3.650295196159308642e+00,9.900389851292285215e+00
3.702120495639924957e+00,9.859229221783675001e+00
3.801188109389129099e+00,9.781894693556596465e+00
3.618206887470259758e+00,9.926165275869779592e+00
3.645269367276422923e+00,9.904375892550792315e+00
3.828615747278279358e+00,9.760715207636543767e+00
3.604105178432078560e+00,9.937566335165477938e+00
9.955120962062160572e+00,4.891620560776662963e+00
3.642629146055477385e+00,9.906467615046661734e+00
3.593719914852212316e+00,9.946009351064336812e+00
3.712009839883896323e+00,9.851367088020390739e+00
3.614019350501593841e+00,9.929495292220654079e+00
9.957570980987760834e+00,4.888444906734235040e+00
3.781351515232225680e+00,9.797194516331504843e+00
3.717444361743263315e+00,9.847072783575699262e+00
9.964509870555703586e+00,4.879743554815580531e+00
3.781152809715010665e+00,9.797327486701238541e+00
3.551111737120181022e+00,9.981090864132564633e+00
3.611775487286501107e+00,9.931261904318727574e+00
3.633889247956857638e+00,9.913412253091008708e+00
9.962587635902213634e+00,4.882085688891592667e+00
3.746527213194180028e+00,9.824248446487052533e+00
3.720779991438685208e+00,9.844400638820395955e+00
3.588824815799398937e+00,9.949887707468619169e+00
3.629762209947378082e+00,9.916680416978566726e+00
3.673158238283683374e+00,9.881984542519527182e+00
3.556554560152932698e+00,9.976479542019170310e+00
3.685044201803627129e+00,9.872542399529166346e+00
3.689145304145322157e+00,9.869291941930940837e+00
3.680077063789583658e+00,9.876471088701164192e+00
3.726867256545393747e+00,9.839582244824985224e+00
3.656549712334550506e+00,9.895180207876109080e+00
3.661257265746553191e+00,9.891425115078996910e+00
3.724319714261656422e+00,9.841575321855282610e+00
3.624857809705493317e+00,9.920591469235485960e+00
3.665125772075148447e+00,9.888333837216068289e+00
3.655937915430699903e+00,9.895650989055701174e+00
3.811255687935864334e+00,9.773941480597375886e+00
3.811587076193649448e+00,9.773672737178944914e+00
3.593728884560021264e+00,9.945796130897969434e+00
3.593326472098537838e+00,9.946119691514313743e+00
3.644842520928180729e+00,9.904445755681299701e+00
9.961996279556299072e+00,4.882658269580518962e+00
3.617844140016070575e+00,9.926138265489289125e+00
3.706762747421910031e+00,9.855274173733015175e+00
3.575043456867876390e+00,9.961014762815491252e+00
3.615678838423950658e+00,9.927879475295906531e+00
3.580268609992915074e+00,9.956715013901877853e+00
3.771205336602576619e+00,9.804856826893590949e+00
3.558223090270959510e+00,9.974886142002583611e+00
3.827755720317346455e+00,9.761114845349135649e+00
3.761170680891749996e+00,9.812635739829882908e+00
3.714917195269707317e+00,9.848803990997534896e+00
3.571707378408987665e+00,9.963691312956857615e+00
3.584878413397970309e+00,9.952851969649183062e+00
3.629649482766921675e+00,9.916531937859138779e+00
3.548328995009413678e+00,9.983036820196408812e+00
3.570130374936435924e+00,9.964947409113053212e+00
3.785692413107171195e+00,9.793547057079358353e+00
9.962635947489040689e+00,4.881744591961633795e+00
3.742269188919249423e+00,9.827317586409787253e+00
3.744979502739882449e+00,9.825200768659254180e+00
3.626509361317101554e+00,9.918999606781728318e+00
3.675550151637264396e+00,9.879809944940003419e+00
3.546716458917718029e+00,9.984316976018435597e+00
3.665119877230035517e+00,9.888088058087717513e+00
3.561522955558109604e+00,9.971977855912623312e+00
3.573923193084926009e+00,9.961743027841567510e+00
3.682483677486850127e+00,9.874275484415573345e+00
3.657750784583146064e+00,9.893923753557411160e+00
3.686634364552715759e+00,9.870983983831282060e+00
3.580720794627834547e+00,9.956135479069722294e+00
3.791168778449421684e+00,9.789233240752350795e+00
3.649671512080498115e+00,9.900358783235084559e+00
3.695265387006803071e+00,9.864153393932395986e+00
3.567130242967786913e+00,9.967301298052554159e+00
3.800427785057046481e+00,9.782064151816346254e+00
3.560451567483540192e+00,9.972805549698284366e+00
3.821498233350789420e+00,9.765799593609633789e+00
3.544634804687364582e+00,9.985961462231736974e+00
3.647858615401400328e+00,9.901782804734978072e+00
3.544365896876120914e+00,9.986170742880581486e+00
9.971467492314287639e+00,4.870955994456444671e+00
9.972354860260349341e+00,4.869910484569767384e+00
3.577451784381737721e+00,9.958751947639999713e+00
9.983204481677768527e+00,4.857520444277066751e+00
3.586517355488952674e+00,9.951320185336797408e+00
3.578012046197506457e+00,9.958277487794022775e+00
3.536801951510735620e+00,9.992448745352765727e+00
3.834990289233606742e+00,9.755371341676649877e+00
3.811476584516841015e+00,9.773473003486776278e+00
3.575749469182914808e+00,9.960098224160782721e+00
3.704442595137698913e+00,9.856833575383044277e+00
3.755666034869852066e+00,9.816720196113168484e+00
3.793106458172706752e+00,9.787653058376196924e+00
9.976243310673066134e+00,4.865320308957145734e+00
3.637726818226636905e+00,9.909815445776761322e+00
3.549438286433065137e+00,9.981828609868211188e+00
3.712055369193246968e+00,9.850819080079705969e+00
3.813823556281577876e+00,9.771626610062636331e+00
3.796251493398115961e+00,9.785172334202117739e+00
3.540361129909057603e+00,9.989345373466964162e+00
3.666565537903068162e+00,9.886728773857791808e+00
3.758656620641222634e+00,9.814321094425173087e+00
9.958298540672720023e+00,4.886950578648994181e+00
3.547099855644256117e+00,9.983699103958116439e+00
3.687626662577371484e+00,9.870017776784832719e+00
3.539161361115761739e+00,9.990311656722685285e+00
3.559320988880958048e+00,9.973521076499862303e+00
3.690013585226809223e+00,9.868119193884904661e+00
3.579550613375298340e+00,9.956854566210358470e+00
3.654210931477411162e+00,9.896523306862901492e+00
3.650899330824648903e+00,9.899158228846436813e+00
9.954352857668004262e+00,4.891954681023576335e+00
3.623113435295143514e+00,9.921420216760504118e+00
9.975861719801446981e+00,4.865637101009811616e+00
3.808049503531432123e+00,9.775982256946509352e+00
3.577510064560093461e+00,9.958467506923390999e+00
3.791073236025991555e+00,9.789097133315138421e+00
3.600872862805746255e+00,9.939393964283219418e+00
3.551728910467432332e+00,9.979735453185151428e+00
3.537163667877292639e+00,9.991883470405072742e+00
3.747315424820950369e+00,9.823075224137582495e+00
3.586624124702408434e+00,9.950963961854210282e+00
3.706099526296440683e+00,9.855340711086435945e+00
3.705315984465339163e+00,9.855955581400978716e+00
3.617085302087636567e+00,9.926214591885544891e+00
3.599231114162722012e+00,9.940671016339232224e+00
3.792383540340590109e+00,9.788034597426436889e+00
3.792680174579877495e+00,9.787797036619023672e+00
3.730049925186101678e+00,9.836496921345757372e+00
3.709267930814965641e+00,9.852798020505764143e+00
3.709959706996813988e+00,9.852243532312661145e+00
3.783614896155829577e+00,9.794778785514504094e+00
3.610820654567409527e+00,9.931209136263383641e+00
3.752908960518028358e+00,9.818634036726658465e+00
3.533733945642871355e+00,9.994608312938790817e+00
3.552022443794760953e+00,9.979316365768390540e+00
3.562322704827755704e+00,9.970776806684224169e+00
3.796637402796823046e+00,9.784663944809208758e+00
3.623980222166650389e+00,9.920537305282021379e+00
9.950060090595773232e+00,4.897419623191657578e+00
3.526978278202631323e+00,1.000025591063651298e+01
3.671998694860913570e+00,9.882170774131411761e+00
9.960830250623118332e+00,4.883530172467659192e+00
3.834390201790079278e+00,9.755556930559491136e+00
3.679587500268538758e+00,9.876138762605288335e+00
3.664630351072004188e+00,9.888002051204315634e+00
3.718860633130164572e+00,9.845182131034546202e+00
3.526062432105306232e+00,1.000099023030968226e+01
3.544489400060150786e+00,9.985523074649377051e+00
3.555520143988184945e+00,9.976347703815564572e+00
3.603775492035591999e+00,9.936810943324051237e+00
3.682575919474769588e+00,9.873747735725626029e+00
3.647145329912188760e+00,9.901911633552909819e+00
3.857263572131144347e+00,9.737975737176792990e+00
9.975195506074824081e+00,4.866193572498897169e+00
3.836217276126117071e+00,9.754115505468048397e+00
3.687407419360518190e+00,9.869916815312713254e+00
3.690017322826014912e+00,9.867846873278066866e+00
9.981774835477539298e+00,4.858712812358165323e+00
3.825029981548421887e+00,9.762706178456529216e+00
3.554686363712793895e+00,9.976992638638659372e+00
3.789583115717161554e+00,9.790049730233537417e+00
3.694819299005615676e+00,9.864037803860398412e+00
3.696497093229281106e+00,9.862712941031848146e+00
3.586064668705071679e+00,9.951151823660856266e+00
3.523964466089883452e+00,1.000265023759196836e+01
3.696898248380331431e+00,9.862374457148249007e+00
3.811181650513799202e+00,9.773337122623907192e+00
3.775887412267147081e+00,9.800621727590012711e+00
3.858256302551843486e+00,9.737159043316792051e+00
3.858194827620975875e+00,9.737199506040697727e+00
3.529152829245140399e+00,9.998236211882980840e+00
3.528756868367473487e+00,9.998570926845196993e+00
3.534774121837229277e+00,9.993504152985501321e+00
3.744170134225931257e+00,9.825273059083347249e+00
3.828676747505697087e+00,9.759833550795445234e+00
3.522310971105084398e+00,1.000398057557460696e+01
3.792766841878639550e+00,9.787520126013861343e+00
9.969338832665984640e+00,4.872973077125990926e+00
3.533941441550817242e+00,9.994167393987652304e+00
3.563097767314322706e+00,9.969908327637833523e+00
3.582643669968330613e+00,9.953858118380624731e+00
3.608900314152701849e+00,9.932508801126314069e+00
3.582164073413173888e+00,9.954231620313153783e+00
3.732137919694788142e+00,9.834630108053938002e+00
3.606291531205611189e+00,9.934597844725587379e+00
3.804912083891051289e+00,9.778091733191963897e+00
9.948644821946118100e+00,4.899093383849117522e+00
3.627694320030635300e+00,9.917312486032734853e+00
3.544328951904291980e+00,9.985411336409168115e+00
3.815553702367225686e+00,9.769867316320384631e+00
3.713412115350170239e+00,9.849265935274889472e+00
3.591704589684813875e+00,9.946398125704687843e+00
3.750396219339311443e+00,9.820335315699447065e+00
3.569703931091166016e+00,9.964366563427882184e+00
3.656726539871624659e+00,9.894051640788202207e+00
3.591154556699312383e+00,9.946810231526564294e+00
3.530872812587137588e+00,9.996607387822857405e+00
3.551928234505078663e+00,9.979029704833791925e+00
9.954491929506541936e+00,4.891342080825561212e+00
3.680292967464052101e+00,9.875319843503111983e+00
3.653197304121717170e+00,9.896835863151590473e+00
3.642755675569077756e+00,9.905164610994871666e+00
3.558087959242298037e+00,9.973897890036768743e+00
3.683612307010161402e+00,9.872685095293201485e+00
9.972103257962283251e+00,4.869568065885589547e+00
3.817837338395209112e+00,9.768050132162823473e+00
3.644148778084909335e+00,9.904035827790249158e+00
3.718958275101303279e+00,9.844843718757655182e+00
3.720602201025783540e+00,9.843553246807442036e+00
3.518078215335801229e+00,1.000732675397954452e+01
3.550091804709336163e+00,9.980470709366237259e+00
3.613627146397731416e+00,9.928516802079224490e+00
3.757507184132788058e+00,9.814714630262367123e+00
3.596403067823340294e+00,9.942456137789978499e+00
3.586057897852493959e+00,9.950873575280684946e+00
3.566235921887378701e+00,9.967112401812029177e+00
3.556687934966547449e+00,9.974991708838436111e+00
3.550059531737048246e+00,9.980476959402663439e+00
9.960242018125111230e+00,4.883932760304301901e+00
3.596729834526544156e+00,9.942160181201114000e+00
9.970979572213412467e+00,4.870831115586198301e+00
3.746297537772711905e+00,9.823414478550793305e+00
3.593785093361116179e+00,9.944536801115317459e+00
3.700577707139295569e+00,9.859217126492952232e+00
3.700648155543940110e+00,9.859151078268316937e+00
3.628393772622172442e+00,9.916560701862776384e+00
9.959603441277643299e+00,4.884686034345463668e+00
9.961483284957267870e+00,4.882328880972750085e+00
3.759464987387003188e+00,9.813126871338429424e+00
3.820776611840580372e+00,9.765697790280631452e+00
3.846371541118790205e+00,9.746034085662248714e+00
3.570695475668257401e+00,9.963359806925792483e+00
3.592231516632142796e+00,9.945753093889877050e+00
3.624831755492743834e+00,9.919396771936989765e+00
3.760996122583165846e+00,9.811918397028090766e+00
3.828253148833978603e+00,9.759930325829660802e+00
3.777093097688077439e+00,9.799413536483429610e+00
3.709109693650987527e+00,9.852453033656404457e+00
9.970348900056583474e+00,4.871507164981033533e+00
3.624699297721055924e+00,9.919469370744350201e+00
3.525596856742753804e+00,1.000078763390565406e+01
9.958443048476681270e+00,4.886101529390191267e+00
3.765572634596126012e+00,9.808322102156610711e+00
3.620933332710885022e+00,9.922467453198164478e+00
3.539677944186840897e+00,9.988943279103031259e+00
3.663264856838772232e+00,9.888604010900328589e+00
3.673057920051572722e+00,9.880830681457176468e+00
3.676110329222526119e+00,9.878413141886081661e+00
3.652836997766775173e+00,9.896885534648912852e+00
3.850204370322088288e+00,9.743004729541084430e+00
9.956164356296056894e+00,4.888936981495283440e+00
3.651274517946452747e+00,9.898106553784890238e+00
3.533350465309225363e+00,9.994146279197035909e+00
3.596794187618231220e+00,9.941899721180652350e+00
3.680749054919066676e+00,9.874697638915728604e+00
9.946881516279143298e+00,4.901119187695117674e+00
3.690939646893152126e+00,9.866632619532223814e+00
3.511368002802146115e+00,1.001265601961205753e+01
3.768768308632465036e+00,9.805737402936149039e+00
3.593912688115485921e+00,9.944172310639325829e+00
3.635697480005382065e+00,9.910480597594279573e+00
3.594822526663030260e+00,9.943423291267420083e+00
3.545492911538376646e+00,9.983922948048002510e+00
9.959960413697700687e+00,4.884032329784014692e+00
3.843044072476361706e+00,9.748421028171488700e+00
3.697966501715198806e+00,9.861047613322808658e+00
3.771716954578165026e+00,9.803415114975441824e+00
9.956007757926032653e+00,4.889035197408416522e+00
3.822107026622458825e+00,9.764464440454238670e+00
3.508652730103039019e+00,1.001481792231655987e+01
9.968229463193244655e+00,4.873814628199906629e+00
3.622782025998407374e+00,9.920762386512471664e+00
3.529569830297057731e+00,9.997123238506025800e+00
3.775608008067946386e+00,9.800339111282694304e+00
3.586959172326231737e+00,9.949709273012524946e+00
3.543218884858591711e+00,9.985682907957050602e+00
3.802008105915756442e+00,9.779898723737991517e+00
3.802846253359426054e+00,9.779250427480334906e+00
3.711934037744518466e+00,9.849945566605937231e+00
9.975463698310726102e+00,4.865217910489985975e+00
3.669049155028417886e+00,9.883754034876972128e+00
3.815344922013608198e+00,9.769585157615791715e+00
3.768178408837866478e+00,9.806040340629884611e+00
3.737246774216813172e+00,9.830113969708113686e+00
3.875374533482129014e+00,9.723557736905224402e+00
3.647696097577040941e+00,9.900708492714716868e+00
3.716263660862162865e+00,9.846514275930761784e+00
9.978595201770501077e+00,4.861604869535932849e+00
3.525628345073214653e+00,1.000028480327316416e+01
3.525866297539146377e+00,1.000008017809907912e+01
9.947290345988021087e+00,4.900334068182421454e+00
3.539264210604437633e+00,9.988861543239766050e+00
3.740647809869288132e+00,9.827427438920924629e+00
3.680098149955456588e+00,9.874955509829609568e+00
9.975309410032274116e+00,4.865325864805502221e+00
3.781818164818433026e+00,9.795412586416125222e+00
3.795415487268221977e+00,9.784897215666843451e+00
3.643004491227103792e+00,9.904398983544176360e+00
3.509660665593950846e+00,1.001371951553673512e+01
3.509703481412279391e+00,1.001367986493256623e+01
9.954214993631662622e+00,4.891132576853846281e+00
3.508454831695539511e+00,1.001469388808463101e+01
3.783156273759656241e+00,9.794343560295276419e+00
3.869707362019148889e+00,9.727807749336234266e+00
3.691440983151585087e+00,9.865934891436701548e+00
9.953706302372875570e+00,4.891763351678077854e+00
3.820547738906678870e+00,9.765481845430644015e+00
3.758610276906730885e+00,9.813363264773119710e+00
3.567673389323273270e+00,9.965248678984737651e+00
3.692878683884473823e+00,9.864783940861755696e+00
3.745224550340214620e+00,9.823770244944661556e+00
3.798052109582327862e+00,9.782793327264251104e+00
3.744603759928196052e+00,9.824241374949641781e+00
3.603452972713510949e+00,9.936077664796155062e+00
3.870249835046341680e+00,9.727351236992994643e+00
3.559541857850206270e+00,9.971895310420290315e+00
3.784737803298679815e+00,9.793068140322578330e+00
3.870989826627025288e+00,9.726778790455357537e+00
3.564750843445447792e+00,9.967601214493569728e+00
9.951111031263282669e+00,4.895108219736448163e+00
3.621525118324802062e+00,9.921483766965316420e+00
9.974994141550476812e+00,4.865574943284248555e+00
3.619964776151530117e+00,9.922730857921736813e+00
3.831188691267863877e+00,9.757238092049083988e+00
3.853258183486035993e+00,9.740313768193027855e+00
3.871678927337628640e+00,9.726222479547846689e+00
3.658825506022114649e+00,9.891646029846040022e+00
3.707332337577986969e+00,9.853333004773313419e+00
3.583885426749490399e+00,9.951885769531802595e+00
3.732711862425867722e+00,9.833456516512731227e+00
3.515414779015661573e+00,1.000860948823677710e+01
3.669131945379582760e+00,9.883445480814254225e+00
3.707054263672359351e+00,9.853527541853919658e+00
9.962290379557265041e+00,4.880739807107476125e+00
3.581677668681664262e+00,9.953653665302423903e+00
3.546917100019366220e+00,9.982218523802028898e+00
3.616422193620487668e+00,9.925510396905211863e+00
3.708198173464115843e+00,9.852622193456628708e+00
3.526777146585319933e+00,9.999004153982546939e+00
3.677251292211733524e+00,9.877002938531795451e+00
3.570646988625651552e+00,9.962651526163623927e+00
3.711127977501714525e+00,9.850304617123827100e+00
3.709932667279529639e+00,9.851237827778367873e+00
3.643760187065053557e+00,9.903576505610468317e+00
3.578719417068283448e+00,9.956019110469384259e+00
3.767718210234593190e+00,9.806147939833595117e+00
3.517840894850817079e+00,1.000647146886057826e+01
3.711015631046854057e+00,9.850376280564681508e+00
3.754271383633171588e+00,9.816588158104138984e+00
3.803882928551647336e+00,9.778171046991172233e+00
9.945775319713561657e+00,4.902119768797239097e+00
3.525498325639995212e+00,1.000001425617707795e+01
3.714602533361621717e+00,9.847552597796585871e+00
3.508458866561420031e+00,1.001439386937260956e+01
3.521338215089491630e+00,1.000349088954061472e+01
3.513423835716984467e+00,1.001016833166363540e+01
3.768797100849152315e+00,9.805286728350864678e+00
3.814636307906293045e+00,9.769861859786120206e+00
9.952855362877977896e+00,4.892662647709311585e+00
3.842916405198178786e+00,9.748129792363590340e+00
3.625117990457519923e+00,9.918426661925742849e+00
3.864894626693952784e+00,9.731300824998713850e+00
9.979449111572987974e+00,4.860335304998093520e+00
3.625738394991614655e+00,9.917917218366403276e+00
3.551775846364976008e+00,9.978064920829936568e+00
3.856333369263189592e+00,9.737837495902279983e+00
3.783297954754657244e+00,9.794020295835489165e+00
3.884863018198627671e+00,9.716045464572165002e+00
3.588237193972063199e+00,9.948174746308950489e+00
4.819002813748919145e+00,8.974383008453031607e+00
9.873051747402900702e+00,4.960620186450684699e+00
8.633544284060718610e+00,5.944971918688191970e+00
9.562201786884822141e+00,5.207479992063449359e+00
3.953400159339800268e+00,9.661837752469372376e+00
5.631017374812969045e+00,8.329525105026975851e+00
4.495139204130798483e+00,9.231610439357011089e+00
4.722495681395935563e+00,9.051028285787937833e+00
7.787527115865483296e+00,6.616881409241938350e+00
4.755242524164097873e+00,9.025022701299564076e+00
7.825229493275772441e+00,6.586929460609653120e+00
5.038292608537739525e+00,8.800263962112699900e+00
4.257686377369078734e+00,9.420198291334564544e+00
3.562664373079399205e+00,9.972165378812732683e+00
4.254664233502515103e+00,9.422592921337992422e+00
4.047504892386820430e+00,9.587119378963082639e+00
7.984862581665430170e+00,6.460168022999424942e+00
9.070444037345987809e+00,5.598020202854960381e+00
7.420994811209705944e+00,6.907954747717622190e+00
6.879950928531725296e+00,7.337625074135291747e+00
3.516282731081573854e+00,1.000897939372258350e+01
4.455987158521350189e+00,9.262681298127313667e+00
8.254697117334954370e+00,6.245869719348589477e+00
7.423650728963457013e+00,6.905856880701167988e+00
6.579724953058564196e+00,7.576081375687960140e+00
8.792334222159265522e+00,5.818890588042171963e+00
6.216451450436260018e+00,7.864561409150012672e+00
8.372441030516338145e+00,6.152339901394554111e+00
9.556713409370610535e+00,5.211826861071521932e+00
8.614217123108806717e+00,5.960335383707430879e+00
9.412505379676161965e+00,5.326337216225805804e+00
3.613720093427382096e+00,9.931602120343365314e+00
9.493465521960219533e+00,5.262050907203902561e+00
6.126125492199772538e+00,7.936330926276905728e+00
7.523034753736951075e+00,6.826912645099889154e+00
4.592356317972249080e+00,9.154381388629714067e+00
7.074353737667323117e+00,7.183261066695557417e+00
5.300383763890303968e+00,8.592111285942785059e+00
7.729487634613374070e+00,6.662954258683472020e+00
7.032945356627163136e+00,7.216144636109946831e+00
6.359986836586886128e+00,7.750581063732806086e+00
6.234927685843125289e+00,7.849892534967651159e+00
6.040815507017930130e+00,8.004056280913646404e+00
6.953207792459849657e+00,7.279486928667346035e+00
8.917471060846523301e+00,5.719484559699639092e+00
8.808364336444991949e+00,5.806128806833413591e+00
4.932698814484849592e+00,8.884120588399216700e+00
4.915516110146082696e+00,8.897756285673771970e+00
4.522103448702164741e+00,9.210205397413892214e+00
9.843784760676749457e+00,4.983830520354107563e+00
5.640399476724700989e+00,8.322060687137533108e+00
5.229844311678252922e+00,8.648137627771486535e+00
8.463440449046299108e+00,6.080064559838870508e+00
6.284658744030991784e+00,7.810418959056197430e+00
8.212720976598840039e+00,6.279206794829622851e+00
9.510899277492807613e+00,5.248201476451339609e+00
5.784523619375503856e+00,8.207599610154138858e+00
5.118470295892614708e+00,8.736581446424978026e+00
7.075827945176722977e+00,7.182100357174738825e+00
4.984608623242218428e+00,8.842894516181514675e+00
8.816747488284020662e+00,5.799499894462543992e+00
8.605974911456282683e+00,5.966878615152256593e+00
9.148148541213068086e+00,5.536317982469094900e+00
7.472882829540266059e+00,6.866774754692899663e+00
6.885027390168544592e+00,7.333618477057136431e+00
9.373660956985812476e+00,5.357193349943091931e+00
6.012442762492308468e+00,8.026578334506423218e+00
5.913351174243535624e+00,8.105296670048431906e+00
5.968155158957619832e+00,8.061751716150668656e+00
8.311579221256669925e+00,6.200687826807929071e+00
4.842424229418837101e+00,8.955793060268401717e+00
8.874550676066304433e+00,5.753576021039938482e+00
4.782374675885695758e+00,9.003483555158613427e+00
8.965079408894794710e+00,5.681670559553936961e+00
7.635940598219857378e+00,6.737236159633365418e+00
4.576118998305311436e+00,9.167313623912324516e+00
9.393961574360202960e+00,5.341100199346858979e+00
4.464816506273042052e+00,9.255685933199311322e+00
6.115901698222746319e+00,7.944441534080284306e+00
7.314277163638684520e+00,6.992712733567132410e+00
9.784548097082044649e+00,5.030888399232447128e+00
6.351739088272461586e+00,7.757156815707572761e+00
9.241250443128409486e+00,5.462369245470948265e+00
4.504272597571461034e+00,9.224337807510993414e+00
7.185074930985013708e+00,7.095313363513323424e+00
7.170828423478269542e+00,7.106649765244904771e+00
5.786004043610255110e+00,8.206446535329559921e+00
5.605482455370491834e+00,8.349799197215855173e+00
3.913879097616431046e+00,9.693217861565463167e+00
9.160451905479643386e+00,5.526527884995029893e+00
5.575362883053099239e+00,8.373711030042990444e+00
7.542002633570090708e+00,6.811859164687599666e+00
6.651088355257343210e+00,7.519399089273696823e+00
6.711803850402426441e+00,7.471193428652370905e+00
8.939332007355181631e+00,5.702129146136625693e+00
4.137365866160791050e+00,9.515736211400804834e+00
3.584910752226459607e+00,9.954489823967909601e+00
4.642299043162903871e+00,9.114752596646546579e+00
4.679753098261298483e+00,9.084971106514077022e+00
6.495081481121902200e+00,7.643292829418458112e+00
8.409960511295349050e+00,6.122533958818256572e+00
4.417349764976004067e+00,9.293401013793040732e+00
6.013425412160716022e+00,8.025824009228609057e+00
8.746118927713807167e+00,5.855587967468543376e+00
4.023042435296529717e+00,9.606554018014865193e+00
6.405716569362747137e+00,7.714268695252083141e+00
7.296754765300831558e+00,7.006610137798179316e+00
4.959982922221700008e+00,8.862434836389352810e+00
5.979076637788359960e+00,8.053077942906606168e+00
8.966998042645116129e+00,5.680162949299680797e+00
7.922264330615270467e+00,6.509846383246882695e+00
5.321330238553614755e+00,8.575466827512981283e+00
5.065388401186632805e+00,8.778708655089529245e+00
7.768908043114986839e+00,6.631646512211992750e+00
6.469252599732702613e+00,7.663795929697777787e+00
8.941303583592238979e+00,5.700577746081831876e+00
9.251341877791661616e+00,5.454349969757680938e+00
5.676963477492646071e+00,8.293025994997151429e+00
4.888041794881865520e+00,8.919578399053010642e+00
6.432882280179391898e+00,7.692694042883860384e+00
6.099495764520090013e+00,7.957444931931052068e+00
4.875881220793820248e+00,8.929226397789804537e+00
5.025232919738883197e+00,8.810627681546005618e+00
7.210703105037381988e+00,7.074963772752833613e+00
9.059632156279540993e+00,5.606581041507733509e+00
8.121798601291205344e+00,6.351416756432330502e+00
8.527916431717500245e+00,6.028891307869033156e+00
5.857395051312579426e+00,8.149749359337743471e+00
9.637280304928784957e+00,5.147834524095789455e+00
5.400280126378532941e+00,8.512749108179699320e+00
6.987981213036083439e+00,7.251865266650488806e+00
4.247595238302722009e+00,9.428189181946613928e+00
5.348962657077882987e+00,8.553526175961696509e+00
6.023704680694752511e+00,8.017643556199990584e+00
9.686646697261759087e+00,5.108616902641974988e+00
4.265552674202108818e+00,9.413932886662596644e+00
6.929215443706728372e+00,7.298530429109680639e+00
5.293402493246597729e+00,8.597638635672831597e+00
5.636733412530643861e+00,8.324999146840887931e+00
9.068596872416081922e+00,5.599494175776603910e+00
8.995969416458631684e+00,5.657172855181118010e+00
7.202607511071622781e+00,7.081381523433329050e+00
7.331681511571158438e+00,6.978888698679197589e+00
6.429349261139839733e+00,7.695494690951944605e+00
6.322992579036497141e+00,7.779962919762516194e+00
4.792918634195734384e+00,8.995133020852623673e+00
5.666733685623576378e+00,8.301135707005082409e+00
4.141642473680824388e+00,9.512332518467262688e+00
5.110009959269183888e+00,8.743284361336963073e+00
8.015496656610681114e+00,6.435810507967957506e+00
9.344863356674535382e+00,5.380062658064137082e+00
4.840900846456305473e+00,8.957009296374035756e+00
7.740610439571337764e+00,6.654124439656297518e+00
6.923387678612854756e+00,7.303168732449913492e+00
8.603410909296814069e+00,5.968923090149618638e+00
4.525054853010505695e+00,9.207836132965285358e+00
7.685456292902168585e+00,6.697926761414528585e+00
6.908656210655936825e+00,7.314868287327432661e+00
7.198010764578459231e+00,7.085071119222088321e+00
5.443818918949433261e+00,8.478182981723328737e+00
3.579931329348532199e+00,9.958450953211803736e+00
6.623826989010560773e+00,7.541063224111432817e+00
3.964105699333494659e+00,9.653342809735711683e+00
7.310898131076866591e+00,6.995401900365987302e+00
6.405109513551101585e+00,7.714773951142914754e+00
9.265186040509117760e+00,5.443370322058906474e+00
4.573581873449557023e+00,9.169296921262656497e+00
3.772520001349764396e+00,9.805497348639102384e+00
4.671342373242623580e+00,9.091663154706647987e+00
7.477139452678248865e+00,6.863364518419469817e+00
7.845868429656787768e+00,6.570548957264901624e+00
8.640037002899438434e+00,5.939847213693993488e+00
5.821373444802809161e+00,8.178341857605651910e+00
7.422907309832631029e+00,6.906439464032104958e+00
5.635971830201985888e+00,8.325604506640432945e+00
4.966577416862021366e+00,8.857209310671676050e+00
4.816400627685670344e+00,8.976478020503918742e+00
8.981066211784140663e+00,5.668990494322685869e+00
9.321351528380974472e+00,5.398762166472774737e+00
7.074351646379623659e+00,7.183239693878658017e+00
4.251342116757173883e+00,9.425221810847832060e+00
9.494396079732720040e+00,5.261321792022822130e+00
9.625932577111001365e+00,5.156843163590031587e+00
9.646595547818877847e+00,5.140440857312078116e+00
8.322847297460757687e+00,6.191739008120624277e+00
9.406280006539416760e+00,5.331302219928026886e+00
8.886695858466886477e+00,5.743954773281624959e+00
5.101638990951792074e+00,8.749942994488472792e+00
4.103039940574523037e+00,9.543014815855404009e+00
5.427905704022641942e+00,8.490843155346622595e+00
5.407783713802014169e+00,8.506813894995563174e+00
6.633283081833459605e+00,7.533527363051570447e+00
6.954110506789994872e+00,7.278753330069145377e+00
5.927559860566893768e+00,8.093996842355281274e+00
6.341744847369137794e+00,7.765060278813150418e+00
4.201286402296145361e+00,9.464980429418996977e+00
9.088095922352053435e+00,5.583995807174533255e+00
7.662640350214582341e+00,6.716037008864558011e+00
9.747471431365477557e+00,5.060332852699890083e+00
9.275009564812412677e+00,5.435532370191944906e+00
8.357737147739825900e+00,6.164036977557685759e+00
7.727882600038936900e+00,6.664219700711219829e+00
7.736248775857056614e+00,6.657606889412600815e+00
6.258652584563943577e+00,7.831052252546739645e+00
5.116368824725677555e+00,8.738230618516368509e+00
7.947281400108670013e+00,6.490000934316196179e+00
6.234625526342783886e+00,7.850160970990711640e+00
4.652701196412857954e+00,9.106460764581097322e+00
9.739964744233619243e+00,5.066306225376715489e+00
7.544941657635874321e+00,6.809508596772279709e+00
5.914407801419406141e+00,8.104441251161576432e+00
4.036973460069241959e+00,9.595469880000310425e+00
4.455357649773562301e+00,9.263211143250392965e+00
5.902409748507869480e+00,8.113990114401122611e+00
7.843908425332999812e+00,6.572082661260834513e+00
7.253344935702006779e+00,7.041120680064298476e+00
7.596264776538344421e+00,6.768780932535293893e+00
7.617590811914690008e+00,6.751822656757838104e+00
3.548419976294441280e+00,9.983477864842194904e+00
5.034841952650543462e+00,8.802989688410729485e+00
6.168488849051849243e+00,7.902674026214483227e+00
8.268657571359526059e+00,6.234787023268402173e+00
5.888010207541598540e+00,8.125400141766537132e+00
4.504599347887493721e+00,9.224109454957904575e+00
7.547492297250501636e+00,6.807487612461680548e+00
7.862812617188245312e+00,6.557068447998661398e+00
5.956412162429222334e+00,8.071107635036732120e+00
7.029442396632854972e+00,7.218912628243209006e+00
5.756849339585281555e+00,8.229603785045373598e+00
6.954093648153067520e+00,7.278781042513428723e+00
9.761522393805710962e+00,5.049191324632958278e+00
4.015060292420933763e+00,9.612888638553112486e+00
5.036574140914786391e+00,8.801624377521140019e+00
8.216531726589732187e+00,6.276150894944905190e+00
4.730680716874610781e+00,9.044528129995034860e+00
9.245457660784508036e+00,5.459032908958223018e+00
4.418487488200853797e+00,9.292481572347723429e+00
7.923452258473265175e+00,6.508902536653616622e+00
4.605221215130706369e+00,9.144190588740807257e+00
9.857337022175753916e+00,4.973094376816283635e+00
8.255641828090098500e+00,6.245088712130760555e+00
5.311117569893522017e+00,8.583563289328694168e+00
7.687124606566500873e+00,6.696621308058689159e+00
8.131573624460356697e+00,6.343623278895399231e+00
6.169789529706603659e+00,7.901623187830887574e+00
7.663872617820103983e+00,6.715081241290378422e+00
7.515323965444244081e+00,6.833037568868023826e+00
9.900824561815548819e+00,4.938540166557147337e+00
5.496678256175105304e+00,8.436186600093481758e+00
8.906327084683804074e+00,5.728357166539630008e+00
4.952387511907722306e+00,8.868462046233478446e+00
6.469409525120612514e+00,7.663701964405113642e+00
9.983691571278059840e+00,4.872742318727413924e+00
9.500571153653234902e+00,5.256409648657189848e+00
4.804882075270135999e+00,8.985631948702641481e+00
3.675638324081018649e+00,9.882453869068189789e+00
6.031724560604148522e+00,8.011296449662911101e+00
6.713589793675843076e+00,7.469784283968740723e+00
3.744219290395149002e+00,9.827985203663514469e+00
6.271553940008585570e+00,7.820812394547813184e+00
7.542743724228134994e+00,6.811271468533989903e+00
7.284221960914615934e+00,7.016587015773521507e+00
8.107908384321790507e+00,6.362433640536838020e+00
9.024437778398127108e+00,5.634533692965512763e+00
5.498494028064387251e+00,8.434770230908670285e+00
7.284989128369275591e+00,7.015959611804339247e+00
3.550825671034884667e+00,9.981543956911187010e+00
6.215425558048989885e+00,7.865384496010996429e+00
5.588097190423617633e+00,8.363605615544496885e+00
7.717217762444462892e+00,6.672729008742997792e+00
9.867753159870664703e+00,4.964790855690569771e+00
9.155295597170614030e+00,5.530613504820176551e+00
5.160839736874778261e+00,8.702910297351351687e+00
8.775933138006580592e+00,5.831922061495268039e+00
6.419083464859379973e+00,7.703664923561870381e+00
4.619698598531992495e+00,9.132682663073943274e+00
5.922351110815561981e+00,8.098145920033772427e+00
8.486630416835811985e+00,6.061667664477402795e+00
8.833737737515990673e+00,5.786008238222260402e+00
9.314381930250290154e+00,5.404287133889280170e+00
9.548899548963346362e+00,5.218051682190655072e+00
9.939705565154742573e+00,4.907679505136317566e+00
3.631301203186754201e+00,9.917642751880128671e+00
8.068105229381519194e+00,6.394042964273093155e+00
5.604683503705388148e+00,8.350423090694508943e+00
4.232950464908070032e+00,9.439832642483775516e+00
9.166447646967437635e+00,5.521762861969366831e+00
6.183186315069536754e+00,7.890987875093994575e+00
5.673186273592371265e+00,8.296032717729055150e+00
6.030730883655481378e+00,8.012096890894092382e+00
5.559634458185446881e+00,8.386208402491980962e+00
5.183228342708247283e+00,8.685120450078366972e+00
5.043692231898777578e+00,8.795978538349023879e+00
8.342489118767982603e+00,6.176121330419078070e+00
5.791039837827526071e+00,8.202451597570258102e+00
6.715956450565016667e+00,7.467892917187644919e+00
4.108175235786368340e+00,9.538921960887524421e+00
4.988093402408956933e+00,8.840133254908646876e+00
8.003193636980682868e+00,6.445601512934900690e+00
5.385556330284066107e+00,8.524440789528176410e+00
7.170231729290781786e+00,7.107096957040061724e+00
8.414409920297590162e+00,6.119006563017720168e+00
8.430658999776682094e+00,6.106096284536159047e+00
5.686803688211218955e+00,8.285214211972379061e+00
8.072879281554023123e+00,6.390267701884316587e+00
4.521524968286565027e+00,9.210633560832395261e+00
9.932594568562503667e+00,4.913309619702060260e+00
8.255978546277614072e+00,6.244856886572772048e+00
4.984806374487762426e+00,8.842725246737913380e+00
5.528572048179317022e+00,8.410857672028766885e+00
6.697886208950077247e+00,7.482219277709254435e+00
8.649009079264107669e+00,5.932700201083756397e+00
6.621877619984205765e+00,7.542602049658554186e+00
8.705956876312058057e+00,5.887469435527211914e+00
8.212732843689503071e+00,6.279172538040864282e+00
7.003814020430889187e+00,7.239276837252473840e+00
7.072374802331411026e+00,7.184818938960162882e+00
7.583707402571951306e+00,6.778757680821302145e+00
5.583259569968832992e+00,8.367444908393817826e+00
9.190614415130283987e+00,5.502555576011665117e+00
6.457377771309795733e+00,7.673245501435955518e+00
9.791997035412142836e+00,5.024967805591235681e+00
8.188223003591849292e+00,6.298647504326389424e+00
9.278025295930705241e+00,5.433148742565795608e+00
4.809590570799270104e+00,8.981874998184700587e+00
5.124460679670050922e+00,8.731828133321707597e+00
5.471204605726962100e+00,8.456429668452962289e+00
5.325030342312395248e+00,8.572522975197591322e+00
9.064423008002155058e+00,5.602809531689326938e+00
7.271016754276738325e+00,7.027071037121642050e+00
6.554867046760691096e+00,7.595827389957755749e+00
9.738823921814976359e+00,5.067209945290052531e+00
4.169505552252785741e+00,9.490212726434076984e+00
4.425600640434573130e+00,9.286831876190150936e+00
7.459417291923142734e+00,6.877452263036986757e+00
5.090512255834527267e+00,8.758784880464121514e+00
6.597820489344121242e+00,7.561704741095700122e+00
7.909396903483585817e+00,6.520064804137790659e+00
6.599999416505688998e+00,7.559977420990021457e+00
8.040635828140406005e+00,6.415852451089675945e+00
8.341004241951216258e+00,6.177306003210804697e+00
7.628800404865861751e+00,6.742934779502927078e+00
3.605128893592442374e+00,9.938416906923803751e+00
7.559175707860305238e+00,6.798229641240971510e+00
6.841428312789017419e+00,7.368237981937525660e+00
3.683395760932187013e+00,9.876270322842721328e+00
4.802005979912308931e+00,8.987887550461239883e+00
6.393465244278313975e+00,7.724003035798776118e+00
5.706713584254210936e+00,8.269386828499541764e+00
5.676595224350332813e+00,8.293316109510573853e+00
9.865353466354488177e+00,4.966694644782442047e+00
4.670884904413873606e+00,9.092036168913644190e+00
7.917299335431691176e+00,6.513789909286017199e+00
4.250113307784070926e+00,9.426199604635161933e+00
4.878213696782563780e+00,8.927391285427264123e+00
5.103903991950767605e+00,8.748154448660086402e+00
4.282057173193893007e+00,9.400850706712216009e+00
6.307740199314800122e+00,7.792068645733782439e+00
9.108888997183942848e+00,5.567461898001488052e+00
7.743854738659766923e+00,6.651555935113136364e+00
7.844684578374936379e+00,6.571484825241616257e+00
6.861057272535523666e+00,7.352643934748958721e+00
6.349783965554841814e+00,7.758707575756393027e+00
8.209592674828961378e+00,6.281692593376224210e+00
3.723525022504571513e+00,9.844406436964044715e+00
6.826463180367542627e+00,7.380120872431354506e+00
4.784362175479946799e+00,9.001891116815157190e+00
6.216965671044425434e+00,7.864183125753697823e+00
6.583615081410565395e+00,7.572999322483664919e+00
6.506412804879227352e+00,7.634305889919035693e+00
5.300995679723159881e+00,8.591611522524871702e+00
4.424145918913573894e+00,9.287991157948100707e+00
6.499052497599222988e+00,7.640129445923750318e+00
6.995729082056704407e+00,7.245684882407756433e+00
9.857009602857848662e+00,4.973351827885553966e+00
6.296979715389646515e+00,7.800623681397000020e+00
9.815391816714541307e+00,5.006405354850955725e+00
9.719006027288811467e+00,5.082952964321325595e+00
9.557229448298954821e+00,5.211423070565251336e+00
6.554361764576215776e+00,7.596205146047042334e+00
4.357703912267568924e+00,9.340745402116020557e+00
8.400195556621685711e+00,6.130296558554520381e+00
4.311434480289980442e+00,9.377505745361954581e+00
5.151916326217678588e+00,8.710028238455752359e+00
6.733460420819792347e+00,7.453987213967375070e+00
5.326634703310871188e+00,8.571231866912977893e+00
5.412687119750676068e+00,8.502908947190418232e+00
6.202118308081564280e+00,7.875945176004367276e+00
5.054005412810980147e+00,8.787756482892540078e+00
3.628626952979541631e+00,9.919787146184246396e+00
7.125774713292685192e+00,7.142424411169709941e+00
8.833072781988226652e+00,5.786545646607927473e+00
5.857224648157991709e+00,8.149853522355542168e+00
8.719689805795303172e+00,5.876549233582123222e+00
4.402201770933127811e+00,9.305433825561914674e+00
9.822269653430051761e+00,5.000942515973805236e+00
8.770868990908006424e+00,5.835937792485322184e+00
6.394733756728326668e+00,7.723014833935782697e+00
7.703079795652131523e+00,6.683916931532459138e+00
6.143368307073755474e+00,7.922627506407762255e+00
5.324326662573996671e+00,8.573075919122070232e+00
6.064806894279536564e+00,7.984992088709969238e+00
8.855865163591380096e+00,5.768417853118087635e+00
6.569143628249959121e+00,7.584461426973819087e+00
4.616209738276856989e+00,9.135437354462499826e+00
5.785812084452746085e+00,8.206583676749742651e+00
9.886226668043002874e+00,4.950156924955890325e+00
5.984996978068565454e+00,8.048382814085888626e+00
8.909950960823527666e+00,5.725457034944043677e+00
7.609422173470308692e+00,6.758338599445333550e+00
7.626094508706319886e+00,6.745071049475193092e+00
4.002020626460156549e+00,9.623209541226662722e+00
8.126544439641621764e+00,6.347612355595225075e+00
5.928500166156662310e+00,8.093260700606341729e+00
6.791237663706045424e+00,7.408111533866604148e+00
7.740491999414997437e+00,6.654211748376562596e+00
4.315606936893899181e+00,9.374174495666496298e+00
5.235117363967868975e+00,8.643940180434313447e+00
8.135912963476590321e+00,6.340175746304711701e+00
7.817803934743409400e+00,6.592805795092206544e+00
7.327060611292042225e+00,6.982552286528963315e+00
4.670537425562184985e+00,9.092292633102728061e+00
5.551371739759250801e+00,8.392769675029237320e+00
5.762086007213803818e+00,8.225434666541140416e+00
5.081480050886407973e+00,8.765949221902937794e+00
4.275942063189287268e+00,9.405692163425499075e+00
3.783491835738284070e+00,9.796767127231346350e+00
4.964884969605680709e+00,8.858545444817741199e+00
9.571417500575300608e+00,5.200142575021851066e+00
7.819453183072319291e+00,6.591497690025899914e+00
4.467496541241165353e+00,9.253549480524300819e+00
8.931094304680737395e+00,5.708695696141837139e+00
8.172960600873906856e+00,6.310757334205551849e+00
7.014269838193593287e+00,7.230959784018827108e+00
8.332824286806237879e+00,6.183825184220363091e+00
6.989639287632695819e+00,7.250550843169103032e+00
6.825305494923044947e+00,7.381057126005432067e+00
8.279146742563684214e+00,6.226452838892129193e+00
4.822993586313695680e+00,8.971226663490861952e+00
9.076643566886581027e+00,5.593073174584959339e+00
4.346186499006809534e+00,9.349885063053177348e+00
3.598283853964701962e+00,9.943859265521773239e+00
9.525048165468335881e+00,5.236992518786419915e+00
7.233141009634167062e+00,7.057142826084133347e+00
8.478651413509490808e+00,6.067980407120343145e+00
7.033228636593908512e+00,7.215909556408331760e+00
7.760101670502308480e+00,6.638649920957939266e+00
3.832098154865196449e+00,9.758174923711717241e+00
9.399979434652546928e+00,5.336281946340153404e+00
9.748010013066229718e+00,5.059886717658354627e+00
6.311489325966756603e+00,7.789114669123370582e+00
5.910640060674063889e+00,8.107429455536470542e+00
3.988659161289362931e+00,9.633847121037442562e+00
6.317223018532796885e+00,7.784541735068213342e+00
7.387655294212877699e+00,6.934425089376935247e+00
4.300631763916983097e+00,9.386085373705869372e+00
9.033688759191011997e+00,5.627190397141494493e+00
8.328109055450408249e+00,6.187568517446483618e+00
7.847120404372084579e+00,6.569534773609746914e+00
7.797189196561488345e+00,6.609185792179891550e+00
7.548076284579206430e+00,6.807049728396828314e+00
9.768977373595509661e+00,5.043267578548585206e+00
5.358644145291053817e+00,8.545814760393756870e+00
7.741509268800337296e+00,6.653431049881343817e+00
4.840265024254414072e+00,8.957531391226071449e+00
4.996248232042882265e+00,8.833651696177380330e+00
4.962244199517033216e+00,8.860640608089283887e+00
6.314004376021873810e+00,7.787108278147506724e+00
9.186800560525794523e+00,5.505593507225515104e+00
6.960789832658647924e+00,7.273456971303034813e+00
9.686996997053002545e+00,5.108340182417037134e+00
3.667839819247252109e+00,9.888607135683063376e+00
6.716794277479015918e+00,7.467238175143715573e+00
8.539743506408550289e+00,6.019471792898513307e+00
7.009829621657591048e+00,7.234514849736502384e+00
7.671365608322631147e+00,6.709102372449756935e+00
5.716798328585737110e+00,8.261386931023906754e+00
9.472149179378499539e+00,5.278999805746473761e+00
3.890284250021318169e+00,9.711970659051580412e+00
7.784574481623824482e+00,6.619199391645815389e+00
4.088802033503541544e+00,9.554323866781885499e+00
5.161884920588748926e+00,8.702097839945853508e+00
6.708889532145272838e+00,7.473491259674268861e+00
8.095387585564040478e+00,6.372367722890674102e+00
8.052781339421386519e+00,6.406210903310468829e+00
8.734785047121651047e+00,5.864591648967020454e+00
5.513361483876271230e+00,8.422965028648398800e+00
8.016982959705591938e+00,6.434635058322742296e+00
6.983657121893731556e+00,7.255298341353666913e+00
5.519041743845362724e+00,8.418457445853436028e+00
8.031203725741001165e+00,6.423368472698441245e+00
4.163873138321367406e+00,9.494691636076947105e+00
4.613501167601308239e+00,9.137604825383826679e+00
6.808455746966857625e+00,7.394404262300284358e+00
5.102176690601599063e+00,8.749521695786832254e+00
4.891690257287871546e+00,8.916689073391292908e+00
8.185798065478198993e+00,6.300565986847479927e+00
4.682889642641973715e+00,9.082477675570860498e+00
4.945009118365673473e+00,8.874324254146531032e+00
3.515825900678065441e+00,1.000933062499058046e+01
5.327438827209582506e+00,8.570616420802522839e+00
9.519058455625399873e+00,5.241735181373846864e+00
5.238901221781370410e+00,8.640917126182058539e+00
5.803872639318525373e+00,8.192227686041174906e+00
5.332273064058670187e+00,8.566766126974817652e+00
6.176710474302648635e+00,7.896153141134558240e+00
9.543808563691323243e+00,5.222073596572426979e+00
5.681852948518097079e+00,8.289141110922329858e+00
4.165830568229422326e+00,9.493127610819954043e+00
7.337105719075220023e+00,6.974602278386279330e+00
7.228583458766003389e+00,7.060750092025961600e+00
7.931153937136837584e+00,6.502788683050752638e+00
4.609399415223576213e+00,9.140860973267828982e+00
5.029859140183082999e+00,8.806960253942669681e+00
5.638201230207043224e+00,8.323821905987475844e+00
6.477835766909870507e+00,7.656986064442506290e+00
8.938106222790283439e+00,5.703101152007361563e+00
5.351312467810197759e+00,8.551648293797814659e+00
6.586700462791004185e+00,7.570556811405377395e+00
7.150207321427400231e+00,7.123009923544595168e+00
5.043824348820788117e+00,8.795842124017706709e+00
4.469640648752104539e+00,9.251858899078868603e+00
6.644155416551029703e+00,7.524912877776436915e+00
7.192770932043215382e+00,7.089213906324072667e+00
6.784041538939202809e+00,7.413815802030505608e+00
7.445603619260934281e+00,6.888399347194194888e+00
8.122683665975834799e+00,6.350679765820995470e+00
9.852862043388270763e+00,4.976640818323761373e+00
9.165307602120950747e+00,5.522685178146137908e+00
8.774023388910418220e+00,5.833434438087677698e+00
9.827092853850512455e+00,4.997110574778101721e+00
5.139991254193980730e+00,8.719480248753205487e+00
8.145000184337508387e+00,6.332978814935374956e+00
6.897534258088466430e+00,7.323695764953826348e+00
5.568182634978349199e+00,8.379421497835949140e+00
6.308325838261632512e+00,7.791623000765717677e+00
9.396787168374041599e+00,5.338844255276322670e+00
4.481224755609545696e+00,9.242675816723210147e+00
4.526995089402239714e+00,9.206292460774998077e+00
5.105015859252270971e+00,8.747256456155396265e+00
9.736850463105696463e+00,5.068756699431935075e+00
5.758317792349089359e+00,8.228431029757214077e+00
3.541964622958010178e+00,9.988600274886927366e+00
8.031095614619399470e+00,6.423454830764980805e+00
7.951159793436133327e+00,6.486933406979146888e+00
3.901304821834663983e+00,9.703212507088329275e+00
6.790027725480038967e+00,7.409066493459385505e+00
6.021002596980737920e+00,8.019790563316522736e+00
6.247690936473377477e+00,7.839783960756152581e+00
8.192298382621274300e+00,6.295390293251458935e+00
5.251772174429814477e+00,8.630694755949349428e+00
9.006465707441952517e+00,5.648823060098697724e+00
5.156484496435970399e+00,8.706380502278520339e+00
4.766905130388722434e+00,9.015761832757663186e+00
9.968829500154583911e+00,4.884530703029192011e+00
6.068442023382530692e+00,7.982110990295793407e+00
5.904633783067281705e+00,8.112225696845070999e+00
7.190658662922573718e+00,7.090878715263884580e+00
9.451982155016469989e+00,5.294992905689048790e+00
8.988349242577983844e+00,5.663201830383974844e+00
6.540280326744477790e+00,7.607395398991968705e+00
9.163046623370135535e+00,5.524479752564142920e+00
5.966819136480694397e+00,8.062827814660343151e+00
6.672323328594572445e+00,7.502527506116205558e+00
6.594897679759285758e+00,7.564043723648610218e+00
4.243927166747206492e+00,9.431111169909147662e+00
6.474267730185997216e+00,7.659839223844795875e+00
4.248218628967462607e+00,9.427685782407682069e+00
3.805031968260192521e+00,9.779656214855194207e+00
4.954416056581257166e+00,8.866876436850448684e+00
4.651638685912823590e+00,9.107310039116342182e+00
3.713326641465525491e+00,9.852500030992640490e+00
4.369813870650022913e+00,9.331139483539962143e+00
4.348218986582055301e+00,9.348294279793952555e+00
7.456420841877411831e+00,6.879821856807224911e+00
4.649789136296858416e+00,9.108802190497884865e+00
9.207037833294089424e+00,5.489531527545973510e+00
9.469064024538898394e+00,5.281423494124862117e+00
5.052124772031029387e+00,8.789266485481794788e+00
7.408254458672146825e+00,6.918060275154673811e+00
4.015256261809417637e+00,9.612725165548040351e+00
8.888336111080288759e+00,5.742635262829889342e+00
5.887059248321774518e+00,8.126174362987823585e+00
6.893012070493789167e+00,7.327275661737214563e+00
7.082339084972831600e+00,7.176923918221012499e+00
4.025771217836306093e+00,9.604380164598438796e+00
8.414757582852635309e+00,6.118760795695982857e+00
6.615319834357554996e+00,7.547801097669790238e+00
9.032098882733599510e+00,5.628442840398784952e+00
6.316711720632406823e+00,7.784942056646149133e+00
7.923733318747071763e+00,6.508687031526442901e+00
5.042142680209551031e+00,8.797208271398448076e+00
9.154213104635868348e+00,5.531488273346411688e+00
6.449143748768301876e+00,7.679782408606383726e+00
8.734788550949224017e+00,5.864574510378287364e+00
6.419047069256327731e+00,7.703696423526840142e+00
5.895561657695271407e+00,8.119420472540399558e+00
6.702318563729149581e+00,7.478732763736957168e+00
5.826048086999815467e+00,8.174624873917895940e+00
6.683755258650526443e+00,7.493449553443078059e+00
6.573841104935450375e+00,7.580749236646601830e+00
8.166242738427136771e+00,6.316125257839573237e+00
9.529730533275598603e+00,5.233243549630350877e+00
7.634668274423184187e+00,6.738254084243161302e+00
6.855643293844227770e+00,7.356945739253962557e+00
6.735406049252672389e+00,7.452419844187010867e+00
8.502412941497906829e+00,6.049141918616590452e+00
9.846825972032766217e+00,4.981435960029319432e+00
7.231083958319004523e+00,7.058790280286631358e+00
9.712886610515109709e+00,5.087811808057378649e+00
6.427163373728054907e+00,7.697255561283456338e+00
6.999618716456582845e+00,7.242602961613517465e+00
5.248378288420171067e+00,8.633383779584091755e+00
3.718165960998252029e+00,9.848671223662920582e+00
9.360079345448177435e+00,5.367989178759620117e+00
4.825062422393871842e+00,8.969571997223546589e+00
7.361033799165896951e+00,6.955584915358402398e+00
4.453012148867969699e+00,9.265055575389602893e+00
7.453039368353209682e+00,6.882504529441233032e+00
4.932944409673841513e+00,8.883905273899930677e+00
4.448099171367335458e+00,9.268955733949916009e+00
8.889955065336708984e+00,5.741365102194710524e+00
6.735970803061849921e+00,7.451977641892778337e+00
4.058524376244831089e+00,9.578369471207720309e+00
4.987297613761250581e+00,8.840735051016460844e+00
9.340684698256481511e+00,5.383407313437188257e+00
8.844574778622812161e+00,5.777377486987504085e+00
3.641593912101329433e+00,9.909462664261594611e+00
8.189271985622657013e+00,6.297822404834880317e+00
4.800226314903950353e+00,8.989316308413837220e+00
3.938426805140407438e+00,9.673728634633068424e+00
3.748515625994259359e+00,9.824574776660643494e+00
8.939865407867912950e+00,5.701719942856804835e+00
4.331094929242013336e+00,9.361872533108382299e+00
8.450400473499778187e+00,6.090418329363672889e+00
9.772970617770582180e+00,5.040099838751404882e+00
7.898660452954445077e+00,6.528614359700811498e+00
9.719181921552181080e+00,5.082808472801548128e+00
9.749181701394739719e+00,5.058986984873891757e+00
8.513692680294902004e+00,6.040177306775921906e+00
6.296305574037145192e+00,7.801157231790709190e+00
4.867724351447559883e+00,8.935696186398528695e+00
5.436162830896892117e+00,8.484260803522664318e+00
7.343979397497902184e+00,6.969116850548334519e+00
9.383860184602944798e+00,5.349094689852786466e+00
8.259886219604045010e+00,6.241717512099207887e+00
9.635731457223529972e+00,5.149068557959399328e+00
8.859194507023651965e+00,5.765794424105770588e+00
7.105132373702221393e+00,7.158829672407924782e+00
6.418415744740700646e+00,7.704175733655387326e+00
4.670691065874906123e+00,9.092199626100676113e+00
6.954854074256113350e+00,7.278140357312397057e+00
9.644871348610214667e+00,5.141799613981867800e+00
5.866690456682296606e+00,8.142369228292714922e+00
3.926943360652689563e+00,9.682863025730201301e+00
4.424108408917811985e+00,9.288011283268488683e+00
7.492216409659400611e+00,6.851383979783634004e+00
3.619959791760120726e+00,9.926661234103578479e+00
8.807102567673908311e+00,5.807151315506509093e+00
4.726364591552798089e+00,9.047987000982256944e+00
4.430787280385892757e+00,9.282697135920944476e+00
8.995593693702215177e+00,5.657459722787359979e+00
8.091605270889441925e+00,6.375365219856770516e+00
6.616180152765561040e+00,7.547125925629304177e+00
9.886911928059172183e+00,4.949596280111605573e+00
8.166631476416942093e+00,6.315813148578666159e+00
4.088533145698490578e+00,9.554537935095499535e+00
5.347121482537485981e+00,8.554979225270098908e+00
7.059288575704424140e+00,7.195205490525516723e+00
7.582539388429937688e+00,6.779667024654192353e+00
9.657959501991317808e+00,5.131408436832633591e+00
6.881998847906142913e+00,7.336014067302333963e+00
3.663575473984884923e+00,9.892003153732249032e+00
5.843524546081331650e+00,8.160763801188812394e+00
4.527617470554587520e+00,9.205794101985192768e+00
4.030517536410368251e+00,9.600579730745907980e+00
4.608912985145635410e+00,9.141269127088198942e+00
9.663668169577276146e+00,5.126883785719849485e+00
8.842878716474352530e+00,5.778725232156506131e+00
6.828018874880240396e+00,7.378892935798414321e+00
9.183414710438917439e+00,5.508303753119329293e+00
9.390274808549470720e+00,5.343999417840066712e+00
4.396647010684128887e+00,9.309813873402717377e+00
9.481482020883005291e+00,5.271557237981008726e+00
8.041421150277706431e+00,6.415233007328243531e+00
8.355583201752930123e+00,6.165736082317085476e+00
9.301777347947494334e+00,5.414300648064795496e+00
3.928089090487414392e+00,9.681960505360182268e+00
9.056595805424455747e+00,5.609024286988914199e+00
4.360073409607164052e+00,9.338868146911822876e+00
6.958035426065144691e+00,7.275632536015648633e+00
5.431510510579765416e+00,8.487974364707444153e+00
5.554901790124619154e+00,8.389950276836451337e+00
9.512778507639977121e+00,5.246724957666392797e+00
9.661718671151698246e+00,5.128431385481836635e+00
9.886120116774680611e+00,4.950231511502501291e+00
7.091226552712252662e+00,7.169861320556455198e+00
3.956570607289596087e+00,9.659339934635093883e+00
8.221745598190366877e+00,6.272024182106480161e+00
7.135301768151041557e+00,7.134867995177140543e+00
8.791690233458055559e+00,5.819376791797303383e+00
6.769460119817966692e+00,7.425399413960958483e+00
6.456459122486517543e+00,7.673982975129259643e+00
6.728495187806863953e+00,7.457915629719476414e+00
5.799708480563122492e+00,8.195527637162509649e+00
9.139258558994134418e+00,5.543358449451771364e+00
8.139623122146355527e+00,6.337262297164449443e+00
6.891877393585220446e+00,7.328163979817188256e+00
4.879539318246358448e+00,8.926340712284700274e+00
9.133580977148014313e+00,5.547870490221850304e+00
7.106473437028393292e+00,7.157760698250717368e+00
6.047293149174146620e+00,7.998901379418128066e+00
3.614603475518778364e+00,9.930923020264435408e+00
6.750317553281529825e+00,7.440581396208692411e+00
7.352355390200970398e+00,6.962461353899782601e+00
9.939895883853028025e+00,4.907530714880800282e+00
6.293220879560736947e+00,7.803596136583559328e+00
7.864804801391406031e+00,6.555496055788321286e+00
5.450403120044002847e+00,8.472957188411879059e+00
6.863987229059425488e+00,7.350316124750866820e+00
6.426563784514797817e+00,7.697709193844189279e+00
5.585118668802412145e+00,8.365963320420389593e+00
4.530948686470098963e+00,9.203155949409943304e+00
6.367582865535730718e+00,7.744567045724505938e+00
4.081269909228120163e+00,9.560283889270786872e+00
8.560079496491761475e+00,6.003344549630431182e+00
6.118233945299770937e+00,7.942596638431715483e+00
3.559768965563118837e+00,9.974436813764794962e+00
8.571565330399167237e+00,5.994193028445905291e+00
6.769872149879750722e+00,7.425077914099627918e+00
8.382146711875268608e+00,6.144632095262276827e+00
6.117178276854224883e+00,7.943402187711011919e+00
6.380587718913146134e+00,7.734214694234071708e+00
8.451982139302700148e+00,6.089171979923597711e+00
9.138172589248620525e+00,5.544202503720956798e+00
9.194754841317323013e+00,5.499266895080849871e+00
4.860264408041965467e+00,8.941632468260801048e+00
8.980202384590505460e+00,5.669685606861855298e+00
7.020074398691455997e+00,7.226379057750595969e+00
5.075811022150896967e+00,8.770465438291131122e+00
8.222121718943050439e+00,6.271734053822636490e+00
8.799223712506607953e+00,5.813418594279408325e+00
9.795812598407612981e+00,5.021951579630463236e+00
9.554558545349001619e+00,5.213536535748024114e+00
5.834565697847436283e+00,8.167847903831969347e+00
5.776050702607638421e+00,8.214343343436183886e+00
3.803289986288592939e+00,9.781034119235652469e+00
5.544380151994332095e+00,8.398307139269029165e+00
3.770670006704676780e+00,9.806942474652029063e+00
6.706398599143918560e+00,7.475474904592105396e+00
