1.906782677737655085e-01,8.093218011685989755e-01
2.234865409278648241e-01,7.765136379381269993e-01
4.884274309252055191e-01,5.115722840295211515e-01
5.851912071114762082e-01,4.148090791532456079e-01
3.380985372015627433e-01,6.619010768896941288e-01
1.193210373941630681e-01,8.806794034006150129e-01
6.246691712499845561e-01,3.753313173329952401e-01
4.621468566070973116e-01,5.378536563653182334e-01
5.139327706436089827e-01,4.860667111104065019e-01
1.810773382336051396e-01,8.189220455333130477e-01
5.272839210315015679e-01,4.727167452088600341e-01
2.880313792297121145e-01,7.119679098732319966e-01
1.808101451335363263e-01,8.191891405111808577e-01
4.455749171878840009e-01,5.544258464123800190e-01
2.549407149615346979e-01,7.450600855182166748e-01
4.880147869600320876e-02,9.511993243659998543e-01
4.820238276766003471e-01,5.179753000632852933e-01
3.159259743898676920e-01,6.840729023764877681e-01
5.504163197241245253e-01,4.495824539489025606e-01
9.145014575881052488e-02,9.085512469318546280e-01
6.786382179502642442e-02,9.321376410501793774e-01
3.028299455787147876e-01,6.971715289926218029e-01
2.277759942950494387e-01,7.722224956443418664e-01
2.939407349314352436e-01,7.060610644072645714e-01
6.180422641242736548e-01,3.819558994155464182e-01
3.821875976774823935e-01,6.178104764793931336e-01
2.405499822263473531e-01,7.594480453853665880e-01
4.864109378750273716e-01,5.135910824127525309e-01
5.090148894069949081e-01,4.909872805624537762e-01
5.828272113728039105e-01,4.171751554868008971e-01
3.316289036044388072e-01,6.683735814288562782e-01
6.246254530361275981e-01,3.753719548774528958e-01
6.160109196089027517e-01,3.839917353903443131e-01
4.596916804120865230e-01,5.403110716135116620e-01
8.345890241991818503e-02,9.165383078465073607e-01
5.772274626373472550e-01,4.227696504766980667e-01
4.684154995334830623e-02,9.531554349629890455e-01
3.121367505707307033e-01,6.878663184982068968e-01
1.697652842202450676e-02,9.830203638642579511e-01
4.858506168080152232e-01,5.141461583122814982e-01
5.312214226518658933e-01,4.687818542958722690e-01
6.568721574175245825e-01,3.431245392566777963e-01
1.534009902253369861e-01,8.466023609363015900e-01
2.194822686921455990e-01,7.805141887962832037e-01
3.289515253837216879e-01,6.710522271196776023e-01
2.007997235285504112e-01,7.991964776253512870e-01
3.904550779455725484e-01,6.095410821771694021e-01
2.672415524206114279e-01,7.327544107310491883e-01
3.169609555349281460e-01,6.830349316666738391e-01
1.737945572533435290e-01,8.262012958367138671e-01
4.708175952209130988e-01,5.291865725007489640e-01
3.321391921543436765e-01,6.678566216997707805e-01
3.220160995362258971e-01,6.779882216585786381e-01
6.664416971214406349e-01,3.335628552104848432e-01
6.509655648081253965e-01,3.490298115451986316e-01
4.848368443210560597e-01,5.151677838829940015e-01
5.360899704439058278e-01,4.639050579664195650e-01
2.191860087492538967e-01,7.808191129470929415e-01
2.795171190814766948e-01,7.204880919727543187e-01
5.577815223544495549e-01,4.422237385894945971e-01
5.867493849869612754e-01,4.132453209684937567e-01
1.216214680917309804e-01,8.783839118913796540e-01
3.589322205821399159e-01,6.410623565403862356e-01
4.817200919394771796e-01,5.182744763711072400e-01
1.765977403278637670e-01,8.233967837382629718e-01
5.445840036724514110e-01,4.554105011464820163e-01
6.327507993840333911e-02,9.367304295672513881e-01
6.151271100411301873e-01,3.848783997204525131e-01
2.527884103972126706e-01,7.472060727054340434e-01
6.634540090176890281e-01,3.365403781365730596e-01
3.913471746043229449e-01,6.086471583723547241e-01
4.972323395069171842e-02,9.502824506224781809e-01
3.853955206642235565e-01,6.145987076331259624e-01
4.193344592910892010e-01,5.806596883815475785e-01
5.339994230995760427e-01,4.659946678821951238e-01
1.354917941263077130e-01,8.645141982535973213e-01
6.526990531126553030e-01,3.473070927972660704e-01
1.735871015775561702e-02,9.826351086619904418e-01
2.349620882949653156e-02,9.765101147655620428e-01
5.832133107669510430e-01,4.167931429032606383e-01
3.039082017702610661e-01,6.960983059974057419e-01
9.330447838663290250e-02,9.067022540431975974e-01
9.542818742893410811e-02,9.045649689259771531e-01
6.516665248921786890e-01,3.483403438855176004e-01
2.513881165722771649e-01,7.486188365835801939e-01
6.528486183060001613e-01,3.471443545569630196e-01
1.883125389482292744e-01,8.116944903089405861e-01
2.110151130735383185e-01,7.889777704176901274e-01
5.848980644606345258e-01,4.150945677806402445e-01
4.682292884796336874e-01,5.317781741933484962e-01
4.662475036937265838e-01,5.337450328233407371e-01
2.976766947057790103e-01,7.023307738539795730e-01
3.838990126916654311e-01,6.160934764956518261e-01
2.596003933963318966e-01,7.403920709409260725e-01
2.614245158909903610e-01,7.385679396414991382e-01
5.437068451980724415e-01,4.563007904003204551e-01
3.760034879999639701e-01,6.239887882749941550e-01
6.029497705040267608e-01,3.970579629574532143e-01
3.880514162063912198e-01,6.119567748744101365e-01
2.791295114425869639e-01,7.208622730510299004e-01
6.190796712384090128e-01,3.809286936232894050e-01
5.219024890113401760e-01,4.780890062136259888e-01
5.992691529756961621e-01,4.007222994947672867e-01
2.905834604400434618e-01,7.094252261286654315e-01
4.277874408732956213e-01,5.722037014104423003e-01
3.955428092787220407e-01,6.044482088547152854e-01
2.163849608094499111e-01,7.836240749247529447e-01
5.158174147276790578e-01,4.841917369904611412e-01
3.421674579824266482e-01,6.578233433530068508e-01
2.356444049831271648e-01,7.643462244067472655e-01
1.579690887666185539e-01,8.420214724082345503e-01
1.898349341062523510e-01,8.101745210375376205e-01
2.395631654432968383e-01,7.604462925891021241e-01
1.261720701249522125e-01,8.738373988756952260e-01
3.483467262553011090e-01,6.516627524702179874e-01
1.813928919754544955e-01,8.185975871648897284e-01
4.457591514803817545e-01,5.542503796282380879e-01
2.088515293326556888e-01,7.911386263884828685e-01
5.582471567820614933e-01,4.417627061054049120e-01
9.802286747392881250e-02,9.019871053167356489e-01
5.720363532611525414e-01,4.279536190339070512e-01
2.342270583997320688e-01,7.657628821948341269e-01
1.519178999197913216e-01,8.480922181633910872e-01
6.274873847347786082e-01,3.725228892572950978e-01
5.494117889263440135e-01,4.505985666618848029e-01
3.695403233420123112e-01,6.304700854991645009e-01
8.394739594968397833e-02,9.160631128144683943e-01
9.197228820040258268e-02,9.080383185294319537e-01
5.677578874113359264e-01,4.322314793870983829e-01
4.636305295087955192e-01,5.363586775815253338e-01
5.229716991447819208e-01,4.770174444627059973e-01
4.130335368700752130e-01,5.869555913293688088e-01
4.138915290468659358e-01,5.860975917251081135e-01
1.757295251808329295e-01,8.242814932622456459e-01
1.100148401859441932e-01,8.899963783920694649e-01
3.022458199190587447e-01,6.977426831684354624e-01
2.715077960710842730e-01,7.285037306087530640e-01
3.697101158687661759e-01,6.302783513269678561e-01
4.804947112735609149e-01,5.195168967956343975e-01
1.205184918378277709e-01,8.794931555782810051e-01
2.639473072035131845e-02,9.735936184495536105e-01
4.870723830943192723e-01,5.129393251541165544e-01
5.586802009014449899e-01,4.413079578504496281e-01
4.857969568295397722e-01,5.141911872127119532e-01
3.296667465577630129e-01,6.703451359454689618e-01
6.364503902349279985e-01,3.635615978191641950e-01
5.810785231294353093e-01,4.189094844330464862e-01
4.358330465134305914e-02,9.564046999109671043e-01
4.284035582233109429e-01,5.716084382636523742e-01
9.321098640311149819e-02,9.068013186985796059e-01
6.051273545901860729e-01,3.948849756445869108e-01
4.459598453168260312e-01,5.540526346180423278e-01
5.654390226775267703e-01,4.345484402326204032e-01
5.261207765325537355e-01,4.738918156945482463e-01
2.133222108085685020e-01,7.866651878132026043e-01
5.172723346027616742e-01,4.827403404942497978e-01
6.195608614639214196e-01,3.804519450758453991e-01
4.848977923734947293e-01,5.150892205976532745e-01
3.181449283090214686e-01,6.818419389821184229e-01
3.482715055669416415e-01,6.517153487183211524e-01
3.257044750269961209e-01,6.743087546333116356e-01
6.453465247803237270e-01,3.546668625391195540e-01
1.866564122505024459e-01,8.133569784697944893e-01
3.548457499607007293e-01,6.451676537170542014e-01
4.119668651592585107e-01,5.880195542118348273e-01
3.612609316791710046e-01,6.387252942375796216e-01
6.356628710716654140e-01,3.643509069100193121e-01
4.839356884333095854e-01,5.160505303507574304e-01
4.268168373929102088e-01,5.731690584486505147e-01
3.309173270747648443e-01,6.690967834051657626e-01
4.422578443184426167e-01,5.577280286255896780e-01
4.839505342825700662e-01,5.160351905302208442e-01
2.806269537042417883e-01,7.193587066918016859e-01
1.862114540874624524e-01,8.138032010661934157e-01
2.859571629638199552e-01,7.140575557096499049e-01
1.092136429412371296e-01,8.908012673638209256e-01
7.033571984732538140e-02,9.296493520325785909e-01
3.675843693506427590e-01,6.324006286549710421e-01
4.808053703683052293e-01,5.191794888809373454e-01
3.110627728467179609e-01,6.889525164949505953e-01
2.837718828207794752e-01,7.162128010261163968e-01
6.127223977880279573e-03,9.938573664405452313e-01
8.225157265344800253e-03,9.917902982552083690e-01
8.395741075365946438e-02,9.160582642092544026e-01
5.096391334966861031e-01,4.903765447209341710e-01
2.777426565003336956e-01,7.222415527536977242e-01
5.468393799504799035e-02,9.453002619668106066e-01
3.720110252723197175e-01,6.279731543246857006e-01
5.072903539820389218e-01,4.927255058619945394e-01
3.768490246602403115e-02,9.623311339732310010e-01
1.006254174760252834e-01,8.993906290120279312e-01
3.050909159946945115e-01,6.948929884525171241e-01
1.461945767889802003e-02,9.853966491319254839e-01
6.649538707180872033e-01,3.350622430506637328e-01
9.521877602454467682e-02,9.047650898728382129e-01
2.822772620864964499e-01,7.177393811946163327e-01
3.186597978985875601e-01,6.813235271693983686e-01
6.574496061243738643e-01,3.425336595388026040e-01
5.201867450024075801e-01,4.797965129865724987e-01
3.072714127378359250e-01,6.927115195681377013e-01
3.233269901464230767e-02,9.676501162665410716e-01
3.765978449853839560e-01,6.234194711103978603e-01
4.239111894709908235e-01,5.761063080012632787e-01
3.620803651341393259e-01,6.379371595132294903e-01
3.690755749475677638e-01,6.309067144166510266e-01
6.084920522696113387e-01,3.914902185273185786e-01
3.252650127200408248e-01,6.747172040239781676e-01
5.716197664587880922e-01,4.283980546793352828e-01
4.067006759971737440e-01,5.933172524894526623e-01
3.397980046889972350e-01,6.602199807143027677e-01
4.918640849322882813e-01,5.081540513290853101e-01
1.269789665178872387e-02,9.873203372554288926e-01
1.900021977445408017e-01,8.100161187671910401e-01
5.908931006475154346e-01,4.091253317216301255e-01
1.819018211916076933e-01,8.180797406066048216e-01
2.809371812065747376e-01,7.190813024414715038e-01
4.052624666859509506e-01,5.947560913603491262e-01
4.959361802147640996e-01,5.040824277655042707e-01
2.776673618218162276e-01,7.223513309629178147e-01
5.891163026643341238e-01,4.109025377975283333e-01
2.811996468786424064e-01,7.188192048330334094e-01
5.583820206365346372e-01,4.415990325228841828e-01
3.057606974447529824e-01,6.942583525826961921e-01
2.857867770477462988e-01,7.141941495160220033e-01
6.089714625853017704e-01,3.910476492393000769e-01
2.883066226102906637e-01,7.117125047205379307e-01
2.947641691681112674e-01,7.052552187333412936e-01
7.993649904199517930e-02,9.200441067243652071e-01
4.717794416000433144e-01,5.282400551517741905e-01
3.928139964671318318e-01,6.072055388756539829e-01
9.057722160694434144e-02,9.094032407354603054e-01
5.059925700648627567e-01,4.940270934986229490e-01
1.142113368581695321e-01,8.858083444360275172e-01
5.425698041917006997e-02,9.457627696075386892e-01
2.808610158527669043e-01,7.191587439836731876e-01
6.057617877404601892e-01,3.942580315868609020e-01
4.705183984113842088e-01,5.295015957104672877e-01
1.925321652402365025e-01,8.074878722151030974e-01
4.176656392549347729e-01,5.823141848237036733e-01
3.175370701213358071e-01,6.824831067604629764e-01
6.559133161347684149e-02,9.344290267325048305e-01
2.663904692971624799e-01,7.335891009376011018e-01
3.471780833832052715e-01,6.528014812396373268e-01
2.226025243838580248e-01,7.773769041424858361e-01
4.637009647299216719e-01,5.362782925546613066e-01
5.716799889630742593e-01,4.282992292438072002e-01
7.290067208392020381e-02,9.270785189589946240e-01
4.815861623738779129e-01,5.183930260093072562e-01
3.878929982178102587e-01,6.120861871432607959e-01
3.869138344096229587e-01,6.131070094405052240e-01
6.497125473816663943e-01,3.502664259442209715e-01
3.093062629851858758e-01,6.906726985272252373e-01
5.130690148717871601e-02,9.486720040661325015e-01
4.098742957370888895e-01,5.901044155989210171e-01
8.242921584184449701e-02,9.175494442043641286e-01
2.379992299673118483e-01,7.619794066709713043e-01
6.239845020150579513e-01,3.759940856147322985e-01
5.110475449449641827e-01,4.889307249949345624e-01
2.982105985469980514e-01,7.017676579571044959e-01
5.196273667018012077e-01,4.803944000139229176e-01
1.262636638941402184e-02,9.873517189576079822e-01
2.405386900762669089e-01,7.594393933010371578e-01
4.214086150147730581e-01,5.786133060281413165e-01
5.524924960370668492e-01,4.475294533435039690e-01
3.836215205002910245e-01,6.163563195874980361e-01
7.803693121672566901e-02,9.219407399784428359e-01
2.647899202560159426e-01,7.351876262579640775e-01
1.394650388917730369e-02,9.860759850612038635e-01
2.615022013566639658e-01,7.384752340956101113e-01
2.829184067180468554e-01,7.171042605607020892e-01
6.337470169885911497e-01,3.662757044038437160e-01
4.238593635004141852e-02,9.575911387118600793e-01
2.226278310331390176e-01,7.773951609211134928e-01
4.170832666907073327e-01,5.829397380207816948e-01
6.024865944967366937e-01,3.975364142480471985e-01
1.515046267305886207e-02,9.848264670620725525e-01
4.638408074105112022e-01,5.361360813238522649e-01
3.368895936400028157e-01,6.630871024529295665e-01
3.590704024683345486e-01,6.409529407894621889e-01
7.094039945109516243e-02,9.290831024102470526e-01
9.450007348407134244e-02,9.055234340902161838e-01
1.219740831102242573e-01,8.780020728427010424e-01
2.175983038175128836e-01,7.824255617600410773e-01
6.520870316499813857e-01,3.478890974791219448e-01
4.260029070889712055e-01,5.739732076808378158e-01
5.606821405837645322e-01,4.393418372862905596e-01
4.813488191325091536e-01,5.186751778296820881e-01
2.701526884713058019e-01,7.298233098223234627e-01
7.533769892713892968e-02,9.246863092861870026e-01
5.431146017194909970e-01,4.569095108298338870e-01
9.869079797246413377e-02,9.013333158842018467e-01
5.356191166804118442e-01,4.644050859964312106e-01
3.620600621736822511e-01,6.379641625606665700e-01
5.072972393235667399e-01,4.927269854479055522e-01
6.067881374592696275e-01,3.931875920573302263e-01
6.593998460375198878e-01,3.406245464082229280e-01
1.964885800696864471e-01,8.034868536697201691e-01
5.271112318043402745e-02,9.472641975411043580e-01
3.725889126859727174e-02,9.627164189769159552e-01
6.003677560702692650e-01,3.996569680619626586e-01
5.133294164712735030e-01,4.866953227755314026e-01
3.373695881809262581e-02,9.662878293739906033e-01
3.653009860680301868e-01,6.347238396852297182e-01
5.504713067270690097e-01,4.495535724201739636e-01
6.622175018338394281e-01,3.377575482962728581e-01
5.012782302376009858e-01,4.986967871330587609e-01
6.435513578354522535e-01,3.564736601915604042e-01
1.855586548135809422e-01,8.144161824822852003e-01
8.294108511528723582e-02,9.170336531150198311e-01
4.947232269084780865e-01,5.053020823009853890e-01
1.259857670241715938e-02,9.873760230984952591e-01
6.218478629118995293e-01,3.781775470556391627e-01
5.690999014605506723e-01,4.308745279235010051e-01
8.450902096714434097e-02,9.154652631283898279e-01
3.923728925519249788e-01,6.076528510083442081e-01
2.306821117846450386e-01,7.693437155860521903e-01
2.566015462977276895e-01,7.434243200836385679e-01
3.808276049587684398e-01,6.191464938324952039e-01
5.154992298449211363e-01,4.844748048882528968e-01
4.171126142801464542e-01,5.828613275996600285e-01
2.222692565284526967e-01,7.777046189496793493e-01
2.396497145365488607e-02,9.760612173762717170e-01
2.508422774009508305e-01,7.491839995517870499e-01
6.207756619227428052e-02,9.379487217989922465e-01
2.882796528694085425e-01,7.117468379508929965e-01
4.128760729427483761e-02,9.586857636227866797e-01
4.791669376978719974e-01,5.208597042370589625e-01
3.303633292158946744e-01,6.696100110736571409e-01
1.085185951619995759e-01,8.915082420310580513e-01
1.214047346724497350e-01,8.786221162370991822e-01
2.279693708882659375e-01,7.720037514006712343e-01
5.165495320851634098e-01,4.834773690634459609e-01
2.431872162534157444e-01,7.568397650317170156e-01
3.362813749185272205e-01,6.637457838082807537e-01
2.149188878271185432e-01,7.850538428596988139e-01
3.857641539478432607e-02,9.613961714382136536e-01
1.178272116483461418e-01,8.822002689520461738e-01
4.547283331064851386e-01,5.452991677257301717e-01
5.216499101787077514e-02,9.478625932618996996e-01
3.989556705837796757e-01,6.010721469471952405e-01
5.776597517223335254e-01,4.223681331479340328e-01
3.980975712511940490e-01,6.019304169036412411e-01
1.660250976067115247e-01,8.340029285289209948e-01
2.330710758019765572e-01,7.669008265380203859e-01
5.422206982088614291e-01,4.578076002578069237e-01
4.569111679628097278e-01,5.431171488405565073e-01
3.322197564709795659e-01,6.677517500157790220e-01
4.142196844183760329e-01,5.857516999168490557e-01
5.983846032153949945e-01,4.016440666081613209e-01
3.764154528291887569e-01,6.236132635521518530e-01
4.428031987838518813e-01,5.571680427311620498e-01
4.972669605037876583e-01,5.027618178011067362e-01
6.768968646975563608e-02,9.322814645842993908e-01
5.064124767037195274e-02,9.493298159102712130e-01
1.312593471123578437e-01,8.687116066605021780e-01
2.649952666962457348e-01,7.349756811747238938e-01
4.866037831217995269e-01,5.134252978221545138e-01
1.937678328904994529e-01,8.062612677597527089e-01
4.735404136902279237e-01,5.264887411433211151e-01
5.219776818602879231e-01,4.779931582423848635e-01
1.931463540292292780e-01,8.068244421606683980e-01
4.723512597003025060e-01,5.276194742406593585e-01
5.025281526460040338e-02,9.497765071778815349e-01
3.786904409385529607e-02,9.621016233931652950e-01
2.500021933266965979e-01,7.500272547035699011e-01
4.706633757250933137e-02,9.529633214986172884e-01
4.700310623492665596e-01,5.299986259634035246e-01
5.117593141248742705e-02,9.487943636892457455e-01
5.940331279951924781e-01,4.059966157782438079e-01
1.415848293664226029e-02,9.858114754006614966e-01
6.630855144800741341e-01,3.368844306483572137e-01
4.804918802641899300e-01,5.195381918348485062e-01
4.995597715006882544e-01,5.004703920118456217e-01
1.998141274014011981e-01,8.002160893960880150e-01
2.023248019627687244e-01,7.977054824756956153e-01
5.949803796213842810e-01,4.050500113020575332e-01
3.534256162005929847e-01,6.466048622775683041e-01
6.196118036473370339e-01,3.803577143437925634e-01
5.521740517304672968e-01,4.477954043296537012e-01
3.120696607952581636e-01,6.879610123930567367e-01
4.490544495132116690e-03,9.955401966072244813e-01
4.564613223898167926e-01,5.435078879743127089e-01
6.940244556685866428e-02,9.305664535303262985e-01
1.660816491774764758e-01,8.339495151063657241e-01
3.400563457723975169e-01,6.599123690829511446e-01
4.067908036020941309e-01,5.932405510765705881e-01
2.231736210532170583e-01,7.767949279152146502e-01
1.414109255478111782e-01,8.585575531666416182e-01
2.617611593514126422e-01,7.382704029507408672e-01
5.063357274254708384e-01,4.936323679969494282e-01
3.787565746715557818e-02,9.621562595440747989e-01
1.406523319319139820e-01,8.593157400989095418e-01
6.199977942481212922e-01,3.800341375403642474e-01
6.670823261624025946e-01,3.328857014282545213e-01
2.650362640614171150e-01,7.349958528101681043e-01
1.349171501660669480e-02,9.865404210606838475e-01
4.523447731782863079e-01,5.476229314251359614e-01
1.190602180868533810e-01,8.809721324061940972e-01
2.233812157290714362e-01,7.765863541921205204e-01
2.100541778170445795e-01,7.899783139948749477e-01
2.939298383367228151e-01,7.061027805215432940e-01
4.994558489690710534e-02,9.500217650576268102e-01
3.756409938354642875e-01,6.243262369573345794e-01
6.513185122460154464e-01,3.486486935271221332e-01
2.545872377514099005e-01,7.454458183632736157e-01
5.886903772277984892e-01,4.113426948325785149e-01
3.234416966175427399e-01,6.765914310593309500e-01
5.665864474380557514e-01,4.333802624637932421e-01
6.513934395112330744e-01,3.485730728641860399e-01
5.364914492426872128e-01,4.634750430816036437e-01
5.184212237051403216e-01,4.815452260813052332e-01
3.412245800855377015e-02,9.659112286971984762e-01
1.953201475570387757e-01,8.047136415774940321e-01
4.080568703346054704e-01,5.919091640251401554e-01
2.789279936307733077e-01,7.211059823548652270e-01
3.904564541415840306e-01,6.095775720060536695e-01
4.965986599874491758e-01,5.033672557536603698e-01
3.526754091269015956e-01,6.472904924432372198e-01
3.581597289843535536e-01,6.418061531289783739e-01
4.059100047299509240e-01,5.941241326542844314e-01
4.514878831838283202e-01,5.485464652817252373e-01
2.355078866922405423e-01,7.644577269665595587e-01
5.933617235027437431e-01,4.066726791287501031e-01
1.899837119172388678e-02,9.810360481340849592e-01
2.167177021630031231e-01,7.833169336344307787e-01
3.106868118164212156e-01,6.893478705953138830e-01
5.111520198448121777e-02,9.488500022875331341e-01
2.769978905629364996e-01,7.230369778051916052e-01
3.078993184879927902e-01,6.920657769560154549e-01
8.762050407453120249e-02,9.124145120508089235e-01
6.115877438829674384e-01,3.884472993791504569e-01
1.292666036950893549e-01,8.707686315286310430e-01
2.748453294760683785e-01,7.251194255175449355e-01
5.469951285981905498e-01,4.529696045809429306e-01
2.371843001379852767e-01,7.627804277620920947e-01
4.939162936047452046e-01,5.061189966184800326e-01
5.079528095376039526e-02,9.492401607731385527e-01
5.869950487020076935e-01,4.129694979646740260e-01
1.548335528179587903e-02,9.845521547094490122e-01
6.280807498527209154e-02,9.371563022241111707e-01
1.689746821198825077e-01,8.310610449402437983e-01
5.404160370790205281e-01,4.595482271757693749e-01
4.759415814193874300e-02,9.524417715861873690e-01
1.462187822303456786e-01,8.537451320724294135e-01
5.547830164940411452e-02,9.445577884168854244e-01
2.759619567978450205e-01,7.240741337372984532e-01
1.333985858865266994e-01,8.665652796799517832e-01
3.143653544569992575e-01,6.856708173420887897e-01
1.719562831890258103e-01,8.280799862974989045e-01
6.670691568691664020e-02,9.332568138953492021e-01
5.159457401600060500e-01,4.840178952354862174e-01
1.515361745353068224e-01,8.485005155292829615e-01
3.985151217610953256e-01,6.015216845367923337e-01
3.748054563121955979e-02,9.625563302604911442e-01
4.761830286658779721e-01,5.238540019531280345e-01
5.972016262698116584e-01,4.027613353603592405e-01
2.423398048568330965e-01,7.576231156270143430e-01
4.280603932379050125e-01,5.719024933442469205e-01
1.424452721042427511e-02,9.857183155883101344e-01
3.159878318927638596e-01,6.840494656936213502e-01
1.697755114156069833e-01,8.302619021722698056e-01
1.322827273714283491e-01,8.676798157025243929e-01
1.140215416404434107e-01,8.860160414980845500e-01
4.485508561365052493e-01,5.514115219079659402e-01
5.563599984442908486e-01,4.436022154493508562e-01
1.899088310030752069e-01,8.100531941411721615e-01
4.457587040952231128e-01,5.542792826832777520e-01
2.423803141051511512e-01,7.575816707386702209e-01
5.741376774813642392e-01,4.258242797826200521e-01
7.572533137349653221e-02,9.242365547000954695e-01
4.509106718423347981e-01,5.490510709405589385e-01
2.342160508170497424e-01,7.658223747771892853e-01
2.865028831265542530e-01,7.135356690960540371e-01
9.303431072272906610e-02,9.069271316533260574e-01
6.289981035673420928e-01,3.710404640331472770e-01
6.469520821066192529e-01,3.530092154453008391e-01
5.025130441950348414e-01,4.974482370771325934e-01
5.509710087443431270e-01,4.489901147467767473e-01
3.805002327081036251e-01,6.194608873804512417e-01
2.915339750292313403e-01,7.084271071769002726e-01
6.293314811852940283e-01,3.707075109801881707e-01
2.904693881529757937e-01,7.095696277129701635e-01
2.215721137930903861e-01,7.783888410239679922e-01
1.888589243102644366e-01,8.111020281341244642e-01
5.156766750764124607e-01,4.843624105961278348e-01
5.733523912250110266e-01,4.266867002845052825e-01
2.343999381538179605e-02,9.765208505334364020e-01
4.606111588267728929e-01,5.393495572072497524e-01
1.264886465113329583e-01,8.735506612376217062e-01
5.096491857221396860e-02,9.489955085459690354e-01
1.665314645464633647e-01,8.334288172021849794e-01
2.039697399426743663e-01,7.960701387919832950e-01
2.534645302078672446e-01,7.465753696596132416e-01
3.786538879667185609e-01,6.213860465676037670e-01
1.274873871462849639e-01,8.725527050829204878e-01
6.067713437950285060e-01,3.932689665016372293e-01
4.409212307636533601e-01,5.591190946166851861e-01
6.662860221043949149e-01,3.336735749897328240e-01
3.885913850345388276e-01,6.113681712722093264e-01
6.593090593878553340e-01,3.407314828521380012e-01
6.023247961187310207e-01,3.977157473638610607e-01
1.299864342008346663e-01,8.700541394772352000e-01
3.348120700424568330e-01,6.651472028674269010e-01
6.456820836082765788e-03,9.935839063259800374e-01
6.045362948238391931e-01,3.954229576530642887e-01
6.397077457963545877e-01,3.602513946370311526e-01
4.429808108547451662e-01,5.570600706593030749e-01
2.038921590532822292e-01,7.961487270942261274e-01
4.786476397154205698e-01,5.213933907259514777e-01
4.648184209980232295e-01,5.351404331691725913e-01
5.929276214231425923e-01,4.071135484711688179e-01
3.672513079734230357e-01,6.327899696052224909e-01
2.940545182242574884e-01,7.059040507008474963e-01
3.594519732016520086e-01,6.405894814343537913e-01
2.641140139727306546e-01,7.359275859772167472e-01
8.296285207668741002e-02,9.170787750630150503e-01
4.479698355380116181e-01,5.519883503176857831e-01
3.274733341929747521e-01,6.725686354558142455e-01
4.240169826311786516e-01,5.760250114080173178e-01
5.155557698379352738e-01,4.844862490172782699e-01
3.216434476157983835e-01,6.783145041015169463e-01
1.550185062854937158e-02,9.845403194827034854e-01
4.935993238554312046e-01,5.063582110831910121e-01
8.836512250899719589e-02,9.115921337643018152e-01
3.330461612400291704e-01,6.669966091039067901e-01
5.382426137866461735e-01,4.618002502291136957e-01
9.186793855004346532e-02,9.080891366679995080e-01
4.118086683990907493e-01,5.882344381218970186e-01
5.830817843252146249e-01,4.168750121627352589e-01
6.418382075099432482e-01,3.581185729074236601e-01
3.290230462474971196e-01,6.710201765155001663e-01
5.889605526906974697e-01,4.110827439349705736e-01
3.430968527229275034e-01,6.568598498107360850e-01
2.302706191048663475e-01,7.696860351967882430e-01
1.598008718002993933e-01,8.401555914374152501e-01
6.556351683136653063e-01,3.444083898315446479e-01
2.801095218737716386e-01,7.199341088727486682e-01
1.340049632998503715e-01,8.660388818609449091e-01
4.453063258197549890e-01,5.547375250619609455e-01
3.687216546378767057e-01,6.313222136677459906e-01
8.681434609235451350e-02,9.131415713700451464e-01
3.543424357498974331e-01,6.457016741781165248e-01
4.875181137262555864e-01,5.124377632902380464e-01
5.682032557777050297e-01,4.317524484539310703e-01
5.192229354898795224e-01,4.807326985380896978e-01
1.433361800280582854e-01,8.566191430048365474e-01
4.990235425670356273e-01,5.009316905731281411e-01
5.487475764728647759e-02,9.451700271349789961e-01
5.319631920955809612e-01,4.680816268297683935e-01
3.862022517089686718e-02,9.613349062376278509e-01
1.953368664902104535e-01,8.047081022617990076e-01
4.152943318080972723e-01,5.846606653252547359e-01
1.982887195649484652e-02,9.801261229205342485e-01
4.704074663325978345e-01,5.296375417979236611e-01
2.027087411501201641e-01,7.973363257299314055e-01
4.758507367090453188e-01,5.241040102690032176e-01
4.199851375427550160e-01,5.799695909807055516e-01
4.969337153004391161e-01,5.031116443378393921e-01
3.352113464672604737e-01,6.648340957949095964e-01
2.869255865656969995e-01,7.131199726152847029e-01
1.252341892510276493e-02,9.874309714028425278e-01
6.143544434501970741e-01,3.856911897428955682e-01
5.507428441303224842e-01,4.492113518823163676e-01
4.709472542523325811e-01,5.290068937877746569e-01
2.915832491414995231e-01,7.083708836889212046e-01
2.847294474565117417e-01,7.152246657059395663e-01
6.026718106808256342e-02,9.396867766614034334e-01
3.544947912937256307e-01,6.455512610455891309e-01
3.351827850353362725e-01,6.647711487993003265e-01
4.024603249599335852e-02,9.597077845121989581e-01
4.598451105026480912e-01,5.401086835064811131e-01
5.446294445386309357e-01,4.554168464206274081e-01
9.393548548881257287e-02,9.060181237107394203e-01
9.011730840098228223e-02,9.098362028942692525e-01
4.710823752999274139e-01,5.289641822454190789e-01
1.906637679448959788e-01,8.093830690143396511e-01
3.797013701980191391e-01,6.203454779069109692e-01
6.543063337871458662e-01,3.457405202164488545e-01
4.242287579626535798e-01,5.758181057927953539e-01
6.490822208812302430e-02,9.351386714482400331e-01
4.064168669287150648e-02,9.593112728418361490e-01
4.671583830303969176e-01,5.328887264863110262e-01
3.907182706981347509e-01,6.092345353504080574e-01
5.617098163599577587e-01,4.383374387618872992e-01
4.682573765869261218e-01,5.317899666548236981e-01
6.347343254485997566e-01,3.652181799360084136e-01
5.522089328409935938e-01,4.477435600325924692e-01
3.718060455412292020e-01,6.281464064052038054e-01
6.211145814109739205e-02,9.378409160443504922e-01
4.975214000849938478e-01,5.024309447209581725e-01
4.807807797671303507e-01,5.191715531574614406e-01
4.228765719356713526e-01,5.771712143404528206e-01
6.427057663388882625e-02,9.357772973088005486e-01
4.748974909431980529e-01,5.251505904563067428e-01
1.811537317959985849e-01,8.188944935215650700e-01
2.142974543724114889e-01,7.857510654616650658e-01
2.835285302194041068e-01,7.164229456329843648e-01
3.031127516401664335e-01,6.968387212770460470e-01
6.013091069380664955e-01,3.987394311614074205e-01
1.906516068750489235e-01,8.093971116013912726e-01
2.468437499667409940e-01,7.532050205028000267e-01
1.098806098969748110e-02,9.889630841693821672e-01
6.010776950918694794e-01,3.988734282519428298e-01
2.938084922989862013e-01,7.061422651645106185e-01
3.763351047443977415e-01,6.236155052386976871e-01
6.533330287329277564e-01,3.467164114015721110e-01
2.519065519033335532e-01,7.481430824282444547e-01
2.396865548036536953e-01,7.602638095094588211e-01
4.042808098955230633e-01,5.956694439132540486e-01
2.386143995278539598e-01,7.613357288011587398e-01
6.202386541245017426e-01,3.798113132965041383e-01
8.440992518746773254e-02,9.156400496403430678e-01
5.221479137696287687e-01,4.779023042100742913e-01
3.073095816384721068e-01,6.926401406200334288e-01
1.919531808781851090e-01,8.080971138769327267e-01
4.148399400689694039e-01,5.852105164193812659e-01
1.405620042957394511e-01,8.594885803122228607e-01
8.872450606579806998e-02,9.112249019927834981e-01
2.494715421220621565e-01,7.505791341852545706e-01
3.552112427110283854e-01,6.447378526417187894e-01
3.897414730349441636e-01,6.102075763629966065e-01
2.194687689197127173e-02,9.780020162653833005e-01
5.146410663845750744e-01,4.853078178372210449e-01
4.522861210050043712e-01,5.477650423046234174e-01
1.276707860506462455e-01,8.722780264563587682e-01
5.651620453552150813e-01,4.348893174803800665e-01
5.473451905290349639e-01,4.526033890919618496e-01
3.544126886891996731e-01,6.456388194318245510e-01
4.993511878209547228e-01,5.007004847441186568e-01
3.036352334968693278e-01,6.964165206100878525e-01
2.736261708685753247e-01,7.264256219210784016e-01
9.028953339737577632e-02,9.096585713311390320e-01
5.230638109552833148e-01,4.769881274616011302e-01
4.179361116518727215e-01,5.820119475294825984e-01
8.458712208548692379e-02,9.153608861633851790e-01
4.631408930850923200e-01,5.369111038757441445e-01
9.169784317959903119e-02,9.083542145695756576e-01
1.393942524034470498e-01,8.605534703416333198e-01
1.754232594924733102e-01,8.246291196864515838e-01
1.975405023021644668e-01,8.025119040374802948e-01
1.166498811082411075e-01,8.832977032236898340e-01
6.410475997079320143e-01,3.588999612303900300e-01
4.868456558482423535e-01,5.132068387359175476e-01
3.405121448310919896e-01,6.595403599433815600e-01
2.792608219540607117e-01,7.206866233069761929e-01
4.901533294833681498e-01,5.098992457131156231e-01
2.579345789802433009e-01,7.420128268878385391e-01
2.718159724158788482e-01,7.281313672957538952e-01
5.773438078204389257e-01,4.227088584511421998e-01
9.110128391580103735e-02,9.088460116809075062e-01
1.388455306612092210e-01,8.611017121989098522e-01
5.687190223330319538e-01,4.312281791041034928e-01
4.063408077922046058e-01,5.936063899377264086e-01
3.518166703850664767e-01,6.481305046009280257e-01
5.875297567928322584e-02,9.411940063611116125e-01
7.130986411373419452e-03,9.929221978693361095e-01
2.989241225684358683e-01,7.011290937249861077e-01
4.471060611493724024e-01,5.528406687270468467e-01
2.388341899663145584e-01,7.611125127104585442e-01
4.403420037952790467e-01,5.596046647033687815e-01
1.948873317621077628e-02,9.804578662639752418e-01
2.264438925949062154e-01,7.736095585543154574e-01
1.180235882585925211e-01,8.820299378351912356e-01
1.500215580588838138e-01,8.500319774034874598e-01
5.159492233539852979e-01,4.839970848851450902e-01
1.218854101292706216e-01,8.780608479124003551e-01
2.258839025179378568e-01,7.740623063764943135e-01
6.192568974093039941e-02,9.381282043283404315e-01
1.026374930465254326e-01,8.974166510718176726e-01
1.202417182708505339e-01,8.797041268241445611e-01
6.148512954685821930e-01,3.850945106462960177e-01
3.944239413871962197e-01,6.055218005265315950e-01
1.814282557880378954e-01,8.185174157655459304e-01
4.878813993111592584e-01,5.120640835707908067e-01
6.562031291731666993e-01,3.437423136513404476e-01
3.589672508685133878e-01,6.410873382009436572e-01
9.186314584164978481e-02,9.080822198948298452e-01
6.250191083767689948e-01,3.750355300342718690e-01
3.193685906545907227e-01,6.805767202518776537e-01
2.039678022082084263e-01,7.959772368061253101e-01
4.531702697589427148e-02,9.546278823710077077e-01
6.594646840685141065e-01,3.404801679880478660e-01
5.453917328386942431e-01,4.545530992311183072e-01
5.676415690135866443e-01,4.323031845214719282e-01
5.924844775980305789e-01,4.074602087834462427e-01
4.731463743052578552e-01,5.269089943439073664e-01
5.830694881179634415e-01,4.169859867110590756e-01
4.129067559240746088e-01,5.871491176203840201e-01
3.907117423766864328e-01,6.092322080883171287e-01
5.321180025718467155e-01,4.679381007885705102e-01
5.506807361003730472e-01,4.493754528836316764e-01
4.746475218668028684e-01,5.252962008892266832e-01
3.340861058632592639e-01,6.658575445067305143e-01
3.233890613210325671e-01,6.766673885377653130e-01
9.459868960565034901e-02,9.053448121126553838e-01
1.964291599273018940e-01,8.036273940183503717e-01
3.883511536513303830e-01,6.115921825056389594e-01
5.423436318465729711e-01,4.577131058569252064e-01
9.545735416349443447e-02,9.045994039953100252e-01
4.505607819569470429e-01,5.493824166159263500e-01
1.282936800257535315e-01,8.716494475537045483e-01
6.247614000840889803e-01,3.752955010406386349e-01
2.494481139081767551e-01,7.504948758905043427e-01
1.740564894902529858e-01,8.260005277836298676e-01
3.573045407390138539e-01,6.426382798928697015e-01
3.783658244021108064e-01,6.215768768438185710e-01
6.073336496193489920e-01,3.926090106528287160e-01
4.068845610652035427e-01,5.930578221298874464e-01
1.994005862058790268e-01,8.006570977977357506e-01
1.959854784247177517e-01,8.040722281107962610e-01
5.636392004353890650e-01,4.364185276751214038e-01
1.331757941509577048e-01,8.667664742633961472e-01
3.083015451882477609e-01,6.917562495518569943e-01
9.271154170467371669e-02,9.072305781562658433e-01
2.325522102338802855e-01,7.675057789602587333e-01
3.666900873777682174e-02,9.632729831662951714e-01
5.329722456250892693e-01,4.670857939785430513e-01
5.799374986128255083e-01,4.201206284443709249e-01
4.217579187730640666e-01,5.781838511867358754e-01
1.688233469135317355e-01,8.311184089232054317e-01
5.305530364940703736e-01,4.695052897548254167e-01
2.335206167482925532e-01,7.665380380331084931e-01
3.802211766518340808e-01,6.198374874592774697e-01
9.237365655280950494e-02,9.075674611519367607e-01
6.169681712645467275e-01,3.829728287569344469e-01
5.810057409047139076e-01,4.189351236536341672e-01
5.881853315742162636e-01,4.118739795163038897e-01
3.005057495999657879e-01,6.994346692792060560e-01
6.357739428282682681e-01,3.641664346291729193e-01
3.423177504936978921e-01,6.576224891831998765e-01
1.723867228301907140e-01,8.275534964463900911e-01
5.461479763744218202e-02,9.453252914531875550e-01
2.983055667017459611e-01,7.017543919415184517e-01
2.529494987793559080e-01,7.469905359863215910e-01
5.660352388186474792e-01,4.340249060277857618e-01
3.117017354643724092e-01,6.883584207062374283e-01
8.797676968314446788e-03,9.912625840890638695e-01
2.332117648402484977e-01,7.667276896577163159e-01
1.198464805674525901e-01,8.800927727156239166e-01
6.008283961479244928e-01,3.991106962739528474e-01
4.636791189525590884e-01,5.363818732817665635e-01
3.557990368145329957e-02,9.644811863093556425e-01
1.854779722620153726e-01,8.144609230274933998e-01
3.924185861081370685e-01,6.075202263027909000e-01
3.327359540280201422e-01,6.673252459780270041e-01
3.263099196596265239e-01,6.737513267608049583e-01
5.624492781940928360e-02,9.438164740092690463e-01
6.249509942618249880e-01,3.749875842076397237e-01
5.486018846110553016e-01,4.514595993509147864e-01
1.693045070728597390e-01,8.307570485752114875e-01
3.196492151149219474e-01,6.802891335865013378e-01
7.861017803129749515e-02,9.214515582341905597e-01
1.697107407021510861e-01,8.303511510667974660e-01
5.194298204559090193e-01,4.805082636074783919e-01
2.686973242963014985e-01,7.312407584393418869e-01
2.650303334485449303e-01,7.349077117660653968e-01
1.124925600271640680e-01,8.874453823429849786e-01
3.993847917773685752e-01,6.005530800869363084e-01
6.491959346041524526e-02,9.351426359110437403e-01
1.010649325674238264e-01,8.988727947564064680e-01
3.172999646420225361e-01,6.826377067632438678e-01
1.358865464791130240e-01,8.640511077356467506e-01
4.457229031981848610e-01,5.542146174575872664e-01
3.508538069375357060e-01,6.490835994375024898e-01
3.449147253207385799e-01,6.550225473926589714e-01
2.174835209849393658e-01,7.824537243405006448e-01
2.674615469425517533e-01,7.324755426749207654e-01
1.353408326395092454e-01,8.645961153066989979e-01
4.751309551538209774e-01,5.249321308125807217e-01
2.654408169031018394e-01,7.344958349778999418e-01
4.067455674010296285e-01,5.931907400801911256e-01
3.552666592026356707e-01,6.446695818657812715e-01
3.670414555329794548e-01,6.328947507444516729e-01
5.977859443940665152e-01,4.022778748266286897e-01
3.929782631346219191e-01,6.069579162377597426e-01
8.097922211184703511e-02,9.190846912977538308e-01
3.990656966547351803e-01,6.008702928751181727e-01
1.605663847418456192e-01,8.394976629539626645e-01
4.135404238755901463e-01,5.863954992472023564e-01
4.116421174649088077e-01,5.884219918048492204e-01
6.467468814525156873e-01,3.531889362393820786e-01
6.152426326935084289e-01,3.848216055427973736e-01
3.506137281901975378e-01,6.494506051390458445e-01
2.888318315630341582e-01,7.112326100979214916e-01
6.729542358019308113e-02,9.327693801326218948e-01
1.904177095284770027e-01,8.096472311455635840e-01
5.883560246520759263e-01,4.117089935311039062e-01
6.144456405583389458e-01,3.856193794862857738e-01
4.519137523436405068e-01,5.480209867695244874e-01
1.657446683687839595e-01,8.341899701686825708e-01
1.761127660535322936e-01,8.239528952375264614e-01
1.283701679644725091e-01,8.716955281570640812e-01
5.516086254983811887e-01,4.483255645269897949e-01
2.106127974588440921e-01,7.894531722397113427e-01
5.752093527779350568e-01,4.248566213071982012e-01
2.628365703112544582e-01,7.370973807697606128e-01
3.273010424287695619e-01,6.726328745758630712e-01
6.033205723937176135e-01,3.967455800017296585e-01
5.711709757857331704e-01,4.287628511402084008e-01
1.804458500102135987e-01,8.194878603850386245e-01
2.095749711787223135e-01,7.903587054110781107e-01
3.015748783145029699e-01,6.984914942100948210e-01
6.369522979256182771e-02,9.363711680683044492e-01
3.777189088628447600e-01,6.223474970992809441e-01
4.788787618181014616e-02,9.521785382262644148e-01
4.537053582617951997e-01,5.462281067383593092e-01
5.925713299624697505e-01,4.073619513018402749e-01
3.953121380316944045e-01,6.047547081540090019e-01
6.324611555023595955e-01,3.674718746769405353e-01
3.028790235952792953e-01,6.971879702475699547e-01
2.287372623621661827e-01,7.713297623501232936e-01
9.324561690896000440e-03,9.906081897920445689e-01
3.857572003447422015e-01,6.143102332753629380e-01
1.445904092551724418e-01,8.553421289759467472e-01
5.521402504344329332e-01,4.477922717862528601e-01
5.255099463088998002e-01,4.745575493891909247e-01
5.780897309534253070e-01,4.218426627161151465e-01
4.984254194017302964e-01,5.015069175715146654e-01
3.970207449029927727e-01,6.030470317809756287e-01
4.124928067970055623e-01,5.874394061266199341e-01
1.892848093010094934e-01,8.106473899846483588e-01
1.408643339609150502e-01,8.592034731551042581e-01
5.173974752997473336e-01,4.825345679796350651e-01
9.084432201101921497e-03,9.909835939761056922e-01
5.717796234218719409e-01,4.282884365575199137e-01
4.561567022771069180e-01,5.437752015777514991e-01
3.057103609267321914e-02,9.694971034077273231e-01
4.910247649874732168e-01,5.090434499890309494e-01
8.679671503715363778e-02,9.132716029135745650e-01
1.939495475569028016e-01,8.059820489826983181e-01
3.158680490372101773e-02,9.684817790752761058e-01
6.571856203505680449e-01,3.427457179540084886e-01
6.307454026888836829e-02,9.368567688524799264e-01
5.927808442624462604e-01,4.072878631983444242e-01
6.354083760328441688e-01,3.646603928776638859e-01
3.577043568550588581e-01,6.422268586891607400e-01
1.994762734318988873e-01,8.004546368212610563e-01
6.271263448916238881e-01,3.729427697527749053e-01
2.433619007880858942e-01,7.567072141353129444e-01
2.557462916647897377e-01,7.443231492829177620e-01
4.111003212210455338e-02,9.588203837516260375e-01
6.625642515926544185e-01,3.373660232876168896e-01
2.439230454893996647e-01,7.561468227336881620e-01
1.695838732488222644e-01,8.303462548682868372e-01
2.636558866563121217e-01,7.362742370378811962e-01
2.439222301375815194e-01,7.561476734765080199e-01
2.085054670558093015e-01,7.915644956006442357e-01
5.753293055045357596e-01,4.246004504635780830e-01
6.115750181371142347e-01,3.884952490660309454e-01
1.475579750031599247e-01,8.525123927419816505e-01
4.863632872002433549e-01,5.135663408450744649e-01
6.273179986893223647e-02,9.371975384209387805e-01
3.029037903919827857e-01,6.970255071025640570e-01
4.786209847600658152e-01,5.214499614810435002e-01
5.811182982588644075e-01,4.188106249139643134e-01
4.483764752661051345e-02,9.552334935067439137e-01
2.927785039628746366e-01,7.071503262626990249e-01
4.965921156225563959e-01,5.033366049955503296e-01
2.258319934055944000e-01,7.742392963884341395e-01
3.542929451919699102e-01,6.456357474335389091e-01
1.646379781784221563e-01,8.352902895033448294e-01
6.058690958510297708e-01,3.940591296136809474e-01
6.044556983786625315e-01,3.956161615340007542e-01
1.805064983743044360e-01,8.195655109202392152e-01
1.866952786326949165e-01,8.132326967020938602e-01
2.645946370732475406e-01,7.354774726154890141e-01
4.527528375794517279e-01,5.473193595659729960e-01
5.421131133919254719e-01,4.578146297340813797e-01
3.765031044563783569e-01,6.235691958555901193e-01
1.438066270674479841e-01,8.562657051365325511e-01
5.328882698899122250e-01,4.671841055728304659e-01
4.538844697844037768e-01,5.461879725218375947e-01
1.529557712867229413e-01,8.469715918089442130e-01
2.883611466748798868e-01,7.117116336219445616e-01
5.834418430128955890e-01,4.164850491450762804e-01
2.527297262923171028e-01,7.471971293272233750e-01
1.947604638807067801e-01,8.053127395044049619e-01
4.398331583426697000e-02,9.560899740307037264e-01
1.021917477004239683e-01,8.977349239651902790e-01
2.852699679540697808e-01,7.148034043621915856e-01
4.131622640968569266e-02,9.586103275526099976e-01
1.378536853913856219e-01,8.622197610158550685e-01
5.985303121646597946e-01,4.015431668628380857e-01
4.479918819022488119e-01,5.519345270589325336e-01
1.425431160666701391e-01,8.575305104819446189e-01
8.818635943593404816e-03,9.911076665645616179e-01
6.319767022285787128e-01,3.679495576350161890e-01
6.564470096505961028e-01,3.436267935636584392e-01
3.495871916624722631e-01,6.503389259360528030e-01
3.053937384198943117e-01,6.945323562754120994e-01
6.649515014134564916e-01,3.351224560700230004e-01
2.469478503016382942e-01,7.531262066845842984e-01
5.698045220911069908e-01,4.302695628756812440e-01
5.278528551364446431e-01,4.720730317908214957e-01
4.453369771881045547e-01,5.545888305457576939e-01
4.467986301855202957e-01,5.531271007168826470e-01
1.041528819789624832e-01,8.959214555460814911e-01
3.946905602295391335e-01,6.052348068615980292e-01
5.591630304458841683e-02,9.440090434891742488e-01
3.456148328140578041e-01,6.544599216280518883e-01
4.700523956566980965e-01,5.298728357064992345e-01
5.515978883291222656e-01,4.483272974399982735e-01
6.315963161802087278e-01,3.683285713969071118e-01
6.515244585821330370e-01,3.484002303244418952e-01
2.693087841574390642e-02,9.729937234070059615e-01
1.479358040020109233e-01,8.521398856478902273e-01
4.855145021141261674e-01,5.145612157596032299e-01
4.243906528843565673e-01,5.756850800676074353e-01
4.602372970838585209e-01,5.396868321168364346e-01
3.516563876600739547e-01,6.482676872967605419e-01
3.460347737208680635e-02,9.653203532012424315e-01
5.140836759444705750e-01,4.859926931975950826e-01
4.990268492527001332e-01,5.008967540827797826e-01
3.184168057380524219e-01,6.815066252663463109e-01
2.122219122184657580e-01,7.877013474566459950e-01
4.925268600704656996e-01,5.073961017588866085e-01
2.692923021767399394e-01,7.307848183298645273e-01
4.883807576360696956e-01,5.115419948636988901e-01
1.641122003402932517e-01,8.358105169982648075e-01
1.707396290955266738e-01,8.291828989446510256e-01
6.592901458383236546e-02,9.339934850942068767e-01
3.357251726695612004e-01,6.641972923091360448e-01
7.022786265233542380e-02,9.298497087300222619e-01
6.442173817156856552e-01,3.558603689098383538e-01
1.593260261144945344e-01,8.407517753888672507e-01
4.487791013057844114e-01,5.512987392737374037e-01
9.097366776227605589e-02,9.091042794650463499e-01
1.618512734656933350e-01,8.382267088176168501e-01
5.663620537179170356e-01,4.335598246203657413e-01
7.928843522003761746e-02,9.206334430385406664e-01
6.185562442014111983e-01,3.815219072654802979e-01
2.311556570320792148e-01,7.689225271326657341e-01
5.098564194252420689e-01,4.902217992608340347e-01
1.450202376395336723e-01,8.550580466691649617e-01
5.736528278739638775e-01,4.264256327472115138e-01
6.066068490824249038e-01,3.934716218836459278e-01
2.026969804151776411e-01,7.972243148773023869e-01
1.769657866729914819e-01,8.229554764828758140e-01
4.100957829073881844e-01,5.899830068010843975e-01
3.869138989823497909e-01,6.131649030270823753e-01
4.791363772391810660e-01,5.207840552727791561e-01
6.119536891823638969e-02,9.388842401025542239e-01
4.942346155552023168e-01,5.056855521102360251e-01
3.260945144317463074e-01,6.739854273044867394e-01
4.235063987245170081e-01,5.765737438683571359e-01
1.328085345962244646e-01,8.671112533641880393e-01
6.240650835080872039e-01,3.760153293183109979e-01
3.626263642221707606e-01,6.372930933973536272e-01
1.794058248165310010e-01,8.205135378185283157e-01
6.320759672098660298e-01,3.678432992509038102e-01
2.846848640984954715e-01,7.153959414125690142e-01
4.102628997613223527e-01,5.896562736879050748e-01
5.377886506635773944e-01,4.622922762852210155e-01
1.820646861325868338e-01,8.178542931170124097e-01
1.734856261041032577e-01,8.265954094741084779e-01
5.599149730085264398e-01,4.400036367604256426e-01
3.223379263912591886e-01,6.777437004928301700e-01
8.521516825763456038e-02,9.147031973402394156e-01
6.620524467353974263e-01,3.380296658111242025e-01
6.521097926928308697e-01,3.478080285008456340e-01
1.969287970303543744e-01,8.029889576284182651e-01
6.489031685846567976e-01,3.511790769655256383e-01
4.782437762434477713e-01,5.216738709668656826e-01
3.659730586332793356e-01,6.341092962650611842e-01
2.825222403786524228e-01,7.175603353292919762e-01
6.842719345621467442e-02,9.314901919037021916e-01
3.876000416072086785e-01,6.124829260957055377e-01
6.181282465020955241e-01,3.817887721188902295e-01
8.370998419862245299e-02,9.162069602374883770e-01
9.028508389289999214e-02,9.096318550838676797e-01
4.771544240825904004e-01,5.229286721691435158e-01
6.019374499587041294e-01,3.981456583022512374e-01
6.250574720958458341e-01,3.750259319952769510e-01
1.333650098169276432e-01,8.665515508315551063e-01
1.772236783995892184e-01,8.226928266680418877e-01
4.234528320398514567e-02,9.577382494346166064e-01
2.387815859301438970e-01,7.611347490003780303e-01
3.176149343670472969e-01,6.824689794640858009e-01
3.976276574891883242e-01,6.024563274841090443e-01
2.414698357892330893e-01,7.584461310045791382e-01
6.150115353238319038e-01,3.849042543716034714e-01
5.678051821940482968e-01,4.322790729745968341e-01
1.922205313984051700e-01,8.076951370855455226e-01
4.946237247439974061e-01,5.054606823712718411e-01
1.323113769472668844e-01,8.677731994214402667e-01
6.477333536856312302e-01,3.521820593131730348e-01
9.648062730021815525e-02,9.034347352822050814e-01
3.436004560433965072e-01,6.563148885322361847e-01
2.205589290394230906e-01,7.793562206892754585e-01
2.921015576878515096e-01,7.078135851012855584e-01
4.814985938586016645e-01,5.185863941169017721e-01
2.936306511949665077e-01,7.064544300043605896e-01
4.270394381321352961e-01,5.728754615962019514e-01
1.078691282531963822e-02,9.891279801785342052e-01
1.188890482480094019e-01,8.810258079051119795e-01
5.553135129895673261e-01,4.446013181307338913e-01
4.539606702593599330e-01,5.461245144016856345e-01
6.652814447211745641e-01,3.348037941379599092e-01
4.860480805671381632e-01,5.140372242826627414e-01
5.711769868416968210e-01,4.287374383532059907e-01
3.572039767593974680e-01,6.428816077556246400e-01
3.727763104889127432e-01,6.273094762126985025e-01
2.249124769070949548e-01,7.751734470893407725e-01
9.065733104396785091e-02,9.092566493078511058e-01
4.088708711019378161e-01,5.912151488439055802e-01
2.984065001795063177e-01,7.015074393351300452e-01
6.573225318158953945e-01,3.425913429102426799e-01
3.583113193192056789e-01,6.417748122572962677e-01
1.246553566761333803e-01,8.752581920998026010e-01
5.529565019614108845e-01,4.469570398059523053e-01
5.111700442696358593e-01,4.887434963069892113e-01
2.318031876570553484e-01,7.681102754644314468e-01
1.343416346791790894e-01,8.655717005937637598e-01
2.488918294298900769e-01,7.511950335407004964e-01
2.881677734785331180e-01,7.117452824403357470e-01
2.368622781416356710e-02,9.764008302678421902e-01
1.340427627973476699e-01,8.658701593782383021e-01
4.007400102320127777e-01,5.991729057411859793e-01
2.089840566554474754e-01,7.911030759055442951e-01
5.445819362217566018e-02,9.456289663234695997e-01
5.076248346939883638e-02,9.493246959472617652e-01
2.524384186451202883e-01,7.476488997372553458e-01
1.826164617295185366e-01,8.174708785064830341e-01
8.201709259389720896e-02,9.180702804681052376e-01
2.831156179358628733e-01,7.167969000810424651e-01
3.017628339003520788e-01,6.981495837611552124e-01
5.563780830959236257e-03,9.943485957701736488e-01
3.220854080926944807e-01,6.778268292597546818e-01
2.561626157809817061e-01,7.437494606500988370e-01
1.164447846748982440e-01,8.834672658385088750e-01
3.206645222095039771e-01,6.794234948630507587e-01
2.383395973345858732e-01,7.615721714687866406e-01
2.005603680318493176e-01,7.995278868392564631e-01
6.306823146811287861e-01,3.692293806864759276e-01
2.845369245335653274e-01,7.155514031482900217e-01
2.784750254426421323e-01,7.214366424955549473e-01
4.572872884887013156e-01,5.426242641833367575e-01
3.694014034437521909e-02,9.631483823900668373e-01
5.719139437820748295e-01,4.279975325278561615e-01
2.358946192615552495e-01,7.640167924699946544e-01
2.500245045947327438e-01,7.500641285209320719e-01
5.148876368530804770e-01,4.850236348775751050e-01
1.964101373199008405e-01,8.035009550595777483e-01
1.336537010975424045e-01,8.664352591945694293e-01
6.491059203779342424e-01,3.509831897480688578e-01
1.574067273376244802e-01,8.426824112092979879e-01
5.690529549183614977e-01,4.310362397057507788e-01
5.978211087880889313e-02,9.401285832802794840e-01
6.472881125502755184e-01,3.526225276455320357e-01
2.103616236320239585e-01,7.895489226690068918e-01
3.075790002243849464e-01,6.901286169225243627e-01
4.368065158345572074e-01,5.619623187612178272e-01
4.646282710036928054e-01,5.367722572100144252e-01
2.224245171770676266e-01,7.736097940334976109e-01
2.293360886871894933e-01,7.686894384527847013e-01
5.852184735593525255e-01,4.129042312578009577e-01
2.486512578707639753e-01,7.494203764680974489e-01
3.373981443540700065e-01,6.643105991008151356e-01
5.767498056842826348e-02,9.424367034895513306e-01
3.582110528508431480e-01,6.401832981257853383e-01
2.762133031393972926e-01,7.242385141044517249e-01
1.802617553888064827e-01,8.167833606946129921e-01
9.438130568768983431e-02,9.021280135859424121e-01
5.367118527274238327e-01,4.605615044094885646e-01
5.975252896404286140e-01,4.056938910235529661e-01
2.994173403345708473e-01,6.958350704845112089e-01
3.943961838039160561e-01,6.038247023645064715e-01
1.888187191238323293e-02,9.779629871665721508e-01
1.151688489535670767e-01,8.847031215645454472e-01
5.007187808058057854e-01,5.004739133007416463e-01
3.385776636272173623e-01,6.607772128406897982e-01
5.188939788536537367e-01,4.791975582594938388e-01
2.186508452053688434e-01,7.809170481901041017e-01
2.274662644373943651e-02,9.703600788772980268e-01
3.913846202479213665e-01,6.089707354225349922e-01
5.114036612783485342e-02,9.448080709891585327e-01
3.949126632879811361e-01,6.015441585741929664e-01
2.466454719304785048e-01,7.483518898677221642e-01
8.231040939748747454e-02,9.123712073182745907e-01
1.021530771758814155e-01,8.980320100726162380e-01
6.329446594518007840e-01,3.657370112135959750e-01
3.891249320258298172e-01,6.117975858333156713e-01
5.638785196444727754e-01,4.376446206714710296e-01
5.954929480364991035e-01,4.038009007123699590e-01
4.480534964546761256e-01,5.507953447548690207e-01
4.931391944178088460e-01,5.050444678991894421e-01
1.424824614924467270e-01,8.517926308788102974e-01
5.680592048937559424e-01,4.322906353206988905e-01
1.559514860566308114e-01,8.419695817759249579e-01
3.586423216238862621e-01,6.404426486455243595e-01
2.543443339782031076e-01,7.427100712208588584e-01
3.969943854017109475e-01,6.020365539792223997e-01
6.410155038895110069e-01,3.617784499155631828e-01
3.901501917230752459e-01,6.062931399532016652e-01
1.023239778173069409e-01,8.943465482481987028e-01
5.993639981835817421e-02,9.372347442871709067e-01
1.027705217233799706e-01,8.962205055211714955e-01
2.255906162962309780e-01,7.719551296493647463e-01
4.068657851698870287e-01,5.927125605393331886e-01
5.265617033016187776e-01,4.726121079919486379e-01
3.603690904520473470e-01,6.382666657629584295e-01
4.444756593750951446e-01,5.554412187141041235e-01
2.092958974562501295e-01,7.881448620419870821e-01
3.568527431562066865e-01,6.408466919705098075e-01
2.886667862221370950e-01,7.086827609279945372e-01
2.430128669550229159e-01,7.526725195529802015e-01
8.559480090746607317e-02,9.111511257620907855e-01
2.114300284088938275e-01,7.828340624928104008e-01
5.063952562661647727e-01,4.936147383561045876e-01
4.074145525378138344e-01,5.905088207598074845e-01
3.174195848538833298e-01,6.792716253034165597e-01
6.024799730713128465e-01,4.016389766996035227e-01
4.040251135436011554e-01,5.952794000743379943e-01
4.672729548838576163e-01,5.304231966902690498e-01
5.790487724643299527e-01,4.205280265789484995e-01
5.400434035780605768e-01,4.607890738674367270e-01
4.339733622816415726e-01,5.644508338961207183e-01
2.545874665520721503e-01,7.468486850893718554e-01
1.179461135819186435e-01,8.804986495851742090e-01
2.181897688817150960e-01,7.777203185217790304e-01
3.476433044262882688e-01,6.514855150530115546e-01
6.274495057187569058e-01,3.759304620329992908e-01
4.108115011209931278e-02,9.582622849307977919e-01
5.132878019473599007e-01,4.881791737983563473e-01
1.171028392226267090e-01,8.832447129821295873e-01
2.065853191893322338e-01,7.887277351075558940e-01
2.224717358424256886e-01,7.755410611627463480e-01
2.260266072499876322e-01,7.744957572930842860e-01
3.867396414733220711e-02,9.612709207001918221e-01
6.460117156406759709e-02,9.317760077683778785e-01
2.230725281998497955e-01,7.756896058771671765e-01
2.732382883656962469e-01,7.272263454907248459e-01
6.350566592874165028e-01,3.661549690402146617e-01
3.818549299313872547e-01,6.180249053685317184e-01
1.750188825785285729e-02,9.779150043370677947e-01
1.088101301613562111e-01,8.906805670022315269e-01
6.663669809127832355e-01,3.320807219553205680e-01
6.181997450698452079e-01,3.842146560016500012e-01
3.960786046672112870e-01,6.035600585844462795e-01
4.575190004481320682e-02,9.473857926733509904e-01
3.774657720154628304e-01,6.189602429494606151e-01
4.217294260351012181e-01,5.740107335824810031e-01
1.005447860520310988e-01,8.977651609761809759e-01
9.946078872792640801e-02,9.012583698879179650e-01
3.465608575764619337e-01,6.531327641744650858e-01
7.281788266124938902e-02,9.206780874976144835e-01
7.138250652583347233e-02,9.286529798631782961e-01
2.021958022133151789e-01,7.966795747782722259e-01
4.837936267685209457e-01,5.126993199199632034e-01
6.359213036551116804e-01,3.660291413920551129e-01
5.569264346091283846e-01,4.428459252329746687e-01
4.353246086451612040e-01,5.623749509965456639e-01
2.472483898522107038e-01,7.500449945146220321e-01
5.947678512756191527e-01,4.038805477612307238e-01
4.820280360163043953e-01,5.178850483142424244e-01
2.247084165168118652e-01,7.723240109922688834e-01
6.251568528693466353e-01,3.788069872207479594e-01
2.337859907633466905e-01,7.657774691441803228e-01
5.209672254962212090e-01,4.816469291985227552e-01
5.738226805287751642e-01,4.241176448604027649e-01
4.003597654161251129e-01,5.975954687321580749e-01
6.361594924118815220e-01,3.626134550935394274e-01
2.446305320808694894e-01,7.545211018313384699e-01
6.689859932880609650e-01,3.306549852581682769e-01
3.388076269557684927e-01,6.609327549920832601e-01
1.814309292178729327e-01,8.130833146502614017e-01
6.472658959543768908e-01,3.530604052013518457e-01
2.385017394827370629e-01,7.598018006988621620e-01
4.375279360711474830e-01,5.655652037984566505e-01
5.955519735782460744e-01,4.049187772071183855e-01
3.117371446259652457e-01,6.852315866066316374e-01
4.852187453501167758e-01,5.163544548188447880e-01
3.202376544559849547e-01,6.795759595339607717e-01
5.342750354997473083e-01,4.640450218256925163e-01
1.879674448183178345e-02,9.758685118485400656e-01
5.270454474085720653e-01,4.694765384623257876e-01
4.222552371918226743e-01,5.776486440504983166e-01
1.688193905362675162e-01,8.293455570368920560e-01
7.291386268055728703e-02,9.210402854122178296e-01
6.090393687758560021e-02,9.358422860365974705e-01
1.103182362678303829e-01,8.872735804285427630e-01
4.192259233528323747e-01,5.765699652512934481e-01
8.163171890552214927e-02,9.186527058426615655e-01
2.567028546066740802e-01,7.433453248066695940e-01
9.614683002626747688e-02,8.974840806213324473e-01
4.692658187070705700e-01,5.314443756857908374e-01
4.560423070036702664e-01,5.431391081701362200e-01
1.555538974732057211e-01,8.395385880778450938e-01
4.770019093071500849e-01,5.222260148370720945e-01
3.767409346162533534e-01,6.223488716489747885e-01
3.528464890174819457e-01,6.452973056103397109e-01
3.561199486854144669e-01,6.452989238138022721e-01
2.220291510517787836e-01,7.776428280421890937e-01
5.437148894967461787e-01,4.591613598213601932e-01
4.740990994758391142e-01,5.232016887462027643e-01
3.275223322387625369e-01,6.724512534296374078e-01
5.923786474395702495e-01,4.098104207906346774e-01
3.540371937178202200e-02,9.601509856242728125e-01
2.749763860367209767e-01,7.199409016210522871e-01
4.820418249096291019e-01,5.213012994878110096e-01
2.967344276461748032e-01,7.019561616495215706e-01
3.771493933145924071e-01,6.251891988237182618e-01
6.384044447927583743e-01,3.607298337805124877e-01
1.530041479772251134e-01,8.407884511502863312e-01
5.590368198350277318e-01,4.377151118844510580e-01
5.122652375051530704e-01,4.909443312119643466e-01
1.280194968719103321e-01,8.689427000500409282e-01
2.437503612609116799e-01,7.535886578135368996e-01
6.417637599837463513e-01,3.604514553213075123e-01
3.050575278318690131e-01,6.934488799238037737e-01
1.732138734192808227e-01,8.264986554593957147e-01
4.052528729312847022e-01,5.943212676321402155e-01
1.688203033484637905e-01,8.324135940834291869e-01
2.918979677233669023e-01,7.073735920385990639e-01
1.186723479224859601e-01,8.762282858845961142e-01
2.626378818028615725e-01,7.339932391896203390e-01
5.990405676409824576e-01,4.044728776607979248e-01
3.640691067646997237e-01,6.364929697280115040e-01
6.406288636056416408e-01,3.597060762554269431e-01
5.606660540237160539e-01,4.408383350014062896e-01
5.340041282705818571e-01,4.686136351174565173e-01
4.021022321570150160e-01,5.945508632417082495e-01
1.806672800709029081e-01,8.150534260732650305e-01
2.362518918835210258e-01,7.650549303187226258e-01
1.178028213404047619e-01,8.759766138387689027e-01
6.140253619557609760e-02,9.383516581176932769e-01
6.184438999091689260e-01,3.794352372020704522e-01
5.558712227941645656e-01,4.440638850829727313e-01
1.734018306150647837e-01,8.272224803175983743e-01
5.584628139488503340e-01,4.393529683450368428e-01
6.198725927815110781e-01,3.811889640796568557e-01
6.498891491331074688e-01,3.511350584142874376e-01
1.837264011895551052e-01,8.140178379430749178e-01
1.631603508993129115e-01,8.332391485346818394e-01
6.427419725422897079e-01,3.580833755152448838e-01
4.306729957610700432e-01,5.713241608042888275e-01
5.393591444187036954e-01,4.621389852521010089e-01
5.158806120232651837e-01,4.877290888239214084e-01
4.354265551769507248e-01,5.638501679305192305e-01
4.360102992658067000e-01,5.657653764573814525e-01
2.903281016583371676e-01,7.090132743176107422e-01
5.235298287450891319e-01,4.800031650385545023e-01
5.444018428799400899e-01,4.526004087811104082e-01
9.749795013084455730e-02,8.975585486702526428e-01
5.941582818304319558e-01,4.071135038325729427e-01
1.628712500521276862e-01,8.357729626829827341e-01
5.518310975425998466e-01,4.483676363681058374e-01
1.200904439635000140e-02,9.840039922345924506e-01
1.603018214793678897e-01,8.372351009478120609e-01
6.635076686691213643e-01,3.395726931102152069e-01
2.291585814408720334e-01,7.673924575536072989e-01
3.622742104627937332e-01,6.380553397060229059e-01
4.462868101333691273e-01,5.508385252958392098e-01
5.884323613335219472e-01,4.153468574244044698e-01
1.718904187838327657e-01,8.218425217990061871e-01
1.371073587748626310e-01,8.599960385293422549e-01
5.173804089924209926e-01,4.854608574341703897e-01
4.951943310694430500e-01,5.052028329572253451e-01
2.182101980360342530e-01,7.781560727053701276e-01
6.831640370213025448e-02,9.298878910608916470e-01
6.452759936730738666e-01,3.550589724283934601e-01
4.872814901023094225e-01,5.091300415229950138e-01
1.661520962913098642e-01,8.287350933036343736e-01
5.754051316552170059e-01,4.263050137309347121e-01
2.322656199780972486e-01,7.634773062119581954e-01
3.562127295515488679e-01,6.422318498336847536e-01
6.232414842351823303e-01,3.790642990697633552e-01
5.241868025130240749e-01,4.761651210037237680e-01
5.471780901337533996e-03,9.942440974011497179e-01
5.484840591249483532e-01,4.512981617263820411e-01
3.285821501998760774e-01,6.671438127651755368e-01
3.403370277315494463e-01,6.612701079126519499e-01
5.233328547847734269e-01,4.744651462873312742e-01
1.535431097389896304e-01,8.401207619776404067e-01
6.581452216275043288e-01,3.444790251417499949e-01
5.088756831661431779e-01,4.931648854840093854e-01
2.491385432708815573e-01,7.499187359462561320e-01
6.350575344448414761e-01,3.628388051139186943e-01
1.474690909820738360e-01,8.508204264281193918e-01
1.207340918901035273e-02,9.876445776883355787e-01
2.130167771401929588e-01,7.847607612581837255e-01
1.388906678332599010e-01,8.618567044922915699e-01
1.759529487090617794e-02,9.769313186067121180e-01
4.359075986104163913e-01,5.611383211322277242e-01
4.545844484809817843e-01,5.432314261216777407e-01
1.376562346075325960e-01,8.589814210609065803e-01
6.349524590656856482e-01,3.672619108807437249e-01
2.442412301313064138e-01,7.513777887817074674e-01
5.968942537650623326e-01,4.016240504079940932e-01
6.079124684862157180e-01,3.953979801288821649e-01
5.899134359156969071e-02,9.343512175669188569e-01
5.908305718960875641e-01,4.107508401794823794e-01
1.588497828197109329e-01,8.382491146815996830e-01
3.074554863399763249e-01,6.874866907454456610e-01
5.596894159969107996e-01,4.436380866044559168e-01
5.238384657934044286e-01,4.770823520770025583e-01
6.640514280674999492e-01,3.406069121414384004e-01
3.498564569396953594e-01,6.496549992521392092e-01
4.152982298968463382e-01,5.858300124405791953e-01
3.789224826673798230e-01,6.192931394494228803e-01
4.477366296380821398e-01,5.519442969456664905e-01
2.863059467458323737e-01,7.158416873323530938e-01
3.955004597439417680e-01,6.073204261861452347e-01
5.387755405203440429e-01,4.579062019528600258e-01
1.915534816636221827e-01,8.042622323011076046e-01
2.813168183189476146e-01,7.135862282440912363e-01
3.590494885975185624e-01,6.410371932061080802e-01
5.089175607705064691e-02,9.450688306033422359e-01
3.591446197761273273e-01,6.406843525885160817e-01
5.079297915396415591e-02,9.476481675242628411e-01
2.646063351258912677e-01,7.338550707691954278e-01
2.394128628217693719e-02,9.721671701399935417e-01
4.898742802164072208e-01,5.118424539916434091e-01
2.126704854756548968e-01,7.849072571026356471e-01
1.438679407751423112e-01,8.499847835479349412e-01
3.913259969025696394e-01,6.052322396053154696e-01
3.133098788707190940e-01,6.848538928433404172e-01
3.292636518452352612e-01,6.718215026069875861e-01
3.243143221205820881e-01,6.781235302324719605e-01
3.101198005692434312e-01,6.899225122422378842e-01
5.243561623775119251e-01,4.777646908900498035e-01
2.113832533709571471e-01,7.885567843582972358e-01
6.686378373018967425e-01,3.298074132489514643e-01
6.288835286553512427e-02,9.357164933120147854e-01
6.548612077536154485e-01,3.492832366126448207e-01
2.755961300867927899e-01,7.217443559115501728e-01
4.512949859619740378e-01,5.500585799712292001e-01
5.798989615966646527e-01,4.198439051505279407e-01
5.429651887110131803e-01,4.562670581830394201e-01
4.984783391975627365e-01,5.005290922519919361e-01
3.719825030079301209e-01,6.249008911018252288e-01
5.997601127550559186e-01,4.013912039539924148e-01
2.463151952537422085e-01,7.528050980807143855e-01
5.933675342080424464e-01,4.055874213873568168e-01
3.112909156390096244e-01,6.875367159576423193e-01
4.906983301322265789e-01,5.092786063236414140e-01
1.335563005257749125e-01,8.626042151761621479e-01
3.164373824609528207e-01,6.792112228345889013e-01
6.247760117378010625e-01,3.794457653104576500e-01
1.965686400094391814e-02,9.776369866324778890e-01
2.153256088495642817e-01,7.790595488469393981e-01
3.372918762874592136e-01,6.601415900863992769e-01
9.970782768634922633e-02,9.010251243038833735e-01
5.194442859330974382e-01,4.774835918149875069e-01
2.456968804170026055e-01,7.526522818214305133e-01
3.725060943244467015e-01,6.252359310054677044e-01
3.589230969439747287e-01,6.386496926596605395e-01
5.089432944563966332e-01,4.937439467246071412e-01
3.833957440300186925e-01,6.184807838087271747e-01
4.629309062450343015e-01,5.403966652552465444e-01
1.474589657969410939e-01,8.523868693425109555e-01
2.215505163416201517e-01,7.769741256899691528e-01
1.525354808890287683e-01,8.444191081981207159e-01
3.083732000190321509e-02,9.671321273540658403e-01
5.207807687836435440e-01,4.813578182939639016e-01
1.497242897579234289e-01,8.491249119927265498e-01
1.994203045201805580e-01,7.981257124684892901e-01
1.052319423233388646e-01,8.902863881211053876e-01
5.122802044493398599e-01,4.853101825129228497e-01
1.387390755338362425e-01,8.583213452315503478e-01
3.403449730140133411e-01,6.604637820836948281e-01
4.711402857190666316e-01,5.301430150388031226e-01
4.338262243950890551e-01,5.694057689767395569e-01
5.114153515845492048e-01,4.849240896397730149e-01
1.609678240486545897e-01,8.342274053732020578e-01
3.427985038240619065e-01,6.577636990086611624e-01
3.483302276976832923e-01,6.467003602429645115e-01
2.045822676330852352e-01,7.904761669550731673e-01
6.689082704422545378e-01,3.330765712298223158e-01
3.804016506064132330e-01,6.171066833884504277e-01
1.327200505115414819e-01,8.641824494810024238e-01
1.216135701031076655e-01,8.791503508316301785e-01
6.234313658010800507e-01,3.795642903474159557e-01
4.798904671973291403e-01,5.234967392950844456e-01
3.887252627423695706e-01,6.120440187591403847e-01
3.224029016924260804e-01,6.729420952710382098e-01
2.787511053454935217e-01,7.206484880188140929e-01
2.599717839623445492e-01,7.402955644129639579e-01
1.556811399129497120e-02,9.818695963235511970e-01
1.973793138380789125e-01,7.978077843326769614e-01
4.362568650310264529e-01,5.620258671884740265e-01
6.449698035811348706e-01,3.526142324993543631e-01
4.377743027521524555e-01,5.652669088235944272e-01
4.190625897775891451e-01,5.838367886003269502e-01
4.142510734686719737e-02,9.529210852498056772e-01
3.874917241407431212e-01,6.140652440248158817e-01
4.127786314765342079e-01,5.895740754172040798e-01
2.110251662019329011e-01,7.855260030367245960e-01
2.849734540699800367e-01,7.141868544227051308e-01
4.668520085416693610e-01,5.310590297895787515e-01
7.439424514458971294e-02,9.252228460589829728e-01
4.748569598920244772e-01,5.277242671446009670e-01
2.194569519794493662e-01,7.771222461662209424e-01
5.495468520787859523e-01,4.523942506078329484e-01
3.904643475547301401e-01,6.068935077083847940e-01
2.272794844232466360e-01,7.703107046983932449e-01
5.081799434053563269e-01,4.942377115661538145e-01
5.577642880246057588e-01,4.445401780853518448e-01
4.205523901295648570e-01,5.787801382218027424e-01
2.447104131704850027e-01,7.536014793092293829e-01
1.779223685089873497e-01,8.217436731960648943e-01
5.435579739421903672e-02,9.399512077939310428e-01
5.676580835645538281e-01,4.320590320922838568e-01
3.903715313440983548e-01,6.082306518014349850e-01
6.450007331136013988e-01,3.578518516092875079e-01
4.103683173852722965e-01,5.892599170023126165e-01
3.401494897608270396e-01,6.600148351870421815e-01
2.406635338290187276e-01,7.609896804976546969e-01
6.642982442567505474e-01,3.396044940605333351e-01
4.888252015775745862e-02,9.503050610108568774e-01
1.041112390771273960e-01,8.905221953106403632e-01
3.314352293872589450e-01,6.678127910268346623e-01
8.840544230085840838e-02,9.112665347688895245e-01
2.019311856260588567e-01,7.995797995938277447e-01
5.103064843712504794e-01,4.925322375757730797e-01
1.437512851342293840e-01,8.562499125284827040e-01
3.354460855121486618e-01,6.665406739701924543e-01
1.760531060836411643e-01,8.239703316908850717e-01
1.822100537204554560e-01,8.174860489750562786e-01
1.100528985030004847e-01,8.905199676250972196e-01
2.290863791541407624e-01,7.666215732977158526e-01
4.601711526460531831e-01,5.379501699529343206e-01
6.168647056232470227e-01,3.837390836412256645e-01
8.321378670164122915e-02,9.172209053322938344e-01
3.838030127044560480e-01,6.189335066741810110e-01
3.058748481198712010e-01,6.902856535302989149e-01
6.602205472494157013e-01,3.381206238324671043e-01
5.221158446737553804e-01,4.815949282711355361e-01
5.124728406439140738e-01,4.865431630888730208e-01
3.132494810288175002e-01,6.832359585523700707e-01
4.740188998560453948e-01,5.261963658286699097e-01
4.430375006353054479e-01,5.555451949863932093e-01
9.396528780338056497e-02,9.052460098607290062e-01
3.498670846906100085e-01,6.456782077074431081e-01
5.287340035416048245e-01,4.727104839334632658e-01
6.091195688116156637e-01,3.903393776458163877e-01
6.212465446627294385e-01,3.832626630194699846e-01
5.983757569732307546e-01,4.052278350295923093e-01
1.707153412103191159e-01,8.254669141032201507e-01
5.885290853273935502e-02,9.377754535558925353e-01
3.399167518033872626e-01,6.561868415268562460e-01
3.797547809338593372e-01,6.226574616441172827e-01
3.213970473601183708e-01,6.789049840553142978e-01
3.447111680527944477e-01,6.549178242073262490e-01
7.558445444313018069e-02,9.208836352875479081e-01
1.469190228722425939e-01,8.529702581941567274e-01
4.765127567161536182e-01,5.235890674780427911e-01
1.427705422000162816e-01,8.567447982007290186e-01
3.334626338846919946e-01,6.617222104057833842e-01
4.557301793239554311e-01,5.456651677297312819e-01
1.410084101013509561e-01,8.528425395557814870e-01
3.618554957390294757e-01,6.359694390658219287e-01
4.572862442815298079e-01,5.407970015484598880e-01
4.337654335722508914e-01,5.688520139322182922e-01
3.576903087358491162e-01,6.423096137879550360e-01
4.496142505222910923e-01,5.503085989997881233e-01
4.050418580872441332e-01,5.965903659775112500e-01
1.320065091643852218e-01,8.678450660804487571e-01
4.337226383089552023e-02,9.499755068059948515e-01
4.215971317799539486e-01,5.746705336962120159e-01
4.405415085106872963e-01,5.628156152767535003e-01
6.043207670635084572e-01,3.978661582073635961e-01
6.722022261619854666e-02,9.266839591305408019e-01
2.439887266081265382e-01,7.546283193669480749e-01
2.105042047538819017e-01,7.855745769559451253e-01
2.177061396900880907e-01,7.806973181818837038e-01
6.664912112218570606e-01,3.344839509831273316e-01
6.586777705708820596e-01,3.414801421440280538e-01
3.694788511809776743e-01,6.314422703901245715e-01
2.611673833110096932e-01,7.392904253335191855e-01
2.069999612330397643e-01,7.912916090607867714e-01
4.566815526590130569e-01,5.439153515710419828e-01
2.269454142373933392e-01,7.681689811307825799e-01
5.693272435538617726e-01,4.311768436267518489e-01
5.594317157151428299e-01,4.417163439559556037e-01
2.280089748201727107e-01,7.715459992399565925e-01
1.819269927471880433e-01,8.178499232792640905e-01
1.584269539056277210e-01,8.353822778029594831e-01
4.423666433915313112e-01,5.578977873410414512e-01
3.456986066967558946e-01,6.568123172176834057e-01
2.594816483540505758e-01,7.405853385302482161e-01
1.132522332505454116e-01,8.852221934156245808e-01
5.076617662418285715e-01,4.954388749083067922e-01
4.905197555053428249e-02,9.510386714824795584e-01
1.914310895959274450e-01,8.080200361876741511e-01
1.810659039901651446e-01,8.171361568700428180e-01
6.472544615794589840e-02,9.297307408451438437e-01
6.562396060697822664e-01,3.448381754464974747e-01
6.153743962482837171e-01,3.859555446547706103e-01
1.203173055509457468e-01,8.763051567244761753e-01
6.049355106129427062e-01,3.957874331815740554e-01
9.710691144975001909e-02,9.006257569245003092e-01
4.780829717208501251e-01,5.246104769315139693e-01
2.394213342756699170e-01,7.575503784386822259e-01
5.099510830020266283e-01,4.864184447034735070e-01
6.606927653200760364e-01,3.387305030111822379e-01
5.547742012422988145e-01,4.420826438210497811e-01
6.616215160304509402e-01,3.426858751527852021e-01
5.042523032516835757e-01,4.991247418714893636e-01
5.054264899714178139e-01,4.977894889600426032e-01
