5.430660572457157720e+00,8.736584917943410744e+00
9.092795323908314131e+00,5.976720703368137322e+00
9.912844773749904803e+00,5.016006317701230621e+00
9.911927174694138643e+00,5.016736527479247698e+00
9.911052704494673904e+00,5.017244196265727929e+00
9.911025963681275641e+00,5.017267763510814049e+00
9.910309710731219468e+00,5.017957190093618181e+00
9.316105903350429429e+00,5.755668355889164367e+00
9.907769255734480751e+00,5.019963703429868751e+00
9.908232665748329282e+00,5.019450665591836724e+00
9.911680221536006030e+00,5.015929997819250197e+00
9.909452008109527199e+00,5.018005873132817207e+00
9.912080038468534582e+00,5.015267276613194269e+00
9.909984873761004565e+00,5.017284652005232992e+00
9.908307201236688400e+00,5.018915777208133200e+00
9.912622740015285316e+00,5.014481754552441828e+00
9.909438594560532110e+00,5.017490860847329870e+00
9.912310650142712731e+00,5.014562922537137091e+00
9.905596073095363607e+00,5.021233053452020201e+00
9.908056847574023607e+00,5.018669748008387721e+00
9.909225033707141250e+00,5.017498889131225326e+00
9.912313409135862230e+00,5.014349579650314581e+00
9.902717743982272225e+00,5.023932190794793584e+00
9.902489609920545277e+00,5.024155883171488313e+00
9.910017473565920554e+00,5.016536715222802201e+00
9.907992114802002703e+00,5.018470563351258740e+00
9.906823676051306649e+00,5.019550253632551140e+00
9.903081226215039834e+00,5.023242070153360217e+00
9.907941323350755169e+00,5.018377687993057279e+00
9.904934865259834353e+00,5.021383276025336073e+00
9.911725411141581787e+00,5.014581079841651245e+00
9.910503990196374957e+00,5.015773140608609459e+00
9.904584720993700131e+00,5.021655469150426931e+00
9.910240783709561185e+00,5.015984938737860332e+00
9.900629245748303831e+00,5.025567915133758667e+00
9.900864201306612600e+00,5.025273847252302417e+00
9.900290016540486349e+00,5.025845602821688018e+00
9.900029436474387268e+00,5.026029223374252730e+00
9.907579633710208000e+00,5.018433749281574485e+00
9.904768744811812908e+00,5.021027209847226835e+00
9.903068366321081228e+00,5.022725255182496795e+00
9.898347108146699824e+00,5.027423056872001084e+00
9.905180070901641542e+00,5.020512600403265857e+00
9.903039376751108236e+00,5.022651109470318787e+00
9.898088995090665421e+00,5.027574837909193128e+00
9.903364694420007552e+00,5.022122495950489096e+00
9.907080630502591134e+00,5.018353618786470349e+00
9.902848306305601866e+00,5.022543498347549651e+00
9.904109370881830188e+00,5.021182275397231720e+00
9.895889227890684481e+00,5.029358365140914167e+00
9.899834439556093102e+00,5.025395800584349537e+00
9.897405565144511641e+00,5.027697543779177103e+00
9.902075444739692145e+00,5.022979462946318030e+00
9.904639673785702314e+00,5.020380341336568186e+00
9.901819618936752221e+00,5.023193924825537060e+00
9.898800804285379229e+00,5.026065148178471276e+00
9.904686616643736841e+00,5.020097311812731888e+00
9.893884370910338788e+00,5.030867950692207380e+00
9.906912611938086144e+00,5.017721710136790136e+00
9.910990928729969340e+00,5.013637987503983595e+00
9.903505966162267526e+00,5.021050435402097278e+00
9.910533919417408910e+00,5.013984702767404933e+00
9.896277831236982792e+00,5.028201297603787090e+00
9.892253542864814619e+00,5.032160587588926148e+00
9.908401389119095626e+00,5.016002560178727698e+00
9.898436317837864706e+00,5.025820523263893058e+00
9.902577719848890681e+00,5.021638257787840232e+00
9.899718229842488171e+00,5.024460495714394348e+00
9.893981397848644832e+00,5.030182975723419325e+00
9.910970764095768715e+00,5.013129937966386507e+00
9.891013518691641693e+00,5.033016011073624618e+00
9.894786047373962390e+00,5.029150240598888821e+00
9.912096663528613405e+00,5.011811981587328546e+00
9.890355291300666707e+00,5.033543143134315834e+00
9.896316686431488208e+00,5.027530893045842220e+00
9.889444016129758097e+00,5.034370383619336309e+00
9.893716998288308417e+00,5.030082098995645623e+00
9.888970086903910328e+00,5.034753672958457216e+00
9.898351346970631681e+00,5.025231256570943827e+00
9.888143213946790411e+00,5.035416604356279358e+00
9.907034717223334397e+00,5.016394900649077115e+00
9.892460285674859577e+00,5.030969130380459120e+00
9.891212923542026303e+00,5.032188322903986766e+00
9.911433181391036129e+00,5.011902293672483744e+00
9.892927668895355353e+00,5.030352070753932203e+00
9.893455542048448237e+00,5.029776873934112658e+00
9.892122791416138483e+00,5.031105148817552219e+00
9.886545504248575256e+00,5.036644170431675782e+00
9.892531394387308552e+00,5.030644147474684580e+00
9.911859272260267417e+00,5.011258445079430857e+00
9.896792566547933490e+00,5.026321249992959039e+00
9.886074048490367971e+00,5.037020341956022662e+00
9.885988690272467849e+00,5.037103236503129189e+00
9.887938504662081129e+00,5.035123240322990412e+00
9.892706044385324304e+00,5.030332614374025901e+00
9.893525927906299700e+00,5.029310264614630377e+00
9.910642591418849179e+00,5.012120775085322499e+00
9.895740899412762914e+00,5.027019659047097022e+00
9.889258912464811146e+00,5.033461766800582993e+00
9.886918331390777581e+00,5.035769097472978295e+00
9.883677856426203334e+00,5.038902595677365426e+00
9.892453729209847779e+00,5.030112871533417795e+00
9.891077264556543014e+00,5.031443431285604007e+00
9.896722075085371273e+00,5.025783470500599037e+00
9.910177137774883960e+00,5.012297478324234667e+00
9.905337264138209363e+00,5.017119381068652295e+00
9.887398917205569404e+00,5.035053209436434862e+00
9.909252077747755294e+00,5.013002009541240866e+00
9.885738796971722309e+00,5.036496368893380371e+00
9.889620736375034582e+00,5.032608262800742693e+00
9.891370287788355142e+00,5.030851172668651117e+00
9.895170785880944564e+00,5.026957796200955286e+00
9.881697156563783224e+00,5.040371094980216959e+00
9.906557023179056287e+00,5.015448289962276540e+00
9.888422791030199832e+00,5.033543833708539417e+00
9.896607841065820921e+00,5.025240000090167136e+00
9.902346879815347336e+00,5.019498342760869924e+00
9.888908296183091196e+00,5.032932182112738850e+00
9.883843699194315491e+00,5.037982924305003607e+00
9.886839740076052152e+00,5.034986374991365032e+00
9.882737832737621630e+00,5.039046517956585092e+00
9.886467965946403424e+00,5.035271852304528117e+00
9.890562153449058869e+00,5.031132764126241774e+00
9.887054866127805042e+00,5.034614836088181278e+00
9.898613829645640294e+00,5.023041416995931208e+00
9.904523455608730487e+00,5.017021182210448238e+00
9.912782041793340326e+00,5.008759465822603119e+00
9.912721806168438121e+00,5.008790158775516588e+00
9.901016306935279232e+00,5.020493571689781831e+00
9.883377202235271497e+00,5.038112624969996567e+00
9.881590862421285593e+00,5.039771376274106984e+00
9.909040635228445026e+00,5.012317979369362853e+00
9.897951109076366549e+00,5.023405687131861974e+00
9.886402008331199198e+00,5.034904756013073523e+00
9.877913616209212933e+00,5.043352248830325735e+00
9.876603475637660168e+00,5.044548967738616163e+00
9.886089562504935202e+00,5.035020828106478774e+00
9.882657256229524734e+00,5.038437091043936888e+00
9.882648144711847493e+00,5.038442173519752210e+00
9.884384387778077041e+00,5.036697375656661535e+00
9.887202465305072963e+00,5.033870725720551498e+00
9.895937462597764522e+00,5.025122678472344617e+00
9.887091895916828577e+00,5.033936881468767943e+00
9.901653078167441890e+00,5.019309164780743515e+00
9.886993651574528030e+00,5.033923099713454974e+00
9.886808975335332761e+00,5.034065573244348002e+00
9.894797875904703943e+00,5.026042825027275285e+00
9.875108235995485373e+00,5.045679429722386367e+00
9.885096828137985625e+00,5.035678104864319771e+00
9.909657854781366737e+00,5.011086224259355681e+00
9.881005467420953536e+00,5.039725945760099357e+00
9.908913112353339159e+00,5.011771152485208880e+00
9.905705676172518181e+00,5.014970397984949813e+00
9.879758066563390173e+00,5.040865947171288219e+00
9.898580972138255163e+00,5.022019382211411198e+00
9.884340911333765689e+00,5.036251170623644136e+00
9.881686090403484002e+00,5.038820251395916827e+00
9.889661125829864119e+00,5.030755707252046349e+00
9.882137719467694481e+00,5.038272053212258683e+00
9.892665776172549386e+00,5.027685094711735303e+00
9.900187144712356613e+00,5.020134712211225647e+00
9.908430292605853396e+00,5.011876448670100181e+00
9.879601796344360309e+00,5.040634339147543663e+00
9.874591048344791844e+00,5.045641620016542817e+00
9.881328315892909941e+00,5.038877190789099458e+00
9.876568376259927007e+00,5.043528305947594603e+00
9.879642325858883467e+00,5.040446393941719450e+00
9.874754583710263489e+00,5.045319391669083053e+00
9.874532488287163901e+00,5.045514201028174384e+00
9.911390572180827974e+00,5.008581846023124839e+00
4.084009591893998703e+00,9.605686075161660398e+00
9.871291865331960125e+00,5.048537432865003893e+00
4.094797462583385617e+00,9.597203141566081896e+00
4.079461520969084987e+00,9.609263355156615560e+00
4.090517261109141600e+00,9.600560100507548711e+00
4.073960332027446896e+00,9.613592407460131994e+00
9.878461503949745648e+00,5.041354781731599566e+00
4.096988943563689922e+00,9.595465600989310673e+00
4.097227604042131155e+00,9.595276978695361336e+00
4.067113411743324747e+00,9.618997732293809833e+00
4.102119902801478979e+00,9.591427075968690374e+00
4.104500451691539098e+00,9.589549243481593876e+00
4.064711529317569294e+00,9.620861043668618606e+00
4.054561290756828029e+00,9.628858265203577460e+00
4.046017713051897502e+00,9.635612115926056376e+00
4.119095334637469463e+00,9.578050396616911044e+00
4.047312843223535239e+00,9.634567955327669964e+00
9.887804704995359018e+00,5.031892844277552790e+00
9.872620529171642900e+00,5.047025428808709080e+00
4.085467746987845317e+00,9.604267162724537954e+00
4.130561054563616885e+00,9.569038412544589534e+00
4.093300131571940170e+00,9.598108796206643589e+00
9.894114579556408273e+00,5.025511530059366017e+00
4.075035837612074552e+00,9.612460013294644057e+00
4.064256171778930948e+00,9.620976395853430674e+00
4.071873028918425064e+00,9.614947831910642506e+00
9.907056737622962572e+00,5.012559986823696967e+00
4.033281183088058164e+00,9.645642349136846150e+00
4.094771653868220618e+00,9.596913255019156708e+00
4.102826519122006133e+00,9.590599665744877100e+00
9.879014800963750176e+00,5.040587169360497555e+00
4.102238186940645903e+00,9.591045343728294981e+00
4.082301180725635525e+00,9.606681138377696882e+00
4.106309384637524040e+00,9.587854210170208447e+00
4.063777752286620526e+00,9.621297007396051981e+00
4.106853027390751976e+00,9.587424084618046294e+00
4.104364199412409597e+00,9.589364218625275882e+00
4.098588144836470271e+00,9.593872260648881323e+00
4.052406969844029483e+00,9.630301860361399235e+00
4.108146327848023915e+00,9.586396239416623999e+00
4.054282126210500437e+00,9.628792044409696160e+00
9.891624173801028874e+00,5.027925815676382193e+00
4.058579782377277567e+00,9.625364392823987814e+00
4.138463797355766971e+00,9.562791636108068261e+00
4.048750163126964452e+00,9.633162347422850047e+00
4.140623877192384228e+00,9.561104446780536392e+00
9.896400366870590659e+00,5.023130163258816339e+00
9.877829271540978340e+00,5.041695011245930225e+00
4.110245064773967449e+00,9.584695978248621628e+00
4.052457433074540205e+00,9.630181683151761263e+00
9.874041585612639338e+00,5.045473373256311511e+00
4.117301200176179954e+00,9.579185360920613235e+00
4.144543786882949554e+00,9.558037263783120352e+00
4.049975425267049900e+00,9.632135715811019239e+00
4.046264762394494063e+00,9.635070247091393369e+00
9.896217395948529116e+00,5.023263982586968268e+00
4.119903866961424299e+00,9.577097811238973080e+00
4.127579394486550868e+00,9.571119125249845538e+00
4.018808957056184461e+00,9.657029564958076406e+00
9.888284008931261582e+00,5.031171896809332189e+00
4.017219300399961668e+00,9.658280059643336912e+00
4.081062187195414914e+00,9.607430852359104989e+00
9.911545736938357720e+00,5.007877633229049330e+00
4.036823358536161699e+00,9.642496346334796797e+00
4.069459020957530093e+00,9.616546819330729079e+00
4.063169703517109710e+00,9.621507016581094973e+00
4.028787038974776635e+00,9.648904378026559314e+00
4.060612344498719217e+00,9.623513831460797974e+00
4.028596438114753653e+00,9.649037767017446754e+00
4.134116110006957001e+00,9.565945080375971799e+00
4.029018179964727331e+00,9.648672139148345650e+00
4.056192233298020255e+00,9.626985171386303719e+00
4.026435878051630723e+00,9.650735874618472820e+00
9.870477862029510163e+00,5.048875931145013318e+00
9.882173473103907924e+00,5.037177706614761163e+00
4.108020009429306896e+00,9.586184272102762804e+00
4.025690734680841487e+00,9.651284189334825570e+00
9.868143927446993757e+00,5.051185968101216339e+00
4.024451063682469965e+00,9.652261222505789107e+00
4.138842596933729467e+00,9.562199180772005036e+00
4.135935544702340039e+00,9.564446614681335390e+00
4.113321417001711389e+00,9.582006083587478074e+00
4.024910784266053199e+00,9.651864566738343143e+00
4.022003012484845819e+00,9.654179316375392617e+00
9.903858178744751939e+00,5.015432597277100335e+00
4.119076823701988133e+00,9.577466345710075046e+00
4.147139674844201984e+00,9.555707948683714648e+00
4.002908249029981214e+00,9.669555694561855930e+00
9.885762149312487423e+00,5.033486071786617444e+00
4.016947229709202816e+00,9.658166235235499997e+00
4.147422126801708409e+00,9.555467735568349497e+00
9.870626331258311126e+00,5.048600959560642920e+00
9.867743338719272117e+00,5.051477151549771172e+00
4.164757864456787750e+00,9.542083317335942283e+00
4.164725336288804591e+00,9.542104800828989042e+00
9.894069867582729216e+00,5.025143263138028615e+00
9.913612451931301806e+00,5.005590578675374935e+00
9.872108475095707547e+00,5.047071692994027359e+00
4.026482110889224586e+00,9.650371956592053380e+00
4.022829858494899824e+00,9.653277397574028029e+00
9.903031286017874635e+00,5.016111651352958667e+00
4.080943431313218461e+00,9.607103705057996379e+00
4.072091110932531954e+00,9.614069518466006770e+00
4.084732590068261615e+00,9.604121758500859585e+00
4.156614550736855485e+00,9.548242006958520989e+00
4.171941559873177496e+00,9.536449024416997489e+00
3.995269880205296165e+00,9.675549662388094774e+00
4.072935489179894120e+00,9.613386595557010139e+00
4.006070051847635760e+00,9.666756581590721709e+00
4.087796973798337952e+00,9.601697707118679759e+00
4.062758978290800016e+00,9.621412707498189221e+00
4.019912570484242664e+00,9.655571243761389866e+00
4.155538407002663526e+00,9.549048457411405622e+00
4.056495538408800172e+00,9.626359784114395524e+00
4.138500746154980092e+00,9.562199439563420000e+00
4.054776232809688352e+00,9.627712372913959982e+00
9.877388503510825757e+00,5.041715232963700721e+00
4.095635362311561778e+00,9.595534632636358197e+00
4.053360079585376141e+00,9.628821259305587077e+00
4.093839002388001802e+00,9.596925524712544231e+00
3.992485894064182084e+00,9.677729823720817137e+00
4.016452556565752730e+00,9.658294528347921570e+00
4.050076505979414598e+00,9.631399602946306260e+00
4.173938249223973607e+00,9.534849787413232747e+00
4.162471027660792799e+00,9.543648427869689144e+00
4.105533501615283853e+00,9.587726733823494385e+00
9.866769504586814676e+00,5.052278883746304849e+00
4.045400392127350031e+00,9.635072165075419193e+00
4.044924460050503434e+00,9.635431505653631490e+00
4.111700062391465238e+00,9.582877534063870328e+00
4.164900363079141243e+00,9.541712130154373028e+00
4.011229868974480972e+00,9.662380945553403322e+00
4.116580530688229267e+00,9.579051841202012696e+00
4.146312265623658178e+00,9.556015560600004122e+00
4.147343727347104547e+00,9.555211742979693668e+00
4.164141154928288735e+00,9.542261245705041972e+00
4.034355515209771426e+00,9.643776744976397808e+00
4.118805483152747193e+00,9.577297108652599533e+00
3.994908288964127863e+00,9.675557093397003428e+00
9.866325988948361214e+00,5.052637249228683736e+00
9.872076979597697033e+00,5.046885024396836172e+00
9.871505483439307227e+00,5.047451118549298066e+00
3.984532428982522134e+00,9.683995472655297476e+00
3.982008619635911462e+00,9.686007691109008277e+00
4.124371809753172968e+00,9.572877663042140384e+00
9.869949935414306097e+00,5.048942717472232111e+00
9.876239642446652311e+00,5.042650241753010576e+00
4.127027952830413682e+00,9.570799339724022303e+00
3.990293697940667794e+00,9.679155988869615257e+00
4.186369926718278123e+00,9.525067540955840073e+00
4.173463674010020164e+00,9.534957461244815136e+00
9.901700214403598821e+00,5.017157071526645140e+00
4.080512372189346593e+00,9.607042472580214820e+00
3.978822347379427971e+00,9.688517904004960712e+00
9.873967421996979965e+00,5.044882610467838369e+00
3.988299555074658720e+00,9.680714088305363063e+00
4.080923844121977950e+00,9.606688903663918921e+00
4.019098186633915049e+00,9.655761934694220727e+00
4.064707543180888116e+00,9.619447593109214267e+00
3.977219295569914603e+00,9.689787167946745328e+00
3.986834395018611588e+00,9.681901027787466418e+00
9.872941720920495712e+00,5.045882975036867890e+00
9.877103798517445910e+00,5.041709848269941396e+00
4.175432270139202373e+00,9.533382217856273044e+00
9.890306072447398122e+00,5.028503854241561655e+00
3.984962127520733421e+00,9.683396233741376591e+00
3.976190313978163360e+00,9.690560880572551383e+00
9.906000087258281184e+00,5.012783068591351032e+00
4.097474969923461607e+00,9.593649049847105204e+00
4.163973291635724827e+00,9.542129219109467542e+00
4.180165108140627694e+00,9.529699008777274827e+00
4.101358374294781228e+00,9.590588851333841092e+00
4.040311475741257041e+00,9.638677206622642046e+00
9.881941256527010609e+00,5.036816310518235973e+00
4.166297691318264107e+00,9.540320568975202420e+00
4.107675834169152829e+00,9.585654023943440905e+00
4.142174757235567384e+00,9.558898541290426820e+00
4.142974732243593472e+00,9.558274122385519433e+00
4.142716658298285282e+00,9.558451685210409110e+00
4.109648083762968085e+00,9.584086837228072753e+00
4.142486322514151276e+00,9.558626533512819989e+00
3.991140891379262534e+00,9.678196591351213129e+00
4.035429521353854909e+00,9.642504599285917521e+00
4.143397940360125098e+00,9.557905903745744780e+00
3.979975980010612258e+00,9.687305097982674695e+00
4.033371487309494796e+00,9.644123566291034066e+00
4.116831921577759346e+00,9.578451090201355100e+00
9.873178239048952420e+00,5.045502038476412210e+00
4.003969768728984135e+00,9.667692763828517499e+00
4.003929886827828355e+00,9.667720079228994123e+00
3.986694617651300732e+00,9.681723818669821569e+00
4.117897747017207344e+00,9.577566970033064564e+00
4.121061233188103579e+00,9.575087961318100582e+00
3.974724926758032684e+00,9.691468606676997055e+00
4.022829899593775238e+00,9.652435663675255739e+00
3.974762188222946691e+00,9.691416132033079833e+00
3.976010539921576381e+00,9.690364837790887975e+00
9.912740527378817390e+00,5.005860630065590122e+00
9.890683368844877421e+00,5.027912944990106325e+00
4.127125308333462250e+00,9.570333359866374678e+00
9.864571161891644735e+00,5.054018777355675951e+00
4.187429374614803024e+00,9.523916437085611975e+00
4.187742128394989827e+00,9.523673861312399680e+00
4.127809005409685206e+00,9.569780548404457576e+00
4.191931647861389720e+00,9.520453002017680078e+00
4.074196177659154650e+00,9.611586717229904764e+00
3.973187696292895588e+00,9.692600025875819370e+00
4.061950063628454899e+00,9.621216687738302298e+00
4.157011480846412255e+00,9.547194239694945850e+00
3.972331782502924291e+00,9.693265340115017281e+00
3.969894597807546610e+00,9.695271492895104259e+00
9.895839708473364027e+00,5.022695428283969754e+00
4.065376966213149146e+00,9.618489591053542398e+00
4.178986553182880925e+00,9.530312401882563123e+00
4.204873498150394795e+00,9.510530867704140690e+00
4.051310359036698117e+00,9.629585579092410086e+00
9.899453847501343162e+00,5.019066329236011370e+00
4.193803874614859595e+00,9.518964212813061820e+00
4.049615562593178453e+00,9.630917107783556474e+00
4.045953706392567462e+00,9.633811877839178806e+00
9.354863694110461481e+00,5.455461273854342430e+00
9.409537077286010742e+00,5.412417556152281151e+00
4.555556964783888496e+00,9.234663355922140937e+00
3.983506544585892151e+00,9.685147683673372754e+00
8.410226886795635792e+00,6.199291332586032155e+00
4.115578338705340400e+00,9.581127155925207362e+00
4.284513501476322261e+00,9.448124173693804195e+00
5.254343113001242571e+00,8.684423425450242817e+00
5.088604114400352429e+00,8.814908569543051797e+00
8.320844113819546806e+00,6.269680327056492253e+00
7.890643488879486966e+00,6.608461378520921414e+00
7.650298899374996076e+00,6.797737293921673363e+00
8.373072969076325478e+00,6.228574069082621456e+00
9.273390607681983866e+00,5.519611777729373614e+00
4.842817459445457828e+00,9.008477443094600190e+00
9.706845885932908757e+00,5.178306434359345012e+00
5.401900620329694647e+00,8.568208625635964637e+00
8.157025703412768891e+00,6.398703587835372630e+00
5.377425622780725334e+00,8.587484848763244472e+00
8.203384750143005277e+00,6.362181021077797816e+00
5.688797738585400054e+00,8.342289998330977951e+00
6.198724478469793908e+00,7.940781834509015091e+00
8.770403873688565000e+00,5.915705657678514306e+00
5.606546646845957049e+00,8.407067773052460780e+00
6.024116635244461726e+00,8.078263411382874182e+00
9.108055894607220537e+00,5.649790961794830757e+00
8.016188720639869203e+00,6.509618484734546406e+00
6.030945942988777730e+00,8.072890690741461484e+00
7.923258822241427524e+00,6.582796371428503157e+00
7.112708238284733753e+00,7.221048691637062866e+00
5.123214904218603039e+00,8.787650295639604536e+00
4.591186623518551002e+00,9.206617389851475153e+00
5.175426972548335947e+00,8.746539575794386678e+00
5.087525399963739758e+00,8.815775137678635076e+00
7.880209190747347492e+00,6.616668599228666459e+00
5.592928701460426311e+00,8.417780956675169790e+00
7.071412975841631976e+00,7.253552790618680746e+00
7.093905695556171231e+00,7.235847983738048050e+00
8.023308849404157783e+00,6.503970456793793709e+00
4.382707766571945385e+00,9.370797262732638799e+00
6.699139206408645464e+00,7.546705850291822948e+00
6.854207214270875426e+00,7.424593797042706278e+00
8.468877100956342829e+00,6.153136940935978849e+00
9.735749089671358547e+00,5.155510734604840550e+00
5.678077399725706798e+00,8.350759208874407591e+00
9.638830598366370239e+00,5.231845069970958662e+00
7.875757996269149075e+00,6.620166413918375348e+00
9.565041457591048513e+00,5.289970013739606181e+00
4.363200410835112564e+00,9.386136905615815706e+00
4.135907668610867560e+00,9.565133027728705883e+00
9.434230544054310386e+00,5.392978986592530610e+00
7.881507318981594068e+00,6.615673659399396556e+00
6.665009822400854489e+00,7.573590101642336592e+00
6.804927891393169226e+00,7.463423648826937651e+00
5.507975667514367402e+00,8.484679127481163263e+00
9.090457714770922237e+00,5.663662665532989138e+00
9.490159259514836521e+00,5.348897628860946440e+00
5.147385046339062242e+00,8.768622944159631061e+00
4.070896634149606008e+00,9.616304961512957661e+00
7.202979350112592272e+00,7.149962526826446840e+00
6.123364191503108955e+00,8.000116078825778132e+00
8.598835856624907237e+00,6.050769905724337150e+00
4.448746141521217723e+00,9.318790711828114581e+00
9.088597500845951416e+00,5.665147560947998429e+00
7.890222081540049004e+00,6.608801677307293510e+00
6.391273037575289528e+00,7.789141065026790045e+00
5.550254476955111649e+00,8.451402296234563849e+00
6.891037730198442013e+00,7.395607040160195211e+00
8.928200375518750675e+00,5.791428923048495214e+00
6.492819553167507252e+00,7.709179016559770226e+00
7.098797960213135916e+00,7.232000816067709614e+00
6.471698386436568029e+00,7.725812196422487510e+00
6.622990898634545154e+00,7.606671630843615972e+00
8.263999146412713159e+00,6.314467918397916435e+00
8.294663144994256498e+00,6.290319190727603704e+00
7.621208476548215316e+00,6.820642609713598148e+00
8.208039321941081212e+00,6.358529063528552960e+00
4.076874632998832126e+00,9.611609287317195438e+00
5.257148465859529551e+00,8.682185478837549653e+00
6.435901569295884528e+00,7.754008720778405639e+00
4.896984901811405777e+00,8.965813959395605437e+00
9.212206852712229832e+00,5.567800704584783489e+00
4.486712874775588666e+00,9.288906176629213363e+00
7.089843921312306563e+00,7.239062637708175707e+00
9.298353100256353088e+00,5.499976699530248148e+00
8.472796377477246565e+00,6.150036886427376892e+00
8.998045750113289998e+00,5.736437104839031242e+00
7.063998705138651246e+00,7.259402470122203077e+00
9.564856241729602360e+00,5.290100983328846596e+00
5.730247812726190659e+00,8.309650504523062864e+00
4.210376747686761512e+00,9.506466177077065538e+00
6.077188210692215264e+00,8.036456671351807302e+00
8.708414050819280661e+00,5.964483463258049234e+00
7.112378098999796450e+00,7.221307429941412614e+00
6.197992238339818272e+00,7.941334440482031631e+00
8.921221965382795105e+00,5.796943070353894889e+00
8.856406751390183629e+00,5.847964880643140795e+00
7.970622363047073833e+00,6.545486119427097016e+00
5.086265592167467986e+00,8.816779316329451888e+00
7.805547354240973235e+00,6.675446029718473895e+00
5.008581767411370400e+00,8.877935637341227704e+00
7.890094111671590582e+00,6.608887252948531632e+00
9.447640071836261200e+00,5.382386629944856615e+00
5.713820594580682588e+00,8.322618725728993638e+00
7.703864433805876821e+00,6.755549711429456039e+00
7.210111413873836028e+00,7.144339211560709835e+00
7.863014055276884129e+00,6.630216759015699957e+00
7.316312418992954925e+00,7.060717535449645865e+00
8.142382334812701572e+00,6.410237668263561339e+00
7.818194512836986299e+00,6.665505551563471798e+00
3.974994971372221020e+00,9.691838106568210875e+00
8.845623340444346283e+00,5.856458773777593052e+00
8.187089485062509553e+00,6.375037310189132000e+00
5.422463270112954703e+00,8.552040770715452211e+00
8.942057573358868083e+00,5.780517475013260409e+00
4.514157385054486049e+00,9.267290406352506338e+00
5.009795091009239698e+00,8.876990958030852141e+00
5.263170921171850480e+00,8.677482618073359077e+00
4.265551061651564169e+00,9.463054005227721888e+00
4.362419873898267575e+00,9.386755312582490518e+00
5.193266402757899414e+00,8.732503400629155976e+00
6.561283761607027643e+00,7.655282873208743233e+00
7.423713985343317390e+00,6.976143390523379395e+00
5.986771516710517105e+00,8.107676669873335129e+00
9.632869383471057034e+00,5.236555109986609224e+00
7.892811227717270839e+00,6.606771163608140540e+00
9.773303873028691413e+00,5.125949624797288884e+00
8.819156915362393434e+00,5.877281628221446397e+00
8.279178238932859202e+00,6.302499048358190414e+00
4.907763910092208803e+00,8.957330205905291720e+00
6.229758495242091243e+00,7.916331942409295941e+00
6.556618247671965882e+00,7.658956475368482231e+00
6.417383342776557420e+00,7.768577316022896362e+00
4.172234402003080156e+00,9.536516310764364235e+00
6.105068889854738501e+00,8.014492267920237722e+00
7.341394289460838607e+00,7.040983967831849988e+00
7.543898386973709513e+00,6.881511107257644255e+00
9.467466587222036267e+00,5.366792964073149541e+00
6.996118421977671531e+00,7.312863175610290867e+00
4.750736119723922180e+00,9.080964693199488735e+00
4.480386132709630154e+00,9.293868694246043560e+00
8.120060440763053222e+00,6.427800354119369786e+00
5.069094739149289097e+00,8.830275857423197650e+00
5.330686851284772487e+00,8.624287142442844001e+00
6.483874452271243705e+00,7.716235883422934094e+00
9.595570395912774941e+00,5.265905910441166071e+00
4.815741534010198777e+00,9.029776884688768490e+00
6.956505051557472896e+00,7.344053891575696547e+00
9.635622292209708561e+00,5.234370180776174664e+00
8.267655049613917839e+00,6.311573508065643878e+00
6.087678240085023340e+00,8.028221677486394370e+00
5.897585696121304899e+00,8.177901435783109463e+00
4.089832447406858584e+00,9.601390060980239838e+00
6.945560512525776886e+00,7.352659963562997447e+00
6.360360450240587937e+00,7.813481511190488504e+00
5.009018277628879190e+00,8.877578529625003156e+00
5.558248614216634742e+00,8.445118862544669369e+00
8.518944049196351287e+00,6.113719232446218399e+00
8.762964050078714706e+00,5.921558157435144132e+00
7.208267909256079520e+00,7.145800001419915226e+00
5.696222184685408862e+00,8.336448385523805626e+00
8.493070533722988813e+00,6.134068678301483502e+00
9.829070217476322924e+00,5.082044211661786548e+00
8.608618994659222423e+00,6.043095497338495825e+00
8.402835922054228135e+00,6.205149288373820404e+00
9.589211928813051955e+00,5.270908933601538671e+00
9.422035257195155111e+00,5.402558972571767093e+00
7.531196843541438923e+00,6.891512438856680411e+00
6.895603409434988507e+00,7.392012686909321673e+00
5.959264689828909667e+00,8.129327244320458945e+00
7.701180669495652609e+00,6.757668450911960889e+00
7.012011370903820762e+00,7.300354990421187296e+00
8.549316741253775831e+00,6.089776549647870851e+00
8.436765655925336560e+00,6.178422417348420126e+00
7.696274100941152163e+00,6.761501859154126493e+00
9.573047048526076352e+00,5.283662904079292844e+00
9.531052988088248412e+00,5.316720249072310445e+00
7.879037351130288691e+00,6.617611532540625952e+00
7.515616287755092273e+00,6.903790383203889824e+00
7.162184789447364253e+00,7.182097138368010114e+00
9.524631365803790217e+00,5.321766423291424353e+00
8.470225203964501404e+00,6.152073025389862337e+00
7.028423429827752145e+00,7.287432898387988800e+00
7.847695930496707106e+00,6.642264521543183697e+00
5.739695894300301582e+00,8.302223985144042473e+00
9.091607632163308139e+00,5.662764371271883590e+00
8.159746935904097498e+00,6.396566285792578022e+00
8.631327175240645744e+00,6.025219271731516280e+00
9.750001856157547664e+00,5.144313692868895060e+00
8.205926764277084118e+00,6.360187897336434304e+00
4.230266418868436240e+00,9.490831558732939044e+00
5.299024250890655097e+00,8.649237774613940388e+00
6.223494401501396212e+00,7.921245292725100917e+00
4.974799785953030629e+00,8.904544592461389740e+00
5.557023304841503197e+00,8.446074059865608774e+00
8.214719437054524676e+00,6.353242808547977738e+00
6.888622677824004725e+00,7.397507799249002147e+00
7.888045787242775830e+00,6.610522235801187030e+00
5.982683148305502741e+00,8.110901380105428160e+00
9.101135923271034045e+00,5.655275080155615086e+00
5.917300306881670302e+00,8.162385907950545416e+00
7.443570097504869310e+00,6.960494287795642165e+00
4.476255247589196351e+00,9.297121355760806338e+00
4.871865415876161620e+00,8.985612794465671627e+00
5.094613743513122017e+00,8.810204033907325538e+00
5.712849822053705395e+00,8.323378372628800648e+00
7.497515709673638895e+00,6.918036020094867844e+00
8.409693789238060546e+00,6.199727919494443462e+00
7.860216499427600922e+00,6.632399500184156693e+00
7.943558769228035388e+00,6.566776476660486139e+00
5.766576819569235290e+00,8.281058295097164290e+00
5.925013548989445766e+00,8.156293358462681553e+00
9.818729999508652995e+00,5.090194635249119415e+00
5.017406151925047908e+00,8.870984104226634415e+00
5.418584807596166897e+00,8.555092055392609751e+00
9.758357247631076703e+00,5.137731679295318266e+00
8.991159969578806255e+00,5.741865199235340000e+00
4.933350966993856446e+00,8.937177367737518807e+00
6.609848195234533819e+00,7.617027302644432396e+00
4.422045934568965997e+00,9.339800526816032900e+00
8.963690361890840563e+00,5.763506276516619842e+00
4.151417038826630268e+00,9.552899205581907083e+00
8.438347738326974934e+00,6.177168754259397154e+00
9.514638156861494167e+00,5.329655501597192035e+00
9.743993995288978027e+00,5.149039456476004695e+00
9.277237274559331226e+00,5.516575888602254452e+00
7.366237490826123668e+00,7.021390246516981293e+00
5.263315391687880762e+00,8.677341057102630373e+00
7.702848374641305007e+00,6.756317744341353126e+00
6.548847332160829815e+00,7.665040346643412050e+00
5.885119995814346971e+00,8.187702779019481625e+00
5.924259239010702061e+00,8.156875134970537289e+00
9.767305636678003111e+00,5.130680115852684686e+00
6.265390826492469145e+00,7.888248763207811542e+00
4.523928046506989098e+00,9.259582992247112898e+00
4.227738809544080212e+00,9.492831522745067474e+00
9.427427396667933834e+00,5.398299922179716326e+00
4.972927106222572391e+00,8.905997691991350607e+00
4.548156955339784702e+00,9.240516381442761329e+00
5.551713163979998811e+00,8.450271235276424875e+00
7.999361728748045408e+00,6.522826781559372122e+00
4.313118007681159050e+00,9.425603237048285621e+00
9.172072840835017615e+00,5.599376825544462477e+00
9.875085379488050208e+00,5.045800491207376837e+00
3.973077176427684876e+00,9.693365555473324235e+00
6.510051574179182232e+00,7.695612910123299066e+00
9.195841366941278849e+00,5.580664449930886839e+00
4.615153568356342717e+00,9.187736023257063067e+00
9.441211263003667753e+00,5.387467334583587508e+00
5.517147422424123704e+00,8.477459876870584665e+00
8.759021889532933258e+00,5.924665969982070735e+00
5.309493510714355935e+00,8.640992454985306992e+00
9.438085094470924474e+00,5.389935108303488320e+00
4.947596965604966535e+00,8.925972131788093122e+00
6.153563886064104871e+00,7.976342916964743068e+00
5.300167459158077854e+00,8.648322566981892834e+00
8.655387924600574934e+00,6.006239959766920933e+00
7.432965761888750578e+00,6.968874928082304798e+00
8.094082249623404834e+00,6.448259356125495501e+00
4.513174349672638641e+00,9.268057425895495527e+00
8.388646270595165433e+00,6.216300356550520156e+00
5.073393559001365460e+00,8.826900046387757826e+00
6.385089654076649524e+00,7.793991024311648808e+00
9.880942761202790692e+00,5.041208960191823074e+00
8.286571677135549763e+00,6.296691863107662712e+00
6.733184950639691912e+00,7.519890515808524967e+00
6.864696932924184480e+00,7.416340382141282994e+00
6.380677656787154817e+00,7.797495338772893803e+00
7.207464534638622133e+00,7.146435441230895691e+00
4.703117022715224138e+00,9.118469929571682897e+00
8.449471643733982518e+00,6.168425440193646025e+00
8.123911829484663727e+00,6.424755001006465349e+00
5.127236899625227551e+00,8.784492641645853084e+00
9.176195145085634053e+00,5.596137125101229515e+00
7.704776760500518407e+00,6.754837700229630926e+00
8.820261516038495841e+00,5.876410640039265054e+00
9.579747822309270688e+00,5.278388531369928138e+00
4.247705707801410213e+00,9.477110617508001766e+00
9.232455626951278305e+00,5.551852606048463201e+00
4.110816438426673436e+00,9.584878182215254228e+00
8.714723650800015875e+00,5.959525312262032415e+00
4.280514926364064721e+00,9.451244756925174073e+00
7.510142960953544389e+00,6.908100411691218135e+00
4.647009546618959597e+00,9.162658771818730230e+00
6.348641449645294088e+00,7.822725568965929632e+00
4.664145140351036112e+00,9.149161283479767093e+00
8.600422539471820116e+00,6.049523267873576415e+00
8.775720945952372176e+00,5.911512239057673312e+00
5.756601020010517544e+00,8.288926289757124977e+00
8.500145311366686940e+00,6.128492944267257769e+00
8.027018388805529980e+00,6.501087911322782631e+00
7.167552939611599783e+00,7.177845635127813040e+00
4.938079290877008809e+00,8.933464993430705547e+00
8.155096429082435705e+00,6.400213302857933328e+00
6.114325201589631220e+00,8.007228959625161124e+00
7.063134370601949819e+00,7.260074189765353125e+00
4.181909112532832040e+00,9.528924164294505061e+00
7.552530646998635966e+00,6.874714676382593481e+00
5.372272205215276486e+00,8.591557204521345525e+00
7.554171226157324170e+00,6.873432143081646295e+00
7.262411532413015181e+00,7.103138144962173328e+00
8.720382477926138520e+00,5.955099698305042821e+00
8.394605623564439512e+00,6.211603809130877174e+00
9.889828811962951605e+00,5.034190560705217976e+00
8.723878969264553973e+00,5.952344084383490497e+00
8.194162057243410402e+00,6.369434776565564782e+00
9.719767778078296061e+00,5.168098773667218815e+00
3.994468888349886448e+00,9.676521905433833837e+00
9.287974235692674441e+00,5.508115147078147977e+00
5.362688828811602804e+00,8.599109648329944733e+00
5.802111614339871437e+00,8.253061309605060458e+00
7.656689531936434534e+00,6.792672666411204929e+00
9.229552811264090550e+00,5.554152647748508365e+00
5.097077052711944667e+00,8.808263896724819020e+00
4.037233020218459423e+00,9.642814304519738755e+00
4.257143355936484852e+00,9.469667043810654050e+00
4.606390621317843603e+00,9.194640795824142288e+00
6.986836856031366949e+00,7.320152361018462450e+00
8.700103228015414913e+00,5.971045573893331238e+00
8.072414306358766112e+00,6.465303599096134946e+00
7.961413947185385531e+00,6.552718235148555337e+00
8.078269476612813804e+00,6.460724568562432601e+00
8.830705941264749725e+00,5.868214493123071307e+00
6.882668742322668010e+00,7.402198952482677008e+00
8.285920390127348156e+00,6.297183905833586337e+00
9.793798626253446216e+00,5.109796869070510894e+00
9.311221094628145067e+00,5.489802000752406208e+00
5.849138545815578460e+00,8.216052403166360207e+00
7.375575409772281432e+00,7.014045145437057371e+00
9.447960602176832978e+00,5.382168299458966132e+00
6.055412847423919942e+00,8.053625076697237262e+00
9.707791886303581919e+00,5.177548684603791251e+00
7.209849379912542489e+00,7.144557105807302300e+00
9.470831678697530620e+00,5.364152949980213414e+00
4.666196846014079469e+00,9.147535390585522563e+00
9.810004757084156424e+00,5.097058831595771444e+00
6.451168811091891442e+00,7.741953518358232422e+00
6.876285264492233651e+00,7.407232947514054366e+00
6.213212452606567737e+00,7.929335912394044783e+00
7.739542389755129648e+00,6.727425552206875103e+00
6.730907411301251031e+00,7.521673053641364071e+00
7.694166757811506940e+00,6.763187239862854305e+00
6.499448256852994987e+00,7.703961588636215829e+00
7.244987127723652165e+00,7.116899715698686180e+00
7.418234280612225007e+00,6.980474699997938792e+00
9.717717387109210847e+00,5.169719305400056086e+00
7.865736589121544498e+00,6.628061478552240260e+00
6.070696458189514644e+00,8.041574798762376020e+00
4.501985434136489772e+00,9.276879408406463412e+00
9.390460469768212803e+00,5.427404582193491756e+00
7.342934119524461956e+00,7.039770133104453542e+00
8.172256070089478186e+00,6.386684685492215685e+00
4.057068790522428081e+00,9.627220191712151376e+00
7.688410071187639971e+00,6.767688505597367232e+00
8.801792626693174526e+00,5.890988864061800889e+00
4.789979582696230587e+00,9.050082299860822133e+00
7.865655600106190803e+00,6.628125844157653823e+00
5.417095743791248807e+00,8.556249335365507136e+00
5.405828074109605197e+00,8.565136734439594335e+00
7.571300302715600061e+00,6.859904827637829605e+00
9.278978085493964301e+00,5.515230334915278476e+00
4.987076717947703131e+00,8.894878156289944826e+00
4.659609610023628612e+00,9.152748700203597210e+00
6.696808064649311554e+00,7.548528058126168894e+00
4.012675666179876366e+00,9.662167390528585642e+00
4.797262493210165957e+00,9.044360062180114568e+00
7.002802237600882052e+00,7.307593117455353671e+00
9.910261889638606547e+00,5.018098440673083083e+00
8.531227239037130872e+00,6.104032832698890410e+00
6.108533058524318271e+00,8.011776989386243386e+00
9.202810327969084270e+00,5.575208758151426913e+00
8.957453924605999873e+00,5.768406111915730605e+00
8.915688935208692101e+00,5.801265152902712607e+00
9.472195138446901197e+00,5.363058593244224959e+00
8.528516740461958179e+00,6.106163731867949807e+00
8.735091843504541487e+00,5.943492488409276575e+00
9.422651063325924170e+00,5.402083192952281898e+00
5.991370851001745379e+00,8.104054777848514135e+00
3.987562918779879784e+00,9.681920853237226510e+00
6.328968055299334594e+00,7.838215805975225159e+00
8.527677593709816151e+00,6.106841232112028450e+00
9.780824879562375784e+00,5.120051844940523011e+00
9.745655789998698637e+00,5.147748141803477395e+00
8.597639779533384541e+00,6.051714825525660757e+00
5.241269580945680850e+00,8.694707813175645228e+00
6.395644076850016901e+00,7.785679931909642804e+00
8.837104764154668501e+00,5.863183403972197283e+00
4.967560786082305668e+00,8.910256454500899537e+00
9.274749434466009745e+00,5.518558730193752204e+00
7.082678921217963719e+00,7.244686811410452343e+00
6.109121428262211495e+00,8.011321774982803845e+00
8.445317966617116312e+00,6.171679791584899100e+00
9.137989313573301686e+00,5.626228578935867475e+00
7.589192307360558942e+00,6.845820898902419849e+00
4.980402583204369904e+00,8.900113143176930919e+00
5.050887768172107606e+00,8.844606693868106717e+00
8.314383473180425810e+00,6.274764071315200198e+00
4.384136393257739073e+00,9.369654832904826591e+00
8.153777389538864995e+00,6.401245849019891132e+00
5.142960839415974483e+00,8.772117510616018521e+00
8.580181055055502881e+00,6.065474065031029482e+00
8.431141654498496507e+00,6.182828768586452917e+00
8.274242015310816711e+00,6.306377669388176344e+00
4.913523594669607419e+00,8.952809854962238134e+00
5.383556320066363199e+00,8.582651173864960015e+00
5.780726796354684893e+00,8.269894568162689197e+00
5.264241943445128413e+00,8.676611394686529977e+00
8.645999558106526095e+00,6.013657540476387453e+00
7.651595760798844736e+00,6.796712737854336162e+00
5.792595824413446337e+00,8.260568766835518772e+00
4.300040187551662285e+00,9.435867010083017092e+00
8.995316068749717786e+00,5.738568145297974432e+00
4.415085482227487645e+00,9.345297361282277393e+00
5.947311702462366512e+00,8.138740242005011893e+00
8.121402463982176911e+00,6.426757593596961193e+00
7.230287860537948141e+00,7.128463397096561849e+00
8.925749848587638979e+00,5.793348080418335044e+00
7.054465084651193152e+00,7.266918498189954612e+00
7.085097762831132684e+00,7.242789207114584293e+00
4.007693521221501243e+00,9.666105903046821268e+00
4.780291481638327511e+00,9.057692047609167574e+00
4.035017511391678191e+00,9.644562270935379544e+00
3.982884102072627996e+00,9.685645703521229777e+00
8.153437867353103385e+00,6.401538556130206281e+00
7.908839601949999576e+00,6.594118395468464122e+00
9.847725685666299356e+00,5.067361779594190985e+00
8.338037907742551269e+00,6.256146012855674066e+00
4.250583733900098693e+00,9.474814775644322395e+00
6.709268302379719273e+00,7.538728172591834031e+00
7.706599715096484005e+00,6.753373428721768157e+00
9.248404087523988792e+00,5.539268176671027888e+00
6.031099849082954378e+00,8.072775902359246913e+00
9.004328899685784648e+00,5.731497854508259771e+00
5.495191170966531757e+00,8.494774762889994335e+00
6.171497566878849206e+00,7.962209216548615132e+00
8.238163405444055343e+00,6.334812044683560295e+00
6.115311425845360915e+00,8.006431023148643078e+00
9.595297429959822821e+00,5.266132401260950502e+00
7.293907972189480837e+00,7.078371060326531961e+00
8.498104729418086478e+00,6.130118648550805460e+00
6.832226744614155578e+00,7.441912689600388653e+00
4.763775555792792105e+00,9.070700528047423106e+00
5.582929673140210269e+00,8.425648574929564205e+00
9.894544851058334700e+00,5.030498617746948398e+00
9.365452412262964543e+00,5.447139499441677302e+00
7.415335553417049752e+00,6.982730780343304744e+00
6.327344990711350370e+00,7.839498545490233283e+00
5.689458903479199137e+00,8.341794753435408438e+00
8.992697037439320695e+00,5.740658240883599994e+00
6.602369066310534329e+00,7.622923500696086485e+00
9.364711781195063978e+00,5.447684953793574536e+00
6.330135184432956308e+00,7.837283428386399464e+00
7.314625232250833164e+00,7.062049026909248184e+00
5.985435606788313656e+00,8.108706238705169156e+00
9.080383901236242394e+00,5.671582025469916744e+00
7.319041776141078870e+00,7.058582195651481150e+00
9.354531348669722135e+00,5.455706857879179417e+00
9.069104175616459429e+00,5.680486789127922265e+00
6.179920624851937383e+00,7.955566491118079675e+00
8.221466618366344292e+00,6.347957013186136699e+00
8.004153848267250737e+00,6.519059289894038045e+00
4.330133665374327201e+00,9.412200883920755601e+00
7.401909408482140407e+00,6.993302352783185682e+00
6.261608826774482495e+00,7.891234937929165305e+00
8.617436992839426324e+00,6.036143781975772171e+00
8.834323055906939004e+00,5.865354829105981160e+00
8.469536982890303989e+00,6.152606158161538552e+00
8.933114149526844017e+00,5.787567942789640263e+00
4.914431471015990205e+00,8.952080659723726797e+00
6.094651751161547004e+00,8.022722552988867051e+00
5.045181975811257047e+00,8.849131455740756991e+00
8.774050371841642715e+00,5.912816368016691193e+00
7.517515694598913001e+00,6.902270806369907419e+00
8.371568235098104438e+00,6.229750718583334290e+00
8.161028069137566732e+00,6.395544225020453943e+00
3.983528483980222745e+00,9.685109070756297456e+00
6.540476456434046959e+00,7.671667142475070200e+00
7.320567388032722000e+00,7.057343273651579096e+00
8.882227994802020632e+00,5.827654136571242205e+00
9.250263474602482106e+00,5.537809950231241451e+00
4.142303762772976405e+00,9.560091227981262207e+00
8.152903865372151060e+00,6.401948204954171828e+00
9.904824069387593966e+00,5.022407445818794614e+00
5.259624861758283032e+00,8.680258130744293865e+00
9.109263705041792392e+00,5.648846567607325397e+00
9.645036363329626994e+00,5.226944785088532441e+00
8.654835961891045315e+00,6.006700849860261648e+00
6.002965359492558939e+00,8.094915685110557035e+00
9.549330030129407731e+00,5.302316559393680073e+00
7.794704198574390119e+00,6.684008826429820971e+00
7.070612629920116632e+00,7.254180780514919213e+00
8.065902346242875609e+00,6.470464015148464476e+00
6.146164721935887698e+00,7.982160946009599023e+00
5.427406984336434981e+00,8.548144434294973948e+00
8.919594127745270384e+00,5.798204203416196023e+00
9.035379896190304905e+00,5.707026491988654193e+00
8.752706135899739337e+00,5.929645918947017869e+00
5.013234544241942814e+00,8.874280636932299515e+00
9.290432406727756387e+00,5.506212679933933707e+00
5.913866186602623642e+00,8.165091185786481631e+00
8.425113049943286470e+00,6.187590661321945795e+00
6.842296666687568418e+00,7.433968261106194575e+00
4.983795531504215504e+00,8.897453538368027992e+00
7.429705113361544377e+00,6.971435018880403511e+00
9.173981568153564581e+00,5.597881814857148086e+00
5.009424658971013855e+00,8.877266799353220605e+00
7.615708206166672767e+00,6.824942498040686978e+00
8.364425300040599254e+00,6.235385931098526235e+00
7.171760619429988992e+00,7.174557798770861083e+00
6.340892964423263223e+00,7.828803310632196144e+00
9.493186195169055708e+00,5.346531163083823479e+00
7.322770029115030610e+00,7.055610966386091754e+00
9.897618026155175386e+00,5.028044653936633246e+00
4.014341335411367950e+00,9.660844075284341415e+00
8.150458782197274488e+00,6.403853065202238959e+00
4.681995283638032745e+00,9.135090135830925107e+00
5.173856362249985352e+00,8.747782237279583484e+00
9.582714164443418170e+00,5.276014006294087011e+00
6.155043152270417650e+00,7.975173663475165320e+00
8.713526142089795812e+00,5.960495653668928639e+00
9.064858658411957038e+00,5.683800583134592799e+00
5.496425029593817513e+00,8.493800920762351936e+00
9.241763923172944928e+00,5.544514995067506113e+00
8.716268518342207727e+00,5.958327154847856022e+00
8.827082242103543308e+00,5.871055013288052571e+00
7.288122328776206693e+00,7.082917430526321390e+00
6.890842628111025547e+00,7.395738301557559069e+00
4.004783035767181865e+00,9.668389875735805106e+00
8.371369020179660225e+00,6.229892100589798254e+00
8.009112691789734839e+00,6.515167862108460106e+00
5.411346365046224349e+00,8.560778536753057111e+00
6.736323915219799119e+00,7.517419783796579047e+00
6.953018271344886259e+00,7.346776497221607194e+00
6.023016251994782522e+00,8.079107569633913855e+00
9.274297943261180066e+00,5.518904151053104279e+00
8.802332226761002687e+00,5.890554111790251568e+00
4.056662007806783876e+00,9.627519091180655408e+00
6.147143608804294779e+00,7.981365093767983865e+00
8.699697672306733409e+00,5.971383366391829206e+00
7.920206296437982019e+00,6.585179411799500393e+00
6.649684190152757246e+00,7.585641170320793769e+00
5.885185437363776195e+00,8.187678819139504682e+00
8.011092123705813250e+00,6.513590717810353148e+00
5.936149517841948331e+00,8.147520748427993453e+00
8.817044115007218963e+00,5.878962579145573741e+00
5.878869919524742471e+00,8.192635375014811316e+00
7.108876731686264883e+00,7.224060013284394621e+00
7.165858978991604289e+00,7.179183891447316945e+00
3.970856895204511350e+00,9.695078385268169896e+00
7.399296925495843169e+00,6.995349782331365063e+00
8.031463236518167292e+00,6.497574538504292008e+00
8.604114086559114583e+00,6.046620621941285023e+00
9.142563642293138670e+00,5.622648152157382562e+00
5.797281936331737384e+00,8.256893871235234883e+00
8.397724753330535918e+00,6.209141183440880063e+00
5.461292647633028352e+00,8.521441707559709755e+00
9.303191763635714651e+00,5.496146248057282691e+00
4.685977468818788516e+00,9.131966282998643436e+00
5.474217505585983190e+00,8.511276694824383426e+00
8.318489329612589245e+00,6.271549851751973215e+00
5.905757807168308560e+00,8.171462591106738671e+00
4.405528587282707242e+00,9.352812653638849838e+00
8.764070934988627215e+00,5.920665668737702170e+00
6.829322177725817511e+00,7.444216138044451370e+00
8.497663727521324262e+00,6.130475820183049152e+00
7.080690027401413289e+00,7.246237622428568947e+00
5.789055395232237444e+00,8.263351704405215159e+00
6.866431131773705232e+00,7.414964036364294131e+00
4.100905569878429802e+00,9.592706071738176021e+00
4.044921173411135662e+00,9.636774159950359575e+00
4.798422574956079600e+00,9.043446079046992381e+00
5.845432491138117470e+00,8.218982186347934871e+00
7.506598113978433240e+00,6.910857224985957004e+00
8.437117483585778288e+00,6.178146762541013359e+00
5.299176409180684999e+00,8.649098982042959349e+00
8.411321887129115993e+00,6.198451895795312971e+00
4.371515601469483592e+00,9.379618630368568688e+00
7.862010360521660246e+00,6.631025321810181339e+00
6.014805575301318541e+00,8.085584539960880335e+00
7.457951887856420825e+00,6.949167691567829763e+00
5.869581612396126857e+00,8.199953125405945897e+00
5.544802801301952577e+00,8.455687066216679426e+00
4.242863118980623405e+00,9.480924438634620088e+00
8.556107387171564937e+00,6.084457782931567138e+00
8.144970473863777372e+00,6.408184987878150274e+00
5.130152135747875874e+00,8.782221524721274264e+00
9.227860785566898372e+00,5.555451431897425962e+00
4.764551665318657925e+00,9.070122057908850621e+00
4.830035209638877447e+00,9.018530825939429008e+00
6.076040001717087691e+00,8.037368989482173376e+00
3.982053928975610280e+00,9.686294330061683056e+00
4.232044173789399011e+00,9.489403926761498909e+00
5.809799547392173302e+00,8.247036185204104086e+00
6.923831462088154254e+00,7.369790848383243720e+00
6.283656372536313484e+00,7.873883490496518256e+00
8.780248578406196103e+00,5.907937187990398797e+00
6.305577353580915201e+00,7.856630610473756882e+00
8.541334994106406953e+00,6.096081693713153449e+00
9.359054650490376659e+00,5.452167187025111161e+00
4.156290846308265508e+00,9.549085645634532327e+00
9.545868501797365013e+00,5.305045194896155891e+00
4.377964682146266995e+00,9.374528705889392910e+00
7.523694312333786272e+00,6.897402431136442580e+00
4.468279313750811887e+00,9.303407660787598843e+00
6.194614586563410796e+00,7.944018536214793258e+00
5.040565566792723828e+00,8.852741560718381919e+00
5.417035053257867716e+00,8.556296916884621240e+00
8.485556280068365709e+00,6.140010011348412178e+00
3.987338693233672515e+00,9.682103041358354645e+00
5.945092905551588203e+00,8.140471623838598347e+00
8.732448471122779665e+00,5.945558868422346599e+00
7.586063669059314840e+00,6.848282876043382927e+00
6.133408769325729537e+00,7.992212891932489960e+00
6.827467373638941517e+00,7.445661954363572477e+00
4.097100599498204154e+00,9.595683439824821193e+00
6.545912558533349745e+00,7.667346763135580723e+00
8.610365455226279607e+00,6.041692548464450141e+00
7.679360999408279653e+00,6.774836137473367437e+00
7.164043741589249947e+00,7.180612802070734269e+00
9.618283824076003796e+00,5.248014526007128921e+00
8.444456255518884902e+00,6.172355360076404729e+00
6.396182977587215213e+00,7.785260951786747263e+00
4.801601566385953035e+00,9.040921039980670315e+00
6.234239831022502898e+00,7.912776061000842631e+00
5.318144016566950683e+00,8.634181956890680354e+00
6.490104144083920445e+00,7.711317732036035544e+00
7.654502735494631338e+00,6.794391344953305101e+00
6.462590279854213193e+00,7.732985206597486894e+00
6.096187619249732847e+00,8.021505749848371281e+00
9.125297829448040687e+00,5.636224923424906663e+00
4.838283656077695838e+00,9.012062010855370175e+00
9.810949702453873655e+00,5.096304422794281308e+00
7.532605997347513238e+00,6.890398843784967475e+00
8.018167308332435184e+00,6.508024650439727665e+00
5.120578937363372773e+00,8.789762160637883071e+00
6.837032222569312978e+00,7.438135828849058662e+00
7.801009101429544401e+00,6.679039237920992633e+00
8.972657461064395434e+00,5.756412472019186488e+00
4.384611197041801134e+00,9.369286660157580826e+00
8.208384106195545371e+00,6.358253592424376599e+00
7.871433541188658900e+00,6.623605757382165393e+00
7.336410520041720673e+00,7.044870158880429223e+00
7.692879862462179474e+00,6.764204690886553628e+00
9.578112611657928710e+00,5.279646559147303186e+00
8.570098396236041083e+00,6.073418177522823314e+00
5.612825215462382999e+00,8.402136544019922937e+00
7.988213960017143123e+00,6.531629372393670252e+00
6.664287109600833148e+00,7.574169936902886313e+00
7.832636626131113999e+00,6.654150218285959539e+00
7.406986324660459253e+00,6.989330696938889531e+00
9.227074051712394365e+00,5.556069966192312748e+00
7.371943925366255534e+00,7.016909404798014727e+00
6.089645798536396093e+00,8.026657898259994539e+00
6.934602222465855448e+00,7.361303486756793468e+00
8.852436904837686527e+00,5.851087251216311458e+00
7.437924941683373703e+00,6.964940959179655167e+00
5.043187969328110754e+00,8.850695642900738846e+00
7.101177916364850518e+00,7.230127636104541899e+00
6.743278009620476965e+00,7.511958598769700401e+00
9.177131616375845624e+00,5.595395204053732030e+00
6.612601766715219043e+00,7.614837249580535428e+00
4.167949543499146259e+00,9.539879155466614691e+00
8.767580122886601046e+00,5.917899858073420560e+00
4.489784915503619800e+00,9.286459454568120719e+00
7.598052356753502323e+00,6.838862542696624303e+00
8.931157537228738619e+00,5.789082839934551750e+00
8.455528582021846873e+00,6.163653704338636352e+00
8.159107666554092475e+00,6.397067180905279038e+00
6.964908073487425355e+00,7.337435506450385780e+00
4.688060062365929426e+00,9.130323051076972618e+00
7.885984036812587306e+00,6.612140678427593343e+00
7.510612375449176703e+00,6.907711996313528502e+00
7.132199883478142155e+00,7.205688439651427579e+00
4.825058916690519339e+00,9.022441407910218203e+00
6.887006685745245882e+00,7.398759022698091492e+00
7.642169114492848081e+00,6.804130584622443578e+00
8.405287913108795195e+00,6.203209651683320836e+00
5.630616442959903267e+00,8.388130468136330009e+00
5.612643649801539070e+00,8.402279581463460545e+00
6.120087708767025347e+00,8.002679907548786886e+00
5.494029014494146601e+00,8.495694439872277570e+00
8.879898735627495654e+00,5.829476764332759409e+00
8.412477194597425267e+00,6.197544499488284231e+00
7.325308424991948897e+00,7.053646374155680299e+00
4.534145438999255262e+00,9.251553104021105867e+00
6.093157279648954372e+00,8.023892524397350456e+00
4.478671658708698544e+00,9.295216151849114539e+00
7.279808163528763920e+00,7.089469275713185858e+00
5.836278747559957125e+00,8.226157345556053713e+00
8.104451739916033404e+00,6.440072986493368568e+00
8.752203730228515610e+00,5.930018552016708355e+00
9.745569128144811799e+00,5.147788316896740213e+00
3.998285823883097834e+00,9.673494677496393024e+00
4.574127907249015301e+00,9.220071681551171849e+00
9.846482170887362884e+00,5.068326467335527497e+00
8.868463462045410139e+00,5.838490350433746201e+00
4.120988796013071109e+00,9.576855410283416248e+00
5.026849084150883940e+00,8.863576479585628221e+00
9.572255286386733175e+00,5.284264214203549415e+00
6.882132705246744919e+00,7.402631376318318246e+00
8.440347552578083778e+00,6.175587739204913440e+00
8.862378026721765778e+00,5.843248349877630865e+00
7.079310572385058009e+00,7.247328403336617875e+00
5.783648364462559144e+00,8.267605680225008413e+00
6.976938412666606304e+00,7.327958798709535593e+00
7.686229402466804750e+00,6.769444973225960283e+00
8.525651409479994669e+00,6.108434721326725381e+00
7.417315190631491362e+00,6.981198543102281384e+00
7.976692066534186054e+00,6.540719391041596609e+00
9.300759556805486383e+00,5.498075357366221105e+00
7.217012012080759931e+00,7.138899797986769435e+00
4.191653866186583421e+00,9.521239595402445133e+00
5.401274777101894742e+00,8.568691999112122204e+00
6.374849037432916532e+00,7.802085960168016143e+00
6.872271507060177420e+00,7.410394519009934733e+00
9.637140832971502036e+00,5.233174368375792973e+00
8.420281932840318007e+00,6.191399088687607133e+00
5.817812747320268763e+00,8.240693610363122090e+00
6.420860680199045767e+00,7.765842458699312445e+00
9.404622899101079625e+00,5.416289519917753204e+00
5.730399598541587203e+00,8.309547630161556953e+00
8.428473295749686400e+00,6.184923449639333271e+00
6.527490146608126764e+00,7.681863489306607562e+00
4.075479727741771363e+00,9.612695653191863698e+00
7.315810987998039749e+00,7.061094935464560685e+00
4.352323445882879227e+00,9.394703990407258232e+00
5.795472498357206348e+00,8.258322847397968403e+00
9.551651621498143285e+00,5.300478017406167197e+00
4.320852908542239135e+00,9.419505830406894376e+00
5.735872783540730602e+00,8.305222160106264795e+00
9.298654169541306302e+00,5.499733309379831958e+00
5.635203621127976348e+00,8.384525540004640121e+00
3.978681989470506775e+00,9.688915779148969065e+00
8.677627852387720608e+00,5.988753131138565777e+00
4.725859628098286080e+00,9.100589079847354768e+00
5.274799953938696717e+00,8.668309050329078502e+00
6.714341393020397675e+00,7.534726038430799022e+00
8.657270978424353558e+00,6.004777476427542560e+00
4.230117872690306591e+00,9.490920506093905473e+00
6.333534019706003271e+00,7.834601473383485448e+00
8.193964028719339154e+00,6.369627935836145838e+00
5.959704905481423509e+00,8.128995202402787612e+00
7.273084680976388050e+00,7.094750085069783552e+00
4.905742187117660968e+00,8.958927205471072241e+00
5.162287545595732219e+00,8.756919867065739993e+00
4.185881667398915873e+00,9.525763170560455961e+00
5.312272769382564874e+00,8.638815376812907232e+00
6.958485781237169654e+00,7.342476461987925695e+00
8.833486002679206806e+00,5.866019088551493788e+00
9.135381793601245803e+00,5.628267248986976057e+00
4.203411771982239031e+00,9.511973198948993513e+00
8.348031347948809966e+00,6.248293882560616019e+00
9.464999038002575915e+00,5.368730367464719322e+00
5.922404478732023136e+00,8.158345083066540937e+00
6.451185718069453401e+00,7.741956763505688954e+00
7.338400938392037887e+00,7.043335346866464342e+00
9.814503991491307033e+00,5.093523605623913042e+00
5.658296412584078006e+00,8.366318923231947480e+00
9.249480476905414861e+00,5.538458310998187528e+00
9.177788719236996684e+00,5.594882930710962654e+00
7.753656087062789304e+00,6.716317385094722425e+00
6.144559581249464664e+00,7.983416647666350840e+00
4.170886885830300983e+00,9.537573388035562871e+00
6.188002117191843787e+00,7.949207176162666144e+00
8.832111603861056537e+00,5.867109561454035394e+00
4.333934213572329774e+00,9.409198017825197269e+00
4.686103467151329305e+00,9.131886088631937071e+00
6.562280497287268588e+00,7.654469180419821939e+00
7.551706745306986157e+00,6.875365526929300586e+00
6.259288707249342387e+00,7.893048772090850207e+00
3.994547051549653727e+00,9.676452021599770248e+00
6.311262910022384709e+00,7.852157682963080809e+00
7.000385107394505368e+00,7.309509134238357575e+00
9.242401429061640528e+00,5.544033916328142908e+00
5.081314623533311092e+00,8.820650428511118690e+00
7.309540574754957554e+00,7.066036603652875669e+00
8.585577848570355997e+00,6.061245194798350333e+00
4.707046677032077575e+00,9.115366924516075997e+00
4.107077887961561480e+00,9.587836101755165430e+00
4.297919337434819909e+00,9.437540322671974735e+00
7.677387002180992681e+00,6.776390285570303540e+00
7.593805026564746541e+00,6.842196431418019031e+00
7.861334749712607817e+00,6.631519823658744706e+00
5.752048579055413668e+00,8.292506404913774887e+00
8.213051713942283172e+00,6.354571187110891195e+00
4.072802048794070373e+00,9.614827763391255999e+00
6.823320945214610411e+00,7.448900534350427094e+00
5.026256783512769388e+00,8.864000526105442646e+00
9.337327862376090692e+00,5.469268666776986976e+00
8.990109128028153762e+00,5.742686206652377834e+00
5.147452545834180881e+00,8.768592185317999110e+00
7.443298106368899880e+00,6.960714692868127607e+00
4.187502435444007354e+00,9.524509714174600461e+00
9.282460299375225432e+00,5.512469491515184394e+00
5.637674713344264177e+00,8.382541052777250812e+00
4.174784663074174951e+00,9.534532944419282785e+00
4.439489149661409506e+00,9.326088017938024777e+00
5.657324448214744450e+00,8.367077587080991918e+00
7.836895237668613845e+00,6.650800300702682577e+00
5.454015106432850146e+00,8.527186137378304664e+00
5.202829648747298918e+00,8.724973239897007460e+00
8.260137715841722184e+00,6.317492912455789700e+00
5.628925269491520389e+00,8.389442167293410080e+00
6.265069818505201837e+00,7.888503051282302891e+00
8.953645456874903985e+00,5.771406044404122859e+00
4.020486464815252070e+00,9.656019501328236387e+00
6.701034932943029432e+00,7.545200713952010751e+00
6.402564279594077590e+00,7.780268632986889088e+00
5.973673717590441967e+00,8.117978402115790360e+00
8.802942639514368395e+00,5.890047377047346266e+00
9.773359604278097024e+00,5.125898515553347856e+00
6.145156750352164465e+00,7.982945611933895513e+00
7.188022501580109136e+00,7.161740289348456301e+00
9.706445056174601405e+00,5.178594145454423980e+00
9.018035638659565478e+00,5.720679474975671752e+00
7.063278479581032165e+00,7.259981922819862099e+00
9.628227647715506876e+00,5.240178425474063317e+00
4.510636469720289199e+00,9.270027453145425866e+00
4.563536477091036048e+00,9.228399113623892092e+00
6.502088722009112587e+00,7.701859688003368731e+00
9.525286332953779578e+00,5.321253830872208823e+00
8.331382664832416296e+00,6.261413833880215662e+00
5.169587956593697520e+00,8.751175801884931715e+00
5.322373310913427247e+00,8.630836976107739034e+00
7.634203670446119361e+00,6.810409996182708703e+00
5.744156479466518306e+00,8.298694835400446834e+00
5.862702537608409870e+00,8.205342821890511118e+00
6.773358667315031667e+00,7.488259767845661941e+00
8.273555537050580000e+00,6.306952336750709875e+00
4.080047177552161841e+00,9.609125099553676108e+00
3.979477968597530335e+00,9.688304682283177982e+00
4.684702677914733826e+00,9.132957535510891844e+00
6.076685183358338627e+00,8.036866934843191146e+00
8.380104086004855901e+00,6.223036587851789037e+00
6.010785129906818014e+00,8.088772436360358142e+00
7.162559271542163764e+00,7.181788844135257754e+00
7.950504172227732980e+00,6.561314969559839838e+00
6.997567658311028893e+00,7.311720062746880799e+00
6.276913266355023779e+00,7.879208741803275906e+00
7.398246884638494336e+00,6.996206862705035334e+00
5.657219974244343419e+00,8.367161479720406803e+00
6.991057182098634470e+00,7.316820166084029964e+00
4.887576052061714194e+00,8.973223304616031015e+00
5.654400450875832540e+00,8.369379932998183946e+00
9.029517678140473791e+00,5.711659096312619255e+00
5.045387304613321966e+00,8.848966509518115586e+00
9.365293134355697546e+00,5.447248040777519229e+00
4.627346181513246393e+00,9.178153562783080588e+00
4.367842076871412793e+00,9.382489400451817119e+00
9.040505124871302201e+00,5.703003143114446338e+00
4.930713208763150668e+00,8.939238598242694067e+00
8.639899484507592931e+00,6.018448639397096400e+00
4.368218359444635546e+00,9.382186427365295955e+00
5.384525566968031640e+00,8.581922572311393438e+00
9.681907775724511112e+00,5.197906029190158428e+00
6.383914781309702136e+00,7.794930875243076152e+00
9.171599257185397036e+00,5.599772124307015986e+00
7.848219833714692228e+00,6.641878735833853575e+00
7.311538292613125378e+00,7.064463960168716916e+00
4.962367272763622772e+00,8.914347930662094299e+00
9.756317987539420145e+00,5.139345176409784166e+00
4.242562677824913919e+00,9.481140384225229312e+00
5.954412930721282748e+00,8.133161215578017078e+00
6.779540703696062209e+00,7.483390310095034081e+00
4.787387941185543561e+00,9.052122046037657910e+00
7.823808083230035848e+00,6.661092866907793564e+00
8.128753486810023077e+00,6.420939174354622025e+00
9.175391019136702297e+00,5.596796930637585099e+00
8.845187619301933424e+00,5.856781197991300481e+00
9.074216583438854400e+00,5.676432416853657514e+00
4.635651542584288798e+00,9.171619307899034013e+00
8.141919163654890212e+00,6.410603424600923361e+00
6.517481567720270874e+00,7.689755774192838622e+00
4.010780672632546562e+00,9.663652154855261855e+00
9.703734850753034991e+00,5.180756993058445836e+00
5.718167618940710462e+00,8.319168434362229192e+00
9.274523229977546634e+00,5.518719974375164483e+00
8.957639561164670639e+00,5.768248693030431973e+00
5.141035869035959216e+00,8.773634623563014046e+00
5.483672593422332042e+00,8.503811044181331269e+00
5.253014919504241931e+00,8.685445352073827507e+00
8.653918538213192235e+00,6.007414272486937712e+00
9.090574093779878240e+00,5.663564124501541563e+00
7.499149467609858455e+00,6.916728017718124732e+00
4.548096573794135011e+00,9.240543019855920193e+00
9.690603098723775233e+00,5.191078655973698552e+00
5.403478219977010610e+00,8.566996915680213931e+00
5.599141525146144716e+00,8.412911889782380470e+00
4.783303589257155153e+00,9.055315855321804719e+00
5.610224495495658381e+00,8.404195178274838085e+00
4.508964429075003721e+00,9.271374500735712232e+00
5.527831586035988565e+00,8.469074338511953570e+00
8.291703997926468617e+00,6.292660426325392464e+00
6.158201151563762465e+00,7.972651747374565723e+00
5.195794261541683667e+00,8.730514404196544120e+00
5.340748336920382755e+00,8.616391143604973379e+00
8.087559465272764925e+00,6.453383878554414643e+00
9.013545857364912095e+00,5.724239845359682555e+00
5.444284643134425394e+00,8.534862982630166073e+00
8.472618589236835973e+00,6.150196645349812918e+00
7.252632401357894665e+00,7.110840127393330157e+00
5.022540962965343248e+00,8.866959342704657132e+00
4.666383039443333658e+00,9.147398961614637614e+00
8.747246125524446470e+00,5.933921872426015653e+00
8.357477389134782442e+00,6.240868310251584283e+00
9.570806868016296320e+00,5.285426684673369735e+00
5.265502966000914498e+00,8.675609277118034868e+00
6.223398468335231470e+00,7.921337486011512219e+00
8.470575582324780584e+00,6.151809064166768870e+00
8.433176011557378615e+00,6.181243764204159774e+00
