5.078470682192519625e+00,8.947785384007341136e+00
9.806799468856226554e+00,5.185368314692290426e+00
4.554744659478436652e+00,9.330482188563680168e+00
4.303100652352773281e+00,9.528197528501248570e+00
9.668568189467553253e+00,5.402534487080180803e+00
5.241388282573627322e+00,8.702093013662075549e+00
9.546379705964470830e+00,5.270242889779655826e+00
9.915661684119013941e+00,5.283225435708843065e+00
5.789921297316130477e+00,8.269659653632096763e+00
9.912285882157412686e+00,4.771793925722696450e+00
9.912741529883884795e+00,4.769463586103945829e+00
9.907744951729023697e+00,4.775050204506651852e+00
9.910609239840463047e+00,4.771148825342313771e+00
9.909335245730806818e+00,4.772148045895392876e+00
6.241784530878801363e+00,8.310175380026063152e+00
9.907971662283188152e+00,4.771570917222029529e+00
9.902531586489338622e+00,4.777528478924414124e+00
9.900837836201178632e+00,4.778883557732132026e+00
9.895213930370497124e+00,4.784983121813211504e+00
9.905867240842445298e+00,4.770001803481137337e+00
9.904006584851615003e+00,4.771673374891454600e+00
9.902309913584295131e+00,4.773138917821933447e+00
9.902274388630104340e+00,4.773037758302455913e+00
9.907843844378412257e+00,4.765203669548164989e+00
9.888017663844667737e+00,4.791023256460159807e+00
9.891922104394252457e+00,4.785651560975220598e+00
9.913693794975023010e+00,4.755996071285968796e+00
9.894386582980679634e+00,4.779828083594829913e+00
9.903763785448923329e+00,4.766833676672998621e+00
9.893100448439923866e+00,4.780290610691525721e+00
9.913855582778952069e+00,4.752924536712887615e+00
9.910615646222357356e+00,4.756919594874968737e+00
9.892118696288596524e+00,4.780909756056590965e+00
9.907167754599790044e+00,4.761161215899279320e+00
9.909186044984185315e+00,4.758172677320456678e+00
9.909852561225068968e+00,4.757180394537280144e+00
9.882165354785211520e+00,4.792606450573918764e+00
9.886925602542566693e+00,4.785778029996939686e+00
9.913593416574514094e+00,4.750431778885374712e+00
9.894553577468737871e+00,4.774487247239326493e+00
9.914765158381127819e+00,4.748126381335719515e+00
9.896151837276175200e+00,4.771867901847009819e+00
9.899189801475699824e+00,4.767507335089295140e+00
9.890053728508700459e+00,4.779279404236129736e+00
9.903957198188322764e+00,4.760790582823791972e+00
9.911721251027634239e+00,4.750531124273044803e+00
9.908710903659880387e+00,4.754342051993853957e+00
9.904479441034155229e+00,4.759644633091885346e+00
9.907079364907451335e+00,4.756096617047844255e+00
9.892476406785863929e+00,4.774780826854806648e+00
9.891871888627372655e+00,4.774963748595553170e+00
9.869449749438613750e+00,4.804605190828738159e+00
9.883877660689680766e+00,4.784189585456159577e+00
9.878786961231297070e+00,4.791060046110863446e+00
9.876289533874302862e+00,4.794167337621847658e+00
9.885529138590388953e+00,4.781525641853926700e+00
9.892383095030124807e+00,4.772218659799615459e+00
9.875716201702310570e+00,4.794538960228780233e+00
9.903132466110911025e+00,4.757361404068223720e+00
3.318798608843226638e+00,9.995856096544143199e+00
3.293195541868010334e+00,1.001516900752474903e+01
9.910613501168420214e+00,4.747184079714497074e+00
3.264468384552688729e+00,1.003784927706677799e+01
9.912512554372245432e+00,4.744693174279680292e+00
9.869828253160697784e+00,4.801200294054114970e+00
9.867666935006655038e+00,4.804100199629456114e+00
3.327183939261530554e+00,9.989215668660589742e+00
9.865594075898812321e+00,4.806824688146192237e+00
9.872997968777823985e+00,4.796259564546994092e+00
3.280617751622014300e+00,1.002442621363184649e+01
3.279639117120845437e+00,1.002516969586588225e+01
3.272158373199873793e+00,1.003109463058105355e+01
9.899966471272380275e+00,4.759903798063462865e+00
9.889903157260452105e+00,4.773003505195427820e+00
3.271628759702755573e+00,1.003123042451781188e+01
9.901647649502297810e+00,4.757385527791302415e+00
3.304045562291844540e+00,1.000584575217152938e+01
3.240539127935501362e+00,1.005685907112234645e+01
9.879990507087923035e+00,4.785900864707535618e+00
3.307798506406909755e+00,1.000288379524705284e+01
3.232571772356287454e+00,1.006348509745030739e+01
3.246825588577193056e+00,1.005117708864123749e+01
3.325775100915513871e+00,9.989280013132814773e+00
9.907632770716643833e+00,4.749167127512427200e+00
3.261890883279753961e+00,1.003855960768426847e+01
3.297945414401390440e+00,1.000997535055609156e+01
9.870915656158388174e+00,4.797729227160584031e+00
3.230100115820001783e+00,1.006514589003739069e+01
9.881153047524323441e+00,4.783494055755260099e+00
9.900007070755844296e+00,4.758423127921352247e+00
9.862664730982533712e+00,4.808586865298533297e+00
9.878461530880688457e+00,4.786047638890886802e+00
3.226845560246983435e+00,1.006683592378131209e+01
3.279290550427013784e+00,1.002333001378685218e+01
3.285207679935695513e+00,1.001864102281247426e+01
3.205997801525774626e+00,1.008526292502061494e+01
9.901610376860956464e+00,4.754837662396139031e+00
3.253296268241067768e+00,1.004394289666672258e+01
3.233421954560792067e+00,1.006065108028473176e+01
9.891141942785459662e+00,4.768215821112196551e+00
3.209123890872792817e+00,1.008203207844150917e+01
9.874785912587498160e+00,4.790132452493911508e+00
3.283060941277305300e+00,1.001981146715759863e+01
3.325378260127497931e+00,9.987785031688536819e+00
3.207981988171118903e+00,1.008294082656646040e+01
3.358468345590324144e+00,9.964100351989037208e+00
9.889066891534262993e+00,4.770619354344468377e+00
3.243808114074267390e+00,1.005145007611626262e+01
3.202781552275204557e+00,1.008744752555912427e+01
3.298002219681344105e+00,1.000795833079977015e+01
9.913361524841262096e+00,4.739011416988416769e+00
3.273431630999873665e+00,1.002691494432698605e+01
3.358175867204705511e+00,9.963958837978239558e+00
3.229331763109328790e+00,1.006340667337387451e+01
3.286710346665843829e+00,1.001639086271772250e+01
3.236302440130494062e+00,1.005736702276984751e+01
3.261836659457135745e+00,1.003610841454751501e+01
3.280931585052151878e+00,1.002077660412187932e+01
3.254824444870891842e+00,1.004168617808756458e+01
3.231887771241986229e+00,1.006088612537162419e+01
3.211106579765319324e+00,1.007916509184579645e+01
3.365134693042234559e+00,9.958787463034589393e+00
3.281731597737619577e+00,1.001978202887633707e+01
3.299396789663139984e+00,1.000614335440360669e+01
3.198135599832623743e+00,1.009075905191135547e+01
3.217540783978198871e+00,1.007303227337739671e+01
3.219931294438945102e+00,1.007084464440513472e+01
3.257904990279663071e+00,1.003834001594959702e+01
3.365783733675175693e+00,9.957580980131872650e+00
3.206322169134753874e+00,1.008242264398027110e+01
3.335352557263703499e+00,9.978891340368317486e+00
3.239782825969238278e+00,1.005300391062772825e+01
3.321670307868326066e+00,9.988729346067499293e+00
3.329318273610958556e+00,9.983141390097170387e+00
3.374243133678633821e+00,9.951572308117613730e+00
3.290738694491476046e+00,1.001183530321554471e+01
9.895249110673116633e+00,4.759934654364683659e+00
3.363054457763958727e+00,9.959075615084374888e+00
3.325449658007220588e+00,9.985692640153496669e+00
3.245220680194250029e+00,1.004789716519569787e+01
9.852670698864026022e+00,4.817902597225895533e+00
3.198719207683301757e+00,1.008857962443030587e+01
3.303548783954966428e+00,1.000163631331071024e+01
9.912449355203868606e+00,4.737352090551435246e+00
3.306696974027279357e+00,9.999190866714084081e+00
3.199832780860228709e+00,1.008728927561054611e+01
3.196342475914403902e+00,1.009046680029496734e+01
9.850814644671682885e+00,4.820155314544818381e+00
3.302840153223061570e+00,1.000182985779500378e+01
9.894746680797027238e+00,4.759349966727983272e+00
9.869820969450316284e+00,4.792784201285821055e+00
3.357164742203772700e+00,9.962370497208047126e+00
3.193168478165624879e+00,1.009297346842381948e+01
3.363281609987443410e+00,9.958085491963256430e+00
3.264132083180614874e+00,1.003163337631579388e+01
3.267413997426299233e+00,1.002899937744234116e+01
3.218877844656707676e+00,1.006958284015680327e+01
3.264973031093476141e+00,1.003092132228696265e+01
3.259797396264572100e+00,1.003504872012956639e+01
3.218041922902207475e+00,1.007023808243151564e+01
3.209899990724755181e+00,1.007726461722175237e+01
3.250651458335333199e+00,1.004228743842497984e+01
3.360665885771973560e+00,9.959609700036939017e+00
3.329899289448262412e+00,9.981326704071292966e+00
3.196434656713581290e+00,1.008947311189232643e+01
9.880829773066846400e+00,4.777120751448020286e+00
9.850350131879421767e+00,4.819778495109475536e+00
9.871893232131883522e+00,4.789124666421093579e+00
3.324651095466657491e+00,9.984949690041403869e+00
3.212465142816519403e+00,1.007467175702555906e+01
3.312621551744505233e+00,9.993652359167501942e+00
3.252800907407409792e+00,1.004014419997888652e+01
3.334018656915578305e+00,9.978051896964869272e+00
9.890648675063708595e+00,4.763504839881512076e+00
9.885544556350851053e+00,4.770197077600821345e+00
3.340431610625095527e+00,9.973280679630104117e+00
3.291141022370914548e+00,1.000944283034679394e+01
3.364342452426908991e+00,9.956408593408486496e+00
3.267850852782621995e+00,1.002756739688332033e+01
3.262836794863447132e+00,1.003156329370935751e+01
3.272186166557811138e+00,1.002411518674923130e+01
3.282730721380714645e+00,1.001575223349165000e+01
9.878785813822119621e+00,4.778743266647275334e+00
3.249458532754723628e+00,1.004213790562111264e+01
9.864290907454080326e+00,4.798467311983254824e+00
3.297630139005123251e+00,1.000396324560874817e+01
3.233390479212074897e+00,1.005523083087388159e+01
3.333816428193978165e+00,9.977271862545183723e+00
3.372595413556061850e+00,9.950146701391531678e+00
3.264027386625496518e+00,1.002992280720593854e+01
3.190647220083637770e+00,1.009304662876820302e+01
3.389952179788937592e+00,9.938407731117811394e+00
3.213019199758182953e+00,1.007257692303956986e+01
3.223101921218129551e+00,1.006369124996010100e+01
3.222406624475493420e+00,1.006421587377432836e+01
3.202939259254915516e+00,1.008139966160004342e+01
3.307559356508897430e+00,9.995794577982815454e+00
9.913286902195256545e+00,4.732414454973815410e+00
3.231354850039167559e+00,1.005616484575820735e+01
3.404112168100838165e+00,9.928284382430520694e+00
9.860059125871410757e+00,4.803058044043742036e+00
9.909759335930878876e+00,4.736783132649385664e+00
3.190713226192145147e+00,1.009223517944050208e+01
3.174508198361257971e+00,1.010761801814321537e+01
3.353492910339423094e+00,9.962639656456675041e+00
3.184673850211973800e+00,1.009776414457479632e+01
3.400125051047651947e+00,9.931092219032166213e+00
3.198270255581332489e+00,1.008508667957534399e+01
9.880195283401903339e+00,4.775020439994986710e+00
9.876101845753613162e+00,4.780479145976631372e+00
9.903359892526221842e+00,4.744529556901319722e+00
3.290017485607632075e+00,1.000870373379184741e+01
3.306341556401113380e+00,9.996379343848724730e+00
9.873434634810186239e+00,4.783945520285182162e+00
9.863963295692885325e+00,4.797061727237965201e+00
9.864485048123565747e+00,4.796308284819527756e+00
3.395870070633712601e+00,9.933584357551131561e+00
3.160485716999851480e+00,1.012093490982902289e+01
3.184286464968189456e+00,1.009754569546134739e+01
3.208517761119061618e+00,1.007521821337264178e+01
3.339912136604971771e+00,9.971591308137025322e+00
3.263351795808965505e+00,1.002903207651086959e+01
3.257543249656757123e+00,1.003360589165439620e+01
3.304150483995509369e+00,9.997473250465803929e+00
3.363287125281311241e+00,9.955157426599051007e+00
3.317036842897514770e+00,9.987905079020356069e+00
9.842979053909306941e+00,4.826361491897835698e+00
3.307510573949045796e+00,9.994830589683500577e+00
3.342499309029627774e+00,9.969512708509141063e+00
3.269153352486715125e+00,1.002415701507146295e+01
9.845130876683619192e+00,4.823043764066048844e+00
3.254552130013983025e+00,1.003571199014994697e+01
3.335802362805287302e+00,9.974098740127239182e+00
9.884559344392123137e+00,4.767737956248774722e+00
3.312055564822064202e+00,9.991223680779954819e+00
9.898223163770817123e+00,4.749642454637026390e+00
3.411982270317961863e+00,9.921334120997356010e+00
3.243635297367169379e+00,1.004434804573975271e+01
3.169027913511415662e+00,1.011119728836192166e+01
9.891089474932540426e+00,4.758784130083312469e+00
3.227263913020543384e+00,1.005799963825554499e+01
9.841724670671617048e+00,4.827392568742754797e+00
3.179992061051098773e+00,1.010041823188155519e+01
9.873350145192318905e+00,4.782343127687134654e+00
3.411409321039291953e+00,9.921490053527021402e+00
3.175713539454683598e+00,1.010437154630206713e+01
9.881880039909978208e+00,4.770540466233702759e+00
9.891956740044758334e+00,4.757067453591674600e+00
3.308650662366965367e+00,9.993089195181404705e+00
9.889493791580514781e+00,4.760190028990935573e+00
3.347610697202677343e+00,9.965016633368325216e+00
9.900610474658185112e+00,4.745657312356886592e+00
3.397067973471919800e+00,9.931446458712068548e+00
3.167145956086290681e+00,1.011219272418391135e+01
3.434956028600147704e+00,9.903853261430466404e+00
3.219255418257514378e+00,1.006414111495063857e+01
3.392445040626613562e+00,9.934433698389112166e+00
3.349585097264673461e+00,9.963465558872883321e+00
9.865397812574750347e+00,4.792425764632785246e+00
9.864616162456421478e+00,4.793492443272424630e+00
9.880556159027015894e+00,4.771582331097429019e+00
3.256017128529860916e+00,1.003326717172929605e+01
3.298752049792766705e+00,1.000004339171988832e+01
9.877644948136046210e+00,4.775415645830793920e+00
9.851684147549770287e+00,4.811631131762622360e+00
3.378442471545412218e+00,9.943495317883813911e+00
3.404989710186773877e+00,9.925540892405139815e+00
3.282923975890899015e+00,1.001191226398439049e+01
9.839550812404805669e+00,4.829104219354868555e+00
3.169778827909999208e+00,1.010886648535579546e+01
3.390136566407422336e+00,9.935502754569148109e+00
3.304227739216256676e+00,9.995680494339129751e+00
9.905520725525155612e+00,4.738582331434710859e+00
3.165782293462555241e+00,1.011273269142209053e+01
3.262480025889662905e+00,1.002771815356399721e+01
3.192149502245058557e+00,1.008755748963061549e+01
3.423879421375662702e+00,9.911365076672320029e+00
9.879334148400433335e+00,4.772514094009022934e+00
3.235310104368868345e+00,1.004968254025093266e+01
9.899505232539794974e+00,4.745965420867605644e+00
3.353257114350598034e+00,9.960246862949661661e+00
3.271669683930493733e+00,1.002021959155423936e+01
3.252113945876094814e+00,1.003577167707330275e+01
3.354025045201378674e+00,9.959651128016615118e+00
3.369524060136096288e+00,9.948960271729211158e+00
3.431582276245780605e+00,9.905481952134040924e+00
3.393246119348621193e+00,9.933032056609086169e+00
3.237284486603662526e+00,1.004764707500247312e+01
3.179869858586723996e+00,1.009837570636197057e+01
3.379143146083384508e+00,9.942288906166066198e+00
3.174119328104221704e+00,1.010380213947576067e+01
9.899923565069411069e+00,4.744705454371948683e+00
9.877985626972893840e+00,4.773564601508956784e+00
9.859014555125519053e+00,4.799683058004632130e+00
3.308031963955166077e+00,9.992056761362261952e+00
3.443254825026286436e+00,9.896565816425646034e+00
9.865974249331841861e+00,4.789887787408881437e+00
3.242041263051404165e+00,1.004334528514192471e+01
3.320259534068695118e+00,9.983006219184071384e+00
3.408355612177683014e+00,9.922058406729941993e+00
9.865413542057265062e+00,4.790341243305265451e+00
3.233499055816561274e+00,1.005009885122600011e+01
3.443346850021890226e+00,9.896180413493972594e+00
9.858449294386600670e+00,4.799813363487312579e+00
3.307938409121725432e+00,9.991683667322959650e+00
3.306349522243022587e+00,9.992767821945362172e+00
3.262910616819111986e+00,1.002596664922230474e+01
3.381203738431389993e+00,9.940135291166608766e+00
3.198014087153010276e+00,1.008051550544138841e+01
3.159169813512657132e+00,1.011727527278552508e+01
3.308579853157263884e+00,9.990999610011314758e+00
3.219409112074172796e+00,1.006163696080250247e+01
3.431715592159045869e+00,9.904393198689572131e+00
3.171971065757286379e+00,1.010461797801305295e+01
9.899018418040805400e+00,4.744699832388401539e+00
3.379094452227208389e+00,9.941390827237047034e+00
3.242196109901152479e+00,1.004237662878221649e+01
3.177591650512467059e+00,1.009906463175976299e+01
3.221205086597566769e+00,1.005988035420270954e+01
3.170468784282159280e+00,1.010582041633676020e+01
9.857256452002440383e+00,4.800764506000661846e+00
3.202557430008529327e+00,1.007596043144605602e+01
3.413363342387129240e+00,9.917558250823459431e+00
9.888667808582594532e+00,4.757724768422831652e+00
9.875114475388476976e+00,4.775826732978197597e+00
3.189072251759040633e+00,1.008809657284346528e+01
3.414335341667158019e+00,9.916780537763036918e+00
3.264987523244834211e+00,1.002367901050784837e+01
3.414970961562442842e+00,9.916268629075069896e+00
3.284370139797774257e+00,1.000862517288498132e+01
9.897769733668056347e+00,4.745606214998362660e+00
3.236155396394499562e+00,1.004685540120910758e+01
3.177786192400453125e+00,1.009825741615896355e+01
3.402482138950939650e+00,9.925203735445105480e+00
3.310267881621272057e+00,9.988917242827271892e+00
9.847965507873897906e+00,4.813131466066055353e+00
3.179442722027514545e+00,1.009633449798269744e+01
3.281162945773692829e+00,1.001059734789888545e+01
3.220359134380634369e+00,1.005967358611635198e+01
3.250013637635350783e+00,1.003499933010112599e+01
3.178100536649348218e+00,1.009739898966013172e+01
3.276066400399352929e+00,1.001436177215261125e+01
3.301203641027826929e+00,9.995319873708091052e+00
9.834843494854702328e+00,4.832031865903300805e+00
9.836483859060070500e+00,4.829575724733652820e+00
3.440188358913544686e+00,9.897148989283122589e+00
3.323327629145026219e+00,9.978917755839590953e+00
9.862634252917104050e+00,4.791598679591269061e+00
3.217448871890649986e+00,1.006171200207769445e+01
3.269711942498661372e+00,1.001899139469316502e+01
3.794639048603766440e+00,9.619102285846279798e+00
7.505691288463341770e+00,6.679134101398432222e+00
5.638379791768551641e+00,8.158463801916829183e+00
8.178164423585947418e+00,6.146408854196047322e+00
6.576210706998388389e+00,7.415510218686171662e+00
5.361438224018613141e+00,8.377866601718855222e+00
3.432153956728088318e+00,9.906247918613081183e+00
8.398282908368491562e+00,5.972030683472426382e+00
7.760289460016335461e+00,6.477453179823918994e+00
9.474609738534457648e+00,5.119351064299832998e+00
9.312277945281554281e+00,5.247944276769833216e+00
6.748048512458145076e+00,7.279382060793950338e+00
8.891351922126435881e+00,5.581412669364513413e+00
9.692633520607174091e+00,4.946625711525491909e+00
4.071696354982307753e+00,9.399600331971260658e+00
5.093219791571749866e+00,8.590347350607652643e+00
5.676655297433036651e+00,8.128116919248224548e+00
3.186586825382511812e+00,1.010078340878737180e+01
6.551033944678414933e+00,7.435445885225705709e+00
7.426103121089913550e+00,6.742181181639986143e+00
7.353282314679192133e+00,6.799874714868722414e+00
5.767297366343907328e+00,8.056321351285019361e+00
9.080023225944021448e+00,5.431927181397176341e+00
5.633580729768992157e+00,8.162253195213875046e+00
5.101014668846265643e+00,8.584151876443581131e+00
6.044523003611425693e+00,7.836723990747936242e+00
9.452732640341332981e+00,5.136664200444899464e+00
4.492607526337573987e+00,9.066142007217681709e+00
8.975684866283227592e+00,5.514621026835141215e+00
7.028643768045121476e+00,7.057050861505428152e+00
4.829317835283575278e+00,8.799416246986968559e+00
9.113524708930562213e+00,5.405406398703325621e+00
3.164333383013952616e+00,1.011842039996462894e+01
9.491091282357977832e+00,5.106294276703536639e+00
5.736198794282471702e+00,8.080952197043114182e+00
9.791908051301227545e+00,4.868001374685303695e+00
5.688558404491750764e+00,8.118694532419691967e+00
7.868416228005930435e+00,6.391787938499583710e+00
3.668530430441479862e+00,9.719004402611925997e+00
9.072018702631268638e+00,5.438290168499376520e+00
5.973320962636407216e+00,7.893110074733596271e+00
6.608320272392848693e+00,7.390060430296828464e+00
6.596103689553624250e+00,7.399730462700484956e+00
8.486006238174034877e+00,5.902526008096700139e+00
7.545413631247224195e+00,6.647692138979864218e+00
7.536366574816780073e+00,6.654857856478737510e+00
3.622134537488104655e+00,9.755728969204215062e+00
6.469199826347185933e+00,7.500258963436271742e+00
5.930423951995047460e+00,7.927079052585537688e+00
7.334725926173550015e+00,6.814584064873986158e+00
6.703377482779936614e+00,7.314753878788952335e+00
9.040059923568282585e+00,5.463587864900546265e+00
6.856170903702569319e+00,7.193715308152320631e+00
7.964337662505358573e+00,6.315809049627932659e+00
4.211092416357924861e+00,9.289167935404655907e+00
6.915090857251749767e+00,7.147046249671858753e+00
6.629484254910709140e+00,7.373308851349746007e+00
5.296621204808824146e+00,8.429181898151119512e+00
8.335533441195034143e+00,6.021750124265930815e+00
9.254768333445051454e+00,5.293494421702127362e+00
3.212492573573940469e+00,1.008027364667809600e+01
9.296067714171558194e+00,5.260811457645492517e+00
9.338276187855463206e+00,5.227372689086505986e+00
9.178181266170366115e+00,5.354177114411657001e+00
8.557591288675070018e+00,5.845812083038762097e+00
3.529419884718895339e+00,9.829204079425483798e+00
8.606236684429298123e+00,5.807291613263998009e+00
6.608837031071281842e+00,7.389653541215625232e+00
3.867635610263898904e+00,9.561267085940478694e+00
6.175828519688135287e+00,7.732678499451462351e+00
6.305576086850209094e+00,7.629905450518088550e+00
6.479069886882994567e+00,7.492451101530917867e+00
9.906247636253763034e+00,4.777386399364962344e+00
4.394941897212940596e+00,9.143531392678521996e+00
4.418104745570137659e+00,9.125157343639616059e+00
3.475577340201354115e+00,9.871858601696271052e+00
4.040700072445800650e+00,9.424172951381128982e+00
6.614628186497411022e+00,7.385041769402589829e+00
3.636308619732370850e+00,9.744499343640701028e+00
5.039237992124532717e+00,8.633115893861846857e+00
9.638683445231436053e+00,4.989367190639367955e+00
7.480405690457462953e+00,6.699197906761053645e+00
5.657868318731718915e+00,8.143009906686264898e+00
5.491672526802823029e+00,8.274674751657729033e+00
6.365832988733393094e+00,7.582148973809016645e+00
9.659576323513341833e+00,4.972811352201725654e+00
7.909132828735224052e+00,6.359527311335741118e+00
7.952795985687581393e+00,6.324956444917204657e+00
5.155202246028725455e+00,8.541242514815536424e+00
8.985729140391482517e+00,5.506666695206534179e+00
4.880397082473843184e+00,8.758933543439972880e+00
9.584683711517975269e+00,5.032136078218782949e+00
6.174193284673597404e+00,7.733995825301951399e+00
7.521412969577120577e+00,6.666709052049863082e+00
7.975802468593385264e+00,6.306702230588742353e+00
7.117704210282802535e+00,6.986509684292831146e+00
3.523626574335462447e+00,9.833785933658644396e+00
7.609233861806188770e+00,6.597121295956197784e+00
8.977671573627896251e+00,5.513037207159785069e+00
7.400958362078474018e+00,6.762135609304294803e+00
3.552320290928359547e+00,9.811062701690232757e+00
3.899224223317368399e+00,9.536211848243365097e+00
7.870284876042845212e+00,6.390323540740538988e+00
3.190085679154162968e+00,1.009802028055302436e+01
3.261687905698366752e+00,1.004127417286660418e+01
6.779972230284660561e+00,7.254082718576768229e+00
6.457125345522992887e+00,7.509822667867148915e+00
7.959457083569005498e+00,6.319672405031539597e+00
5.928459771013018020e+00,7.928660305053498725e+00
8.020888094506972266e+00,6.271021646395125160e+00
8.528756559366588164e+00,5.868661743117410623e+00
3.641006206915312848e+00,9.740775479353933619e+00
5.615778976723436955e+00,8.176379374397511057e+00
4.226956799585435576e+00,9.276593021945684470e+00
6.506543095899237628e+00,7.470682322158261002e+00
5.567701734231121691e+00,8.214438185143981386e+00
6.850204303084175272e+00,7.198420799388205893e+00
8.486201543423081972e+00,5.902386121871802338e+00
8.499480732380499504e+00,5.891838529701509231e+00
7.842443184694094960e+00,6.412383603923133890e+00
8.374937987827770769e+00,5.990511206664387522e+00
3.183036078790496770e+00,1.010361783460218987e+01
9.036859242996850838e+00,5.466126065982860105e+00
8.040069014496722843e+00,6.255813422640251531e+00
8.435706996270083025e+00,5.942371407647095261e+00
5.256656897658846361e+00,8.460838831249526848e+00
3.545171336921894678e+00,9.816707940279497890e+00
5.290972365789934351e+00,8.433693974828775808e+00
8.811171684141701377e+00,5.644931550195764203e+00
8.848994586546208296e+00,5.614970222782800668e+00
6.554994691038773524e+00,7.432319837883963665e+00
5.639051891232310432e+00,8.157925226067296975e+00
6.072470483042656575e+00,7.814563737404461641e+00
5.765581835222025830e+00,8.057662892282348110e+00
9.370752325298045804e+00,5.201616382294938390e+00
8.246233561581231442e+00,6.092502015109015012e+00
7.271571318477248802e+00,6.864636604467841963e+00
6.171138224448419862e+00,7.736417376577521487e+00
3.296077124222828836e+00,1.001406025601670002e+01
6.363468046384256560e+00,7.584047355581955863e+00
5.581431760199924597e+00,8.203578631530209719e+00
7.647725099945893668e+00,6.566641122955066301e+00
4.661383199364889762e+00,8.932448287574462853e+00
5.955863257537533428e+00,7.906957668924008864e+00
5.165976719113126947e+00,8.532717189004559444e+00
3.191150347654195141e+00,1.009717335921864390e+01
8.962696164855955772e+00,5.524892328598429714e+00
9.170003313541013057e+00,5.360673587344796154e+00
9.058369397199008688e+00,5.449112365878434616e+00
9.048162919887314359e+00,5.457203552888494791e+00
