4.048702859632686835e-01,5.951299659401556585e-01
4.066882821185119901e-01,5.933124576113315563e-01
6.523480715598466428e-01,3.476511872240634626e-01
4.765805207949986438e-02,9.523426979236963019e-01
2.021023888846084637e-01,7.978968255407967725e-01
3.475147173993995975e-01,6.524861762987299585e-01
2.085378931026558164e-02,9.791450060106129394e-01
4.969667537043186423e-01,5.030319269110606895e-01
4.304287650232294649e-01,5.695696662985313408e-01
4.169616928844644965e-01,5.830365648165821701e-01
5.953476226414039507e-01,4.046505286937124302e-01
5.183208983495606326e-01,4.816815017439751156e-01
5.551203108097553240e-01,4.448828021637985519e-01
3.451813983809366437e-01,6.548149236226485925e-01
3.007288094318644189e-01,6.992751050174824679e-01
1.938413928953588994e-01,8.061631334115030301e-01
6.526529598024812806e-01,3.473421011722257479e-01
6.472197819161858989e-01,3.527854297528382199e-01
6.184366072888193566e-02,9.381509333785441607e-01
3.570389967859862179e-01,6.429555692240804810e-01
3.714835902518753841e-01,6.285220003959450796e-01
3.679797507536638479e-01,6.320262616471672423e-01
1.506477617787339573e-01,8.493458798008733934e-01
6.195748992504307440e-01,3.804315894288279321e-01
6.309851044575196521e-01,3.690229739414511156e-01
3.399104641035559093e-01,6.600976175240206301e-01
3.733662971050183965e-01,6.266255304428182127e-01
2.039924561806586711e-01,7.959991424288199724e-01
5.809616451530398573e-02,9.419122707352943769e-01
4.959929927080960477e-01,5.040156547966004874e-01
4.082732642726647487e-01,5.917354670802837946e-01
6.450468683783550095e-01,3.549443301645301974e-01
3.839218108956688469e-01,6.160870711150494561e-01
3.461188955312837212e-01,6.538721634766746504e-01
2.043926930561217048e-01,7.955980566224917228e-01
8.187700192630810447e-02,9.181326557720500547e-01
1.156005990389989552e-01,8.844102252002477016e-01
6.125493748802092187e-01,3.874618486832255848e-01
6.065352503140756246e-01,3.934760231310371337e-01
4.249230487051263161e-01,5.750649398372186250e-01
2.280683732536861463e-01,7.719194775996460756e-01
3.784532874411278280e-01,6.215344931787440963e-01
5.282684231529781449e-02,9.471608670845634848e-01
6.324986618619341527e-01,3.675136699427361542e-01
4.656979335366644435e-01,5.343150817408592879e-01
9.551711703845433554e-02,9.044694140552982375e-01
5.808763794394716795e-01,4.191371679401075245e-01
5.629088149379239958e-01,4.371056967205995680e-01
5.819794566129745661e-01,4.180049932384095057e-01
5.257576668561925182e-01,4.742264374607754740e-01
1.456390877845867571e-01,8.543449990363517488e-01
1.916268914426738634e-01,8.083890782244272932e-01
1.035398199089553190e-01,8.964770492552501802e-01
4.606017337542631096e-01,5.394151757978290496e-01
5.810447916642711569e-02,9.419131099128646989e-01
1.419068907170943361e-01,8.581108998377785513e-01
5.089729896473828979e-02,9.491205490632556030e-01
1.800528432240750265e-01,8.199651093612722041e-01
5.212609642408814331e-02,9.478558835798216453e-01
2.334049739960241399e-01,7.665769667893330697e-01
4.624864455186555312e-01,5.374953463955395305e-01
3.793357904833648542e-01,6.206458788694508844e-01
4.607718163730697425e-01,5.392096439097429084e-01
5.020021983256587328e-01,4.980163667674827321e-01
1.993489425473508603e-01,8.006320400119115721e-01
5.048826231645523466e-01,4.951366158950595842e-01
4.217781441503656858e-01,5.782413513102601099e-01
4.661719698726572991e-01,5.338486627448135735e-01
3.233572343377393854e-01,6.766634822500826596e-01
6.513380778323446529e-02,9.348449282837550944e-01
4.566848722602575017e-01,5.432937954017713622e-01
3.403283698348322228e-01,6.596494593808465146e-01
5.994864090128841916e-01,4.004913512667620523e-01
8.066495834403192289e-02,9.193573890120770864e-01
1.489617220719229029e-01,8.510606632871444699e-01
2.306411425785884484e-01,7.693364441481279625e-01
1.958590465774230280e-02,9.804367528981481339e-01
1.960580998066327185e-01,8.039191858518546230e-01
6.187786329540350128e-01,3.812441378307487305e-01
2.907030307477613262e-01,7.092732132280999968e-01
5.606713735514324837e-01,4.393046761302127901e-01
1.087847312765179431e-01,8.912395025175182672e-01
1.278749180221819826e-01,8.721497638297053268e-01
3.380391043392695360e-01,6.619356084994895140e-01
2.981661935352037385e-01,7.018081491000744965e-01
2.093053776451095638e-01,7.906676500924760820e-01
8.393338890023578636e-02,9.160940369998161747e-01
6.517566316434730833e-01,3.482159049846861310e-01
3.402066289511523345e-01,6.597658851541567948e-01
5.041580839948702764e-01,4.958143087711409103e-01
3.801117923000140175e-01,6.198603446475889900e-01
6.268152762980464532e-01,3.731566770880546113e-01
3.653716393968990395e-01,6.346002733782429850e-01
8.234677267211487628e-02,9.176248233004133947e-01
2.849776570070146620e-01,7.149934009763595499e-01
5.819507907844704286e-01,4.180783123461642159e-01
5.715609191950876689e-01,4.284098355054571372e-01
2.498252398532777308e-01,7.502042740256570363e-01
5.775130282452179964e-01,4.224569916951183557e-01
3.544371180588959946e-01,6.455932491364028136e-01
1.247242206757425212e-02,9.875580048479412065e-01
4.220020068188542472e-01,5.780285951068296901e-01
5.045879869211413737e-01,4.954426253213083942e-01
1.011320092397780673e-01,8.988373506703691840e-01
4.563563299879883628e-01,5.436744682980756416e-01
3.454653548489381443e-01,6.545661614478072154e-01
5.865593778770226141e-01,4.134723762869282893e-01
6.540530351138886811e-01,3.459790309437819067e-01
5.574120826603895518e-01,4.425556263991043959e-01
5.814058901166692106e-01,4.185613637734314496e-01
4.583398745430320442e-01,5.416929436997441893e-01
1.144349283677505297e-01,8.855980246866886896e-01
4.328905601322589058e-01,5.670761704625514321e-01
5.945694388347804171e-01,4.054641944278817300e-01
6.588545623822550379e-01,3.411116224322023882e-01
3.031909392121339142e-01,6.968429047790731801e-01
4.435645432911363706e-01,5.564013418068115557e-01
2.094067331146300392e-01,7.906278423728712035e-01
3.337207553642027591e-01,6.663140261479572057e-01
2.652656822656732638e-01,7.347692864828346826e-01
4.406904639775929278e-01,5.592745186767665855e-01
9.449214013905841980e-02,9.055431583824197217e-01
3.838830376097019381e-01,6.161532252879081684e-01
6.635216235642940052e-01,3.365148241597734069e-01
6.112581351775023819e-01,3.887054167223442658e-01
2.920901718308384076e-01,7.078733482777597175e-01
5.497411464610658660e-01,4.502222988610007914e-01
2.546370833011084023e-01,7.453263057385420831e-01
5.036375536334153358e-01,4.963257314073513671e-01
5.585093497987039246e-01,4.414536036772438998e-01
4.399178437957038668e-01,5.600443359054353420e-01
6.415957410285253459e-01,3.584424034297294948e-01
6.337205529714868835e-01,3.662410852405773021e-01
6.446762198259673449e-01,3.552850708625848730e-01
9.040567593717842299e-02,9.095553152516991924e-01
1.104411981291586048e-01,8.895185302769534896e-01
1.798579201844359710e-01,8.201827349950886470e-01
2.176697055730087427e-01,7.823710190437088707e-01
6.481170548345094318e-01,3.518418087476475331e-01
7.539285989811200794e-02,9.246484417568939795e-01
6.340627089080017043e-02,9.365523773473052316e-01
1.734212798703976266e-01,8.265371246273236494e-01
5.818995678463719790e-01,4.181422675024143998e-01
5.908179913160470642e-01,4.091399805872294460e-01
9.689173809907621060e-02,9.031505733864462204e-01
3.959261218533098592e-02,9.603645851241281450e-01
5.412025554426603824e-01,4.587541378659833469e-01
7.858756641303321633e-02,9.214560825308534264e-01
6.600412856889038560e-01,3.400023896826708247e-01
4.495698407462508372e-01,5.503861134229449670e-01
5.960495711321399659e-01,4.039946360101600020e-01
3.060284252444005482e-01,6.940166273654744256e-01
4.801311517760267211e-01,5.199146382328575511e-01
2.084590634827763467e-01,7.915871823373684668e-01
2.434599537015085247e-01,7.564934915170810070e-01
1.423730993325602046e-01,8.576736672981774001e-01
3.967405207571770287e-01,6.032118852771438666e-01
3.192251203022250516e-01,6.808226086902461338e-01
4.709931014688523848e-02,9.529494054617287935e-01
5.331055925326514400e-01,4.668456202514917885e-01
3.519933223348120088e-01,6.480555358091175666e-01
7.636348407122581228e-02,9.235875765614492972e-01
4.793503660237675157e-01,5.206987000829742529e-01
5.381416145038551146e-01,4.619075886314187862e-01
5.289285358819472149e-01,4.711207200773063763e-01
1.875744668932418369e-01,8.123762279171508061e-01
1.572656452915189573e-01,8.427836841485371044e-01
6.478724003373589890e-02,9.351630566004491829e-01
2.843720396304584286e-01,7.155780394597336391e-01
3.119610436637848538e-01,6.879886672832068450e-01
3.762537887456442465e-01,6.237967264029138370e-01
1.474387317745563530e-01,8.525106911614133143e-01
3.414022412487285885e-01,6.585471357497764133e-01
5.898852688097209196e-01,4.100638955451479384e-01
3.664488137677903712e-01,6.334989089289737585e-01
4.542515075598407837e-01,5.456959687044981022e-01
2.434884729903774581e-01,7.564588519059620708e-01
1.689479434890048259e-01,8.309987716438322902e-01
6.624504473726883225e-01,3.374962642085712616e-01
1.077157901903754156e-01,8.922294537928153746e-01
9.647986921237325375e-02,9.035749204669064616e-01
7.413051453744740060e-02,9.259250970824867144e-01
2.774172266766237738e-01,7.226388229272694419e-01
4.642130721614104449e-01,5.358437722894447974e-01
6.413522010920460481e-01,3.587057173509903829e-01
3.632151258311866471e-01,6.367268905408598467e-01
9.054924682398968194e-02,9.095087452987070664e-01
2.417954814886697223e-01,7.582631780472900429e-01
4.157255042652863164e-01,5.842154581902330168e-01
3.644177496066692834e-01,6.355226142805263656e-01
1.155519121166405788e-01,8.843883455707359786e-01
1.665180287737386133e-01,8.334216622180876666e-01
8.238741801837849710e-02,9.175520166631112584e-01
4.036535274272190499e-01,5.964071737500417081e-01
3.576375156348219897e-01,6.424232973513919198e-01
4.908162676110172096e-01,5.092449775226606246e-01
5.773086870920842717e-01,4.226295621006865288e-01
9.180557787345117182e-02,9.081318802056480566e-01
3.746698137460598987e-01,6.253933605049583067e-01
3.673071179485385418e-01,6.326292942594512470e-01
6.508002512935492923e-02,9.348561563640778171e-01
2.458665797216732785e-01,7.540693958162473232e-01
4.158202696498965456e-01,5.841156499575766992e-01
4.408754749299346187e-01,5.590602414633948358e-01
2.787857076177682192e-01,7.212785771425531678e-01
5.961237478399088463e-01,4.039407512315851267e-01
2.245436243578642632e-01,7.753917006323696182e-01
4.279464367766415145e-01,5.721183014197220862e-01
3.769613731306062365e-01,6.229738078344503327e-01
2.221580609767721259e-01,7.779069857411324840e-01
6.498348164339713406e-01,3.502304666467233596e-01
3.845080137495411332e-01,6.154265667070766277e-01
4.740223918765704147e-01,5.259119459706913524e-01
1.107110951204209465e-01,8.893549038654563477e-01
3.093854832482198502e-01,6.906806152548855549e-01
4.494072653629000991e-01,5.505262666298301744e-01
1.702117330631365277e-01,8.297217751067726965e-01
6.210515628441117819e-01,3.790153600671999357e-01
5.404041883773039873e-02,9.458926069315846119e-01
4.711420106962813659e-01,5.289250237196121418e-01
2.886095772680944971e-01,7.113230701762655039e-01
4.057016028754919512e-01,5.942308701750089739e-01
5.015810644033050769e-01,4.984865523474399929e-01
2.703165503398936020e-01,7.297512079217784997e-01
3.172462363638698934e-01,6.826859246864486197e-01
5.717691884367327032e-02,9.427549596689679401e-01
1.468728620535623142e-01,8.530589818392437795e-01
4.737163665553979497e-01,5.262146369089305553e-01
5.962022295595005295e-01,4.038667688680361301e-01
5.093807951499044195e-01,4.906885535640247431e-01
3.516790305828847996e-01,6.482515185240360633e-01
5.805392556537894988e-01,4.193908224877621604e-01
1.563379091558509126e-01,8.435918169356928509e-01
4.869933415964783907e-01,5.130773727676450902e-01
6.997945121105682287e-02,9.299492652771391699e-01
9.094814703157373670e-02,9.091234294859514842e-01
1.591884316332374538e-02,9.840093987344733506e-01
8.994067084773772758e-03,9.910778749151712974e-01
1.009969078842701540e-01,8.989311311609092803e-01
3.805702565562386619e-01,6.195021744526013618e-01
4.093107298322817278e-01,5.906168322798591719e-01
5.427409118059883797e-01,4.573318441605835338e-01
9.092293163830522662e-02,9.090039667240115140e-01
1.749596334771696682e-01,8.251136915188493903e-01
5.999796956576354257e-01,3.999467739895440355e-01
8.855498409275529281e-02,9.115193263073397834e-01
4.636917850095810811e-01,5.363826188411155993e-01
5.404281163687327250e-02,9.458824883776546510e-01
5.358633514928167196e-01,4.640615436162492946e-01
5.036567407496568283e-01,4.962679073322824874e-01
6.516972621908561081e-01,3.482270614483282678e-01
3.859046970958497358e-01,6.141716038449962500e-01
2.028925711866442771e-01,7.971843453766538357e-01
3.614321600303820325e-01,6.386451356071062291e-01
5.912814534170808267e-01,4.086412387249956368e-01
4.474781512188941712e-01,5.525993870980857592e-01
5.325750633543554491e-01,4.673471587373444480e-01
4.719768236730219058e-01,5.279452695064495993e-01
3.167809792970219807e-01,6.832972240990169421e-01
2.241684225026964461e-01,7.757528839263271303e-01
6.309442566703714617e-01,3.691350453207725146e-01
4.286803975344471440e-01,5.713992320071471509e-01
3.760933904602769551e-01,6.238268810003538833e-01
2.370478714285460461e-02,9.763755916642822275e-01
5.725574224287187652e-01,4.273621916107523955e-01
6.145142186376448823e-01,3.855662280914693429e-01
2.486169351259523430e-01,7.513024541324082595e-01
6.555929787206964399e-01,3.444881179426681483e-01
6.319811631489998804e-01,3.679376384525145927e-01
6.254142997211605826e-01,3.746671767835035305e-01
3.018713196830922207e-01,6.982102063725043051e-01
1.543683704321107408e-01,8.457133213550110939e-01
6.479667081880539081e-01,3.521153760243713737e-01
5.295515668762252881e-01,4.703663383477818538e-01
2.847260851466275056e-01,7.153563053930637183e-01
3.769133472652902994e-01,6.230037282500839879e-01
4.672405261059998649e-01,5.328425271149899167e-01
2.592473945537718816e-01,7.406694265607021155e-01
5.015975196959010507e-02,9.499235864078208191e-01
3.842940864716132277e-01,6.156224261249261254e-01
6.130626862167523061e-01,3.868536705509493800e-01
1.102562678055931528e-01,8.896600884158647471e-01
4.779336492061718733e-01,5.221501012194817992e-01
5.814160492498051669e-01,4.184998883182338147e-01
3.552764038434438887e-01,6.446391088496862265e-01
1.570421892663567132e-01,8.428733075064610558e-01
3.826745573189330729e-01,6.172403766607992281e-01
4.505784714831220783e-01,5.495070398221250096e-01
6.257199721847749307e-01,3.741938589092766998e-01
3.699474392267056988e-01,6.301393631312686150e-01
6.610368418083943931e-01,3.390501738014590205e-01
2.334929555889715402e-01,7.664196924049669901e-01
4.638479518237313970e-01,5.360638257469412249e-01
1.397042638230802658e-01,8.603848225564628693e-01
5.226263577343602529e-02,9.476479123903700508e-01
1.953520748788612760e-01,8.045578865888411979e-01
6.419068928526389106e-01,3.580029853414372076e-01
1.309229079038503607e-01,8.689866156328449609e-01
1.990455908606376667e-01,8.010453171388336457e-01
1.706889312190560948e-01,8.294022296321079679e-01
7.747362269218732722e-02,9.226181992199210535e-01
6.548953855529983104e-01,3.450127093530738209e-01
4.738635515479853177e-01,5.262286484855893676e-01
4.967426866020523968e-01,5.033504709779117459e-01
3.014321282169459826e-01,6.984742585250754976e-01
5.216599927758923672e-01,4.782462764031465419e-01
4.039348517758113988e-01,5.961590937393789202e-01
4.294974128679385772e-01,5.704083444074514730e-01
5.838987672822113506e-01,4.160066439829630536e-01
2.287661557083515984e-01,7.711391393642980097e-01
3.040822975359046554e-01,6.958227292934080488e-01
5.562593861384645955e-01,4.436455987710063997e-01
5.730530664099429128e-01,4.268503928604408526e-01
1.232032286769293716e-01,8.768938969527143579e-01
5.737934321106656910e-01,4.263039148177600324e-01
4.967823856734709942e-01,5.031201706302457222e-01
8.733029808908973624e-02,9.127675497835109342e-01
1.549017282174025220e-02,9.846076852799525714e-01
6.632365885829927254e-02,9.335776955167829350e-01
5.398457241528946682e-01,4.600551291483145344e-01
6.292790315793521660e-01,3.708203551771034334e-01
6.476408535683244594e-01,3.524586799108790358e-01
8.436050859159219262e-02,9.155398393399072354e-01
1.410573481782412819e-01,8.590423114619027967e-01
3.884956069939655143e-01,6.116041567759713526e-01
6.042629455926445958e-01,3.956371427973123245e-01
7.700931619097792225e-02,9.228906138381000046e-01
1.701851273898120076e-01,8.299156884252546496e-01
5.134784234752187704e-01,4.864197855217372579e-01
3.164552274508825036e-01,6.834425325153599129e-01
2.245056985165867214e-01,7.755967965480721205e-01
1.900983485761135183e-01,8.100043255223822181e-01
1.971280551271603343e-01,8.029747450585423829e-01
4.098161244436702710e-01,5.902868202306692513e-01
6.094615040243673842e-01,3.904349953303479781e-01
3.588105044308029234e-01,6.410852878898433138e-01
1.278918661223585329e-02,9.871064338467611110e-01
3.035612521874217484e-01,6.963339084917010702e-01
2.993919959966352962e-01,7.007128524410036752e-01
2.987912292634805622e-01,7.013141151078505775e-01
4.236712356385222145e-01,5.764343291848909034e-01
8.963265817419990844e-02,9.102617253543189291e-01
6.944666139019836648e-02,9.306593356934970140e-01
1.376108062380603826e-02,9.861326855516230339e-01
1.171851744223881414e-01,8.829210943997276573e-01
1.206814152610578283e-01,8.792121512156658714e-01
6.462325724327970811e-01,3.536607491780364709e-01
1.308836152746775672e-02,9.870186658931721091e-01
3.083999757584958701e-01,6.917073026151927539e-01
1.933268031297302181e-01,8.067810202768131989e-01
2.507810083385201283e-01,7.493275661046792102e-01
5.943893621472096100e-01,4.055014285715200506e-01
4.949491903919421842e-01,5.051601029509519281e-01
1.230793355178447790e-01,8.770300853831941579e-01
7.546099881292184230e-02,9.244292483116914871e-01
1.147586408416600284e-01,8.853511222008508819e-01
3.903425991251496807e-01,6.095475922701374394e-01
5.654398018977800922e-01,4.344500085409839785e-01
7.131556915893210932e-03,9.927582484144786834e-01
2.152465918493728925e-01,7.848636070803771680e-01
1.549061889691187299e-01,8.449827491981214411e-01
4.020726631754134583e-01,5.980384224391304127e-01
2.176352154447726561e-01,7.824759227957711616e-01
3.922371627517690085e-01,6.078739896566361933e-01
3.157241772648000655e-01,6.841636564423777545e-01
3.085195386985369326e-01,6.913682141008997695e-01
1.121435637606195829e-01,8.879690131539924591e-01
6.655312974629669365e-02,9.335598820913759699e-01
3.072364987947748260e-02,9.693907068433934571e-01
3.327007223470747344e-02,9.668451365884649373e-01
1.739655268789028486e-01,8.259190961471292169e-01
9.082346978715158392e-02,9.092920287228065668e-01
2.370623122863995957e-01,7.628214059731454055e-01
1.809850908410823300e-01,8.188979873757130656e-01
2.742250734652372790e-01,7.256579095745482322e-01
2.210251973877666934e-02,9.780148469160215852e-01
5.985707148815525569e-01,4.013116837411281890e-01
5.881292838287752733e-01,4.119883247634779644e-01
2.405891885946412345e-02,9.758233436802281613e-01
1.317091574660495257e-01,8.681730440801240789e-01
5.157753061073869771e-01,4.841063953882088766e-01
5.778741779816588542e-01,4.220072423669563588e-01
3.402916343280760758e-01,6.595897153873241381e-01
4.823783142372101707e-01,5.177409413239366653e-01
6.672030096268318777e-01,3.329164560295190811e-01
2.761435874431213411e-01,7.239759417658261365e-01
3.224418285185626232e-01,6.776779537117693097e-01
4.172349979425345190e-02,9.581565400021972989e-01
1.542550937541612432e-01,8.456248435748571213e-01
1.322046627890376136e-01,8.679167241287719659e-01
2.301901872933069526e-01,7.699320662191495579e-01
1.145944017044408375e-01,8.855288191768844186e-01
3.358442031792231441e-01,6.642795075626906076e-01
6.151884163721119680e-01,3.849355444980224195e-01
3.311668882130139324e-01,6.689572954669377181e-01
4.491327879138259926e-01,5.509915063214688713e-01
6.303584593566985417e-02,9.368398364003834855e-01
2.780972463926681404e-01,7.220273787795326026e-01
2.499492720138103696e-01,7.501756300094407637e-01
3.199634529861929977e-01,6.799114692684075090e-01
3.556025013000654877e-01,6.442722966395088013e-01
1.002760081962954380e-01,8.998494344404903700e-01
8.912479597965665412e-02,9.110006926599616417e-01
4.544878324347546572e-01,5.453865524794458963e-01
6.135635228086586679e-01,3.863106342759253242e-01
6.427969079373723194e-01,3.570770058541467562e-01
5.874993794839759031e-01,4.126268876763728999e-01
1.046485617625901726e-01,8.954777509203472041e-01
4.515172484839533040e-01,5.486094122143628793e-01
6.630171095822865457e-01,3.371098600568200876e-01
5.813302332991596710e-01,4.185425436625706541e-01
9.706052959021123361e-02,9.030668890608780641e-01
6.222461731971979937e-01,3.776261041034489896e-01
4.316032654196961249e-01,5.685266956449200881e-01
5.065288228961062345e-01,4.933411055728065819e-01
3.000533419882488451e-01,6.998165000092348986e-01
4.031044310233338201e-01,5.970262473782683710e-01
2.810635908701650809e-01,7.190674186124947909e-01
2.937255982270244870e-01,7.064056857455223160e-01
2.176005252945296120e-01,7.825310610432173464e-01
4.649867617064133429e-01,5.351457469550816581e-01
2.891698548043409311e-01,7.109627249969807661e-01
2.421172169261657792e-01,7.580153953432632319e-01
1.910923726733225747e-01,8.087750023464530535e-01
4.229347112953388832e-01,5.771980136735614941e-01
7.095833227405705379e-02,9.289088723637608513e-01
1.484817956639354064e-01,8.516515916517282125e-01
3.158352719904604644e-01,6.840313126037455005e-01
5.764811615964435809e-01,4.233853061106096494e-01
4.218070664918855545e-02,9.576856748782341944e-01
2.570538951844641290e-02,9.741602136882435703e-01
5.552350716464533181e-02,9.443409793705291877e-01
4.231879686273649077e-01,5.766762885213578826e-01
2.889360560655452881e-01,7.109276778751696391e-01
5.401664742518674789e-01,4.596970152655002750e-01
2.511129794743361954e-01,7.487504538566261969e-01
6.131742020244005387e-01,3.866892168765241888e-01
2.211883409992422556e-01,7.789484607514717274e-01
2.024672386578213190e-01,7.973957947962451165e-01
1.288816204024698930e-01,8.712564361674047797e-01
1.793843113458866156e-01,8.204775893654463470e-01
1.869486394307278976e-01,8.129125723856718277e-01
3.329494241827412604e-01,6.669109486404488640e-01
4.099049261514903231e-01,5.902348230083034331e-01
9.142227325035752472e-02,9.087180697136679752e-01
5.318225874281516941e-01,4.683178417935484616e-01
1.375020872924890558e-01,8.623574055392455584e-01
3.763427545576192856e-01,6.235165976157523993e-01
4.962339561511633357e-02,9.502359355811191843e-01
3.665127959850294492e-01,6.333462263039549844e-01
3.502047950732191661e-01,6.499363949627247061e-01
5.427649214370510178e-01,4.573765639635893887e-01
1.217503081682914795e-01,8.781080289173597286e-01
4.903052744147258779e-01,5.098364828738503052e-01
1.877786668246843316e-01,8.120787397794908546e-01
5.353467431097073126e-01,4.647960135585785246e-01
4.800934103482574211e-01,5.200493887034367546e-01
6.223171762111869842e-01,3.775400018725578177e-01
5.110183537528413256e-01,4.888388165815434339e-01
6.239957064087741090e-01,3.761471791287828159e-01
3.526622195083737865e-01,6.474820619434205060e-01
6.205123773644942720e-01,3.793424880785972730e-01
8.169392878403421154e-02,9.184513880322836554e-01
3.707827310359151918e-01,6.293632043770926998e-01
5.289803043199626797e-01,4.708736654077159134e-01
4.892936515650321561e-02,9.509244878280943558e-01
1.337379744331386108e-02,9.867723870405802344e-01
7.708284481064051064e-02,9.227706947922322822e-01
4.267983072039981951e-01,5.733482926794755130e-01
6.481635855852920791e-01,3.516890070517655342e-01
5.839801527346659693e-01,4.158724167505005176e-01
6.448812358113621412e-01,3.552662943216008395e-01
5.099009841101330709e-01,4.899511250801362738e-01
4.557200172396885240e-01,5.441319566200196745e-01
3.497833260237016156e-02,9.648730675862930983e-01
6.099914106579312767e-01,3.901573704636416284e-01
5.040208774063978936e-01,4.961279172808158999e-01
6.473129694821521118e-01,3.525380084805740943e-01
3.854552145066160729e-01,6.146938658462737237e-01
3.698951221660473077e-01,6.299557290095271211e-01
4.919934063360564824e-01,5.081564849133466399e-01
4.143909657152086701e-01,5.854588176990411785e-01
4.630781474711281320e-01,5.367715678171275373e-01
1.145200351023682311e-01,8.856305726797086830e-01
6.364468192124643764e-01,3.637038760496690282e-01
5.506356203654253489e-01,4.495153976889525449e-01
9.110739734643098775e-02,9.090438675838478089e-01
5.524042722125163118e-01,4.474441656818528013e-01
6.592404359126079472e-01,3.409113189342721228e-01
1.881333059580382883e-01,8.120187741584073970e-01
2.485779230310135035e-01,7.512695398453326234e-01
6.274929801579558208e-02,9.370980479892296877e-01
3.800164734334425809e-01,6.198307758134528056e-01
6.258090741491649789e-01,3.743438499919241047e-01
1.324307032289818165e-01,8.674160456413618769e-01
3.357446392379222905e-02,9.662720159241583451e-01
2.132094396861970442e-01,7.866366355369427410e-01
2.693089771452106818e-01,7.308449521587714326e-01
5.752872206440730052e-01,4.245582554490452409e-01
7.644415447128760643e-02,9.234008648693071697e-01
5.600346339291164544e-01,4.398099250027244222e-01
2.927888611589351056e-02,9.708768607414902663e-01
4.805749197519341709e-01,5.195809471420853587e-01
9.069414839187550648e-02,9.094618449522228198e-01
8.284288195563357937e-02,9.173132177598828374e-01
4.405790775165516898e-02,9.557859879213049803e-01
2.355639495683847784e-01,7.645921806402066201e-01
5.195427461446169293e-01,4.803011179942718312e-01
4.153827858138579021e-01,5.844608590205184750e-01
3.244397034459909346e-01,6.754036202891654517e-01
3.750507177812594795e-01,6.247924725867597395e-01
5.245626818573039252e-01,4.755943003068411890e-01
6.124414771009156766e-01,3.874010211465743758e-01
2.722571471246028607e-01,7.275851145524063757e-01
5.371965034325475452e-01,4.629620205952034717e-01
1.652169630810096379e-02,9.833196858134032325e-01
5.554677253637577694e-01,4.446915469460562820e-01
5.195414555250246202e-01,4.806186057449564064e-01
3.692509077042864796e-01,6.309093142414039512e-01
5.473747347162507410e-02,9.451022084704066017e-01
3.770478501128913251e-01,6.231127784646081080e-01
1.912285231535808538e-01,8.089322122129762871e-01
5.943004559332595305e-01,4.058608848098249067e-01
1.804343646707495252e-01,8.194039162801566301e-01
4.221779265836220207e-01,5.776602014562561838e-01
3.512173607419237231e-01,6.486196250080464853e-01
5.178891261593527862e-01,4.819477798787167866e-01
6.376306124280983756e-01,3.622052644727742909e-01
1.469062822486057185e-01,8.532579963460505956e-01
5.809446947528222882e-01,4.188910144314667017e-01
1.511701900932427289e-01,8.489941543731339690e-01
3.770070549526042814e-01,6.228285995819901055e-01
2.253785697602934401e-01,7.744567702306336399e-01
6.259370968110204991e-01,3.742277245998504309e-01
6.204334581713054630e-01,3.797313688691295042e-01
3.656190373169139751e-01,6.342161119965472604e-01
4.075080911559901264e-01,5.923269530667829574e-01
1.455696924365776079e-01,8.542653226777578990e-01
1.856763392156761949e-01,8.144901666844448496e-01
2.244447120819076935e-01,7.757224898357663045e-01
2.070912856825639359e-01,7.930760500084619302e-01
6.471963361685781901e-01,3.526362228467309068e-01
4.428172433079493597e-01,5.573503454387135347e-01
7.334652973117888886e-02,9.264856697073643454e-01
2.771914029779791733e-01,7.229769593631364399e-01
9.746641879067401149e-02,9.023650917020129558e-01
1.996877407917463029e-02,9.801997459603617457e-01
3.867542615939381645e-01,6.130769219516283286e-01
3.796284547677551968e-01,6.205417040636568293e-01
6.201622835351675578e-01,3.800081605917588479e-01
5.169603335901870045e-01,4.832108751382209189e-01
1.714151649752911899e-01,8.284134333549986184e-01
3.261830529946141422e-01,6.739886336840482661e-01
5.579304108944586199e-02,9.443787492995561195e-01
7.384479398779508763e-02,9.259831818749058030e-01
2.910965461060046056e-01,7.090756828847468718e-01
2.627547136441322206e-01,7.370728436144061702e-01
5.193370816163345172e-01,4.808353834650645475e-01
4.189825163808958558e-02,9.582748959639384445e-01
5.173001364318687845e-01,4.825266415846735102e-01
6.650558222083328141e-01,3.351175371181758234e-01
3.304088714781721059e-01,6.694176198807436640e-01
5.959238673038803613e-01,4.042498604561798325e-01
9.443999981341970329e-02,9.053850436148138670e-01
3.548908508076584756e-01,6.449341455024819592e-01
4.619886580017368294e-02,9.536261158537954197e-01
6.276607634940378766e-01,3.725142852518377179e-01
4.431626156436930808e-01,5.570126746154064890e-01
3.728305791108090239e-01,6.269940271386040820e-01
1.172285325010627294e-01,8.829468867857988013e-01
2.297501144177716836e-01,7.700741089197096212e-01
2.172712201881555616e-01,7.825515486307467183e-01
7.968946981392426021e-02,9.201332084826553404e-01
8.342360677461652108e-02,9.163985919625449172e-01
3.349647799675877224e-01,6.652131074732431371e-01
4.897298458800847243e-01,5.104480695943937052e-01
3.988657735225753509e-02,9.602923830644691794e-01
4.197755741578458322e-01,5.800440337144027181e-01
8.837040734024982636e-02,9.114491669060262868e-01
6.512498072066030819e-01,3.489307059953217771e-01
1.408368828082648960e-01,8.589824766931415390e-01
2.630322331036987205e-01,7.371489843499690053e-01
3.341279444372947660e-01,6.656908202147659992e-01
5.891685077581890750e-01,4.106501969547293740e-01
1.894234864619432912e-01,8.103943591538915747e-01
5.244539706794590916e-01,4.757288976700581595e-01
4.953032997613047161e-01,5.045136024327998570e-01
4.981878915351957704e-01,5.016289723963396341e-01
7.544660115329934746e-02,9.247373190338691318e-01
4.520261252037844485e-02,9.546134082563152434e-01
5.572985141862989433e-01,4.428856956312718363e-01
2.277246401208341542e-01,7.720910180470814677e-01
3.472725641348535786e-01,6.525429240386767527e-01
3.067669736066665487e-01,6.930483571814262111e-01
2.589737650038499983e-01,7.408406770055022683e-01
2.441149851599970499e-01,7.560708500892647788e-01
4.712061133573875460e-01,5.286070971873343405e-01
3.016740449983214556e-01,6.981388181949813587e-01
2.647441884971860615e-01,7.350685513735798482e-01
3.159197908961567380e-01,6.842677226169724403e-01
1.164868228710454062e-01,8.837009464803085024e-01
8.893559730582252520e-02,9.112524532428245561e-01
5.074669589019615429e-02,9.490647899080378869e-01
4.342288581410924664e-01,5.659600432401097336e-01
6.072074170801842197e-01,3.926035800878221460e-01
5.387094297917648378e-01,4.614801138576040129e-01
1.560896749829661367e-01,8.437205764952406817e-01
3.856676070494369918e-02,9.616230736425831482e-01
4.382778288290223312e-01,5.619121394133265168e-01
3.438351728231743565e-02,9.654262375423460218e-01
2.215044574904219687e-01,7.783046912380666704e-01
6.624312910924825548e-01,3.373776226450342364e-01
5.288226073068049704e-01,4.709858731354942263e-01
1.363021113683426377e-01,8.638901131875010853e-01
4.061063242448309518e-02,9.595815990334849443e-01
4.409573550057385716e-01,5.588502286877750080e-01
2.261883340373349593e-01,7.740042258955047716e-01
4.475787170991891717e-01,5.526139369921965194e-01
1.000611497566287478e-01,8.997461561645624384e-01
2.422013143132028257e-01,7.579916483269928396e-01
4.037190526143347863e-02,9.598214564961046191e-01
1.354499200906276735e-01,8.643566831324461797e-01
2.671855990560833005e-01,7.330078929301736546e-01
4.707623802760707021e-01,5.294312070632504197e-01
1.606823090480474225e-01,8.391238950073649505e-01
6.280719511820270773e-01,3.721231321797315861e-01
6.251156622271474284e-01,3.746892465139958217e-01
3.218144072079236473e-01,6.779901006974216049e-01
2.857259988874402690e-01,7.144695820577708911e-01
4.602320171718082831e-01,5.395718314165446339e-01
2.550592532655436839e-01,7.451372121732922071e-01
4.709125648537585418e-01,5.292843054782885304e-01
3.318485627351468459e-01,6.679541366199520658e-01
3.151643145947202185e-01,6.846382412734099976e-01
2.894446469553728640e-01,7.107529519352017155e-01
4.504864883050786473e-01,5.497116659874895506e-01
2.755181168150192678e-02,9.726464054141458204e-01
5.595531722401839714e-01,4.406452367190227259e-01
3.337055126245696557e-01,6.660957446731580189e-01
2.058152569944941487e-02,9.792196517849617310e-01
2.348490397723937417e-01,7.653497998536786806e-01
1.920550642837154376e-01,8.077458109478247161e-01
6.217689302936602047e-01,3.780315529637026106e-01
3.904220744251974962e-01,6.097774988540646257e-01
3.965435785672452584e-01,6.036560847163138233e-01
3.385130421713405391e-01,6.616871465188616241e-01
2.269674934262602140e-01,7.728306875114293595e-01
5.454870976071739958e-02,9.456534986836105938e-01
4.906888034601425419e-01,5.091087957571206468e-01
6.204838797208946932e-01,3.797185801234611580e-01
3.199393466846999212e-01,6.798577992954953908e-01
2.820062198587770519e-01,7.177907715008875478e-01
1.356043264740391385e-01,8.641925441432438681e-01
1.179785955349415827e-01,8.822246452695489127e-01
4.628442023817677664e-01,5.369523726367432248e-01
3.428350700832386577e-01,6.569611157342289953e-01
3.432409939773393703e-01,6.565542840166556093e-01
2.467994416045528605e-01,7.529956047102064343e-01
4.638410021579290610e-01,5.359539669548468721e-01
2.117606868948432308e-01,7.880342649311534720e-01
1.188035739439414623e-01,8.814020827290315330e-01
1.385831241748897158e-01,8.616229053910742230e-01
2.964234179016506099e-01,7.033705360484058255e-01
5.842940441531550011e-01,4.154996660148613241e-01
2.876785277514871120e-01,7.121150947996612857e-01
2.300553175273799822e-01,7.701514894315769633e-01
2.497256649866008427e-01,7.504814856150739955e-01
2.168552092131945802e-02,9.781071653662106735e-01
6.627729880972687004e-01,3.370192242119334214e-01
6.411461481445409616e-01,3.586459035279679353e-01
2.842029680530504532e-01,7.160053995915983682e-01
1.504639272788578230e-01,8.497446706795277471e-01
3.520927717554586667e-01,6.481161891650026874e-01
2.078429895404521333e-01,7.923665336814572635e-01
8.013654645544730781e-02,9.196530783124783337e-01
5.145891294681214090e-01,4.856214681880117179e-01
1.599604473201823585e-01,8.398286020636666072e-01
1.699529039340259839e-01,8.298358839438048085e-01
3.393466521335305325e-02,9.662768311422389456e-01
9.067553589912510925e-02,9.091122046899292597e-01
2.286397910034925762e-01,7.711479001358979568e-01
4.633083123968015915e-01,5.364793335497670679e-01
4.931584998267415365e-01,5.070541756656867793e-01
2.216022518117199969e-01,7.781839923201555598e-01
3.150887409798942551e-01,6.846972144066434396e-01
5.218108310377841397e-01,4.779750913289360081e-01
3.305882884742848971e-01,6.696263479395793139e-01
4.039789919698572040e-01,5.962359607010730977e-01
3.652166001338973955e-01,6.349984164703658118e-01
2.086588558321803011e-01,7.911257405411734611e-01
2.546661641563797707e-01,7.451183418559880201e-01
6.477534551189414458e-01,3.520298915444464716e-01
2.187313829118910924e-01,7.810518844671979766e-01
6.518139174838914751e-02,9.350361600200265411e-01
2.324957451731324287e-01,7.672865679585991749e-01
6.571501869004418017e-01,3.426314760056851094e-01
5.922111056542709306e-01,4.080083828901732157e-01
4.379689403003388382e-01,5.618115268711931787e-01
3.869757205098525721e-01,6.128046126576072172e-01
4.391817871437105336e-01,5.605983526157668484e-01
3.670841035279298059e-01,6.331360147871143429e-01
9.617587078755056307e-02,9.040450984116017441e-01
3.718737700675963098e-01,6.279051431279976114e-01
4.307471239806037744e-01,5.694742035350811582e-01
3.319155063474590328e-01,6.683060842517135614e-01
3.183982026374063135e-01,6.813801628467175409e-01
2.334521575056795473e-01,7.667694976731642686e-01
2.790772020259655872e-01,7.207005640015724524e-01
2.589275621776579439e-02,9.743294915132869605e-01
2.600006051111052874e-01,7.397771013667789886e-01
2.287267791575038067e-01,7.714956571143721797e-01
6.396090958613331878e-01,3.601684664274730774e-01
2.606278681011753653e-02,9.741602101491564358e-01
6.482233901939642440e-01,3.520001808249109687e-01
3.721918707605174070e-01,6.280323572732526838e-01
3.048137766289481521e-01,6.954109631020196636e-01
1.687568984609189304e-01,8.314681123131305585e-01
1.934693622298336302e-01,8.063056101863194103e-01
2.617173789054227234e-02,9.736029250752096242e-01
1.033169991915375008e-01,8.964574888621771320e-01
9.867294363318142303e-02,9.015528338370693007e-01
5.798498607148178108e-01,4.203765478067930661e-01
4.510709773244138687e-01,5.491555399652351399e-01
4.867603145402130127e-01,5.130125438398034365e-01
2.665550551146542158e-01,7.336724910369232244e-01
2.796717201602780256e-01,7.205559184717510446e-01
7.276135507763237253e-02,9.274663474524452722e-01
1.661479648873527282e-01,8.340803997836474526e-01
3.011770960148507648e-01,6.985937945772858759e-01
1.539170296664568172e-01,8.463122469286529226e-01
4.902017945757517481e-01,5.100276111200973128e-01
5.155352218298556721e-01,4.842352270145781623e-01
1.906338375263792184e-01,8.091357549810782590e-01
5.838162672942894815e-01,4.159530461937613888e-01
6.320385732552300517e-01,3.681922065785268594e-01
4.623391941501255320e-01,5.378916077458094636e-01
1.207813910751460162e-01,8.794496773627155095e-01
8.198897951379111038e-02,9.177797805701805034e-01
5.144154377903092934e-01,4.858162627986545301e-01
2.123815985757250557e-01,7.878503189087533443e-01
5.566477464279235843e-01,4.431202501167568197e-01
2.237927048722049561e-01,7.759752253961350599e-01
3.637616926791653049e-01,6.364705405191480869e-01
5.982624557388016573e-01,4.015051857375881439e-01
6.387340786923229041e-01,3.610330304374274601e-01
1.196151524948456668e-01,8.801514354744057744e-01
7.926542529625159317e-02,9.205009029318953484e-01
6.395261979421935916e-02,9.358136528965996792e-01
5.348271912300893716e-01,4.654065658410047046e-01
4.714728900300598768e-01,5.282928979249118528e-01
1.990005353772409946e-01,8.007649054698755542e-01
4.671475700910803219e-01,5.326177112513157397e-01
3.518755263784616172e-02,9.650472504106516469e-01
2.766175406801255066e-01,7.236173278843693879e-01
3.159721104182365292e-01,6.842632149356799864e-01
4.749907991270921337e-01,5.252452487995462604e-01
4.855660705816537970e-01,5.146702422990118153e-01
2.781216135853459837e-01,7.221148434557299600e-01
3.837456916811500807e-01,6.164911050829950945e-01
4.645459678835858197e-01,5.352172185712497088e-01
2.895065663022177715e-01,7.102564309199601578e-01
1.497822346058703402e-01,8.499803165147594708e-01
2.719435690487237989e-01,7.282939171619928764e-01
4.414468601909488088e-01,5.583151380808180075e-01
2.175586212255114504e-01,7.826794883806008629e-01
1.123605795326588774e-01,8.878778663799204995e-01
4.978725345306249106e-01,5.023661992224688344e-01
4.878585267923923885e-01,5.123805357504194191e-01
2.239130473388955822e-01,7.758476823981385051e-01
1.304021951067938778e-01,8.693582205387024864e-01
6.412806785415167132e-01,3.584796149102937313e-01
6.185572717890875927e-01,3.816824684152059222e-01
2.243067864075012630e-01,7.754532878808165774e-01
5.225781913441765458e-02,9.475019135463086384e-01
4.755109956132531623e-01,5.247297745449859274e-01
1.703041415390666169e-01,8.299366782567320078e-01
8.245827944710860946e-02,9.177829512074061613e-01
3.957139629140053461e-01,6.045280928504376261e-01
4.857161794495321594e-01,5.145260509573774677e-01
4.758104599533322099e-01,5.244317852775396416e-01
4.339215042561272440e-01,5.663207830834723344e-01
2.339329623694609561e-01,7.663106271673875147e-01
1.079995517661048732e-01,8.917568584763566619e-01
4.276327612242373788e-01,5.726108716304861845e-01
4.469532129378649410e-01,5.528031438058423896e-01
2.869952096669456387e-01,7.132484357141350984e-01
5.898815823381513557e-01,4.098731583874436479e-01
2.838603481209485135e-01,7.163850042486792358e-01
2.483754359386123600e-01,7.513791896433691386e-01
9.249534736214748420e-02,9.072591921693333727e-01
5.664698381817471207e-01,4.337761747282968261e-01
1.870644720755491042e-01,8.126895001909111294e-01
3.520250882601679288e-01,6.477288113170226458e-01
5.923991318611062651e-01,4.078477138116815004e-01
4.892948134245209135e-01,5.109522269901254354e-01
5.293102387188108882e-01,4.709375575406939407e-01
2.185061615446023953e-01,7.817416533476350127e-01
4.085050820801576221e-01,5.912462474650305166e-01
1.464878042215190801e-01,8.537621304256260979e-01
3.305364513822363626e-01,6.692131792635845899e-01
2.599172623818826744e-02,9.742592757159183048e-01
3.943586997656917670e-01,6.058923463083973893e-01
3.225024783945988904e-01,6.772459203960630170e-01
5.595323551877615653e-01,4.407199253882381762e-01
1.251133627350679567e-01,8.746343195371714119e-01
2.886709404661710332e-01,7.115821410020288784e-01
2.453215984140098838e-01,7.549316426327600249e-01
6.407898817312590589e-01,3.589562577007532340e-01
1.502856829726217647e-01,8.494602296023522348e-01
3.341798422458833739e-01,6.660745520025040944e-01
3.360973088200003289e-01,6.636479455878782074e-01
5.057689495494378518e-01,4.944867243946400870e-01
4.634075891332676833e-01,5.363365783622062732e-01
2.996021068576144031e-01,7.006537523030968995e-01
4.587652364374831815e-01,5.409785293989164412e-01
3.969858062700344359e-01,6.027572679785083709e-01
4.583032811742932533e-01,5.419549551620317374e-01
1.530918567934149710e-01,8.471667732239169801e-01
5.968416762150743349e-01,4.028995887065993098e-01
3.165649147324411383e-01,6.831760347276357725e-01
1.980163045545226541e-01,8.022428643695385109e-01
5.245286837237819189e-01,4.752117569757401405e-01
1.743647045556987463e-01,8.258950156074978954e-01
7.904556843274039221e-03,9.923556156860667832e-01
1.716151836446276890e-01,8.281243818094663478e-01
1.786561062456944182e-01,8.216043351527743122e-01
8.034641716076672269e-02,9.199142002150955122e-01
4.772102217759118803e-01,5.225290581579786764e-01
3.665263948863493881e-02,9.636082925178924841e-01
1.024096727530729167e-01,8.978513884269735401e-01
2.076085574566751135e-01,7.921302590044830838e-01
8.682915259013346265e-02,9.134324424774608042e-01
4.683777260367444906e-01,5.318841702388262815e-01
6.418666271685488089e-01,3.578713934216556924e-01
7.735764973862403748e-02,9.223799742009177738e-01
1.484053050937371443e-01,8.518572423779315894e-01
2.724345933806509579e-01,7.273021662812638732e-01
5.864369133406325263e-01,4.138265528675416638e-01
3.782356868970696007e-01,6.215000051499961486e-01
1.252370755194307794e-01,8.750275451719551345e-01
4.897455778200132670e-01,5.099880092335231652e-01
4.845422611953811298e-01,5.157247868039356309e-01
3.541213992263500532e-01,6.456114392740560648e-01
2.027551828186899829e-01,7.975135576654190928e-01
1.401867549044551742e-01,8.595441035754425307e-01
6.492484247277544585e-01,3.510207729505456786e-01
1.624426234130397217e-01,8.372879601215351686e-01
4.994075302484243251e-01,5.008621923470877313e-01
6.111146012138277683e-01,3.886152329374988890e-01
6.111934156217297964e-01,3.885360439159242230e-01
4.170296115039202056e-01,5.832410419708667915e-01
4.257689033749842422e-01,5.745027845200398886e-01
3.510467026123045287e-01,6.486804344447847370e-01
2.264999603672089301e-01,7.737734740901517361e-01
3.375042152366183323e-01,6.627695811953127070e-01
5.407528522376586766e-01,4.595215947908317111e-01
6.576678356762503119e-01,3.420573713907137936e-01
6.266995577246022853e-01,3.730256377616653074e-01
2.111394759376779284e-01,7.885851330029685080e-01
6.337255112141485514e-01,3.659990149916005908e-01
5.965653336022074260e-01,4.037106696575078479e-01
1.026263632008112409e-01,8.976499062708886978e-01
1.742917162274299769e-01,8.259846503752057423e-01
3.299328644451920423e-01,6.697898217285013223e-01
6.004169826013007194e-01,3.993048738903595130e-01
1.545172734119936164e-01,8.457612348308769512e-01
4.885921574865448314e-01,5.111288245218563731e-01
3.518208851772415824e-01,6.484584461114674125e-01
4.618303055097672805e-01,5.384502536847031173e-01
4.586631302359025497e-01,5.416175114140442393e-01
3.180500315451761928e-01,6.822314794026113072e-01
1.369375642791914038e-01,8.627804774132057375e-01
2.866621909981781346e-01,7.130552040505463429e-01
3.985567276072497500e-01,6.017261518435141898e-01
7.720974438938200957e-02,9.230733785109304090e-01
4.050965563656783730e-01,5.951865857306881669e-01
9.860576495000963893e-02,9.016774477343223460e-01
3.598485889505580460e-01,6.398681312716499869e-01
1.200833488662690907e-01,8.802000311261101162e-01
4.382164153916152105e-01,5.615000275409496311e-01
1.529524678253362246e-01,8.467635560997109900e-01
5.747079826775245426e-01,4.255761566238802640e-01
2.344925065988524016e-01,7.657916791297696424e-01
4.548437828687867945e-01,5.448717714087730757e-01
4.393508844958321502e-01,5.603644877543607628e-01
5.930830189937148500e-01,4.072019076344617905e-01
6.409900378656454567e-01,3.587245707088326796e-01
4.563789027084780847e-01,5.433355639940172788e-01
2.936903075415588371e-01,7.060241126516956234e-01
6.575730303241129893e-02,9.345283499267058591e-01
3.285980696503308929e-01,6.716876635476689561e-01
4.029557540636662938e-01,5.973304877300686933e-01
5.595295808784558345e-01,4.407567924267351556e-01
2.132731322610632863e-01,7.870134499761842761e-01
3.021393692062062097e-01,6.975739093359237808e-01
1.617950665476015903e-01,8.379181962874637790e-01
3.103973772657241392e-01,6.898906272302481879e-01
6.661711086948340910e-01,3.335403188478759384e-01
2.377940022555330990e-01,7.619166411592066535e-01
5.021898151020877110e-01,4.975207232193014639e-01
2.827055220712744732e-01,7.175843479630263921e-01
3.386349487837338468e-01,6.616551418677308893e-01
1.834689713259570754e-01,8.168212277325551662e-01
6.650947194440621768e-01,3.351961027748890376e-01
5.786823868645661617e-02,9.418405898603408044e-01
5.832759788192239947e-01,4.164326178373097265e-01
2.602370626313987301e-01,7.400546078485016332e-01
7.378877675452956419e-02,9.265030971734053988e-01
3.889181904434596548e-01,6.107899159124493549e-01
7.825675893955605367e-02,9.214510186493507504e-01
3.257961803135042134e-01,6.739107936527811704e-01
6.525541703300788421e-02,9.350381088850452382e-01
6.635955092041341263e-01,3.361108971768457798e-01
5.658876543749533639e-01,4.344062116703864551e-01
2.848055777315813830e-01,7.154892648848313330e-01
4.976203158240233848e-01,5.020848120840194495e-01
3.470074789748263111e-01,6.532876991274819689e-01
5.996472084672973546e-01,4.000573825880764933e-01
4.322427610134366716e-01,5.674606907086816587e-01
1.218252494181992357e-01,8.784715489296017754e-01
7.950189260732037910e-02,9.202011560472149743e-01
3.547566695513709734e-02,9.648216688984173617e-01
3.742537986980160047e-01,6.254484317060070575e-01
4.655395309810964055e-01,5.347583963075644986e-01
3.715556076622775761e-01,6.281460916659812321e-01
2.238600104484536335e-01,7.764383377395919217e-01
6.594034881478013643e-01,3.408950448267489275e-01
6.016825079097984363e-02,9.395331773374799855e-01
5.953130106630423191e-01,4.043883979488081537e-01
4.912612143354522232e-01,5.084396775013502179e-01
4.087656282000761698e-01,5.909352369815065176e-01
4.823653393375504361e-02,9.514639533555707684e-01
4.493224870139718163e-01,5.509781878075752370e-01
3.063487396582950661e-01,6.933504572810845756e-01
3.827582802236354637e-02,9.620251417250348380e-01
1.322024076244283086e-01,8.680987453495553341e-01
6.412253263124088054e-01,3.584733566979809716e-01
3.008443023360299895e-01,6.988540485610958974e-01
3.762452131832997870e-01,6.240566667988936000e-01
3.037121538629067863e-01,6.965909598132437042e-01
6.482584445993957445e-01,3.520447120526922213e-01
2.207328293961373644e-01,7.795704475283209423e-01
6.261544564810459512e-01,3.741488560755532600e-01
4.745847896640038172e-02,9.522381454777490983e-01
8.615236942720193303e-02,9.141512882842759424e-01
5.654349346727638448e-01,4.348687685227073940e-01
6.149667733243168177e-01,3.847290569247334147e-01
1.828758779752250596e-01,8.174302403456349397e-01
2.740371687828817571e-01,7.262690589622320392e-01
5.523360665370936617e-01,4.473575608403725368e-01
8.427053352233364325e-02,9.160359261475184978e-01
4.418336265077256741e-01,5.584733287947382108e-01
1.881807552357872559e-01,8.115120473511838739e-01
6.403305630696496387e-01,3.593621797035073118e-01
2.276177801240382714e-01,7.726894901582959108e-01
9.062830352417618196e-02,9.090641271455571770e-01
3.805021139169261213e-01,6.191884818651042233e-01
1.050640196924821218e-01,8.952456511645533466e-01
2.671856360847275624e-01,7.331240485426532283e-01
1.254641926349078507e-01,8.748457001635057129e-01
2.847456055940678077e-01,7.155647597114471736e-01
3.942746936772133504e-01,6.054147308826235419e-01
3.836977292071369616e-01,6.159915388713461670e-01
1.647159542777348051e-01,8.349732677010709425e-01
2.321438825795196226e-01,7.675453197936984440e-01
5.565440707911303297e-01,4.431450525380650762e-01
1.694484536665884222e-01,8.308624411316573033e-01
2.209809035391814835e-01,7.793300206772779681e-01
4.069848289839101407e-01,5.927040443752419341e-01
3.462358410152026611e-01,6.534527590749086290e-01
5.874074491858727320e-01,4.122811374967533249e-01
6.630038601899025386e-01,3.366844608215886492e-01
2.116023944903203946e-01,7.887093719351501164e-01
3.754541761265098865e-01,6.242335022476047657e-01
1.194999675509824943e-01,8.808131243672242539e-01
3.777572859366879476e-01,6.225560760174932984e-01
2.857440188825569605e-01,7.139416766016454252e-01
5.710487670988900755e-01,4.292658276257008132e-01
1.088626822864983967e-01,8.908224791818868393e-01
4.938793140200503085e-01,5.058051744422831231e-01
6.469600176795560209e-01,3.533555255483441515e-01
5.402432161255158460e-01,4.600723764923480563e-01
5.226809040975031184e-01,4.770034244287764125e-01
4.060826819043465430e-01,5.936013205487039590e-01
2.905486767921100499e-01,7.097673504911885534e-01
6.387113852626532529e-01,3.616049804518485788e-01
1.100623374382267289e-01,8.902540404002100560e-01
5.572284127586690783e-01,4.424545675792308508e-01
4.118131728860675855e-02,9.585016072947257770e-01
6.678643996387036152e-02,9.335310370414579006e-01
5.536886813351384745e-02,9.443134775725865460e-01
5.511140123412984482e-02,9.445709191869807730e-01
4.812366476727987230e-01,5.190816797474472333e-01
7.211534537458604011e-02,9.282033885011671259e-01
5.541500435153074999e-01,4.455308814327653688e-01
4.152347365357771380e-01,5.850848307973703921e-01
1.179067018594543298e-01,8.817733898159633155e-01
2.492165423461433493e-01,7.504634041745680273e-01
2.568536107698243809e-01,7.434670979505390020e-01
1.081066012762299383e-01,8.915722184791680105e-01
5.663863918718459178e-01,4.339352335812475259e-01
1.204572167842087038e-01,8.798649670169017556e-01
5.331946598902869150e-01,4.671279236976103588e-01
6.598988069969206061e-01,3.404243040436220613e-01
4.059821175476560073e-01,5.936947231663608493e-01
8.082278410709130279e-02,9.188537949951265382e-01
4.727302733264381884e-01,5.275932131889489174e-01
1.512824375865111370e-01,8.490412706893013528e-01
4.906310866391807024e-01,5.096927490889964218e-01
6.102571017848565926e-01,3.900672799659554157e-01
4.968842690096520465e-01,5.027910390201560942e-01
5.848243157228439904e-01,4.155005887892431748e-01
5.605549672789748028e-01,4.391196085123239556e-01
2.486125476020239200e-01,7.517130154554034771e-01
1.854830413104271158e-01,8.141911658794549478e-01
1.941625784634259111e-01,8.061632649173313681e-01
6.098511795895350529e-01,3.898213985881513466e-01
8.829811287206282278e-02,9.120294389322368689e-01
7.257948246519202451e-02,9.270926267043092528e-01
6.568836820907651974e-01,3.427882366667786007e-01
2.215223999471495064e-01,7.788058647024890258e-01
6.595805008441996131e-01,3.400910827804209391e-01
6.400683889432903784e-02,9.356646927864245011e-01
2.617959933049657240e-01,7.378753717723463001e-01
6.585886212809497486e-01,3.410822244713539453e-01
5.080838554411462038e-01,4.915869331834420430e-01
2.094565617574946914e-01,7.908728148570127736e-01
1.757276517466241639e-01,8.239422560763071113e-01
2.473648330653695215e-02,9.749330461406677806e-01
2.234500380854327617e-01,7.768806625018900291e-01
5.887188255869113540e-02,9.407970779619850843e-01
5.165366849826179552e-01,4.831315375868202033e-01
2.868047916789435159e-01,7.128631585001234949e-01
4.643469693305695700e-01,5.353209644746091955e-01
4.346230296516320757e-02,9.568698057785197664e-01
9.001229100569069913e-03,9.906666569163157243e-01
5.015228592936281649e-01,4.981446636082619284e-01
4.868503076703595278e-01,5.134821701721914433e-01
5.400821131745404680e-01,4.595853689876139847e-01
3.728557033126866926e-01,6.268115220033471102e-01
4.467888948523203729e-01,5.535439325017468271e-01
3.298159116046324446e-02,9.666853941046380516e-01
5.431724525227350497e-01,4.571606954216917984e-01
4.079322642127487519e-01,5.924015816382142141e-01
5.867596864622361963e-01,4.129063133685026421e-01
4.201143033822247186e-01,5.795510305714377530e-01
4.316226055540789974e-01,5.680426410873423704e-01
9.425091421303485872e-02,9.054130905583547273e-01
4.602693305100400978e-01,5.400669796104362597e-01
4.830520357496506656e-01,5.166113158502542158e-01
4.561726670613436840e-01,5.441640648934034097e-01
4.796575442779272280e-01,5.200052382348073765e-01
2.992947807268630522e-01,7.003678837626957643e-01
6.071357151406996111e-02,9.389483402316949334e-01
3.757673615102747333e-01,6.245708727143138850e-01
1.117691760189928746e-01,8.878914576121957891e-01
1.043864536077661331e-02,9.899009214322889161e-01
5.788675973458720092e-01,4.207926970104949316e-01
4.422074393585562202e-01,5.574520390620523180e-01
4.404875534662203163e-01,5.591716329502901539e-01
2.484604116602012747e-01,7.518811317128780702e-01
5.196227688518538779e-01,4.800352889762610764e-01
2.191017115363007028e-01,7.812403925129310922e-01
2.656452297598129175e-01,7.340126034697411761e-01
2.148752014502263441e-01,7.847821507038423849e-01
6.120252223065795194e-01,3.883179972258146151e-01
2.813959841097644632e-01,7.189472489722489312e-01
2.338952668034044446e-01,7.664479996892136215e-01
5.914868046782630756e-02,9.405073135592799671e-01
3.636851896715355414e-02,9.639760797126700753e-01
1.469181937546946981e-01,8.534266159909958960e-01
1.617826323158848834e-01,8.378724408405893165e-01
2.318128714221413811e-01,7.685321941820427716e-01
3.865384275588514829e-01,6.131163940480811592e-01
5.343298124568200969e-01,4.653248923229711398e-01
4.320913123777503362e-01,5.675626653339067573e-01
2.472783457269041307e-01,7.523752838415226352e-01
5.901390601530345226e-01,4.095145337604589320e-01
2.047212284676336036e-01,7.956260318255624631e-01
3.809879673205990303e-02,9.615538970883811265e-01
4.204171318740873020e-01,5.799301889713428526e-01
2.333268882679442324e-01,7.663250235226678475e-01
4.743024953294319723e-01,5.253492318658734561e-01
6.613665135540923723e-01,3.389822705382233847e-01
3.765640445351204901e-01,6.237850354502020300e-01
2.014388542808837057e-01,7.989104213233243490e-01
5.082700625928886495e-01,4.913801865194047380e-01
5.445325406555537873e-01,4.558174585130555512e-01
6.134934501683730890e-01,3.868566881561480986e-01
3.406675615878502206e-01,6.589814105691046420e-01
5.210393881091863744e-01,4.793117132371290112e-01
8.631596535175846407e-02,9.140358253731958316e-01
5.063574220022563077e-01,4.939949415497545959e-01
3.566772744003841866e-02,9.646853757438712540e-01
4.986505885246853564e-01,5.017025574424054390e-01
3.917810876523045160e-02,9.604682336502414763e-01
5.265120954646053120e-01,4.738422462435458171e-01
3.470050327693124936e-01,6.533498178148292590e-01
1.023315397763855106e-01,8.980234344866930840e-01
4.099143922777649385e-01,5.904408948103134769e-01
4.856644304521951505e-01,5.139801757846903518e-01
9.142957028726492186e-02,9.089259698131536558e-01
3.866411064398894704e-01,6.130028342938688146e-01
3.122998925966483652e-01,6.880561977958914444e-01
4.673830704776659184e-01,5.322606753441144756e-01
3.470063961572791289e-01,6.533499722202856796e-01
4.901777718359704994e-01,5.094658289264856199e-01
3.447071266706199788e-01,6.549360531667678398e-01
5.550696582730318962e-02,9.448499740182511042e-01
1.658286441800426725e-01,8.345283145404631675e-01
1.482053562099091767e-02,9.848223212480117228e-01
6.264796047513018218e-01,3.731630372191978573e-01
3.273946879152157541e-01,6.729630066970384572e-01
6.019142154563399405e-01,3.984436267873909809e-01
5.125376722085855929e-01,4.878203693778246919e-01
2.884665560080605928e-01,7.111752526052367296e-01
4.006599838809254965e-01,5.989811966077673855e-01
5.380902206136772836e-02,9.458318710790094563e-01
5.608251166203483129e-02,9.442767193841277162e-01
7.265313018086040631e-02,9.277071679896728984e-01
1.184504681285847433e-01,8.819101420552715176e-01
2.224896098939360689e-01,7.771496322790153455e-01
1.895846313284429430e-01,8.107764777785501087e-01
6.404729941079984057e-01,3.598887871931436000e-01
4.134994698189965456e-01,5.868631625559360687e-01
6.004111710233064336e-01,3.999517168331438444e-01
2.290054661480340342e-02,9.774624279532376780e-01
4.471206867126147344e-01,5.525159498179377238e-01
1.924471858838184557e-01,8.071885996706070765e-01
4.292282462569494556e-02,9.574415203326166468e-01
2.225513940900613885e-01,7.778138385654085329e-01
4.856988137048583454e-01,5.146667079326183725e-01
2.776848524269906471e-01,7.219496184647771209e-01
4.271022528553978376e-02,9.569241066400088203e-01
5.544508517190594593e-02,9.441882349537377150e-01
3.193691209755567528e-01,6.809984942380115092e-01
3.166325699489442869e-01,6.837351762076633310e-01
8.230009676795962958e-02,9.180684504404298396e-01
5.624514565098788221e-01,4.379184593252513635e-01
1.066155979245395902e-01,8.930143716475315019e-01
3.566853145074540266e-02,9.647025190835518682e-01
1.152849702272659010e-01,8.843425222006475739e-01
1.479555569787311675e-01,8.516719060205544256e-01
4.000415281110047960e-01,5.995858005512070266e-01
6.335251698989657898e-01,3.661017916801385108e-01
1.316176728558854925e-01,8.680086434222070713e-01
7.300347354095899910e-02,9.273703289632605484e-01
3.459622587319916703e-02,9.657776358226758395e-01
1.890384312341803486e-01,8.105873642955658820e-01
2.525973732197422938e-01,7.477769854188208720e-01
4.939348240680463964e-01,5.064401887751983633e-01
4.394953077834742872e-01,5.601294354603764125e-01
1.875718444296108345e-01,8.128035337333835431e-01
1.750366877063411486e-01,8.245874695163453172e-01
2.571420436045199764e-01,7.432340929958050069e-01
9.604038447746388041e-02,9.035831889005427886e-01
4.415363757334179740e-01,5.588410091858089235e-01
5.223010406195154331e-01,4.780764668283966068e-01
6.271950097043250683e-01,3.731827074831256530e-01
6.471121941185884463e-01,3.532655683367238453e-01
1.100616868972254109e-01,8.903161384938474976e-01
3.440972790653529234e-02,9.652122518456071054e-01
2.413723706817378634e-01,7.582494654682718771e-01
1.089679461891434609e-01,8.906537673970926772e-01
4.777712020286939976e-01,5.226074188282798794e-01
6.452405259315363573e-01,3.543805684538454126e-01
1.768693719419634769e-01,8.227515169747742219e-01
4.909173454767513656e-01,5.087032175311566595e-01
3.622213089584581658e-01,6.373990284569999165e-01
4.936437334648232089e-01,5.067366278555278658e-01
5.923772332319290346e-01,4.072423632187812670e-01
4.457864946249797122e-01,5.545939694741186532e-01
3.443907679646147635e-01,6.559909090661315556e-01
5.676643200745148388e-01,4.327176408437192756e-01
4.591256637956013797e-01,5.412567519490892876e-01
5.071450337731771008e-01,4.924723337097997589e-01
2.948051022843946045e-01,7.055776193656784212e-01
1.199314271680104182e-01,8.796850437326947381e-01
2.044393923872381835e-01,7.959442710977522317e-01
3.216410352009214102e-01,6.779752939913109566e-01
2.883626470930784058e-01,7.112536348809013198e-01
8.754261816138841912e-02,9.128413952922987962e-01
2.581644003851293889e-01,7.414510913103243839e-01
3.532722815931292892e-01,6.463429457915909060e-01
6.423606764377717271e-01,3.572542797123381964e-01
6.586090329098656104e-01,3.417760389230352636e-01
1.190070070392682811e-01,8.813782318657302772e-01
7.560583997044371951e-02,9.247794747344154631e-01
1.160655362133377333e-01,8.843201791980406234e-01
5.098646104215668329e-01,4.897495544992414018e-01
3.815334060248844472e-01,6.180807412231910103e-01
9.378531909329150540e-02,9.058284369062357122e-01
4.395501920344266344e-01,5.600634384523132114e-01
3.022364790404060142e-01,6.981501209865303981e-01
2.434579554045938343e-01,7.561549994441877365e-01
4.518847069624654100e-01,5.485028320764079313e-01
3.128069371486624090e-02,9.683316162224758772e-01
6.416009086504320669e-01,3.587870816971596155e-01
3.784196412317399894e-01,6.211920561631381066e-01
2.974442824363268123e-01,7.021660523212936988e-01
2.472130968123822936e-01,7.531770169876466081e-01
4.956815096684561994e-01,5.047090743932337586e-01
6.213712460012870142e-01,3.782379363156523899e-01
4.116681949214544001e-01,5.887226725763435864e-01
7.032120306027227208e-02,9.292878134873487905e-01
5.574114500046576381e-01,4.421971263461532686e-01
1.333685456953541959e-01,8.662395559829715319e-01
5.827656585050272620e-01,4.168420944557497676e-01
2.646024848291398390e-01,7.357900763664799726e-01
5.472132166092483763e-01,4.531807591314672701e-01
5.613113846010343577e-01,4.390829593703366451e-01
3.393583394850029911e-01,6.610360290373886727e-01
4.364069263271211363e-02,9.567544139689788674e-01
2.194152611743648285e-01,7.809803253276722534e-01
4.747358416918095458e-01,5.256597938361964317e-01
5.603341680123079538e-01,4.392691591791604289e-01
2.835066424591727863e-01,7.168902089827541291e-01
2.757556254104246429e-01,7.238474480775564102e-01
6.141505675120413343e-01,3.854522985966007398e-01
5.087837176890062096e-01,4.916137753272019073e-01
2.695903022793799675e-01,7.300121179106486835e-01
3.616765660846394392e-01,6.379258517984783827e-01
6.059530274321365262e-01,3.944446873317559721e-01
2.043012829082066772e-01,7.953005712967230467e-01
4.724293130226540904e-02,9.523586896282273395e-01
7.334298283389138057e-03,9.922668882625825804e-01
5.854822411008765437e-01,4.149166944536342716e-01
6.642929682985763105e-03,9.937566126310458658e-01
5.139228091047941954e-02,9.482077571873153143e-01
5.185683471826185720e-01,4.818321152175011335e-01
4.466276463869059410e-01,5.537729178910746342e-01
2.573527655866901798e-01,7.422466275556285353e-01
3.549846146843053107e-01,6.454160881778059355e-01
9.438598176119661343e-02,9.060149283629269634e-01
3.002755490769851154e-02,9.695714213528436876e-01
5.889976485541987827e-01,4.114038432657924904e-01
3.446433325782378154e-01,6.557582005312132534e-01
5.308366503172367024e-01,4.695649481451885654e-01
2.034923442080520117e-01,7.969096828946097277e-01
4.274720528068424175e-01,5.721256432772762190e-01
2.374224194656392173e-01,7.629799746099203972e-01
4.582274218121445419e-01,5.421754161933056704e-01
1.501403265326997916e-01,8.502627283894433896e-01
3.809925154157731142e-01,6.194107319975217241e-01
4.603713673308970078e-01,5.392249829349015089e-01
5.067414930079215951e-01,4.936622882162857717e-01
2.607156161829306540e-01,7.388795918127069040e-01
2.998748932598070405e-01,7.005299279379679778e-01
3.310402509834587392e-01,6.693646276422697827e-01
1.923103586542858068e-01,8.072847233581610382e-01
4.165254515039459871e-01,5.830695476880168870e-01
6.388643969497750374e-01,3.615412030496378271e-01
5.530480486902168424e-01,4.465463052198205829e-01
6.195551482937280419e-01,3.800389818730618985e-01
4.552872431221191563e-01,5.443065090343113255e-01
1.402967373804925311e-01,8.601096691365339719e-01
5.011403288440302584e-01,4.984531610931933199e-01
2.455439672283584451e-01,7.548631369006517655e-01
3.234619937255336364e-01,6.761306447108667017e-01
3.836052063799716416e-01,6.168025277122304306e-01
2.528176041471335567e-01,7.434509540540772399e-01
5.693352912696423296e-01,4.291541785915000684e-01
5.233172230045552986e-01,4.769183737464904316e-01
1.281314700847319132e-01,8.724464242661442714e-01
4.406436290769401576e-01,5.549351249765731575e-01
4.362737047264565737e-02,9.542009943522355986e-01
4.302406026209759649e-02,9.515722902000366412e-01
3.390954406786693132e-01,6.589467521689014173e-01
1.798455625442391681e-01,8.207657238282959344e-01
1.820217311286274064e-01,8.148520377933726744e-01
2.110902031769953391e-01,7.853981944863654974e-01
1.605439129971856504e-01,8.347648537649172695e-01
5.313080962489823422e-01,4.667173259392995988e-01
1.396972695952139187e-01,8.577768364176214799e-01
5.644724571209890351e-01,4.332257533747165823e-01
1.596694173552556384e-01,8.369023727381911248e-01
2.277985570867029907e-01,7.726071598836217191e-01
4.434664296611018908e-01,5.539330903105686987e-01
4.078236860945509412e-01,5.897666200793001412e-01
6.192581950800826185e-01,3.831011372970823392e-01
8.508511427445449027e-02,9.143041588237397210e-01
1.058160762133040916e-01,8.928856322340690266e-01
4.033626245191104798e-01,5.981967785009575378e-01
2.296163721566166493e-01,7.640086604072221510e-01
3.030455741029137173e-01,6.946645677796432494e-01
6.476262585271607142e-01,3.540137629075705283e-01
4.949679635815616430e-01,5.061331877300896398e-01
3.229422016484410074e-01,6.797781575950984090e-01
3.501392958699494629e-01,6.485311112080599516e-01
3.985595703280847557e-01,6.018274982490073866e-01
3.357352307781055062e-02,9.650989667266018923e-01
6.478833969794319803e-01,3.557893234232571422e-01
8.741261676097716871e-02,9.070229122244907183e-01
2.953025567293459663e-01,7.066394341464649065e-01
5.900321816844650291e-01,4.087175090560899449e-01
9.852922732480261236e-02,9.019592309903561311e-01
2.553199524808056897e-01,7.459245235810529895e-01
1.648169069603968445e-02,9.770060271484699577e-01
8.856684959681343505e-02,9.053810380977501682e-01
5.105545759481547874e-01,4.921958161748828942e-01
4.112929379012186248e-01,5.842160622396470604e-01
1.493953678351200298e-01,8.516879617157999682e-01
5.096110847004129418e-01,4.929467964129156110e-01
3.342524019940910085e-01,6.614607497725686347e-01
3.182979794874410406e-02,9.683056170313403266e-01
1.058004755707803030e-01,8.950495457818152811e-01
8.156209178703899276e-02,9.139355440551226728e-01
3.852132054815047835e-01,6.106899563290940636e-01
3.577415607028853334e-02,9.577952915826362101e-01
4.396980688598066123e-01,5.639477126654734995e-01
3.232120155689758301e-01,6.775018846860553223e-01
2.552973262065357796e-01,7.429052955370303302e-01
2.639620916750856638e-01,7.350339007620433351e-01
1.302186548201342553e-01,8.691878266230587124e-01
5.724124242147788921e-01,4.239165763843860124e-01
6.213342590595907211e-01,3.831126422959538202e-01
8.073240512131100999e-02,9.176159706948274764e-01
4.907821106041795889e-01,5.100473057595014126e-01
1.017220412761924916e-02,9.820730271813424839e-01
1.531771200869843086e-01,8.416799139903935467e-01
3.974212296179005510e-01,6.006841962597138096e-01
4.332505739868910966e-01,5.648016441857918180e-01
4.706638555554236714e-01,5.300611410106891297e-01
3.724724823412679520e-01,6.303417827016407626e-01
1.378658779641324938e-01,8.571230532020097659e-01
1.206463015586037579e-01,8.739790134013367684e-01
1.443607505762265486e-01,8.487593455580633162e-01
1.221470311387251040e-01,8.719834546542791776e-01
2.148246437199803904e-01,7.785759260691804684e-01
1.004901783861582576e-01,8.992373692189743473e-01
3.900293361528134328e-01,6.050860258737505992e-01
3.900980335778956309e-01,6.065231237662753738e-01
5.802971300995993786e-01,4.202764659445776263e-01
4.479058058649897783e-02,9.498157451766249260e-01
3.556618661690147398e-01,6.470204479530634600e-01
3.913172498697625734e-01,6.037792067581495559e-01
6.321169139166513684e-01,3.701491438085580676e-01
5.915666113841974161e-01,4.093751536065017294e-01
1.124922795240073936e-01,8.864475636735621444e-01
3.984582502157164030e-01,5.968313388074912851e-01
1.602633893325551007e-01,8.390310797802639220e-01
2.821327283797235297e-01,7.120502791577139057e-01
5.809711215973889509e-02,9.349273925383247974e-01
2.667027420255709269e-01,7.282634733082125056e-01
9.838374429373682173e-02,8.955401231812817331e-01
5.096744498667651335e-01,4.897568390120382031e-01
2.429083103410299982e-01,7.554656435186347663e-01
6.664012249549102762e-01,3.379906501495337223e-01
2.097407420170876446e-01,7.846041104557288648e-01
3.616490544789682238e-01,6.389850655253951350e-01
4.243537293269327715e-01,5.749771656391062802e-01
4.866933525183974041e-01,5.173610650308388959e-01
2.996822320470744483e-01,6.953339557637714385e-01
3.230104497162041843e-01,6.784477882818292782e-01
3.768721204111395717e-02,9.604709946154651456e-01
3.404805097611643405e-01,6.603101316374118124e-01
5.249471382834498545e-01,4.722818591255947274e-01
5.029705830361427266e-01,4.958091374895852721e-01
5.628770739685182711e-01,4.352469630292837288e-01
3.086154954964082098e-01,6.870727491633448203e-01
6.127310053700826820e-02,9.364204135202621737e-01
6.451737024910256801e-01,3.538827587523583063e-01
6.102508611818623363e-01,3.873822891637602184e-01
3.890286262564671693e-01,6.072471591619679199e-01
2.682701185264355637e-01,7.283385997869716855e-01
4.882159249244055199e-01,5.152020561638195328e-01
6.474068778434520777e-01,3.527395308867264379e-01
4.360535938344333590e-02,9.480853352123370659e-01
3.794662475858840561e-02,9.563516456370717567e-01
1.600718889304517112e-01,8.359852093835895559e-01
3.261565810717639291e-01,6.762205699634792344e-01
1.211569121698247847e-02,9.867708852131795716e-01
2.495648885867909061e-01,7.439693604270802840e-01
5.124445592128055171e-01,4.873323926343081092e-01
6.541543349173432054e-01,3.453832479899526242e-01
1.666838377409100846e-01,8.321108352968906718e-01
8.485293407924626718e-02,9.126293983601407867e-01
2.294078838728511038e-01,7.643833060779157140e-01
3.184658249760951021e-01,6.815322604169745668e-01
3.624853767340182054e-01,6.404301880238683076e-01
3.612155411978248409e-01,6.335903027020989287e-01
1.606412066482522660e-01,8.364100972618701002e-01
6.330262673278249652e-01,3.661057472190824558e-01
4.209157034665621522e-01,5.794441661877983707e-01
2.295338262554314779e-01,7.720380061918086234e-01
5.476268766067624583e-01,4.550519482291559004e-01
3.087691972781668112e-02,9.607281699914164141e-01
4.300554809751408469e-01,5.713186401546884730e-01
6.675802312415972661e-01,3.360449275171570327e-01
7.994320053895896672e-02,9.192079263763125452e-01
3.394505698695029494e-01,6.631447666076588643e-01
1.899703124986750480e-01,8.067858168016568410e-01
5.824645086326468713e-01,4.188342736677824196e-01
5.197381097903911451e-01,4.818751340942525885e-01
1.795068985317933574e-01,8.136904736445402797e-01
5.401731638949139880e-01,4.587192883626341477e-01
1.420223509484120072e-01,8.591168665467744381e-01
3.752419764491497500e-01,6.207394138910354853e-01
2.646575270453627726e-01,7.325706098679802825e-01
1.509760549567679411e-01,8.453363681685659436e-01
