4.431146715463177621e+00,9.431584839162532319e+00
8.382295929724866923e+00,6.539225318012674926e+00
9.357506868992169657e+00,5.537860802420432549e+00
9.356716495705509118e+00,5.538454342878106118e+00
9.360848923389193388e+00,5.534088665982338284e+00
9.355368934953355975e+00,5.539460083087706543e+00
9.353947807703779205e+00,5.539340885529489000e+00
9.357382078371079714e+00,5.535682775194822547e+00
9.351144969296981913e+00,5.541499376781178654e+00
9.361545751352515765e+00,5.530929769185853218e+00
9.348441115407212010e+00,5.543883223632501078e+00
9.355885370423905556e+00,5.535856831171038550e+00
9.352092348636457331e+00,5.539421486379081827e+00
9.347755847470343937e+00,5.542705067090134108e+00
9.340965853290512655e+00,5.549236375418680645e+00
9.342174712133255454e+00,5.546940800401214844e+00
9.335592449015024386e+00,5.553316432510169598e+00
9.359321620188936208e+00,5.527336825457235925e+00
9.329598255129139872e+00,5.557053826483985048e+00
9.364056915189951980e+00,5.522510374900837959e+00
9.328070236201284615e+00,5.558253448642022754e+00
9.362095370224830404e+00,5.524008402498047587e+00
9.347078473429698775e+00,5.538537558559772478e+00
9.352010786539398879e+00,5.533472149057161893e+00
9.329346301422187793e+00,5.556066140105612838e+00
9.323274772708774805e+00,5.561360634289410854e+00
9.347072921549168356e+00,5.537195107564222063e+00
9.310126531164911512e+00,5.573894573414796660e+00
9.344563259029296631e+00,5.539107733091383601e+00
9.315741409743996115e+00,5.567631725472148574e+00
9.311440009966023723e+00,5.571710762313261789e+00
9.319648108554780208e+00,5.563441332571465558e+00
9.337719436804968964e+00,5.545173707823872533e+00
9.324592874133930565e+00,5.558203602329107262e+00
9.314348620411671220e+00,5.568143041745461375e+00
9.348845110965818606e+00,5.533276790155746916e+00
9.327895350551621334e+00,5.553880782351853007e+00
9.358136298408677334e+00,5.523450809246786442e+00
9.345931443544996498e+00,5.535531024987382587e+00
9.310513816170743695e+00,5.570391044645949030e+00
9.346105184536988020e+00,5.534799453882793152e+00
9.309065146363753485e+00,5.571496127334902404e+00
9.298424425070781041e+00,5.581963878991654582e+00
9.304930590615475339e+00,5.575312443242670390e+00
9.305292332687715273e+00,5.574773815743623295e+00
9.304990767741667668e+00,5.575058703569456320e+00
9.348571420338492644e+00,5.531230088639426334e+00
9.295553150637093864e+00,5.583821567726589663e+00
9.292607451086629666e+00,5.586385047502822054e+00
9.293821130660584018e+00,5.585148802136956192e+00
9.302288968178549666e+00,5.576652780071068349e+00
9.344551865055528594e+00,5.534289491478789458e+00
9.316785903946117386e+00,5.561551041397215123e+00
9.296577782417349667e+00,5.581713781625549764e+00
9.316390983317406338e+00,5.561864301362057894e+00
3.756913015053886529e+00,9.804815950811670788e+00
3.752608933370658040e+00,9.808095264845960060e+00
3.799597508915031341e+00,9.772028508675504099e+00
3.824868425373544323e+00,9.752770734242053763e+00
3.731865441252895099e+00,9.823891629503144429e+00
3.724658571063833801e+00,9.829364770299740428e+00
3.921334900241800980e+00,9.679525157865121798e+00
3.826599549505310005e+00,9.751137800942654366e+00
3.774711760063950372e+00,9.790677877509423865e+00
3.904480476229857722e+00,9.692103437894729723e+00
3.689756944280938367e+00,9.855971238072930518e+00
3.912812571228422520e+00,9.685717848620669201e+00
3.707218101160112855e+00,9.842424949949570845e+00
3.676281567195221811e+00,9.866252264767705782e+00
3.687836847741077229e+00,9.857169203424149373e+00
3.683820834024884583e+00,9.860250359010489518e+00
3.916064442119910893e+00,9.682973005764749175e+00
3.945885924780098364e+00,9.660536405694259088e+00
3.777725862129268197e+00,9.787860456889301730e+00
3.766187186412224275e+00,9.796650592899620591e+00
3.761687839514038068e+00,9.800042508824923004e+00
3.747310005266704547e+00,9.811014650709672935e+00
3.876036523888516161e+00,9.712937502034595383e+00
3.986438352579437350e+00,9.629878553441399092e+00
3.638425134703526354e+00,9.895103232277643102e+00
3.636161634530853171e+00,9.896839597333842775e+00
3.752017168027176552e+00,9.806995751945207118e+00
3.858521643174312565e+00,9.725865741557171873e+00
3.869961725149401399e+00,9.717156914235559384e+00
3.820392311582715639e+00,9.754713070250444318e+00
9.279923908913122688e+00,5.596876992693171182e+00
3.993105451094057123e+00,9.624535601337710133e+00
3.682812646495471576e+00,9.860175245012682055e+00
3.763931665631562673e+00,9.797725057193677145e+00
3.839189800510373729e+00,9.740349745862035391e+00
3.677608841579426358e+00,9.864141037644149179e+00
3.642495158794807786e+00,9.891416486172337486e+00
3.672312560593430586e+00,9.868166321322542345e+00
4.021796884914042636e+00,9.602968045181254908e+00
3.669025923796937594e+00,9.870652340808392822e+00
3.667403772366596204e+00,9.871878106926896379e+00
3.909819978470910673e+00,9.686778862826258774e+00
3.810243144463329124e+00,9.762126874959356826e+00
9.283696277324265722e+00,5.592849148822490513e+00
3.802173425024159670e+00,9.768243521082526470e+00
9.285301456443884049e+00,5.591194842257575459e+00
9.283139773634044190e+00,5.593321780058801984e+00
3.620373222732961249e+00,9.908282882199017649e+00
3.650638228643376948e+00,9.884657364123416556e+00
4.034886099946023208e+00,9.592958989454023921e+00
3.927778262296162559e+00,9.673082347728721331e+00
3.794481353496086840e+00,9.773937837919538296e+00
3.807855176798299546e+00,9.763742144580398019e+00
9.354847802980016169e+00,5.521531396905060340e+00
3.906882035723859836e+00,9.688777098475043204e+00
3.966214299557149658e+00,9.644215438384248884e+00
3.770479167985275826e+00,9.792218683775342214e+00
3.675170643928515890e+00,9.865532454778852767e+00
4.004938467648304190e+00,9.615233370529450596e+00
3.613958940802607600e+00,9.913147784313354194e+00
9.286987067301353704e+00,5.589330664469832399e+00
3.843521497324805747e+00,9.736558897369748777e+00
3.639124649671486633e+00,9.893457452610551428e+00
3.881558531457066419e+00,9.707773913299144297e+00
3.715282038065870207e+00,9.834457890774041644e+00
4.010414950651282950e+00,9.611069219734192259e+00
3.636656113028829296e+00,9.895314959156845447e+00
3.710929902501267641e+00,9.837766389970653336e+00
4.045320729063585752e+00,9.585028729706307260e+00
3.946457159747875032e+00,9.658882341927471415e+00
3.605604079286239383e+00,9.919551730046869409e+00
4.012672724479674713e+00,9.609333036258703942e+00
3.946367095092217614e+00,9.658918206120118199e+00
9.293226436858526895e+00,5.582950466242312615e+00
3.808218158354637062e+00,9.763200949472649270e+00
3.791615281558113448e+00,9.775835398636642637e+00
3.792979872066339908e+00,9.774787969424110656e+00
3.780200849992092937e+00,9.784528110553637248e+00
3.852280188521815418e+00,9.729623181608575422e+00
3.916292220806318891e+00,9.681323083455717793e+00
3.855963158619994502e+00,9.726813963591238732e+00
4.058479757999524651e+00,9.574997381938800345e+00
3.951301197059041037e+00,9.654980334155435884e+00
3.902804281526686125e+00,9.691409931654236587e+00
4.061084442570296993e+00,9.573032196020045959e+00
9.289595914901171980e+00,5.586362270099535010e+00
3.822268152117019646e+00,9.752269092495922109e+00
3.811373777630117310e+00,9.760534081729462130e+00
3.959258700786532525e+00,9.648897224652387195e+00
3.641813951590904264e+00,9.890750057669164264e+00
3.735906983157327499e+00,9.818048563533420037e+00
3.922259515592295021e+00,9.676620016726561246e+00
3.699220206202505690e+00,9.846232419400372748e+00
3.722704304373269490e+00,9.828091445961344874e+00
3.686937438081840934e+00,9.855605857119089208e+00
6.005501219018237080e+00,8.091528854382639580e+00
4.418174698616979867e+00,9.301244305277396762e+00
4.801126871784525463e+00,9.009372659797284300e+00
6.294015591593890235e+00,7.871663506991195547e+00
5.360310447387310440e+00,8.583239655386405431e+00
4.575739900698391871e+00,9.181143091584999638e+00
5.069649527316611781e+00,8.804758070707924489e+00
4.318350793917614006e+00,9.377290749976291195e+00
6.221816851965961348e+00,7.926680986635099124e+00
3.613419442990203123e+00,9.914549788258387508e+00
5.332833088303189584e+00,8.604170598642220114e+00
6.038611197312206968e+00,8.066310962069428214e+00
4.780079011897346852e+00,9.025403497474039582e+00
6.744460158598085897e+00,7.528350160844556882e+00
8.692508629440567347e+00,6.043747025997742384e+00
8.354686397997495462e+00,6.301218956845454855e+00
7.011735744872394704e+00,7.324669565581646502e+00
8.558584912001844458e+00,6.145825398089981739e+00
6.906264313097612018e+00,7.405064314182238761e+00
8.745275884339033468e+00,6.003523499031462762e+00
5.833546249343402046e+00,8.222565793991311267e+00
7.485233883459240900e+00,6.963823233592552064e+00
4.062713291939761717e+00,9.572111145703789958e+00
5.264165734526117468e+00,8.656503729526253466e+00
8.897205931943776847e+00,5.887749038578429683e+00
5.910215404717842347e+00,8.164136708423942679e+00
9.319781061661366550e+00,5.565719044756633593e+00
6.821867680987998561e+00,7.469390325007932319e+00
9.310360057526995803e+00,5.572895085388930525e+00
7.311344141424022780e+00,7.096338812838412835e+00
6.570909255805804428e+00,7.660621844843141126e+00
4.895176244831118240e+00,8.937726129599369074e+00
4.983980138765955026e+00,8.870021268433102790e+00
5.581773493001559672e+00,8.414439949803240282e+00
7.443139332874283198e+00,6.995913018026233665e+00
5.757861112537247195e+00,8.280273390915272813e+00
4.278168802920127689e+00,9.407947762798851699e+00
8.688067397786168655e+00,6.047124223307688951e+00
5.935543270717897890e+00,8.144857159793895462e+00
5.754521139466037383e+00,8.282808669824181180e+00
8.394607387924661879e+00,6.270768831451173142e+00
9.161426352172787446e+00,5.686371455552798437e+00
7.351888888615001783e+00,7.065427139767450626e+00
5.677655398181778779e+00,8.341389068022429853e+00
7.809410272255536967e+00,6.716755986526131927e+00
6.615103860221366538e+00,7.626923621445789614e+00
7.266524430148916913e+00,7.130478168066336941e+00
5.757505365207584269e+00,8.280512767207522273e+00
7.905390189022975633e+00,6.643614653212920551e+00
7.360073412012831717e+00,7.059183372485021479e+00
5.909434581806692677e+00,8.164724425125092111e+00
8.178371350796510342e+00,6.435568504539972423e+00
7.809152392383412078e+00,6.716964814982268273e+00
8.405298711617144036e+00,6.262639084855069704e+00
7.922045687849806228e+00,6.630906257095841916e+00
3.826786746120487859e+00,9.751947114717589571e+00
4.036227436346765174e+00,9.592336697881826524e+00
7.842446403458994908e+00,6.691602000433984898e+00
6.153133179501536709e+00,7.979004939856756629e+00
8.314881600127330685e+00,6.331529814319662997e+00
4.448144687896668614e+00,9.278389859183603150e+00
5.174377415748609543e+00,8.724915091853999272e+00
3.671789403666131157e+00,9.870067823666721196e+00
7.163057275320233508e+00,7.209327836429375580e+00
5.854307959922358862e+00,8.206757295636025518e+00
4.061869022294240850e+00,9.572761169119802460e+00
9.015518602761257938e+00,5.797595138872805975e+00
5.482077767876194940e+00,8.490421477362062319e+00
5.665684253343539645e+00,8.350507117522306899e+00
7.802064070277708652e+00,6.722364044052874021e+00
5.972192163147798993e+00,8.116912603229890166e+00
6.235445879900766819e+00,7.916289733451357336e+00
4.716063464804325811e+00,9.074214747921699242e+00
5.012716413003134974e+00,8.848144071925043264e+00
6.415195967946210942e+00,7.779304580992588036e+00
4.654055642099167223e+00,9.121484002619261844e+00
5.608869347252852577e+00,8.393785474675006242e+00
6.562836266453390799e+00,7.666769219441270877e+00
4.513068885018201470e+00,9.228907992327206600e+00
7.802369987886617508e+00,6.722117884728340265e+00
4.705259506482711629e+00,9.082440850135862220e+00
5.107433109325128839e+00,8.775928510980701702e+00
5.060456921528770025e+00,8.811727813315643587e+00
7.362481356742697436e+00,7.057364789901809488e+00
6.507512210142547993e+00,7.708948617147489912e+00
6.840156638880177553e+00,7.455443308716149353e+00
8.022267043713029011e+00,6.554546243242759473e+00
8.249228750129585563e+00,6.381590624427166958e+00
5.338296321698445368e+00,8.600021019870618844e+00
6.382422671632360434e+00,7.804254446211454699e+00
9.053958128080381584e+00,5.768277127461785447e+00
5.922486004057121889e+00,8.154773908233133639e+00
8.928227565751269523e+00,5.864081697287886641e+00
8.970367015671071087e+00,5.831981877142156989e+00
7.042288792772903427e+00,7.301380616011572400e+00
9.266358601580632737e+00,5.606403696740700937e+00
5.192610758731367682e+00,8.711036387508585221e+00
7.880175462627539318e+00,6.662835491681390110e+00
5.698114363143197636e+00,8.325765422806259863e+00
5.413148259121070005e+00,8.542971615287894949e+00
4.033056525531748093e+00,9.594748408950009022e+00
8.180342332388926607e+00,6.434076463405387969e+00
6.880979769828708292e+00,7.424333960819778255e+00
7.939885588252808546e+00,6.617318435949981037e+00
4.462334381121740634e+00,9.267582586940159572e+00
4.122756109535950841e+00,9.526387139945633464e+00
8.976345004219229651e+00,5.827447944469516194e+00
4.639593970038964343e+00,9.132499744778920459e+00
8.326975304804735245e+00,6.322328977365120117e+00
8.261791645603501877e+00,6.372002513753319164e+00
8.326755914917992385e+00,6.322479691201707830e+00
6.219120378952496253e+00,7.928708615314690178e+00
8.084485980823012952e+00,6.507137142189596268e+00
5.723712403077017896e+00,8.306278497072815625e+00
7.415591637847400719e+00,7.016906449253317746e+00
9.193559587572810443e+00,5.661912010576593879e+00
8.995470014204974163e+00,5.812864902673329226e+00
4.317243798026972001e+00,9.378163489182600898e+00
4.810811371827441008e+00,9.001983883309017997e+00
5.912008069851465208e+00,8.162797810046344082e+00
9.187935117383226213e+00,5.666176230437751649e+00
5.414186477166266442e+00,8.542188903849764259e+00
5.486435559296871212e+00,8.487103037664390115e+00
8.414497363539496178e+00,6.255631830900588497e+00
7.094401084702971261e+00,7.261659575755556872e+00
7.812960746074780971e+00,6.714046226191938693e+00
4.061386591576198413e+00,9.573154032363021315e+00
3.875111939697304830e+00,9.715098208985359918e+00
7.948132323482756334e+00,6.611056720392114450e+00
4.340226381449797444e+00,9.360639662029621277e+00
6.968401438565720696e+00,7.357714577095561204e+00
7.082322968937798890e+00,7.270887443263492678e+00
8.119743422537592181e+00,6.480269992712022642e+00
8.536970571351522707e+00,6.162276855954849530e+00
9.016721791786530105e+00,5.796645956402368682e+00
6.283588536727072515e+00,7.879579052013895080e+00
6.490270828487140875e+00,7.722097910837971924e+00
7.290916760806490871e+00,7.111896288360222584e+00
6.078672859210680457e+00,8.035766775564542996e+00
7.341989915825517521e+00,7.072987637744885703e+00
7.856823895469212005e+00,6.680606322304978306e+00
5.450410390496517543e+00,8.514566557303961503e+00
6.626463613386266438e+00,7.618300414860049052e+00
5.939311834652761135e+00,8.141988502325013144e+00
8.307190390707733130e+00,6.337399415818593340e+00
5.746194498207582768e+00,8.289126852931929079e+00
9.065802138023025591e+00,5.759258740428577994e+00
8.731836665674808984e+00,6.013757039285741790e+00
9.249488120811845349e+00,5.619255346802995987e+00
6.778035636651107865e+00,7.502757023539772696e+00
