5.764582958726495177e-01,4.235416204438794407e-01
4.721797248485928300e-01,5.278204995244530906e-01
1.504991098591270671e-01,8.495004176081691893e-01
2.923327705838838497e-01,7.076667025505769537e-01
5.372675349394355759e-01,4.627330349313684144e-01
3.433856147531832437e-01,6.566149709437603121e-01
4.289947467548283627e-02,9.570999358631859799e-01
8.091350854798193271e-02,9.190858592544486338e-01
3.881772800508369037e-01,6.118220699506365934e-01
6.975911611372492827e-02,9.302415505361473214e-01
2.718581763831716680e-01,7.281410509947938703e-01
2.223529057867203729e-01,7.776461709581563575e-01
6.558635363865245038e-01,3.441374002950807198e-01
5.901455982237486797e-01,4.098533970016504102e-01
6.033945481632961849e-01,3.966044318958753534e-01
3.433865933140178850e-01,6.566122833634829847e-01
4.311203691702117369e-01,5.688784834419559067e-01
4.705302163017626715e-01,5.294709521601698166e-01
2.579542975205805777e-01,7.420469012989771018e-01
6.001987738892342605e-01,3.998024875639819009e-01
3.510801081937263701e-01,6.489211601686185604e-01
3.677331573786376540e-01,6.322655512929875599e-01
4.109796175159544651e-01,5.890190635823855381e-01
4.485943622961492960e-01,5.514043175795066976e-01
5.270371446606901822e-01,4.729642855617140484e-01
5.148550769591061504e-01,4.851464791476239879e-01
5.063973839726887416e-01,4.936042906942325614e-01
5.685725094249746148e-01,4.314292147834021263e-01
6.435065873545725568e-01,3.564916109394576926e-01
2.424098094357533262e-01,7.575920807894656051e-01
2.832638010817457586e-01,7.167381383887074797e-01
3.800057116682018510e-01,6.199962331045842934e-01
5.586183783284107696e-01,4.413796699020142156e-01
5.900719142445789434e-01,4.099300839057677948e-01
4.003367576614346723e-01,5.996612417975609732e-01
1.729891077812944489e-01,8.270088585176252893e-01
1.193999281243817989e-01,8.805979779709166566e-01
2.010975384240785979e-01,7.989045885368041278e-01
4.724477489610455216e-01,5.275544622268095729e-01
6.670572820235306510e-01,3.329450435256723906e-01
4.468949212364284884e-01,5.531027443168792246e-01
1.598061787163467806e-01,8.401914200126211485e-01
6.169340089170557428e-01,3.830684619105907407e-01
5.697399092845710777e-01,4.302574828775170279e-01
2.841272530346381289e-02,9.715899505987349860e-01
4.356860404497417405e-01,5.643112723123744345e-01
7.961821384940137580e-02,9.203845173210875030e-01
3.433250063296502397e-01,6.566722452458998438e-01
4.305486325535388126e-01,5.694542775912270205e-01
5.607278388312644246e-01,4.392751572293192019e-01
6.262491073119269558e-02,9.373720816132472544e-01
1.879681517468165253e-01,8.120288124598796786e-01
1.089106511140084110e-01,8.910924530958233003e-01
5.775230203272437857e-01,4.224801408866977748e-01
4.540003516809738571e-01,5.459964799081128417e-01
5.677379813626619587e-01,4.322587603747208296e-01
6.393562546310360695e-01,3.606404645138032716e-01
4.576121884886800162e-01,5.423844822746785033e-01
8.864577173891330375e-02,9.113508916344714716e-01
2.488858203315513495e-01,7.511108309734843003e-01
3.705026889588978745e-01,6.294939423779251086e-01
1.854041255965499513e-01,8.145993975779551866e-01
2.994979495671279413e-01,7.005055846450580770e-01
3.704766344373749964e-01,6.295270802200695348e-01
6.414912469415791352e-02,9.358471190306715259e-01
1.152630879791254892e-01,8.847406830534313427e-01
6.619716480159979488e-01,3.380321673926720005e-01
3.120548502638104682e-01,6.879489756757640739e-01
2.412584499843456742e-01,7.587454028068900680e-01
1.713358788390357268e-01,8.286680447139118666e-01
2.159849315408817264e-02,9.784055246542738837e-01
2.610758133163632588e-01,7.389282224323638903e-01
5.726805919488279217e-01,4.273234553231019528e-01
1.881699017437560850e-01,8.118342007159575768e-01
1.627618169976305096e-01,8.372340532412496650e-01
5.124831485777280315e-01,4.875210083707881004e-01
6.538033084299877951e-01,3.462008601494456217e-01
1.207033996306034751e-01,8.793008663190209351e-01
2.871664632684086116e-01,7.128290781375320462e-01
1.527953309542345040e-01,8.472091392283712663e-01
1.732875996248457173e-01,8.267168992375939496e-01
3.780208111368914270e-02,9.622024455951861954e-01
6.198949987305590881e-01,3.801095318249287369e-01
2.663305582802938387e-01,7.336739974233862371e-01
4.375900701772212908e-01,5.624052908273075024e-01
5.581704004318676082e-01,4.418249360204766218e-01
2.436454991232743783e-01,7.563591981657246111e-01
5.338416311251961699e-02,9.466206926907797525e-01
1.734994100386819116e-01,8.264957151831028304e-01
1.493254084027084150e-01,8.506696930293690118e-01
4.475477207764125276e-01,5.524572000915428660e-01
3.454126021824663884e-01,6.545923498047542255e-01
1.025479892205106297e-01,8.974470031418543270e-01
5.481815208143265838e-01,4.518235558935594920e-01
5.628186018597984563e-02,9.437130372048436744e-01
3.359468836206169762e-01,6.640582265556714825e-01
5.819611731554470702e-02,9.417987421914573165e-01
5.511520327118037965e-01,4.488427191379202874e-01
2.705246756163049993e-01,7.294700291323499286e-01
3.020698985133837278e-01,6.979354457976206794e-01
6.781993270665259699e-02,9.321854175975043955e-01
5.845481124160989417e-02,9.415397557375277948e-01
3.979590757472759033e-01,6.020354254941824301e-01
1.030859613527519286e-01,8.969085381124829448e-01
2.368074233553912611e-01,7.631870730833687499e-01
6.233468847136069968e-02,9.376597401537249965e-01
4.262082790323185044e-02,9.573735864182140176e-01
1.016112034944561399e-01,8.983944016170744007e-01
4.092171910820603387e-01,5.907885111276106604e-01
4.966677143833249375e-02,9.503389499826480069e-01
4.527630955632972465e-01,5.472427403178146132e-01
4.017441608760969896e-01,5.982499428911338679e-01
3.523138492677051481e-01,6.476801902720138449e-01
3.933780586155931625e-01,6.066159039712826218e-01
4.924892159254698476e-01,5.075046478325511146e-01
5.063928273424012083e-01,4.936009681566081997e-01
5.815354645050860860e-01,4.184582108092838593e-01
1.348545296595403120e-01,8.651518537193632064e-01
3.256150933551615889e-01,6.743913246366994851e-01
4.928193733797566756e-01,5.071741187086949987e-01
2.126649508237432040e-01,7.873284096245053432e-01
5.207323751024139913e-01,4.792744507196632364e-01
2.392435060580447859e-01,7.607633422222809250e-01
4.018760391207850113e-01,5.981308433840784033e-01
6.057501880631986635e-02,9.394319071357610795e-01
5.622200914745670297e-02,9.437709465769315020e-01
1.954412671832787829e-01,8.045658709096102923e-01
6.634528812502822337e-01,3.365543174321382613e-01
1.937965314127151062e-01,8.061962595987844926e-01
4.498901887584406123e-01,5.501170486114679292e-01
6.476916493423170440e-01,3.523010950956532161e-01
6.027574638413187857e-01,3.972352464647876391e-01
2.134721819401401710e-01,7.865205231780184603e-01
2.348155716555341832e-01,7.651770995489275418e-01
5.412679795991283127e-01,4.587246910458104843e-01
7.672278069177379534e-02,9.232698890069568343e-01
3.901584197907772000e-01,6.098490472774898974e-01
2.815764526236423371e-01,7.184160764213535222e-01
7.800648396118219086e-02,9.220010348771466857e-01
6.119184584708483587e-01,3.880891544788498959e-01
1.439611764198433230e-01,8.560311533748009571e-01
6.527245874736270492e-01,3.472675675650305216e-01
2.067947681963626660e-01,7.932131044518597740e-01
5.233542221941953621e-01,4.766538022030466504e-01
5.604985000451332411e-01,4.394934340528075523e-01
3.180994680610182423e-01,6.819086218104674080e-01
2.674803766677913419e-01,7.325277384076425147e-01
6.267969201882287456e-01,3.731949241589211375e-01
1.255123892709832933e-01,8.744794480197767284e-01
2.231355553564313698e-01,7.768727276132639803e-01
5.628168726652296172e-01,4.371914484402132928e-01
5.389525252487796514e-02,9.460964081018723437e-01
5.019764437879670194e-01,4.980151648372436179e-01
4.465645520381766320e-01,5.534270220527848227e-01
1.302044887372553195e-01,8.697869414375944963e-01
4.930953107216009546e-01,5.069132648976510946e-01
1.084446484839448194e-01,8.915466397567796131e-01
2.721892103445100464e-01,7.278020551779190717e-01
3.009554649107256119e-01,6.990357011480432536e-01
5.794703482373610992e-01,4.205385729148017893e-01
3.703151223054723107e-01,6.296759037424130012e-01
3.135139582041841511e-01,6.864950220998705666e-01
5.495742599519218841e-01,4.504167244789604729e-01
1.694678276462115440e-01,8.305231359827615067e-01
2.057088072967994119e-01,7.943002424671584683e-01
9.555849077335122621e-02,9.044507008613182908e-01
2.150973749336581031e-01,7.848934006391049545e-01
6.400483500360563127e-01,3.599423391338947287e-01
1.681452764768907870e-01,8.318640497865610328e-01
3.132602998384287907e-01,6.867303098109871495e-01
1.363724825882360880e-01,8.636180678225704455e-01
2.283822574252434567e-01,7.716082521823459661e-01
8.445118593546716013e-02,9.155583171823796773e-01
2.883540243573068929e-01,7.116364605579883484e-01
4.797123894156218316e-01,5.202971666798130723e-01
4.547094654112395773e-01,5.452809656901035362e-01
1.874975972456318085e-01,8.125120113983977932e-01
2.726465068060817121e-01,7.273631888617283492e-01
5.114523598019948825e-01,4.885573384387083551e-01
4.484343918254715122e-01,5.515558995389294727e-01
2.797373556886120771e-01,7.202723736858476222e-01
2.878430499456428038e-01,7.121470663470967910e-01
3.110517298541521924e-01,6.889383863359537230e-01
3.797771430574201079e-01,6.202327660043818192e-01
5.689496694928504184e-01,4.310403959303663046e-01
6.498258368863831791e-01,3.501641030950191080e-01
1.525603336335850102e-01,8.474497366804621956e-01
1.225938445867521542e-01,8.773960148990708197e-01
4.266229716178879805e-01,5.733668709578600975e-01
3.681826711769213833e-01,6.318275662465432374e-01
1.699702047645096914e-01,8.300194832652726395e-01
2.748752805543616673e-01,7.251143918061698779e-01
1.945597222584128094e-01,8.054506301711524818e-01
4.210039889833471771e-01,5.789856446325309935e-01
5.783125815685449256e-01,4.216769356958233739e-01
4.915852830628684722e-01,5.084041310211478981e-01
3.973976658538950213e-01,6.025917230265789293e-01
2.035172530276231906e-01,7.964934743369516124e-01
4.644163949727165286e-01,5.355944110450346907e-01
3.604115954995366078e-01,6.395992564317275475e-01
2.009505125679880155e-01,7.990603501116207985e-01
5.656841403951197167e-01,4.343267440486225928e-01
5.172884839164751947e-01,4.827006273166194461e-01
1.723110520771854726e-01,8.276998880059325270e-01
6.237080352472047506e-01,3.763029138932521001e-01
5.695170695192297572e-01,4.304717798397821871e-01
2.007809485640874303e-01,7.992078904089846558e-01
1.919398430745163087e-01,8.080489706616528212e-01
5.445734922939581280e-01,4.554152971990517718e-01
3.336743597727687693e-01,6.663369213591223694e-01
5.176214045152665033e-01,4.823899369853870134e-01
3.766014224932654475e-01,6.234099304952738230e-01
1.652786768404981843e-01,8.347099119874755724e-01
1.759644071343758331e-01,8.240241784740777176e-01
1.063005132156712024e-01,8.936879892976862250e-01
2.160781196991797271e-01,7.839333780820996189e-01
4.891295970983330355e-01,5.108586508699547446e-01
5.134729355786012972e-01,4.865152050752201141e-01
6.668973192892961865e-01,3.331146074534452883e-01
1.627817808589293036e-01,8.372062673369441432e-01
5.369239942360045648e-01,4.630879634178990956e-01
6.586239430974321074e-01,3.413880307517884183e-01
4.145013685187476371e-01,5.855106359518164050e-01
1.505612598187627826e-01,8.494267252831174675e-01
3.917490160824336209e-01,6.082630558923056707e-01
6.453635148318928039e-01,3.546243428653201302e-01
1.068920521749592289e-01,8.930955037431382859e-01
2.589796575270267992e-02,9.740895525117485576e-01
7.926038814407755650e-02,9.207522301030778289e-01
3.674188648594458595e-01,6.325684987738805498e-01
3.544369367432529394e-01,6.455758946957472766e-01
6.512624967202493842e-01,3.487503518688826465e-01
2.890569108722942371e-01,7.109301039613159512e-01
4.757644110374786850e-01,5.242225816287109375e-01
5.222518192299053785e-01,4.777612141302662319e-01
4.758775768126823763e-02,9.523991759448913186e-01
2.428660570291376469e-02,9.757265469321000362e-01
4.898319547629589876e-01,5.101812519485072750e-01
2.160684220472080808e-01,7.839183532739557592e-01
5.363861244541537898e-01,4.636272029769413217e-01
3.201375160373932660e-01,6.798491276843779962e-01
5.726786795777160100e-01,4.273079177097676151e-01
6.654169709734372162e-01,3.345694663051458906e-01
5.283173698692505971e-01,4.716962735990831712e-01
6.042268856177297476e-01,3.957868342826365016e-01
6.027737339234171543e-01,3.972400827739173135e-01
5.366893882414907058e-01,4.633244603218102386e-01
1.703975432716740152e-02,9.829463569071618112e-01
2.120475276192090863e-01,7.879385825406892696e-01
2.770685061640559832e-02,9.722792496082961478e-01
9.711055139253255142e-02,9.028754809371832835e-01
3.068198127717856050e-01,6.931662189798961649e-01
6.172350168812267279e-01,3.827789750245368383e-01
6.016205831613373745e-01,3.983654124464418578e-01
2.800015942917065126e-01,7.200124190592970264e-01
3.482601467424259467e-01,6.517257838983854246e-01
2.637283706978920672e-01,7.362575554725687699e-01
1.530621383178920603e-01,8.469519506183920132e-01
3.876583700227205775e-01,6.123558135506902422e-01
1.857531025423260207e-01,8.142326104394755903e-01
6.534957023709657420e-02,9.346647268182154411e-01
2.869358243988159862e-01,7.130497495222181126e-01
2.245553185951692371e-02,9.775300295354226732e-01
6.143864991137658604e-01,3.856279775135056931e-01
6.666013117440761082e-01,3.334133127068719671e-01
5.442439371848125651e-01,4.557707324072834409e-01
5.956533155043517436e-01,4.043319418910960583e-01
2.743747793232286791e-01,7.256400656127434123e-01
1.708815558076512697e-01,8.291333028056766530e-01
2.626586524005394135e-02,9.737191882024517353e-01
2.960764787890652894e-01,7.039384931645059629e-01
4.108807069084937508e-02,9.589269174924633932e-01
1.373894942347419178e-02,9.862760822114203796e-01
3.383067653817962706e-01,6.616781269874739690e-01
2.218657150370265119e-01,7.781493930393122982e-01
5.652013383629673760e-01,4.347835191996954340e-01
6.637875280589138338e-01,3.361972998075780650e-01
2.136988054625427180e-01,7.862860222122820542e-01
5.985186290555845057e-01,4.014967528483099901e-01
1.567731712604855665e-02,9.843072364747385006e-01
1.688393670149083980e-01,8.311760917145913918e-01
1.689859453890543428e-01,8.309985952279912436e-01
2.590569409646577004e-01,7.409585394979626427e-01
4.299679854918835309e-01,5.700165328663283626e-01
2.261160167194762316e-01,7.738994674958764586e-01
4.130574816108962266e-01,5.869270313289234320e-01
4.372532752762354757e-01,5.627623526545282306e-01
5.481909873799281074e-01,4.518247696318000717e-01
3.658364702014375025e-01,6.341793558604754688e-01
1.372817638424731201e-01,8.627024024538459956e-01
5.882771723647981510e-01,4.117069334136154724e-01
5.974321003449865053e-01,4.025839075966325953e-01
1.127263821895128776e-01,8.872897007376212564e-01
5.746431506726825678e-01,4.253729365255792261e-01
6.602518628594447048e-01,3.397320311806290016e-01
5.515836480184029000e-02,9.448577941407609870e-01
4.137322984465755527e-01,5.862839109090743905e-01
3.256230894480647842e-01,6.743606813101442610e-01
3.878785743792951268e-01,6.121376719092844754e-01
2.741365477738926248e-01,7.258797504269979273e-01
6.477422896045551548e-01,3.522413189338760020e-01
4.494466059033694338e-01,5.505369583630042030e-01
9.571371670755442207e-02,9.042696947299789789e-01
4.677692614960927697e-01,5.322141026277088516e-01
2.104572836407063163e-01,7.895593599104869798e-01
4.746269751047386964e-02,9.525539913518558111e-01
5.767237297613880820e-01,4.232930152374332344e-01
4.238246912934293120e-01,5.761920780015094001e-01
3.103488632560567617e-01,6.896679098301902178e-01
3.013527075145829848e-01,6.986641209761641491e-01
6.165606592375645345e-01,3.834561722916935422e-01
5.816812928414254180e-02,9.418487195188651739e-01
3.936642268898987024e-02,9.606166752348516136e-01
1.597982780466669084e-01,8.401847828737610824e-01
2.214895224341278113e-01,7.784935343486831805e-01
1.360863176941236874e-01,8.638967056674569100e-01
5.106471332372235494e-01,4.893698442864759524e-01
1.225263724238658536e-01,8.774565163186585082e-01
4.597862301236588928e-02,9.540384900689132808e-01
3.371944037378033499e-01,6.628228115709109414e-01
6.643304726761031231e-01,3.356522138558584722e-01
8.244998711824035043e-02,9.175674313295393292e-01
1.567354190884134302e-01,8.432471392227379736e-01
5.923209266868735279e-01,4.076615981067349126e-01
2.392832575946087781e-01,7.606992372978998995e-01
6.750840472324448616e-02,9.324740122342057846e-01
1.094188194262574465e-01,8.905635957971025363e-01
2.636715441598216914e-01,7.363460842131291928e-01
3.745448327669868571e-01,6.254375173890338591e-01
1.031280250168456758e-01,8.968543169041929275e-01
4.693896997505934698e-01,5.305926311064479428e-01
7.003386987380505468e-02,9.299838605472647846e-01
5.035551725721767458e-01,4.964625872511173599e-01
3.446037938292352276e-01,6.553783723420375518e-01
6.750410288212171928e-02,9.324779808197239950e-01
3.254313372523799375e-01,6.745866441856853690e-01
6.532896792314807355e-01,3.466923380593125992e-01
3.877451266383481476e-01,6.122368793435801759e-01
2.813260154067218424e-02,9.718493961300089801e-01
1.958567627762455299e-01,8.041613217673703184e-01
4.327650932109196047e-01,5.672168049245693844e-01
5.422771762202177603e-01,4.577409393463426346e-01
2.170925803476025095e-01,7.829255856840344752e-01
4.306357275358204117e-01,5.693824675992442685e-01
1.797854610840570466e-01,8.202327612799327206e-01
9.508927029947984721e-02,9.048922427434394899e-01
1.381969398069773369e-01,8.617845028755836134e-01
4.185484212603132748e-01,5.814329886232618705e-01
4.782174008298124834e-02,9.521595895264352016e-01
1.855298937436094808e-01,8.144889522928682180e-01
1.582859765040612043e-01,8.417329556588459827e-01
4.102717993831921928e-01,5.897471980760926602e-01
1.977174052932207660e-01,8.023016423819555598e-01
8.949926997902969694e-02,9.104816681988094906e-01
4.866757712908485467e-01,5.133051592152465537e-01
2.811366578978790609e-01,7.188824383415876040e-01
6.628496461711258503e-01,3.371312529397182400e-01
3.250329069203588550e-01,6.749479201005793572e-01
3.127089039247670232e-01,6.872719074611473022e-01
9.178594369304686473e-02,9.081948528217186345e-01
6.654382682903885460e-01,3.345809866830992685e-01
6.213077144186194278e-01,3.786730272058372870e-01
4.139311492478416066e-02,9.585872303031368613e-01
6.109684650136396611e-01,3.890512915018180529e-01
6.178811961190785462e-01,3.821385923902677617e-01
5.292088330905422300e-01,4.707713733332944406e-01
2.066600115203152677e-01,7.933201798421856132e-01
5.948146759016494922e-01,4.052051587899057616e-01
1.046876452629227072e-01,8.952924901168352045e-01
4.186288558791073644e-01,5.813910098583442432e-01
6.650908808925815041e-01,3.348891988372111328e-01
3.552269422504114593e-01,6.447930932846005492e-01
1.868305686404943960e-02,9.813369971345050624e-01
6.554665171803586432e-01,3.445535897858075791e-01
3.131763644443927852e-01,6.868437593482752401e-01
1.628406132826895059e-01,8.371392554929911745e-01
5.238101599651752149e-01,4.761696820660459295e-01
8.826510430974528199e-02,9.117550842152289947e-01
3.266335335541236673e-01,6.733867368711520252e-01
4.175412699845286180e-01,5.824384544513977469e-01
3.259732389206859704e-01,6.740064096697843121e-01
6.617153501902033330e-01,3.383050718296572446e-01
1.110016151410818941e-01,8.890188225055107862e-01
5.424159215427821756e-01,4.576045220635196475e-01
5.252989509016972036e-01,4.747215517631781512e-01
1.659030278906482581e-01,8.340764681655828960e-01
5.814607109642705440e-01,4.185599232000172254e-01
3.074185757683563919e-02,9.692375051276177489e-01
2.803648663386025253e-01,7.196557800269559602e-01
3.279157429248737432e-01,6.721049121176990715e-01
8.756972245243480057e-02,9.124095766668397500e-01
2.185941202770222969e-01,7.813851769250153012e-01
6.531396306120910156e-01,3.468396168858733364e-01
3.764068644933392105e-01,6.235722923913357141e-01
5.980254609571689084e-01,4.019954537295684638e-01
1.116936876410920543e-01,8.882853756972680648e-01
3.853294415071457646e-01,6.146495498553308234e-01
1.065945569975296353e-01,8.933844004557269791e-01
1.714120501494971194e-01,8.285669016334279435e-01
2.616936758596338231e-01,7.382852521333291840e-01
3.709610156759762245e-01,6.290600618770472163e-01
4.704168268131557751e-01,5.296042622412684420e-01
4.310946151790862046e-01,5.689264977662087386e-01
4.044312058287167222e-01,5.955899114572085207e-01
6.264196626862624795e-01,3.736014797989546388e-01
2.304269041790664996e-01,7.695942888191070752e-01
2.059696747171859688e-01,7.940091034504694889e-01
3.040453383478652905e-01,6.959759038110120422e-01
3.619140185402845988e-01,6.381073055200510158e-01
1.833895261523964815e-01,8.165891267832932066e-01
3.351311324427845850e-01,6.648902286350459878e-01
2.915142538291711771e-01,7.084643752709248732e-01
5.027092424105348289e-01,4.972693192877152835e-01
5.405202623196708744e-01,4.595011849123539216e-01
7.492305767527832061e-02,9.250984675135945912e-01
3.075589766470432362e-01,6.924194906922698234e-01
1.486745042250571247e-01,8.513470326188438131e-01
4.795814533398945478e-01,5.204401309609155701e-01
5.540447349506860686e-01,4.459335004233203059e-01
5.387322717492509794e-01,4.612894947494815545e-01
6.121690907263036552e-01,3.878527959476479881e-01
5.613951662070688214e-02,9.438385553915296100e-01
6.070585572575879496e-01,3.929634890507899270e-01
3.034572850072509986e-01,6.965647681657923806e-01
7.776411634039213927e-02,9.222137194973358820e-01
2.591612392663267261e-02,9.741060958860660035e-01
6.282002843112239887e-01,3.718219472298530115e-01
2.684376127979408722e-01,7.315401080120836896e-01
3.986143824169457450e-01,6.014079187896976819e-01
3.412528338962314001e-01,6.587248253695039413e-01
2.415624753583719975e-01,7.584599854089666415e-01
1.934914959061590778e-01,8.065310123990075963e-01
3.269885594309183130e-01,6.729889286280716920e-01
5.291872052327148968e-01,4.708354410468611473e-01
4.944077762821080801e-01,5.056149156868330330e-01
1.067012193762615357e-01,8.933215062927394312e-01
2.853725041018895237e-01,7.146047607470105145e-01
1.223394131016475733e-01,8.776377544546313247e-01
2.952414327209075817e-01,7.047814574634306828e-01
5.209871349849577032e-02,9.478783424968030280e-01
4.945819193488055765e-01,5.053950755958315222e-01
4.524587863449040515e-01,5.475642692348292595e-01
1.717925020470235375e-01,8.281843440220593155e-01
4.643774617202534039e-01,5.355993542129465768e-01
2.297060771179319782e-02,9.770060316789768162e-01
4.169098870474530205e-01,5.830667121604130587e-01
6.091323970152159317e-01,3.908440967234854124e-01
1.556694905555304209e-01,8.443540839982082158e-01
2.686923591555452906e-01,7.312840320929051563e-01
1.248769772204957468e-01,8.751466950165363023e-01
3.636392083766054051e-01,6.363845927396541979e-01
6.769929222201030716e-02,9.323245167583956716e-01
6.656718401716944511e-01,3.343042894741569127e-01
3.690614547392873646e-01,6.309625336730795286e-01
4.739441701724994571e-01,5.260318322961333726e-01
3.173644549569829554e-01,6.826115260572213073e-01
4.459284962541089081e-01,5.540474619792291611e-01
4.077936382261641568e-01,5.922304276969235781e-01
6.946862396157918451e-02,9.305554421222415051e-01
2.562069951051471062e-01,7.438172706503974885e-01
6.201225952797518870e-01,3.798531376908379498e-01
3.976178692826750627e-01,6.023578606441706285e-01
6.334323478801135998e-01,3.665921857770535475e-01
3.097492161388438192e-01,6.902753489934650988e-01
5.166904197963245737e-01,4.833341828038198451e-01
3.483668355966792474e-01,6.516578041945705335e-01
9.022598207421776706e-02,9.097988098720553030e-01
5.192995045887457417e-01,4.806756245400924388e-01
2.680128974550783916e-01,7.320120273735248873e-01
1.903793697318816730e-02,9.809870599940115898e-01
1.909102514908604942e-01,8.091148028335617415e-01
5.893974723688570894e-01,4.105774697454035449e-01
9.020015564769365279e-02,9.098250278594318674e-01
2.791631004254011700e-02,9.721089361590299349e-01
3.775970653284691503e-01,6.224282249548055423e-01
3.010339143199017298e-01,6.989913841164880903e-01
4.660011473054875841e-02,9.534254370187885685e-01
4.826644164526564529e-01,5.173611794232769734e-01
2.710872785957201270e-01,7.289384816407282752e-01
6.098104783178304178e-02,9.389931830365221277e-01
6.136089206551599562e-02,9.318923671211110094e-01
5.779253256170210906e-02,9.370299836340066912e-01
1.656757223278473301e-01,8.290650775368375580e-01
5.135861118644963197e-01,4.850173737313354105e-01
2.089886495192815399e-02,9.727012580031720868e-01
3.858239220409864223e-01,6.147935829149300258e-01
1.306576086783106105e-01,8.630799406226963288e-01
6.295259620181831162e-01,3.715510339146947394e-01
7.459824139651317909e-02,9.257429113278083932e-01
4.291386774733862430e-01,5.680483981159033524e-01
5.669119061569669604e-01,4.332118212837060556e-01
1.278705592525799517e-01,8.713748849712430466e-01
5.689991477321496571e-01,4.339478497126821877e-01
4.511733568041469411e-01,5.500676767908107001e-01
1.914159012587206277e-01,8.035190255154345262e-01
2.984431315100369853e-01,6.992692751272643337e-01
2.298106609665706568e-01,7.703554958689367016e-01
4.740689114327211739e-01,5.241604893341702542e-01
5.584622099824280289e-02,9.424998998362491553e-01
3.433293567223005827e-01,6.558803412890679141e-01
2.914717931995728373e-01,7.088066599192841544e-01
9.462869350742529606e-02,9.015838222281234993e-01
4.518977567994808542e-01,5.489501087825063852e-01
2.583149869371326179e-01,7.429174977754936515e-01
4.489656657922401761e-01,5.512076355275967732e-01
6.087849398742389839e-01,3.902957659538086599e-01
4.603193822860358053e-01,5.376175680164548831e-01
1.518676517115767899e-01,8.472662447500574068e-01
6.453331876204271289e-01,3.548991885748513653e-01
2.642836620563873695e-01,7.306870797515971905e-01
1.774685346812102382e-01,8.235497635244991566e-01
5.241764531982432418e-01,4.757026592465247172e-01
5.773345426461762298e-01,4.224567618853499185e-01
1.093145457115665131e-01,8.872338752364946624e-01
3.958787156805630980e-01,6.010233176395265442e-01
4.595028779992699902e-02,9.500456816865375798e-01
4.267957008405227071e-01,5.747252364252881662e-01
2.313438268981895390e-02,9.763610709407615218e-01
3.854172471136372846e-01,6.157546856355290421e-01
5.073348818844320984e-01,4.904131048630439027e-01
5.319584026366549478e-01,4.684711213865547230e-01
6.483551250889970641e-01,3.550583874398050566e-01
3.521854273618957865e-01,6.471040423341978265e-01
2.510510353070920242e-02,9.724064332248946174e-01
5.841525382798694599e-01,4.181921823771049818e-01
2.777681040861292305e-01,7.173631433439084937e-01
5.461244022129461140e-01,4.509600187702527130e-01
1.284293499809770200e-01,8.698950805892525784e-01
5.304073935190510847e-01,4.707159034638911388e-01
1.243080111963107831e-01,8.746358337610286027e-01
3.621234928069981263e-01,6.368789925070140745e-01
6.152300512396983168e-01,3.825585531127312922e-01
5.540386430105273541e-02,9.426785963530113222e-01
4.587732991044980724e-02,9.505215463689045130e-01
6.055617257805312459e-01,3.971520269864931563e-01
5.094378828345312860e-01,4.933858126891242923e-01
3.315741906161022712e-01,6.703535538334475241e-01
2.741141342748619758e-01,7.237255932065465025e-01
6.438362336396736829e-01,3.565305547462251923e-01
1.724666647999497926e-01,8.286859091405317512e-01
4.337985805395780936e-01,5.645704764627903494e-01
4.934924447062233321e-01,5.096097386605457080e-01
8.096516714980857288e-02,9.165284378833103984e-01
1.313908318003731146e-01,8.675506072041825334e-01
2.841831229033405237e-01,7.123893757743684496e-01
8.254099853434454515e-02,9.123308461780345047e-01
2.073333229729456828e-01,7.936303537339762793e-01
4.883604801814599439e-01,5.082541070981408948e-01
2.572670050073564418e-01,7.411685920689576879e-01
5.784500289692533492e-01,4.207229433043896960e-01
3.108571768818030323e-01,6.881980344889645496e-01
1.890211537035460798e-01,8.107632767813973684e-01
4.252925061631001591e-01,5.739053368090819562e-01
5.553744452734066250e-01,4.459385066251323471e-01
1.442286246914081804e-01,8.564440724352999634e-01
3.047964878257855004e-01,6.969937070771827781e-01
6.026946805330807289e-01,3.957163431090802153e-01
3.445738802393520372e-01,6.508800972862012202e-01
2.663065727049410691e-01,7.306574115274304670e-01
4.005860655635995471e-01,6.003803152262034981e-01
6.172634183750534964e-01,3.853880292091607096e-01
3.650832562917607493e-01,6.333430983358474542e-01
5.941317243039003770e-01,4.035450257634260463e-01
4.647358527143870544e-01,5.378929917648721526e-01
1.994052159337211805e-02,9.763507399274697907e-01
6.466565535793763475e-01,3.577133574863302079e-01
1.007868678021601044e-01,8.969846261655074482e-01
4.696095621295366951e-01,5.329866770590250269e-01
5.545059901605180475e-01,4.436917571682498784e-01
9.186276183863822942e-02,9.085498675003840230e-01
6.551179748850693985e-01,3.424473381152386975e-01
4.080550824158539758e-01,5.914205075090296360e-01
6.077168739847974566e-01,3.899306495482467994e-01
1.363200790092758963e-01,8.645552868486058307e-01
4.850521933130079177e-01,5.176839220411365572e-01
3.848109249214763383e-01,6.107372172155542955e-01
1.641843085237605360e-01,8.319263901160468544e-01
5.346786793137581206e-01,4.659392544561472005e-01
1.268854025807336361e-01,8.733130398763647717e-01
3.790139456838705345e-01,6.226551235220526559e-01
6.209925189323755035e-01,3.785687878512750681e-01
3.595911023391167860e-01,6.373957221803752127e-01
2.700183571917733061e-01,7.313846020883560950e-01
5.568397875773452022e-01,4.470424623498730488e-01
3.683564980239112385e-01,6.326620986600455243e-01
5.327445560927253076e-01,4.649400059146357456e-01
3.036283276359505456e-01,6.969456954582611274e-01
3.264325545623467106e-01,6.692833605203465375e-01
4.230621047908162541e-02,9.557774605493843945e-01
3.312774846220553626e-02,9.629790510303080087e-01
4.900339019261466811e-02,9.460737490430449759e-01
3.415933670841627134e-01,6.574259616588935540e-01
1.871927497959421649e-01,8.078689184565680526e-01
6.092076905592597180e-01,3.923036533824240113e-01
5.861359292422121253e-02,9.349045366678414570e-01
5.936452263302217647e-01,4.035524025134628601e-01
3.519213725641440749e-01,6.493270720482891001e-01
2.712676361323018703e-01,7.301494280759436295e-01
8.263580959556493521e-02,9.118998448736197471e-01
2.175606534692595684e-01,7.783119575869877904e-01
2.934837681152124844e-01,7.016355509269441848e-01
1.141754032748058673e-01,8.822767894439451641e-01
2.899094273741505412e-01,7.117520698104303767e-01
4.664299144220474536e-01,5.361264632786229001e-01
2.121505879094219005e-01,7.864409643840047925e-01
2.042432640689717249e-01,7.908585750524870228e-01
2.862484063087091246e-01,7.130142449742388200e-01
2.550325467156981385e-01,7.432961434329035111e-01
1.239091231257978126e-01,8.698679470881834908e-01
3.189448409940511819e-01,6.821609844865064165e-01
4.104667914632464942e-01,5.856100227238233424e-01
5.006021750137777948e-01,4.991673657701485856e-01
1.839096749861479640e-01,8.143467845827022655e-01
2.586520505510259138e-01,7.418186259614966138e-01
4.536719014205130018e-01,5.440922680087068031e-01
4.268511953454119379e-01,5.703414136792327449e-01
3.227045465645776989e-01,6.742030148168322023e-01
4.715737158443387977e-02,9.486105222620360156e-01
1.511481374496266850e-01,8.473186907631297116e-01
2.019955502023487726e-01,7.976121530818220950e-01
4.526093596001405372e-01,5.471298825958534895e-01
1.567175068255642623e-02,9.791415459383310260e-01
1.538675207930582656e-01,8.403020923651659535e-01
5.837077441924135579e-01,4.195349868283382300e-01
6.029009359180660388e-01,3.981823038531619452e-01
2.969215582986872715e-01,7.015766404374110810e-01
9.843686614985287797e-02,8.990660872907279000e-01
5.398019309480620587e-01,4.638219870186598981e-01
6.397421769949487302e-01,3.594177363674906922e-01
4.177194318318264710e-01,5.832871239289704191e-01
2.794244957090961101e-01,7.171606598728338389e-01
5.102365766245381407e-01,4.864536702361594855e-01
4.414649846005608280e-01,5.602632202936903560e-01
4.511848037437286019e-01,5.483844275748164243e-01
4.648826688601225832e-01,5.363093872247026717e-01
5.789519589333964600e-01,4.219967375763920003e-01
2.725069187468197596e-01,7.277441393709999096e-01
4.678205614387280498e-02,9.497017158798959358e-01
3.482775917716945252e-02,9.606235301055444653e-01
1.632212966923249908e-01,8.320601903085728113e-01
2.393498998546139400e-01,7.615469824553903200e-01
2.069864929195302239e-01,7.911692568485390042e-01
1.778624812954014145e-01,8.162532163244011763e-01
2.950060891330653079e-01,7.002026134289935921e-01
2.777062815838132193e-01,7.235335739494384022e-01
6.593082898414832915e-02,9.309029993690830507e-01
8.841023513075835227e-02,9.089149609006517139e-01
3.275006642543670798e-02,9.665911434707404881e-01
6.528588477371951582e-01,3.516666212260872171e-01
3.791284608767450104e-01,6.232840712273269856e-01
3.838593224662731895e-01,6.141462343278791813e-01
1.023755337411671740e-01,8.917890329494074786e-01
5.555836514832787065e-01,4.425242311172492560e-01
2.075456048495687850e-02,9.745777280712750734e-01
3.760387047557136597e-01,6.227181292699339732e-01
6.516538565895083623e-01,3.479394045849265593e-01
5.202243469357498151e-01,4.809379938226541751e-01
1.532687180119074177e-01,8.458104033389263199e-01
2.676208292326875404e-01,7.339519555859782551e-01
3.817528506009413847e-01,6.141979837217996785e-01
4.413536890097756737e-01,5.596915389432215449e-01
6.276708848078573766e-01,3.747578299184228245e-01
3.267195935296960396e-01,6.727524057278262415e-01
5.567425502703569062e-01,4.438853636966155203e-01
1.750593884928906274e-01,8.228859298310997605e-01
5.029298177305171480e-01,4.981911729205147354e-01
2.065385287447986662e-01,7.941320712621636746e-01
6.364770102258294759e-01,3.644244626138525844e-01
2.385321213088929804e-01,7.629791593622017309e-01
4.136641225035050384e-01,5.858321813859630467e-01
3.385106170132961001e-01,6.571466167935314795e-01
5.539593256008716882e-01,4.471081473356928737e-01
4.473316495118411229e-01,5.504064530876092709e-01
3.977784344485699175e-01,6.046552639395248452e-01
4.272750548891949829e-01,5.739916454332774087e-01
8.754150455602495440e-02,9.065163962040263534e-01
4.420065634189625503e-01,5.606716917390852650e-01
1.634659660309915191e-02,9.821320491654562668e-01
2.134866080079969308e-01,7.823637195631216734e-01
6.066144260555176443e-02,9.362114737446975976e-01
4.118050472273960816e-01,5.901752923588418076e-01
4.618779382947277301e-01,5.354011856186789986e-01
4.960891523492289568e-01,5.004251929035037350e-01
5.522643046273090217e-01,4.454960090526968175e-01
4.180594789829062963e-01,5.843396780726285433e-01
4.676793218298128108e-01,5.352412487037127020e-01
7.609419797295939591e-02,9.218731641034425550e-01
1.214767023582248306e-01,8.720986522841966959e-01
6.379134009785381032e-01,3.631572681693626126e-01
3.192240117365288676e-01,6.827839262708251811e-01
1.021365754724994634e-01,8.970124409277477895e-01
5.004472362524478024e-01,5.015340481317923649e-01
1.777215122204616748e-01,8.181165437402084795e-01
6.174980957872111542e-01,3.857274235173137611e-01
2.810204600077177428e-01,7.183326712790309987e-01
5.146478362564184117e-01,4.819814580071121735e-01
1.373197559045230276e-01,8.621872370159139320e-01
3.901699895035430909e-01,6.058361287134235162e-01
1.950466476207534661e-01,8.008149172397351911e-01
4.206288473209573442e-01,5.765296284545261551e-01
2.165739069827471719e-01,7.827195415737372430e-01
4.450230415455736499e-01,5.569325090023510283e-01
4.943447903942920774e-01,5.032539841233941713e-01
1.618169285615329300e-01,8.383299042364761311e-01
6.600009461793309162e-01,3.414929528638734890e-01
5.537309967551063972e-01,4.474079298452723341e-01
5.385853412482808356e-01,4.653198291139648557e-01
5.255539755102318633e-01,4.750519616749670493e-01
5.534218875081339251e-01,4.472416231560686906e-01
6.370590072105301038e-01,3.667363391631036640e-01
5.948377077661903822e-01,4.073881795100701697e-01
4.417677279733223800e-02,9.494161110336926113e-01
2.434171591604617491e-01,7.533521742624399442e-01
2.430239611874793759e-01,7.515610718902792087e-01
6.637340890647434044e-01,3.356906821015430142e-01
3.434436255428843093e-02,9.586646381654689852e-01
2.630977920812979098e-01,7.381360360435147427e-01
1.073539461918280313e-01,8.914665041051276217e-01
2.148733749002340876e-01,7.817372965777091842e-01
4.275879780556111065e-01,5.713091249299658836e-01
6.607263763713189242e-01,3.395719822947321220e-01
6.325399577728756384e-01,3.690507786917731625e-01
6.542804370362019784e-01,3.464561569455054113e-01
6.736924426842806624e-02,9.269893352244932272e-01
2.282900483328779290e-02,9.700729086959956060e-01
1.062504124402146588e-01,8.912490391330956108e-01
1.057148824457121716e-01,8.908613311071099661e-01
1.764146501539118894e-01,8.181467086693654522e-01
4.100948102678817486e-01,5.884068479949922104e-01
2.212288877227771011e-01,7.759114428175798439e-01
4.547280146430014436e-01,5.465483246376312554e-01
6.684156390051357866e-01,3.311977737211163064e-01
5.267056036037515154e-01,4.763518957537026810e-01
2.404712801596700367e-01,7.608864800889337809e-01
3.192068607353068521e-01,6.827473175137869221e-01
4.629374875596077854e-01,5.385097293626323056e-01
6.555704642224733369e-01,3.419856047087321826e-01
3.456861899702073915e-01,6.549244856057171438e-01
1.178168027196115630e-01,8.826639724219917937e-01
4.100642195880812579e-01,5.873654561912344807e-01
5.686255561497883804e-01,4.348794422357659117e-01
3.826110822825865704e-02,9.597035686920664110e-01
6.591268507070759120e-02,9.310984517954316031e-01
5.065663029812000895e-01,4.903159982228130209e-01
6.261111774693376431e-01,3.712967521857372666e-01
6.795475491995792150e-02,9.311216976602243456e-01
2.653460263624143889e-01,7.350241609605338011e-01
1.570189302587120250e-01,8.421921104463937491e-01
4.070995080568505231e-01,5.920780656203800119e-01
1.188156126830415688e-01,8.785550377481865514e-01
5.012398456932293939e-02,9.472305361720178007e-01
9.239273115136548142e-02,9.044061432859474836e-01
6.200900832410565222e-01,3.781478823313627058e-01
2.229656096059877135e-01,7.718966316650693882e-01
5.548133447701979887e-02,9.422580518730792054e-01
4.847814897652453214e-01,5.163389669424679473e-01
3.019085758569449163e-01,6.977297898503640461e-01
4.401520036980921535e-01,5.601354882211493358e-01
6.515066616773450558e-01,3.464353620241996112e-01
2.106246463376960087e-01,7.894289029005324698e-01
2.097968572013596822e-01,7.871047312754265723e-01
1.891638659476447409e-02,9.773993849088322694e-01
5.414979877089955984e-01,4.615508105626579538e-01
5.890662233183290297e-01,4.133230523885186858e-01
3.937176696349731775e-01,6.056885316475890679e-01
1.061675117461171047e-01,8.880631019096131284e-01
6.330152282355352433e-01,3.711507006348466753e-01
3.337228357487475039e-01,6.629986273382074691e-01
9.230860274066032822e-02,9.042491766376772322e-01
1.724041674175440242e-01,8.227487091292930987e-01
3.534522274330809122e-01,6.456219713086945866e-01
3.534441376521795242e-01,6.488441939020962446e-01
1.930377390580632901e-02,9.754873899381617530e-01
2.574835118280785484e-01,7.382439329788874627e-01
3.556544718762088553e-01,6.428475236542117166e-01
2.082266480044650536e-01,7.876326595822916721e-01
6.040067542236567943e-01,3.950399233477375205e-01
3.613169705729900594e-01,6.406238799135748341e-01
3.070822119867130939e-01,6.943307622130109324e-01
5.355566950885760624e-01,4.637832998248758165e-01
4.542180237309434432e-01,5.449237287189828693e-01
4.052998135301870142e-01,5.909863163924101714e-01
2.301426236968372452e-01,7.685260040781939361e-01
2.608462776457373677e-01,7.341122829556369078e-01
5.500923159203955359e-01,4.498906031880082756e-01
2.434865019729894331e-01,7.512717671277816534e-01
1.538488332491076971e-01,8.453026515347928926e-01
5.502080575633864212e-01,4.531194784401074704e-01
3.899520124436453572e-01,6.059504869298614205e-01
1.613267778114643169e-01,8.369512537054383250e-01
1.663653116086990513e-01,8.276625975871433338e-01
1.771632704634643618e-01,8.184134944262512201e-01
5.699791597944382504e-01,4.298064530382424420e-01
5.806657481686705591e-01,4.182036322749144719e-01
2.436716699776255574e-02,9.752989299759755593e-01
1.839472932084926932e-02,9.748628896398610078e-01
6.446655266773320125e-01,3.594219783749991182e-01
3.685857947551050007e-01,6.336322064876955817e-01
2.238154406657492379e-01,7.741064666664503324e-01
6.404472335017766804e-01,3.638012531301170194e-01
1.285669779999336626e-01,8.658910609000527447e-01
5.613511234189472177e-01,4.388747905855410192e-01
2.452577106350601333e-01,7.529568738121970028e-01
2.610524133126330137e-01,7.386363375110800433e-01
6.061365544696362129e-01,3.982053224384646262e-01
4.734028478074671087e-01,5.283966145649150459e-01
2.521151900964634929e-01,7.437010655169867812e-01
4.993971719936941001e-01,5.030675830648554392e-01
6.050924789735772080e-01,3.954774238052827795e-01
1.985729599178642779e-01,8.020785098703330229e-01
2.679149155205687860e-01,7.284029440309663928e-01
5.588129978526245045e-01,4.431055954059370805e-01
4.278922128908890787e-01,5.706571544786874783e-01
2.310705463127999959e-01,7.685706487455286062e-01
4.851654783295743512e-01,5.162667161600967836e-01
1.218411550815950012e-01,8.754318641989069505e-01
5.374427785788582490e-01,4.613450769416998498e-01
5.794896769687277738e-01,4.208939478656976152e-01
2.633836939925564558e-01,7.346700243322668022e-01
2.171992858861065689e-01,7.792546950226222346e-01
6.104133525791847203e-01,3.939582198224952925e-01
4.448803347276023556e-01,5.527604477337249023e-01
4.646397304613367196e-01,5.344458022266852515e-01
6.602244145545116405e-01,3.405067589025816965e-01
6.215459218668530905e-01,3.776399394718308877e-01
5.202511934567968233e-01,4.764632411340201656e-01
6.006217676034536490e-01,3.964224843002836507e-01
4.236627483900603508e-01,5.776635791678005338e-01
5.095526413610719230e-01,4.899882821446820413e-01
3.286015645131241114e-01,6.667697578691572646e-01
6.194875188575763580e-01,3.783155331496846907e-01
5.625583127214146550e-01,4.361947832374338807e-01
6.092587443193734353e-01,3.895341796807572643e-01
5.424887864859786468e-01,4.606649409618125968e-01
3.065691037725498669e-01,6.923736337892143489e-01
1.682121568413776080e-01,8.258469042567271323e-01
6.187810141082202842e-01,3.785960696141810744e-01
3.204935397680243603e-01,6.794385646351603913e-01
1.851115940678179639e-01,8.144555694360789966e-01
1.895263069126807420e-01,8.072559958295137950e-01
1.286626361785769279e-01,8.677598829090429344e-01
5.569101535272266146e-01,4.413002016777250458e-01
4.592705300764455822e-01,5.435559608378714991e-01
4.371763572448474910e-01,5.619683995153545997e-01
2.067672500643701061e-01,7.887475677018245257e-01
6.582361160751879492e-01,3.439187738631698243e-01
1.388463619613898026e-01,8.578600605965016612e-01
5.783944368648014089e-01,4.200032250752587237e-01
4.411565161207000596e-01,5.584906128670731329e-01
4.739348197780489658e-01,5.235447945448004070e-01
2.670955929585291377e-01,7.325711242385215538e-01
2.880523502506212030e-01,7.096779669490288489e-01
2.199208380654099904e-01,7.778914166951759190e-01
3.599330890139946781e-01,6.360948666844358224e-01
6.366428563117911832e-01,3.606755378822359415e-01
3.153546770901518026e-01,6.839800952058698869e-01
2.463200388627286297e-01,7.484094652478664456e-01
3.147411014940011409e-01,6.811428140025138633e-01
1.178665075559373610e-01,8.798357263418020713e-01
3.970890069230910147e-01,5.997366374658272825e-01
4.306651230451135071e-01,5.696546281057204286e-01
3.446187171885908285e-01,6.537742073342625027e-01
3.806612717074673302e-01,6.158790598637885472e-01
5.196988968486927485e-01,4.769298025971061561e-01
3.975119661655338588e-01,6.047319441769363202e-01
1.812964791072450566e-01,8.195868247295343689e-01
1.617447633235034876e-01,8.374168316439356552e-01
2.603919400826011643e-02,9.700378684344945768e-01
3.810118425681657262e-01,6.148291445347683348e-01
2.706743254979184776e-01,7.255373939494650370e-01
5.110395437054825463e-01,4.895691567395488719e-01
6.651508601591854530e-01,3.390767004505710336e-01
6.653106020519210517e-01,3.387826204032968191e-01
1.958283306147667879e-01,8.030843503141469331e-01
4.794151051665132557e-01,5.230924382630133262e-01
3.723259508982850186e-01,6.269339235879366479e-01
2.554795471822491337e-01,7.401998363572259709e-01
5.750913819161126428e-01,4.222050661327103049e-01
5.052757685295574674e-01,4.966630433553069213e-01
1.235084974553098680e-01,8.756520847252786677e-01
5.080027393259461954e-01,4.933010336409487939e-01
1.651181709205358783e-01,8.304293292695800188e-01
5.862581996092353087e-01,4.143070811404613307e-01
5.171828067221725389e-01,4.806255134684773722e-01
3.223432873953072653e-01,6.776511532748300537e-01
4.826246372683744568e-01,5.161431424980997829e-01
3.321098201187406840e-01,6.666908476801710615e-01
5.123840461814208602e-01,4.889767422721042478e-01
5.657781992749104649e-01,4.317251086332160037e-01
2.665226374102194762e-01,7.342329877679227845e-01
3.828129695904858298e-01,6.166406793597072333e-01
2.399422753515813855e-01,7.616453863970716887e-01
2.493232754128800466e-01,7.475993268526680557e-01
4.206676351751341136e-01,5.782965572715137448e-01
1.374957057497305235e-01,8.575489773199640453e-01
4.785984437093828148e-01,5.191409319651743015e-01
2.224351450691337828e-01,7.719710656118178305e-01
6.347872564765209003e-01,3.680230590190581852e-01
3.778303063021994923e-01,6.243642677591781931e-01
1.136607547404855090e-01,8.798121538405617725e-01
4.783596054961115618e-01,5.189377191413345747e-01
9.915620779222315828e-02,9.003508674188439587e-01
3.086610882213965401e-01,6.881637717481550176e-01
2.357124910054544942e-01,7.651711244617552810e-01
5.272118511628109960e-01,4.732635397284447598e-01
2.745019396475217310e-01,7.268610605688912152e-01
3.829981886964743953e-01,6.190412336389131687e-01
4.300785929376367833e-01,5.719195577223376015e-01
5.161951678769751695e-01,4.836995550433070834e-01
5.516426370146182423e-01,4.467474590875261109e-01
9.161933343220157733e-02,9.030457104893784281e-01
1.659496231034572333e-01,8.335528475859397268e-01
4.942489532432746691e-01,5.080557541133580157e-01
4.534981780018326747e-01,5.446135484366921853e-01
6.047238759848617279e-02,9.339443410133437817e-01
1.561185738328753903e-01,8.397673767583796467e-01
4.737353860239437719e-01,5.256014716351999905e-01
4.416301436354946319e-01,5.544411744620167948e-01
4.453152188968516612e-01,5.521919324294515263e-01
1.247541030190313371e-01,8.749233763989531232e-01
4.101068314769227285e-01,5.921625904146736730e-01
2.850568883960024058e-01,7.137408507050077011e-01
5.917237380137522207e-01,4.112912594848944225e-01
3.727496680273770790e-01,6.280428176963510634e-01
1.409827433366994398e-01,8.542839306089269336e-01
2.772527283165933665e-01,7.234032921662563176e-01
4.501524146464678244e-01,5.467695246575039469e-01
8.316337546164179195e-02,9.153696537077118389e-01
3.521079037196062633e-01,6.504358191955662560e-01
6.658724560040835128e-01,3.334294356614002641e-01
5.778410901884569739e-01,4.217799290227066678e-01
4.959412845351093280e-01,5.057736853092625884e-01
3.322713657264315668e-01,6.640003485843135600e-01
1.007798553518920448e-01,8.944444434659989396e-01
1.787502079645517383e-01,8.157046218733960963e-01
2.340712623636859724e-01,7.662819060093757351e-01
3.388228877131693184e-01,6.617213338772348630e-01
1.576053132444507343e-01,8.380979455924438826e-01
3.696745649778048759e-01,6.274950952706400686e-01
3.537304937886719403e-01,6.454147152595023362e-01
5.860261380400789699e-01,4.135852713039728235e-01
2.947221867850093879e-01,7.046362615542306473e-01
5.576014582221975324e-01,4.410157920849602786e-01
3.497738861931272702e-01,6.499865083926366083e-01
7.355023077294348122e-02,9.241081310189711573e-01
1.049836861098634028e-01,8.928696040527763778e-01
3.969681598545131695e-01,6.028295331900527243e-01
1.731519442462274572e-02,9.803657802672572918e-01
1.688325312078907403e-01,8.273258254593567340e-01
5.980672387175426374e-01,4.035843460611847067e-01
4.225120689273605956e-01,5.791739671934018618e-01
4.392667933033538863e-01,5.568185768788104228e-01
3.339336721935425301e-01,6.650208555559043999e-01
2.838631540996973124e-01,7.129742151264292227e-01
5.946602740914668644e-02,9.354665204827002922e-01
2.558880040870637473e-01,7.453509343890387662e-01
2.521497296186144821e-01,7.494906750790488736e-01
3.668400710398622144e-01,6.356108473613408805e-01
4.198307035024888972e-02,9.529402870038959916e-01
5.406614887076340858e-01,4.590468626861011203e-01
3.259750857192421081e-01,6.735810091712307601e-01
2.140000655627673776e-01,7.870428162873699396e-01
4.811517570467720994e-01,5.201684460883250205e-01
5.451101142451122428e-01,4.564319590405071514e-01
3.515725861149202602e-01,6.468483625380976321e-01
4.306492549342196829e-01,5.665607926062038446e-01
3.430419384419010620e-01,6.591437552651574494e-01
1.751008270904069741e-01,8.258671638955796812e-01
8.276241675348972038e-02,9.150178814957994344e-01
4.473305638518027538e-01,5.547216982319465028e-01
5.871158510780001283e-01,4.151578796277269334e-01
5.493436319859691386e-01,4.518210559383509239e-01
5.106790702735176241e-02,9.466399236732198075e-01
4.605099184589675487e-02,9.520326120055474517e-01
8.253081374145841698e-02,9.128558345337699498e-01
3.563123006109893964e-01,6.401899028369402167e-01
5.140490047909724858e-01,4.848245391317650976e-01
4.552033084764473547e-01,5.450135822908511729e-01
3.923058813683669155e-01,6.043447505927731500e-01
4.253652078390703362e-01,5.730442867910817695e-01
1.659744114137353677e-01,8.283348847656821778e-01
5.304144308879288339e-01,4.675564897232948325e-01
1.505157552471070304e-01,8.483213160396049224e-01
3.829512815988783125e-01,6.197873975980737749e-01
1.466692313634050948e-01,8.534514309821488176e-01
3.671735169902126672e-01,6.314650031919135653e-01
1.591488250831019913e-01,8.373300572915648443e-01
4.091812828214009823e-01,5.916104045537827760e-01
4.476298914800824202e-01,5.534592078791999992e-01
3.260088439431435559e-01,6.718968683163504263e-01
5.862806801847157967e-01,4.118716258148108489e-01
6.137689353573325679e-01,3.886557634002513195e-01
4.697443049016195027e-01,5.292792589786989854e-01
6.142453982311071314e-01,3.880994982759503609e-01
2.633693233949916945e-01,7.332139403990879378e-01
4.997308679705825818e-01,4.969841184001738132e-01
2.851690488332096485e-01,7.148717299732310071e-01
5.366037934679807053e-01,4.652163523349440166e-01
6.264090487700839649e-01,3.759498648428173384e-01
4.187157940382822963e-01,5.778419384485157240e-01
1.892308226616250810e-01,8.103610577475408583e-01
3.494403328178142254e-01,6.489545936878335919e-01
3.046394332893366808e-01,6.939064462711186376e-01
4.608446190049347302e-01,5.404871681802251304e-01
3.001350421811117553e-01,6.996617876783174372e-01
3.434211149122553541e-01,6.535412151840113149e-01
4.108241810946165751e-02,9.576895264075433456e-01
2.731236956273679906e-01,7.235190403702675965e-01
2.212709348673234377e-01,7.742856983590040709e-01
3.262328090341980458e-01,6.729261416826076703e-01
9.183369744401541357e-02,9.086227262364096058e-01
6.632255808112869078e-01,3.388724359953768639e-01
5.064432435982781922e-01,4.935319424311307990e-01
3.523055434895229210e-01,6.441299040214665261e-01
4.757142692377059889e-01,5.247905248010577006e-01
3.064378104255192636e-01,6.949466943217377235e-01
5.732018915477602450e-01,4.261683200106677893e-01
1.225653881052276295e-01,8.766184746249930937e-01
4.392259873808094794e-01,5.597862842807425077e-01
1.291979342116991447e-01,8.695204976303472222e-01
2.696075752820821791e-01,7.259993989644633050e-01
3.563849561617302153e-01,6.388467175095234873e-01
6.685088523724815879e-01,3.322969933892210848e-01
5.519955474752579194e-01,4.459056528425056065e-01
3.776886542678614678e-01,6.220097673818707484e-01
3.884294283220612320e-01,6.100207956040653023e-01
5.824220352776071641e-01,4.212498514426366580e-01
5.038333654467819223e-01,4.992163394962073619e-01
4.731604632872654648e-02,9.492604685972237943e-01
6.164374214825999454e-01,3.874840403519083654e-01
3.879637866008188718e-01,6.106232737054237969e-01
1.351188720880419081e-01,8.619067627772737383e-01
4.910669484258305961e-01,5.118476077610452091e-01
2.410424935133039653e-02,9.740294841683684313e-01
5.187842676049357893e-01,4.845340889393134898e-01
1.779826672503902751e-01,8.162785787367299317e-01
4.839832180128617600e-01,5.133801710361010073e-01
6.546348224332674270e-01,3.485538468878180418e-01
2.892280543846487695e-01,7.072468336495880692e-01
8.047980550855740600e-02,9.147607734042544347e-01
7.070997393129289932e-02,9.282860562999303289e-01
2.538974946221333462e-01,7.411138149125542363e-01
2.424644806415532095e-01,7.562465602522985275e-01
5.452799734731103021e-01,4.537630781547491443e-01
1.418901141098003194e-01,8.584455729544555602e-01
3.855212455422203921e-01,6.099813199089872962e-01
5.621386000796964044e-01,4.414631593662508013e-01
5.809790491364744680e-01,4.183443558496366954e-01
3.106304848449587541e-01,6.854502301628589978e-01
4.921622640669816029e-01,5.101917351736352524e-01
3.776850137020038023e-01,6.207131065364803746e-01
6.458995269257942207e-01,3.559461149351999532e-01
6.102645500919782195e-01,3.914147715038041042e-01
3.298112625974616158e-02,9.603788606489609414e-01
6.542866626517603035e-02,9.311194524494982305e-01
2.889626669523718272e-01,7.092202945227374933e-01
5.666405368505283979e-01,4.344636261056674664e-01
3.885607263473431772e-01,6.110705271632366209e-01
5.394667199097627486e-02,9.430586681701415008e-01
1.410402149917219239e-01,8.578216495245101214e-01
4.726135262421306965e-02,9.518799071608526896e-01
3.196814869496274469e-01,6.823140960125425591e-01
3.493915317095185324e-01,6.506285529890216690e-01
3.386993842042639868e-01,6.577038328973705550e-01
5.441362446568478450e-01,4.534566301627314666e-01
4.974302280201078896e-02,9.502588388955366394e-01
7.037348523438891057e-02,9.275144668204925447e-01
4.082676039747508701e-01,5.925872205560728245e-01
5.385692107663864192e-01,4.623456409869767247e-01
4.998521202514413231e-01,5.036525675961333048e-01
5.923171804064051305e-01,4.107106734888135713e-01
9.724763866503259579e-02,9.027781983475495764e-01
3.539969892961639109e-01,6.459474449885990177e-01
3.519308365410170891e-01,6.470046519823644537e-01
5.463306847417699341e-01,4.541253588831331012e-01
3.821952432643349051e-01,6.164835989619950052e-01
2.187833006982946304e-01,7.762821970055471255e-01
4.965159190424202063e-01,5.021818462893465895e-01
4.659200808389494242e-01,5.342588445926886864e-01
5.408275362875638592e-01,4.588515547853301291e-01
9.760622320957933196e-02,9.004675886035694576e-01
5.110027166142606658e-01,4.887266219710115212e-01
3.903316804561481890e-01,6.083941854530761084e-01
5.418768732816665601e-01,4.550782218139992619e-01
5.040680494560189073e-01,4.948151607553207820e-01
5.088112762972143432e-01,4.904737030733927194e-01
5.369807067414195112e-01,4.597769207671751901e-01
5.543162388412701258e-01,4.485550889579910105e-01
2.088791808813031392e-02,9.766586445822867946e-01
2.613297008021266965e-01,7.399745937021308118e-01
4.690349646488081725e-01,5.292019383725252712e-01
1.017768541412859273e-01,8.982987218984817002e-01
2.676339573794307980e-01,7.321445956539270883e-01
1.622205153157046387e-01,8.374626130484763564e-01
4.258599880992218201e-01,5.712338718786180713e-01
2.227075395665080726e-01,7.716686348175071375e-01
6.103515720225675123e-01,3.887698631807663396e-01
5.061621434733976077e-01,4.971315643204344270e-01
8.849479761467929362e-02,9.094255023109323322e-01
9.022576467372976639e-02,9.033578958971824058e-01
1.003375563802933468e-01,8.965974815979321777e-01
4.200389498319182513e-01,5.812673293145949049e-01
9.550471893753489927e-02,8.992784048979021172e-01
3.593937233366637507e-01,6.379947915931722946e-01
4.207908717095474316e-01,5.798594598730897332e-01
3.467597296856919087e-01,6.509671508522553163e-01
6.619650493545695680e-01,3.399876850587728039e-01
4.714495778234958911e-01,5.311818213179426706e-01
6.588531254439475848e-01,3.407325877130183978e-01
1.753821954547680195e-01,8.219128738706552584e-01
6.700966597157297089e-02,9.314284831635508688e-01
1.596474098854844259e-01,8.355952182140464757e-01
6.399991743508698372e-01,3.628751934253167666e-01
6.509114365206543351e-02,9.313926645297975204e-01
1.681154377989371035e-02,9.812408090589126441e-01
1.520385658900548775e-01,8.485525045551339796e-01
6.602054473266986134e-01,3.376700842361197719e-01
6.367757160167475394e-01,3.613720351529451924e-01
3.352258596085009867e-01,6.666674936663747886e-01
1.167504231527433239e-01,8.780790972003631456e-01
5.386060451943975869e-01,4.653491456236283907e-01
5.028182310442593783e-01,5.000245129880300787e-01
2.284369400145358497e-02,9.715620562122911918e-01
3.109207621962885026e-01,6.847397179415724011e-01
5.782797421937236892e-01,4.204364095961336534e-01
5.848707160487491841e-01,4.154583511199527734e-01
4.225507037462860604e-01,5.764913272988479997e-01
9.537299140322511026e-02,9.035285856204239296e-01
5.909580170270066768e-01,4.087326890402107060e-01
5.551761543175105507e-01,4.438315906887512208e-01
1.667735828360412953e-01,8.317491323368414458e-01
5.109017546116194630e-01,4.892840860272852921e-01
4.295804009991766731e-02,9.560760943521200428e-01
2.649626301967690778e-01,7.343578344508860933e-01
6.200542391373766726e-01,3.829444460588510846e-01
4.277981842784228661e-01,5.735568480046241424e-01
1.582340371024695269e-01,8.383915795666367909e-01
2.495040335276687560e-01,7.520674309112640454e-01
2.492926390671293957e-01,7.468706584099619183e-01
6.043678733631764333e-01,3.943634734820321563e-01
3.378275527549216561e-01,6.586367482835595588e-01
5.982148044239665730e-01,4.029564490802957089e-01
5.896618571450232826e-01,4.089445619857633440e-01
1.613029332774399138e-01,8.384446320106587747e-01
4.737699202462650194e-02,9.503608243513259612e-01
3.699764057994543998e-01,6.280572626021961868e-01
6.688623860101404750e-01,3.350902836481350899e-01
1.434903212781780402e-01,8.518477866074752880e-01
6.541760925122610537e-01,3.460741840885309673e-01
6.910024362308837820e-02,9.281840466351960472e-01
6.439167871180712099e-01,3.569318855487152997e-01
6.421451367119668241e-01,3.589045732742528472e-01
4.340628652914543251e-01,5.663557210225178551e-01
2.112756085260545369e-01,7.838104422931216897e-01
4.622745676194225384e-01,5.392554793761672460e-01
4.640284581288345866e-01,5.366924403641837316e-01
5.492161330662496121e-01,4.513399951432617296e-01
1.506443504044498449e-01,8.446755821902689476e-01
5.475127815128008057e-01,4.513909574024064231e-01
5.863880556963243507e-01,4.147115284619757869e-01
2.161371449166369918e-01,7.840709038523996366e-01
2.908654654807710238e-01,7.054852664267526885e-01
3.911693360733025093e-01,6.055403233202862889e-01
9.665099272235265493e-02,8.991145096718987650e-01
5.211426627824918834e-01,4.760714005696674578e-01
2.937846531746172163e-01,7.038216911772905426e-01
3.726068537031923533e-01,6.241881259903349077e-01
2.193581003700240395e-01,7.814435405670372425e-01
5.766082501756465417e-01,4.257679430909896978e-01
2.052286442409814726e-02,9.795314039634623882e-01
4.897191875679416384e-01,5.091234898601200154e-01
5.406270392927992052e-01,4.616545804556191901e-01
4.661700377140133300e-01,5.356313650444202157e-01
6.266003433208514606e-01,3.759000583570161202e-01
4.166777748912368906e-02,9.571187439261483743e-01
1.954139007036005404e-01,8.056546190070686952e-01
4.657133717758324964e-01,5.359280219278859114e-01
1.703414686200322714e-01,8.283814630824417602e-01
1.273623985302064221e-01,8.692007506589682908e-01
7.078349231604263991e-02,9.237628730864811955e-01
4.853068650386687666e-01,5.155910596653624500e-01
4.270194644116009908e-01,5.704469860873260245e-01
1.544399555372601707e-01,8.422273997809441859e-01
4.362713701246196951e-01,5.659462748504422436e-01
1.358451389325560643e-01,8.621541793622151673e-01
4.510938040539132915e-02,9.527554865864564793e-01
3.082657532277934265e-01,6.908347440533118000e-01
3.378411120228140274e-01,6.644005931487482197e-01
4.973306306645648434e-01,5.006695867682323664e-01
2.024969998896840040e-01,7.923986773317002186e-01
1.813252852601462406e-01,8.179295451198271838e-01
7.355022053827799111e-02,9.214333095006164154e-01
3.906577225805406006e-01,6.050178684071965129e-01
5.739951683187024534e-01,4.240730190078725870e-01
1.295957096500258421e-01,8.699623418470556757e-01
3.200705189196803024e-01,6.768191104748974007e-01
2.976534080739723365e-01,7.034078426471915835e-01
4.867340645269658816e-01,5.141190383170066713e-01
2.836714110540775602e-01,7.159364737993942907e-01
6.457848393901560735e-01,3.542770882052935222e-01
