2.767573403254264819e-01,7.232439471234429762e-01
4.629196802862624582e-01,5.370817245275257834e-01
5.691146554678988556e-01,4.308877884721273310e-01
1.763000014010060457e-01,8.237024462223022647e-01
5.718714089762801933e-01,4.281256365647836959e-01
3.166179626438436201e-01,6.833787328274545381e-01
1.101443213949644812e-01,8.898590524677997271e-01
4.586535343027851597e-01,5.413501239483866634e-01
2.425531448102096477e-01,7.574431302526798415e-01
1.122961654037278600e-01,8.877000024358300267e-01
8.950244355060936463e-02,9.105014263637130068e-01
6.529304526117696295e-01,3.470655044960919144e-01
1.243992974174745053e-02,9.875556623780207266e-01
1.669664714014714169e-01,8.330280883375343892e-01
1.575886239051158266e-01,8.424172213447099766e-01
6.743678341818357125e-02,9.325694110808626647e-01
2.027687566726044111e-01,7.972238273785694496e-01
5.883830413597833653e-01,4.116092003440781633e-01
3.286129839543521780e-01,6.713784830258988645e-01
5.332676257375509321e-01,4.667410392065783342e-01
1.264481464008539724e-01,8.735418672206543000e-01
2.947981776699723326e-03,9.970420194250435575e-01
1.657104304768401981e-01,8.342791641470569397e-01
5.350570989185364779e-01,4.649533481030689863e-01
6.124509600118446251e-01,3.875597357493782424e-01
2.494171906625170521e-01,7.505720421445787327e-01
2.448360952518861267e-01,7.551531138491179851e-01
5.201811221386084538e-01,4.798078755931769468e-01
2.154434780756526446e-01,7.845676588998528045e-01
1.396091148379320912e-01,8.603793377351829363e-01
2.157531290099724830e-01,7.842584548578394044e-01
6.874596988256798102e-02,9.312660212781830316e-01
4.393857438978564928e-02,9.560740073661787575e-01
3.825701186547172949e-01,6.174429830007786002e-01
1.219871781584020848e-01,8.780259984330638368e-01
1.743687604176365757e-01,8.256174117752212993e-01
1.984860931869723497e-02,9.801652301898052810e-01
3.573564643737573987e-01,6.426294165505410660e-01
4.687716333511772748e-01,5.312142453121710961e-01
5.906080578330142883e-01,4.093777567861963118e-01
2.247796356740492940e-01,7.752347503048716559e-01
4.128502875259812965e-01,5.871643354502263934e-01
5.128186401861150046e-01,4.871666965210045275e-01
7.523160182041430631e-03,9.924620750426589311e-01
1.758640982529138252e-01,8.241209872489807520e-01
2.441904346213333299e-02,9.755657154093324568e-01
3.314119945352920205e-01,6.685721418182707376e-01
5.185709976905430452e-01,4.814127378944716984e-01
1.871493440769425240e-02,9.812677881543129255e-01
1.333818853360489443e-01,8.666007884916429038e-01
4.408269904867527234e-01,5.591553826653320458e-01
2.838322612828232949e-01,7.161500334921818700e-01
7.584471488705669950e-02,9.241367644907356738e-01
4.186364573748178053e-01,5.813447340879916991e-01
1.465399810902196231e-01,8.534791331677790138e-01
1.397989727265642190e-01,8.601818268311586246e-01
2.637985181969600967e-01,7.361809871026012697e-01
5.024869845962127712e-01,4.974923525110955813e-01
3.186568719999925969e-01,6.813223229411433657e-01
5.159240987087229113e-01,4.840547563100869866e-01
6.160439831126753862e-01,3.839774040195400584e-01
8.980062266554020289e-02,9.102208913083347230e-01
5.481014965418367080e-01,4.519203716849301555e-01
1.162685221563671684e-01,8.837093921361950377e-01
5.421571669398527193e-01,4.578206883470541388e-01
3.775455674472698031e-01,6.224766726023404084e-01
3.269135574127977895e-02,9.672861497172462464e-01
1.099885709158138908e-01,8.900341464024779103e-01
1.557780002522535789e-01,8.442448522298870994e-01
5.112825757096569612e-01,4.887407561742228568e-01
9.569067285657314320e-03,9.904075902538459486e-01
9.464729550583403372e-02,9.053765216542647432e-01
3.254300348544287291e-01,6.745938534240822904e-01
1.538773470535383381e-01,8.461466878410470738e-01
2.562542845238812705e-01,7.437710205743338632e-01
1.617204142059059380e-01,8.382541267023666531e-01
6.464567279253438103e-01,3.535176007650100982e-01
3.490436877102084390e-01,6.509302615118214286e-01
1.718391965497913509e-01,8.281341801595218932e-01
5.522665957014415428e-01,4.477065287765710777e-01
1.326493378260558409e-01,8.673230200264527845e-01
6.108915928493459102e-01,3.891365174529007320e-01
4.875288337454747878e-01,5.124428756583485622e-01
2.051414038827640007e-01,7.948869702263483550e-01
7.376811795337459565e-02,9.262604497314492757e-01
7.815325235295746131e-02,9.218177240849181331e-01
1.747990003812566195e-01,8.252316641638760553e-01
3.278115088711149316e-01,6.722192657839558549e-01
3.986420910476793367e-01,6.013266816595016495e-01
3.800006046152963335e-01,6.199677417563909110e-01
1.855989336926227584e-01,8.143693807430177900e-01
3.140377491764681506e-01,6.859944124891352857e-01
3.857089849986443109e-01,6.143232932539194335e-01
4.706679259702122864e-01,5.293645594799643028e-01
5.583475692651348465e-01,4.416850503980576104e-01
3.618125685866462882e-01,6.382202683505218133e-01
3.177014526457301868e-01,6.822657066513909685e-01
1.689968486448448770e-01,8.310364778067395042e-01
3.753182912762082490e-01,6.247150889942794105e-01
5.399451552198850646e-01,4.600883910399135579e-01
4.959527969293239247e-01,5.040131480443418299e-01
5.180814595702518677e-01,4.818841186586989012e-01
3.948518107625932361e-01,6.051830456410236536e-01
5.269666591854518245e-01,4.729980569646242139e-01
1.074571967165720114e-02,9.892189691627667480e-01
2.717389005038614025e-01,7.282966297300352831e-01
5.391843855060505231e-01,4.607799301703629502e-01
5.581958340180713796e-01,4.418400528640433755e-01
8.869147480607146583e-02,9.112725145301709961e-01
6.440556174509783904e-01,3.559814611139662799e-01
5.125573547968145238e-01,4.874799435157267657e-01
5.290404234772800862e-01,4.709219142383840317e-01
5.503929252843086095e-01,4.496448282526329110e-01
4.844571464153110685e-01,5.155045348265729910e-01
1.708749625737683575e-01,8.290865835112307680e-01
4.051215057822095122e-01,5.948398288434814107e-01
8.314029744433894253e-02,9.168194342778144268e-01
6.762349434330575115e-02,9.324173026827672350e-01
5.600264355779478731e-02,9.439565214047568320e-01
4.332539623837329268e-01,5.667871307309555462e-01
3.862209249152815382e-01,6.137378351007639621e-01
6.422063163102949002e-01,3.577518824470459213e-01
1.260059663999401475e-03,9.986978958544735496e-01
4.888767276447247290e-01,5.110805960631117362e-01
2.846549922866632443e-01,7.153879164233311050e-01
1.917039040496035518e-01,8.082529956273252214e-01
5.091315000511671407e-01,4.909131817026977096e-01
3.595541889196511298e-01,6.404907398453119072e-01
4.232726823536783062e-02,9.576277332525104935e-01
2.476938616158943784e-01,7.523512088688962818e-01
1.683131711686294274e-01,8.316417061790490894e-01
4.009932139576725119e-01,5.990524737714965076e-01
9.173212370977616714e-02,9.083142555538586960e-01
1.471563358476741246e-01,8.528903145525726925e-01
4.444281297268026787e-01,5.555229382895672252e-01
1.388006771825481614e-02,9.861692693814043675e-01
8.445347781785009222e-02,9.155961739503035712e-01
3.154528679444775774e-01,6.845969956321185101e-01
5.261480480342209942e-01,4.739023885991536789e-01
1.059215486384259136e-01,8.941290354804485307e-01
4.135486819113625145e-01,5.865020416185039442e-01
4.334710906653897466e-01,5.665796431203916628e-01
5.504254375860877513e-01,4.496256526125849695e-01
4.839679433411222531e-01,5.160831473256507484e-01
5.258170612500311369e-01,4.741315432026637633e-01
1.512535640444412632e-01,8.487979841723527485e-01
5.554628621394149500e-03,9.944969498066469349e-01
4.517754087615212799e-01,5.481729460145461363e-01
3.552251847399413021e-01,6.448268847523136449e-01
4.831232797044663907e-01,5.168239685351559976e-01
3.748598588726173020e-01,6.251932963879194283e-01
6.045147360011701165e-01,3.955384700258162689e-01
2.153227734142306726e-01,7.847305954993472055e-01
5.227194963989799659e-01,4.773338990940146909e-01
2.772701442889273851e-02,9.723264695859127338e-01
1.258246172232576621e-01,8.741211819274252726e-01
2.132709007152745473e-01,7.866746103270753077e-01
7.050868759990872037e-02,9.295458629501621717e-01
6.231113277836293207e-01,3.769438189503475090e-01
6.527337227412882692e-01,3.472105565023191898e-01
1.682570821631484970e-01,8.317988280703575432e-01
8.909672818873455580e-02,9.109599047238985392e-01
8.201354656982522140e-02,9.180434822480868506e-01
2.599585950450504779e-01,7.399833094432233249e-01
4.230963251551377313e-01,5.769626671684590091e-01
1.922450660720144422e-01,8.076950353984859721e-01
3.602982203857281185e-01,6.397616878039469324e-01
1.887090672143921788e-01,8.112309460942310757e-01
2.900336079340427586e-01,7.100275656265668811e-01
3.638428177235177030e-02,9.636772871848420241e-01
1.508009345059172224e-01,8.491374956164494670e-01
2.068731121523471189e-02,9.792501467852736674e-01
3.773395771541947913e-02,9.623295141998385871e-01
4.461401284776932985e-01,5.539236226077326464e-01
3.721736556444936173e-01,6.278902580875502792e-01
2.652799328310616045e-01,7.347839998538775452e-01
3.549387017823948942e-01,6.451260762055788245e-01
2.902759432739727141e-01,7.097890868871519210e-01
7.089316072353553377e-02,9.290415284108383132e-01
3.117896379675952345e-01,6.882757714046469077e-01
3.308973983374122740e-01,6.691680894829460380e-01
2.026017287605544337e-01,7.973323303832430264e-01
4.896796388360482588e-01,5.103864216266027487e-01
4.096088119698658436e-02,9.589729107565561073e-01
6.050880360214181408e-01,3.949786385541285694e-01
2.960469611970095727e-01,7.040197820649753968e-01
4.819998938625233986e-01,5.180668987809304848e-01
1.923537645256043760e-01,8.075793112839282362e-01
3.869489244028080643e-02,9.613720788494204417e-01
4.127445685758848043e-02,9.586584732760660144e-01
5.402312039327091808e-01,4.598358780036032045e-01
5.490722458314012400e-01,4.509948994819201196e-01
8.458126405335732179e-02,9.154860637833450721e-01
6.459929122491983033e-01,3.539387518398986465e-01
4.358905203679590556e-01,5.640411219520847785e-01
5.440271626022120943e-02,9.455283241494464308e-01
6.125479268825420598e-02,9.388142777722551235e-01
6.495639289262802318e-01,3.503666516545936305e-01
4.522391127133443267e-02,9.548461241973698055e-01
1.784685460371071286e-01,8.214610049403467951e-01
4.049608748682409498e-01,5.951096525335929366e-01
4.514236843183557779e-01,5.485048912751057104e-01
1.629549979262457371e-01,8.371169909326348080e-01
5.533381969772557252e-01,4.465897117356548707e-01
3.148418694900540493e-01,6.852309776626741566e-01
5.575059649474132240e-01,4.424206335400022727e-01
6.416133506634656980e-01,3.583128137493363785e-01
4.100815271967225284e-01,5.898444152254884720e-01
8.606858215087466457e-02,9.138570172853291984e-01
3.788550984632691465e-01,6.212195724931640628e-01
3.402300025010941420e-01,6.596940761852709834e-01
5.233653032906723235e-01,4.767106606831595372e-01
5.581215843404699339e-02,9.442638956134052908e-01
6.545270040106920817e-01,3.455493936044280456e-01
2.458480202555075600e-01,7.540740778586992876e-01
3.391760621454554814e-01,6.609018857438216932e-01
1.430124262934731050e-01,8.570661376483537097e-01
4.652610803451768806e-01,5.346598982904052777e-01
3.347871570630520655e-01,6.652919919261151005e-01
7.777974033260531828e-02,9.222994837532773049e-01
6.065377282486353883e-01,3.935415696413754882e-01
6.265269364219692161e-01,3.735526274690834647e-01
6.176228698483710033e-01,3.824568027883479271e-01
4.772455952809667168e-01,5.226743775409535830e-01
4.113652969862935382e-02,9.589447508922129826e-01
3.482133219524125023e-01,6.517051986804967001e-01
3.110239100136118484e-01,6.888944806026232603e-01
2.345799007054973628e-01,7.655018128869918170e-01
2.695211976333299411e-02,9.731297717222194832e-01
9.415754411725675566e-02,9.057603320126906832e-01
6.083281889998726211e-01,3.915887726007539760e-01
1.368653793233731431e-01,8.630510324679293577e-01
4.103758344363172550e-01,5.897083579514900142e-01
6.012605909283535999e-01,3.988236232279518401e-01
2.845994809001466397e-01,7.154850675671984295e-01
2.289296132638507508e-01,7.711562062485713964e-01
1.520897835658756303e-01,8.479961697503419771e-01
3.403357922142050684e-01,6.597502505152944563e-01
1.355090186234240157e-01,8.644035689158401370e-01
7.168127330526452567e-02,9.282306610344780440e-01
3.277212775796252142e-01,6.721906027524836569e-01
2.195173085559940646e-02,9.781364365797244886e-01
1.083760411624125064e-01,8.917124059918036805e-01
3.500092816982230265e-02,9.650877640717243633e-01
3.562402867085931457e-01,6.436708961629842296e-01
3.114510417092137273e-01,6.884592004773604224e-01
2.207425126138500004e-01,7.793476034884945225e-01
2.704100682474627065e-02,9.730492670615231710e-01
5.233590806868626544e-01,4.767317266414438093e-01
5.293019149788343869e-01,4.707897172055822144e-01
3.664700292687887440e-01,6.336219010065083923e-01
2.645902306881093846e-01,7.355017047770788796e-01
3.589132458502543033e-01,6.409944186001225175e-01
1.836915428991994781e-01,8.164020239559958148e-01
4.842758921218104917e-01,5.158188823043365900e-01
7.921606991986292201e-02,9.206886713865389815e-01
3.895461603820050689e-01,6.103577568250161400e-01
1.250458493537464910e-01,8.750505121765276284e-01
4.416609887573200166e-01,5.584358259815430658e-01
3.522219882631797971e-01,6.478759763522679016e-01
3.954503821225857640e-01,6.044504921236871775e-01
4.707472790187303691e-01,5.293520132181155358e-01
3.092565137572578227e-01,6.908437754767171590e-01
2.764008329411729026e-01,7.234987970346431485e-01
1.758458618978776811e-01,8.242545246525087022e-01
6.013631235963659005e-01,3.987372775934338032e-01
3.232961677223177288e-01,6.768046681400770037e-01
6.520297464246435082e-01,3.480725426663715538e-01
3.195839591386238077e-01,6.805183646402854780e-01
1.950730358726079638e-01,8.050294513346534231e-01
4.125857093608263915e-01,5.875170780900800249e-01
2.260982311395295929e-01,7.737986091645303599e-01
5.976227984022552953e-01,4.022737789720482460e-01
1.055751979341655461e-01,8.943212428231473998e-01
3.392397546347123982e-01,6.606565147313993025e-01
4.006543997588203898e-01,5.994493649328019869e-01
5.360315644737591034e-01,4.640725626725334951e-01
2.528516420085619720e-01,7.470439738219588621e-01
3.385448747130755942e-01,6.613491672629773221e-01
4.177664188710677323e-02,9.583304914497202676e-01
1.954773742980284168e-01,8.044144505630769215e-01
4.208865728518164651e-01,5.790043588632900473e-01
1.204076521046426179e-01,8.797015410158556259e-01
6.019822001185248794e-02,9.399117936626372183e-01
8.397571234714638899e-02,9.159139051368848650e-01
4.667141180939217149e-01,5.331748585193802903e-01
3.809092911197878850e-01,6.189788866704052372e-01
5.558453875700180014e-01,4.440425998479862191e-01
3.446566673351978971e-01,6.552311122037782765e-01
4.555506869104698486e-01,5.445618342479070506e-01
5.399743455612167065e-01,4.599127272835455971e-01
3.517500711028846982e-01,6.481364063694208255e-01
2.561591990459641255e-01,7.439547205391665585e-01
4.118018781169912046e-01,5.883122847192675531e-01
2.191680830575662153e-01,7.807175886485731020e-01
2.069747027047673105e-01,7.931409747016830991e-01
2.775296240718054253e-01,7.223543525718484348e-01
4.574620478734516271e-01,5.424214599277895621e-01
3.923169579912517690e-01,6.075659452672653726e-01
6.385516790329175407e-01,3.615662030425382256e-01
4.379499923564071917e-01,5.619317749089172143e-01
3.277513175797767686e-01,6.721303926297061970e-01
4.897095724875712430e-01,5.104089199526675724e-01
3.256397811793778629e-01,6.744787948633272912e-01
4.976228064508552151e-01,5.024958138900453841e-01
3.500045276212523371e-01,6.498768364700930888e-01
4.111681776050012810e-02,9.587635494209838516e-01
3.183274542211155800e-01,6.817934300854647800e-01
2.815896766833453913e-01,7.185312747915100218e-01
5.427062834879804454e-01,4.574150930472720145e-01
6.396172851088333111e-01,3.605053715498102163e-01
2.911999966658100902e-01,7.086765127205505443e-01
2.812818511645744368e-01,7.188418157575309220e-01
7.173592586121095571e-02,9.281398822648513347e-01
4.358756867030948445e-01,5.642485195344006943e-01
2.804450903349468005e-01,7.196791832244139320e-01
1.043667329628920198e-01,8.957579788953883293e-01
5.731863368153632399e-01,4.266888533229123981e-01
2.449335255345475582e-01,7.551919758097161983e-01
4.653753925243961920e-01,5.347511004527875089e-01
3.214433830544232151e-01,6.786831358845759610e-01
4.652610285030675530e-01,5.346120964314373669e-01
3.602597866315173647e-01,6.398671495738610382e-01
6.205320032770219596e-01,3.795951757199119703e-01
6.319252624144897634e-01,3.682021915513966070e-01
6.416527292408132077e-02,9.357070657943157288e-01
3.089566514703316891e-01,6.911710225561507048e-01
1.263081473969943358e-01,8.738195684015083176e-01
2.185980933078739141e-01,7.815301657929866197e-01
2.099389240812715440e-01,7.901902795016472192e-01
4.993621267764030147e-01,5.005083434074250048e-01
7.536780812255614026e-02,9.245026338705523150e-01
2.435315235721896010e-01,7.565993896737632785e-01
3.357019057711783105e-01,6.641659941374762344e-01
6.182181111908703341e-01,3.819141140187715666e-01
6.086546876968694786e-01,3.914777049335603221e-01
5.513107856670633744e-01,4.488216381600916294e-01
2.117583462286823370e-01,7.883740920847636113e-01
1.713124826849897753e-01,8.288206180058770300e-01
1.583571324845897965e-01,8.415092010656920474e-01
3.372453722818670729e-01,6.628886291228608396e-01
3.135341583605643634e-01,6.866005432692385835e-01
5.294375414909194832e-01,4.706981857787293499e-01
5.398035391143227724e-01,4.600604001871730353e-01
4.045478990202597963e-02,9.594084865104587356e-01
5.712514262203240989e-01,4.286102892739033221e-01
2.914352373627742687e-01,7.087050305925332028e-01
3.658613837589447249e-01,6.342790701001245202e-01
1.558937599361430726e-01,8.442469268721388698e-01
3.094185157051149160e-01,6.907224960255072821e-01
3.425183413820011014e-01,6.573406296195920540e-01
4.620558055119707297e-01,5.380854185455918870e-01
1.960426386119440700e-01,8.040986582899739554e-01
6.316272541613721092e-01,3.685144613326055141e-01
6.403780522779823903e-01,3.594797637756315112e-01
5.172590670458605544e-01,4.828841894308068539e-01
1.737689575543214515e-01,8.260875083263659047e-01
4.373195789310977410e-01,5.625367405798301634e-01
9.678112513331052144e-03,9.904656438857990519e-01
4.536802552092127905e-01,5.461756689559252864e-01
4.975875048157750169e-01,5.022680460614205034e-01
7.248568086401201149e-02,9.273697677413623719e-01
4.968029732162308476e-01,5.030520279137266071e-01
8.053796231236427794e-02,9.196070537196517902e-01
3.735692739139246377e-01,6.265761700398221334e-01
6.302337257065275811e-01,3.699121825739388192e-01
1.204175962106729530e-01,8.797290795063239521e-01
2.855889158839953201e-01,7.142640241523208200e-01
1.706245611835386644e-01,8.292274701689492655e-01
1.435383716682467059e-01,8.563133648604231984e-01
2.022828601785872649e-01,7.975685068204861894e-01
6.485514558976824828e-01,3.512996237715969028e-01
6.192145395947297182e-01,3.806358017478717048e-01
4.104652185481123816e-02,9.591031721865569404e-01
5.644596909887842351e-01,4.353903073161705661e-01
6.656874636741948459e-01,3.341623822597325488e-01
3.689430449689560243e-01,6.312077070962615055e-01
5.521231774879776372e-02,9.446366864331068314e-01
2.920269427545729157e-01,7.081240631495223647e-01
4.523264942139197942e-01,5.478246165724351968e-01
3.010284108802726566e-01,6.991232201376288424e-01
4.026583704763501970e-02,9.595818458429093978e-01
2.017841945848948548e-01,7.983687327009708623e-01
6.305599188118864162e-02,9.370972715302662293e-01
2.816270271330467700e-01,7.185269540182054326e-01
3.332234110858753318e-01,6.666223762324674507e-01
1.668213561252226973e-01,8.333329133815302603e-01
3.600789835196580579e-01,6.400756414478023792e-01
4.014857967853214804e-01,5.983594775619135442e-01
4.956176965065234308e-01,5.045375826944125119e-01
5.076295315916312667e-01,4.922149923635424917e-01
6.808070805026625316e-02,9.317637982091449000e-01
2.680069760799269063e-01,7.318373879282692451e-01
3.089676277775343580e-02,9.692590894439196969e-01
2.647879664079962336e-01,7.353679742593604018e-01
2.754896587234533234e-01,7.246666212763330783e-01
2.745407599402985288e-01,7.253026029379602280e-01
3.283734291551093087e-01,6.714693454134962325e-01
4.050342501914522830e-01,5.948073726598352984e-01
5.549186965231018842e-01,4.452397341301372324e-01
4.251917439655786835e-01,5.749671999330877581e-01
5.796513084653988068e-01,4.205080586813003118e-01
3.280412023591540716e-01,6.721182898529250993e-01
5.376197052868443294e-01,4.625402062144183257e-01
5.203109128895065938e-01,4.798492989589381863e-01
5.022707015033699429e-01,4.978899625535174733e-01
5.156026605576875532e-01,4.842365563906566583e-01
1.228204623324401640e-01,8.770183630990600054e-01
5.428962151686163029e-01,4.572650333687104385e-01
6.392935917773571175e-01,3.605447138337287694e-01
3.403614739576354409e-01,6.598005441267051907e-01
7.303907928820682627e-02,9.267980998753815314e-01
4.961562352354110250e-01,5.040067433471583369e-01
1.289173033456034179e-01,8.712458055534639811e-01
4.836719965674273758e-01,5.161644726127180283e-01
5.340088522666300852e-01,4.661548382040814897e-01
2.692091109200370203e-01,7.306270601908605444e-01
3.221535143938561996e-01,6.780106772549641114e-01
1.548433397523580612e-01,8.449912594870258031e-01
6.549209737515538921e-01,3.452444925052919888e-01
4.141833288689515946e-01,5.859831055437279002e-01
3.091963610117094419e-01,6.909702419066791057e-01
4.349453901148764290e-01,5.648873084592033189e-01
8.776285606551487151e-02,9.124048268563941244e-01
6.323695037231401583e-01,3.674625893578278291e-01
5.100795881249029495e-01,4.897519146035527182e-01
8.158604958269012608e-03,9.920108579277511218e-01
6.057301475442461447e-01,3.941002213234055529e-01
3.997510811522957397e-01,6.004200373946118052e-01
4.720049497638817426e-01,5.278233818818693912e-01
2.880460110053738587e-01,7.121256805232347720e-01
6.128667507602805209e-01,3.873049976053934973e-01
1.740037291215871806e-01,8.258245107441308797e-01
2.603545552447227851e-01,7.394736550907885508e-01
5.749185830189836866e-01,4.252534733173236048e-01
2.155823628034197748e-01,7.842448356344253746e-01
6.447172359925168461e-02,9.353553373434070339e-01
3.557147346254636577e-01,6.441122734983524278e-01
1.491215389545529346e-01,8.507050409425792603e-01
4.888543366173010440e-01,5.113195047523850789e-01
5.897558205930669706e-01,4.100699114440086168e-01
2.796196871709040743e-01,7.205547167469676939e-01
1.300608611523941804e-01,8.697646105063703281e-01
5.373393874419503113e-01,4.624853955662066030e-01
1.021431096407211664e-01,8.976813471379827547e-01
1.853078474330903044e-02,9.812932205297650867e-01
2.210649808784935499e-01,7.787589214212898847e-01
4.525310497431682677e-01,5.472927239179454784e-01
2.955678939249640341e-02,9.706194937340700823e-01
1.903730095311857717e-01,8.094493432806949551e-01
6.322499051852610297e-01,3.679277777029423824e-01
5.566253753089364098e-01,4.431968569364762023e-01
1.044965176805094376e-01,8.956815244002371834e-01
2.353366800784071830e-03,9.974680785257872273e-01
1.432652682913183317e-01,8.569138816481800536e-01
3.065398478584048236e-01,6.932795054103959576e-01
6.062788918800324778e-01,3.939018434261351564e-01
1.606104449781021459e-01,8.395706778229161671e-01
3.460626245275608692e-01,6.537562401894317921e-01
2.448994344553511171e-01,7.549187280638079978e-01
3.796559554074228626e-01,6.205265639642738584e-01
5.017168021120020915e-01,4.980998940481521364e-01
3.998650210976331110e-01,6.003193110850209013e-01
4.056763866577575706e-01,5.945089421920671802e-01
6.338047898083725151e-01,3.663806527134481072e-01
1.219908145208819794e-01,8.781948891933133439e-01
4.496048357592495881e-01,5.502093406904350337e-01
9.606471164381076566e-02,9.041222217056327226e-01
3.177170215489658611e-01,6.820959700386363123e-01
1.762729159652240141e-01,8.239146449140641870e-01
1.070952081235979625e-01,8.930926649688115671e-01
1.868782174127395224e-01,8.133097765975126903e-01
4.961971675572947049e-01,5.036141422896309727e-01
2.408971681343695659e-01,7.592922276879597865e-01
5.831675368711571883e-01,4.170218643714538875e-01
7.318779231118868744e-02,9.266227175724957021e-01
2.769117124418661313e-01,7.232781694935259686e-01
2.724319145694519689e-02,9.725667937734864266e-01
2.242299951211959297e-01,7.755799673889332002e-01
7.695652454834921163e-02,9.228527045892683800e-01
3.187826666104162099e-01,6.810255353183698457e-01
2.101177529389242626e-01,7.896903469199108017e-01
6.217175208571801281e-01,3.784744860735158589e-01
6.120338256971292329e-02,9.386032027504473962e-01
3.615263226624194637e-01,6.386674444522476568e-01
4.029967247395381535e-02,9.598945877905242785e-01
4.580877456942297199e-01,5.421067693034882229e-01
1.834035218874841000e-01,8.164013355883494860e-01
4.687749122946255342e-01,5.314203048129336748e-01
3.016416425951027325e-01,6.981629710944108336e-01
5.023752666901750707e-01,4.974292551665195350e-01
4.286452161538689687e-01,5.711585850131126740e-01
4.354597533207085758e-01,5.647371101437071994e-01
5.347403991958898928e-01,4.654575112604161791e-01
5.586453867558067998e-02,9.443338966924790245e-01
5.403781675166360321e-01,4.594231372421974657e-01
4.471938357227577820e-01,5.530055798773017006e-01
2.002682041536560376e-01,7.995316402097215613e-01
2.991236481214425494e-02,9.698873521251772933e-01
6.537411931812824317e-01,3.464605451072793052e-01
1.870259010039862779e-01,8.131761334231972782e-01
2.333054431772138837e-01,7.664922033313292804e-01
3.021020119021737282e-01,6.981009076375948030e-01
6.515323515971159773e-01,3.486706179575455034e-01
3.254888799495435636e-01,6.743080504621083993e-01
2.982598788252158739e-01,7.019441060849450631e-01
5.538185728443335565e-01,4.459772839908104913e-01
1.325361859598308822e-01,8.676681413987354929e-01
1.372561626097743570e-01,8.629494311572597498e-01
1.242351720868482001e-01,8.759711000916793333e-01
3.978090705880813482e-01,6.023973814268172022e-01
5.016753196243369795e-01,4.981178984111897523e-01
4.795485455379411843e-01,5.202444836538993034e-01
3.790279626532690460e-01,6.211792393095099118e-01
1.842452461191361190e-01,8.159621132578182001e-01
1.422173268288275672e-01,8.579904139992063916e-01
6.191659914848939295e-01,3.810422323243511378e-01
5.790614827126682185e-01,4.207302582928021395e-01
4.366226075560259989e-01,5.631690571925002109e-01
5.360608689015630146e-01,4.641474881170695732e-01
4.607088981091467805e-01,5.394994785074085364e-01
4.577054319238335056e-01,5.425030835790559669e-01
4.742921312225897856e-01,5.259167714835951690e-01
2.548661891828591375e-01,7.449246349763464226e-01
3.997340837160277827e-02,9.598171834173726547e-01
6.647612794236256173e-01,3.350288752468764675e-01
1.147741093435291487e-01,8.854359310550025119e-01
4.892615812656783136e-01,5.109486957129064644e-01
4.810842502620598093e-01,5.187053484586372498e-01
5.466123061040929487e-01,4.535984468353242427e-01
3.925946870585139692e-01,6.076164912706334409e-01
5.874176222970446393e-01,4.127940034822797366e-01
2.810658425785566086e-02,9.716817628460714396e-01
4.734729498923715418e-01,5.267390077648793634e-01
6.184913673982860294e-01,3.812963891794154403e-01
1.456569712991252208e-01,8.541305602389744900e-01
5.239781583200006088e-01,4.758087229950108132e-01
5.073509190928178203e-01,4.924338691779080457e-01
6.563557285446399714e-01,3.434289363615104507e-01
6.259320890993493036e-02,9.371913552287809424e-01
5.266352567325913725e-01,4.735802062517660005e-01
1.521968716732394478e-01,8.480188648100773774e-01
6.034684844071748211e-01,3.967479864335851647e-01
4.598799657762039916e-01,5.403366445896411463e-01
1.846937405184544412e-01,8.155235287463824534e-01
6.346326108990408832e-01,3.651500754915857905e-01
4.452348581125363802e-01,5.549841939395404600e-01
3.334131685878204410e-01,6.668059533226611268e-01
5.199764734225735818e-01,4.802431371554848338e-01
4.550868821275980136e-01,5.451332241408313184e-01
6.219935290631171121e-01,3.777863573518415174e-01
3.501135671369714486e-01,6.496659940043278958e-01
1.693693034495407368e-01,8.304100554094322462e-01
4.426784994639475501e-01,5.571007251922531767e-01
4.458410934359338662e-01,5.543803485277637444e-01
2.003108053873690203e-02,9.797474709346779553e-01
5.172240791962096074e-01,4.829973955593886981e-01
1.539981688802868620e-01,8.462235779803654045e-01
3.293574759597881485e-01,6.704206223048280178e-01
1.687186827280215407e-01,8.315040486677112153e-01
1.168046448519244607e-01,8.834186870595791552e-01
2.374429039901199481e-02,9.764792698798409054e-01
2.975064412449259232e-01,7.022692271441065559e-01
3.209302896941598759e-01,6.788453635401513475e-01
6.167195985531914726e-02,9.381030511448037457e-01
2.727906301502517894e-01,7.269842542076234704e-01
2.598584515723635358e-01,7.399160235023648502e-01
5.065288379124341933e-01,4.936971701392576795e-01
6.116321632676711140e-01,3.885938593380322548e-01
5.517602044087922541e-01,4.480133689848248557e-01
4.380787998424460206e-01,5.621486840769880367e-01
5.783133943832917678e-01,4.214590437675806434e-01
3.528145377985052455e-01,6.474132334911558706e-01
5.137689075878790756e-01,4.864599261170506339e-01
4.534962331393639912e-01,5.467329510824802119e-01
2.571880434133665960e-01,7.430416168876478045e-01
1.590297892152181536e-01,8.407393444772202074e-01
3.308492088349486160e-01,6.693823891738257537e-01
4.857380269989992616e-01,5.140296941304922651e-01
3.518461260786152067e-01,6.479213173646958257e-01
6.659992119614064343e-01,3.337676889845561656e-01
1.020453323562200698e-01,8.981881722592086614e-01
5.165043179387462935e-01,4.832619882073558859e-01
4.343341662207967913e-01,5.654320268036492347e-01
6.406809766667606043e-01,3.590848442687668007e-01
1.996622792533200574e-01,8.005720309026204129e-01
4.410729986877655606e-01,5.591613397392686258e-01
2.574671616978366218e-01,7.422977044685283854e-01
6.098433710033079880e-01,3.899210865255898772e-01
5.974370448985608650e-01,4.027986144487484821e-01
1.003156399655027869e-01,8.994485736104302909e-01
1.600318801502539356e-01,8.402046054195895231e-01
5.366031402946642992e-02,9.465764582610076694e-01
4.231163859255983040e-01,5.766466705108955759e-01
6.214892927866965122e-01,3.782725505694206625e-01
3.318010816898390725e-01,6.679602792973083902e-01
5.681595886451316080e-01,4.320796005384461291e-01
6.464723600749179289e-01,3.532883011868895862e-01
6.306326256069061387e-01,3.691275110009116234e-01
7.833823801877735915e-02,9.214218283981334690e-01
1.929331240052238050e-01,8.068259363304381981e-01
1.872234274649411945e-01,8.125350408857741069e-01
4.437590927056958012e-01,5.559989855110256673e-01
5.924764861229279145e-01,4.072815772807522605e-01
2.569561459391142000e-01,7.432865818729261775e-01
2.109664016835010591e-01,7.892765355050759268e-01
2.594243584221705978e-01,7.403326543026000905e-01
5.511340395664948710e-01,4.491108054116225157e-01
9.430532407057573563e-02,9.054496802583056336e-01
6.122592674014816216e-01,3.879877866481307169e-01
3.683216101260803343e-01,6.319255442833443537e-01
2.216484913110646493e-01,7.785987186319299758e-01
5.886009704934529879e-02,9.413875354207711377e-01
5.771070096294296237e-01,4.231407430519208979e-01
2.990426436992936199e-01,7.007094299074100308e-01
3.668097183859008598e-02,9.630707004792674608e-01
5.764117683647534962e-01,4.233398838027764288e-01
2.234127686067215735e-01,7.763385420081697630e-01
6.668046328444475757e-01,3.334446440502331077e-01
3.212176091709561532e-01,6.790318039938502137e-01
2.762821051020014074e-01,7.234682698871834905e-01
5.926582399485182950e-01,4.075914540962936594e-01
2.568165633420756433e-01,7.429333950376232343e-01
3.581837435621532117e-01,6.420675042983229330e-01
2.583863851616233775e-01,7.413622142614559873e-01
6.552101889818962022e-02,9.347307702222820147e-01
3.781697837967207820e-01,6.215776850047112223e-01
6.408020895727856159e-01,3.589450689186809984e-01
2.414350787426446932e-01,7.588182651395717349e-01
1.155067755088056841e-01,8.842397250457595392e-01
3.519985909852876294e-01,6.482553651279185924e-01
2.472262386476683782e-01,7.530293226761007874e-01
2.850171790682338169e-01,7.152384410615104660e-01
7.253845101446297627e-02,9.277174606213083319e-01
1.688859726679562412e-01,8.313699794503401908e-01
5.829216758516595487e-01,4.173347231055716811e-01
3.979651538911692099e-01,6.022912653925807103e-01
2.789169770177018504e-01,7.208264158450889969e-01
6.054385964520524466e-01,3.948198166323835245e-01
2.674719426001633329e-02,9.729943593388777900e-01
2.287137352174906657e-01,7.710268580387015236e-01
1.484636068983395119e-01,8.517963974740028199e-01
5.638471199063030959e-01,4.364130935630277097e-01
2.434040598494649488e-01,7.568564627139533485e-01
3.122494000182478580e-01,6.874897825722631195e-01
1.891358009947367302e-01,8.111251192243220665e-01
1.437568209351283155e-01,8.559820810117936274e-01
3.445609053216232009e-01,6.551779404885733626e-01
1.120669449143972402e-01,8.876718345621537054e-01
2.682552277701221177e-01,7.314828003293993852e-01
5.429242114929908603e-01,4.568129047690889233e-01
3.483163482071970352e-01,6.514205500987667596e-01
4.559323246222330983e-01,5.438043430047752036e-01
1.889365647139563120e-01,8.113274016686214951e-01
5.944316854209640288e-01,4.053038442351568071e-01
1.371839776729828209e-01,8.630805043014315725e-01
6.507549244046767489e-01,3.489803510520527174e-01
2.053194540374303489e-01,7.949454829480501195e-01
1.776218307238824901e-01,8.226433051897683590e-01
5.164642239373921084e-01,4.832704022716866610e-01
3.339357533324439631e-01,6.663299119283303540e-01
4.490794467142468771e-01,5.506548771496864170e-01
6.122892905485126380e-02,9.390369883552672770e-01
3.926705433654294475e-01,6.075958581128541036e-01
5.796406939443899953e-01,4.206259805392681406e-01
5.775392382618407261e-01,4.227276287277945133e-01
5.324973602794154104e-01,4.677699796461550208e-01
5.373951693983398670e-01,4.628721809149705657e-01
4.001670299158154864e-01,5.995637038537006136e-01
2.746281020155645902e-01,7.251024191618259396e-01
3.850368611839138366e-01,6.152330498290903282e-01
6.090242831174279559e-01,3.907054955787801487e-01
4.359447645967901019e-01,5.637849643205221639e-01
5.044077260365816828e-01,4.958634823800050495e-01
3.988823058618999329e-01,6.008461283019707055e-01
4.851715885815766072e-01,5.151005399172201571e-01
1.413026128816665672e-01,8.584252317455189907e-01
6.252171027110448032e-01,3.750550597804501174e-01
3.700282731042134343e-01,6.296995367394073728e-01
3.975009470133133993e-01,6.022263859915354400e-01
1.347269898624531836e-01,8.655457996680961941e-01
5.279556885556582202e-01,4.717714751743238843e-01
1.075375408536696636e-01,8.927354462193374252e-01
4.453798027113661240e-01,5.543471656898244504e-01
3.442404487053252193e-02,9.653024646071260984e-01
5.098719053464378925e-01,4.898545845082791228e-01
3.308445214291568653e-02,9.671893458561935386e-01
5.486764289531261690e-02,9.454074964694829664e-01
1.515043077650758130e-01,8.487712840239125534e-01
1.875881861557573693e-01,8.126875687256526204e-01
4.959004936421153587e-01,5.043759306472741510e-01
4.685830895296133058e-01,5.311402857137387246e-01
2.863402372539944896e-01,7.133830842422448359e-01
1.204424068356554356e-01,8.792808536137084463e-01
4.920006744415117983e-01,5.077222091809197035e-01
3.687101442544182817e-01,6.315670169028914094e-01
4.150054388586434384e-01,5.847168957929517186e-01
6.430589427796973290e-01,3.566622584661343076e-01
3.844000585518157487e-01,6.153205718236691713e-01
1.585955009722841147e-01,8.411242831034891898e-01
5.286201639496327376e-01,4.710995386790514106e-01
1.099567420811789487e-01,8.903238238404659333e-01
3.842121567040496233e-01,6.155072543428790066e-01
3.666928410317542020e-01,6.335881784209410617e-01
5.316024458078456583e-01,4.681160705600770355e-01
5.753962265724948955e-01,4.248857388913970246e-01
2.822962043188594339e-01,7.179859086397090140e-01
4.599543205754529351e-01,5.403287643042727906e-01
9.026715590466445616e-02,9.100164321240572507e-01
2.708954049662143926e-01,7.293886392028983146e-01
5.978874320437516099e-01,4.018284699254064396e-01
2.435207657224638667e-01,7.567634595579135759e-01
3.950903462488768447e-01,6.051942991745363765e-01
2.873312728408650707e-01,7.123836253840923893e-01
4.667231868360629532e-01,5.335630410962037828e-01
1.021433707983233560e-02,9.894989616416953737e-01
1.687815462202371386e-01,8.309313505945399303e-01
1.566754862360807687e-01,8.430373439881613251e-01
9.667619089890752693e-02,9.036110227154552366e-01
7.896406669974000148e-02,9.213235546877946991e-01
1.310854686591520490e-01,8.686268254815866507e-01
3.005694889796721274e-03,9.967055819571056796e-01
6.745087110546978126e-02,9.328382757095464717e-01
1.706807013250521421e-01,8.296085974620851511e-01
1.784395608516628137e-02,9.824453579672877135e-01
5.920471472486964482e-01,4.076635252908548113e-01
1.572814609778159511e-01,8.424291464639815930e-01
4.910573220776042608e-02,9.511842980883066234e-01
6.207788588419931308e-01,3.795122517960520248e-01
5.962096679666496479e-01,4.040814741601336801e-01
2.823931061935599368e-02,9.720522479692975670e-01
5.426671922078493138e-01,4.576245892923723191e-01
9.051185886788913615e-02,9.097801811435680674e-01
5.422973418029015669e-01,4.579952784049803327e-01
5.513807362508855725e-01,4.483262665373573541e-01
2.979187709849140386e-01,7.023742978427427452e-01
1.904015044430089065e-01,8.093039665143227923e-01
3.322493823342216324e-01,6.680455872264756678e-01
1.343727996279409087e-01,8.653321049818549771e-01
4.849546347524177348e-01,5.147494052339411930e-01
5.929793467592935352e-01,4.067239090576293958e-01
5.241560027477067951e-01,4.755469290287133721e-01
5.157145984666138272e-01,4.839883321753835621e-01
2.210697511979494156e-01,7.786322258257076800e-01
4.452399993050235039e-01,5.544618946523032221e-01
2.968825743502501724e-01,7.034155445007735930e-01
4.308787413263957811e-02,9.566137302956216892e-01
4.610676624539473689e-01,5.386337341752103214e-01
2.111949071408918965e-01,7.885059267419726181e-01
6.457993014446805624e-01,3.538988417373388207e-01
5.423657694889854053e-01,4.573320708952899327e-01
2.401122641479484232e-01,7.595846437440749721e-01
6.098802499450950432e-02,9.387082471229549752e-01
1.803276619236915679e-01,8.193685152981293740e-01
3.279388802777160605e-01,6.717565820065135584e-01
2.060090060029964032e-01,7.942964344571377122e-01
4.051636677565220168e-01,5.951421183775790213e-01
3.988777794711528824e-01,6.008157724737439587e-01
7.253667890654974526e-02,9.277709009493221304e-01
3.837242116131930891e-02,9.619353735484891255e-01
1.411151831530286505e-01,8.585767084897530932e-01
3.986036018015317595e-01,6.010878361157141470e-01
3.415610408559615618e-01,6.581299723987007466e-01
6.232067683871417296e-01,3.771022540423522029e-01
2.080125502555254802e-01,7.916783375850674487e-01
3.764232645559792423e-01,6.232671547182619953e-01
1.687153362912866827e-01,8.315945582723811569e-01
6.317690173750626359e-01,3.679210748209502668e-01
5.015790541597476837e-01,4.987311185831136418e-01
1.410298537773198302e-01,8.592807834549192059e-01
2.597695686001800716e-02,9.737123734019271781e-01
9.216432573933384942e-02,9.081465363787885048e-01
5.076126036623779952e-02,9.495506978705237078e-01
1.965829336316206877e-01,8.037292006097614960e-01
5.002402911206513814e-01,5.000728296039061993e-01
2.722262585540381474e-01,7.280868673253446666e-01
6.188620733039473798e-01,3.814523348049404516e-01
3.923186590486395925e-02,9.604536486818178176e-01
1.774805281632148846e-01,8.228339842947931526e-01
4.623017013713948686e-01,5.373827622339613086e-01
5.314782406643757673e-01,4.688374757383840796e-01
1.912586887519179268e-01,8.090571074227647097e-01
5.222971973640554433e-01,4.780186238126559184e-01
9.588255081091212606e-02,9.038011235341819605e-01
2.185434977788371369e-01,7.817733366534985739e-01
2.784725697715865200e-01,7.212097718632767274e-01
6.546500638151911966e-01,3.456682284066440181e-01
3.113312070580992463e-01,6.889882581084568747e-01
9.779512731794921809e-02,9.025244809177270788e-01
1.554525484767743937e-01,8.448675293267775555e-01
3.480797651270776671e-01,6.522409385162761808e-01
9.235586044480552370e-02,9.073233430341764993e-01
3.459124008586086374e-01,6.537667841682455183e-01
6.640222333385855658e-01,3.362986674204792026e-01
1.254750165899305991e-01,8.742032439413427447e-01
1.163780239857623577e-01,8.839439824390612488e-01
5.202820897132115485e-01,4.800400225059723858e-01
6.235098678427802854e-02,9.373266428732921485e-01
1.686481121250746895e-01,8.316746058326638380e-01
3.395736805390269231e-01,6.601035543525475280e-01
1.204770187210906368e-01,8.791997530232426028e-01
2.068197852000772108e-01,7.928568657354351235e-01
1.593962839840083467e-01,8.402801431696234058e-01
4.881993460359994041e-01,5.121242685821367768e-01
4.811032935277232414e-01,5.185730020424355047e-01
3.198217944254752587e-01,6.805020328484989722e-01
6.070229319617425068e-01,3.933010735918218703e-01
5.623946392817961160e-01,4.379295587366599518e-01
1.324584376638170968e-01,8.678658108765778811e-01
2.305873845587919774e-02,9.772656236754343473e-01
1.793194542093624055e-01,8.210054451344824811e-01
2.124657323574574153e-01,7.872090450875433021e-01
6.441522201613315568e-01,3.561735467991616888e-01
3.850786073889054251e-01,6.145954778917217531e-01
3.170773996185551336e-01,6.832485438563327129e-01
9.611138103370676922e-02,9.035623736382645266e-01
5.544956937083010962e-01,4.451780431769781221e-01
4.877021346073861507e-01,5.126244103781940620e-01
2.679995106834314744e-01,7.323271547725616060e-01
1.287038184665553753e-01,8.709691462994293421e-01
2.463192477768583188e-01,7.540078041977654744e-01
1.496440115548747229e-01,8.500286601666322550e-01
6.389521070651520418e-01,3.613752334004081135e-01
2.142238149708288464e-01,7.861042835193782219e-01
1.296622096215667708e-01,8.700096508065032763e-01
1.069934656968889175e-01,8.933348780109391374e-01
5.008570102245476496e-01,4.988145298073838330e-01
1.298136799433580735e-01,8.705154350174253430e-01
4.910736721948996131e-01,5.092556962175562862e-01
9.506628560485787249e-02,9.046041440183738569e-01
1.442701823099264979e-01,8.554001325976390291e-01
6.601767493011225785e-01,3.401531985568623240e-01
4.491505497237809896e-01,5.511797339883596214e-01
5.648762832657834299e-01,4.354541801253647981e-01
1.576675231767239171e-01,8.420017657872134187e-01
2.191277555265244426e-01,7.805411834471970289e-01
4.624500451306981508e-01,5.372179348162577917e-01
1.278676517936053747e-01,8.717994788418570451e-01
1.711305592880891790e-01,8.285365149659589257e-01
3.240495210385200275e-01,6.762834643693036440e-01
3.243434579507798454e-01,6.759906958960751888e-01
1.240183774022808189e-01,8.763170098981354350e-01
2.713247192629700821e-01,7.283398669505911638e-01
5.621382679812899630e-01,4.375260200620119111e-01
4.806202428094226708e-01,5.197156360531064445e-01
1.563800987256457053e-01,8.439559640371782079e-01
2.543896226366635510e-02,9.742249462052825493e-01
2.226582526245125260e-01,7.770037693936558965e-01
7.284678979053982317e-02,9.274916897023454121e-01
3.955443736604590255e-01,6.047941134585838041e-01
1.538888041167154885e-01,8.457723916876859205e-01
2.212674459764507606e-01,7.790717329844625283e-01
1.843125603339076379e-01,8.160272294131640791e-01
5.455188038645565340e-01,4.548225394241174335e-01
5.084205651816288141e-01,4.912380521004892087e-01
3.165701940220032318e-02,9.686844328017462091e-01
4.881020038791412663e-01,5.122399149749593539e-01
5.702771006871825143e-01,4.300649111679043513e-01
6.330503602598277491e-01,3.672917322631003012e-01
2.283876454828059552e-02,9.775035000298474275e-01
3.998637193431673897e-01,6.004787351227404146e-01
6.448992756704937657e-01,3.554442563012832901e-01
3.906084476078974799e-01,6.090470547843234161e-01
5.610515774200174333e-01,4.392942477803751244e-01
3.499262782952062278e-01,6.504200833430427986e-01
6.204217406327300344e-01,3.792316952988341594e-01
3.338584363038832881e-01,6.664884580086982702e-01
3.678166106967784010e-01,6.325318565371372825e-01
1.247825078291689843e-01,8.748687353084944052e-01
2.648153330066744804e-01,7.355337089867466371e-01
5.778005074968241006e-01,4.225486887759610788e-01
1.393455246574145934e-01,8.610039108325667767e-01
3.476421442405342455e-01,6.527076332217568444e-01
4.247215500356046336e-01,5.749282962969550770e-01
1.021847224458629078e-01,8.981659391642512480e-01
5.408899539584091087e-01,4.594607206174840530e-01
4.043945186742376602e-02,9.599118565311177687e-01
6.570346214943101337e-01,3.426139877933760403e-01
5.912687173452635392e-01,4.083796341517568762e-01
3.419190525621008114e-01,6.577288317993075228e-01
1.581001524083907109e-02,9.838374843089588984e-01
4.548091289965204842e-01,5.448379735135903124e-01
3.322974837598480224e-01,6.680567626684393856e-01
5.690071130801557242e-01,4.306386088002720491e-01
1.052549954252928605e-01,8.943903947123388321e-01
1.542976736174866449e-03,9.981017484181499144e-01
1.874887037505988119e-01,8.121556418467980043e-01
1.319358461552697787e-02,9.864504214624140177e-01
1.741586488798287785e-02,9.822276224445327664e-01
6.190505688878651380e-01,3.813060368208441853e-01
2.416082866331330237e-01,7.580342365968084639e-01
1.674226270856476462e-01,8.322195133359783226e-01
4.596336493176887972e-01,5.400083722708903800e-01
2.529269941181196413e-01,7.474313016419737998e-01
3.837182045377924844e-01,6.166403721773108249e-01
4.516740939120034715e-01,5.486846941215918205e-01
1.446670000599012684e-01,8.549742100499633235e-01
3.616416824226192928e-01,6.379993214018598868e-01
2.819035510774133280e-01,7.177371901167890478e-01
2.719889460306986750e-01,7.276516834842429171e-01
3.431769728764705318e-01,6.534648595564767071e-01
1.653161473325113484e-01,8.353949847498421954e-01
3.493648971575257778e-01,6.528060390639384147e-01
1.832729775863034261e-01,8.176685479529595124e-01
5.117112836717805369e-01,4.874787508289439852e-01
3.072950380569819950e-01,6.896180920636436618e-01
5.221306463741598458e-01,4.764082018264906848e-01
3.473071759024778937e-01,6.488019933780273529e-01
3.595649907331505690e-01,6.365033048430747131e-01
3.990175680588162188e-01,6.033885279978968841e-01
1.604437271345067750e-01,8.380318555301183858e-01
6.093713539636499421e-01,3.953886559417004176e-01
3.984156751318992939e-01,5.990547469664104785e-01
3.265635229463991207e-01,6.739153449767933957e-01
2.392144834137870657e-01,7.623652642740401664e-01
3.350728197827329558e-01,6.620119217283989554e-01
4.222067504714185349e-01,5.773733870285262526e-01
3.017627913611107271e-01,6.935758632005556423e-01
3.148004126886707610e-01,6.864479242596474018e-01
5.192439446980329221e-01,4.808428910554520819e-01
5.459567808526656352e-01,4.574664460546683520e-01
3.550828982763493680e-01,6.428148455631695901e-01
1.150894592335534178e-01,8.810572143710947435e-01
7.838026766726638450e-02,9.195285346780792679e-01
2.918635791312745309e-01,7.091433309485477565e-01
3.822874909455859505e-01,6.177426625566407870e-01
2.037454139439223433e-01,7.905077336438519620e-01
4.899675914986893477e-01,5.075373092394843688e-01
1.577250113596672942e-01,8.421867190874785525e-01
3.654110945990724502e-01,6.319048245641083472e-01
5.501702959962546657e-01,4.472791048922297730e-01
2.669114152452010114e-01,7.272713503760939169e-01
4.734991343691064003e-02,9.510769185827413486e-01
2.440230472168053721e-01,7.542213797245390650e-01
2.439870565173774541e-01,7.579306095805665722e-01
6.083042423711761959e-01,3.958984479729315553e-01
2.312048729327008667e-01,7.704174273200666834e-01
2.488695913178876618e-01,7.501910237206422805e-01
1.767060744223274693e-01,8.201486486222855365e-01
6.190018595577078363e-03,9.871159784812848503e-01
4.173710654248241059e-01,5.815161459435421731e-01
4.518567227045605650e-01,5.471667259969115182e-01
1.771629944442905946e-01,8.196498884764288340e-01
1.511646005956493108e-02,9.800629244259743134e-01
7.464048373989438934e-02,9.217361795197068774e-01
1.284822957188160308e-01,8.720030822900571854e-01
6.097937553897923024e-01,3.918279038176578077e-01
5.555040765858063612e-01,4.436977744230571341e-01
6.641146503257427947e-01,3.351255261217648274e-01
2.907539717883064756e-01,7.045331012346279786e-01
5.135373115958408174e-01,4.839481946913125610e-01
5.406689234241893738e-01,4.631189597118740564e-01
4.191635436521461422e-01,5.781502906845548129e-01
2.489459725002380885e-01,7.512733134889888476e-01
2.220019575716113830e-02,9.745746579614051885e-01
2.315475862118261952e-01,7.680142351505302445e-01
5.295563538384340241e-02,9.457245726400589358e-01
3.735054792085876207e-01,6.231539756608409641e-01
2.106070792531927194e-01,7.862490518681425344e-01
2.108117097496541859e-01,7.898376060468685900e-01
3.195191375979327675e-01,6.765162049118915721e-01
1.520638077280397904e-01,8.437809133410516527e-01
3.880747596449730108e-01,6.111458002138487888e-01
3.548969484614623582e-01,6.451925312573459914e-01
3.688942631690927954e-02,9.582300549638573806e-01
7.078683068426870617e-02,9.277133259983053604e-01
6.146923659925797034e-01,3.888887957525008487e-01
3.386956318984981062e-01,6.606395930802878569e-01
2.977827286961861053e-01,7.024537775534569484e-01
5.476001036803369165e-02,9.442019541431792007e-01
3.698164759298734894e-01,6.290136091720697209e-01
3.555098646157667241e-01,6.433196285707990514e-01
4.757990834308939432e-02,9.508463604651850032e-01
1.989007952912348262e-02,9.756959084156243689e-01
7.639857838893453212e-02,9.197097504011748637e-01
3.505001688811168470e-01,6.519164306939577713e-01
4.424199237524278905e-01,5.548283907181685848e-01
6.480401581618777662e-01,3.513869402305423439e-01
1.893311350831902717e-01,8.082911516884022651e-01
4.750046836486799262e-01,5.225872237873018245e-01
3.901734303789257674e-01,6.065726077077026046e-01
2.365966502997400855e-01,7.580206952949618548e-01
1.717181486919090450e-01,8.293580951000865120e-01
3.802282160979245096e-01,6.217015659969737928e-01
1.995879585562500003e-01,8.004982638996662736e-01
2.737603814999673424e-01,7.205166503461721828e-01
5.912401570051306621e-01,4.116458268429590284e-01
9.785053828072270976e-02,9.013512037175561709e-01
1.817248861004704952e-01,8.191591013208925354e-01
4.008935127056852399e-01,5.949450318997104858e-01
1.998699732045108590e-01,7.994188242282959100e-01
4.576328539498059622e-01,5.427235193894126564e-01
4.893102294439535260e-01,5.144129662190677355e-01
3.451171270195783070e-01,6.536830368731729735e-01
3.337959121416060326e-01,6.638403048910201942e-01
9.830970161237158333e-02,8.957524643232038786e-01
2.238210134137283147e-01,7.773035800597115630e-01
1.366621213860984840e-01,8.585711101897889330e-01
2.682226044499679274e-01,7.310513914380518674e-01
1.722368591176867136e-01,8.240921642635340438e-01
