3.401936787679387120e-01,6.598063802645107723e-01
3.688171792233958524e-01,6.311830418272965648e-01
5.907997009592862170e-02,9.409207658619437309e-01
1.087058492329310982e-01,8.912954403553603466e-01
8.905349439999953043e-03,9.910963290462556641e-01
1.310479174688167769e-01,8.689549112951705512e-01
7.747261108940339813e-02,9.225310426002313324e-01
5.189089559024560039e-01,4.810947445307414139e-01
6.601013518159326576e-01,3.398935178894791909e-01
2.679597885084563091e-01,7.320350050977302292e-01
1.969602357918906199e-01,8.030450000426667678e-01
6.207569518100694017e-01,3.792377452838380236e-01
2.414394821881252207e-01,7.585550476636310213e-01
5.098456625248289908e-01,4.901598211607344768e-01
4.395888101141862125e-01,5.604168008187447869e-01
6.037548105532783982e-01,3.962375215407272777e-01
1.815110868432986413e-01,8.184966119459529121e-01
1.924604562965910592e-01,8.075317006464605152e-01
4.829940198164450749e-01,5.170138323014934478e-01
6.124469878515427235e-01,3.875611675493266239e-01
3.647947527493634046e-01,6.352136454167439661e-01
5.291851128935457504e-01,4.708233772939239281e-01
4.107453009050303083e-01,5.892632518490259486e-01
5.202742642041167098e-01,4.797170594578474834e-01
3.160924700994970360e-01,6.838983871596893138e-01
2.166744072860064818e-01,7.833163679779990840e-01
3.900876342446045475e-02,9.610005979773752482e-01
6.035704319897621239e-01,3.964198600475185574e-01
6.393223392030579211e-01,3.606675967842438157e-01
4.842795503743527186e-01,5.157317924091380235e-01
9.505273775535841296e-02,9.049357711929562065e-01
5.454071534204923966e-01,4.546049883708260242e-01
2.715090393807551017e-02,9.728359696498979359e-01
1.057814636084140371e-02,9.894083385709186995e-01
5.999650693440257143e-01,4.000211528457423005e-01
2.702201769063117265e-01,7.297940699161252764e-01
1.556154524964893371e-01,8.443989381669526617e-01
3.395731435902947792e-01,6.604416825893414389e-01
6.066421987872230304e-01,3.933420804386958958e-01
4.327946713268836509e-01,5.672223459948940727e-01
1.300994526231626092e-01,8.699175886541901104e-01
3.735375029688433601e-01,6.264799888008386608e-01
3.082502079836887399e-01,6.917675474989607443e-01
3.103220777822626730e-01,6.896601642122969222e-01
3.013767923260341972e-02,9.698439713038243815e-01
6.606050725013015157e-01,3.394139768190443940e-01
3.988852428254887617e-01,6.010954579562808320e-01
3.163640646587502214e-01,6.836161867180355900e-01
4.815026900184437020e-01,5.185187295463540291e-01
4.281722649254012802e-01,5.718059160700802446e-01
1.740326835959457238e-02,9.826186415474830183e-01
5.991980093827934395e-01,4.008240539827335192e-01
3.900918312445667002e-01,6.098861050163120190e-01
6.480543266645747424e-01,3.519679812904183414e-01
6.204700400886928868e-01,3.795067590088847531e-01
4.528122303060229392e-02,9.547421126633016675e-01
3.895169066540699054e-01,6.104593964229884095e-01
5.641213078201429143e-01,4.359030362585619156e-01
2.934866459272261752e-01,7.065381313986578427e-01
4.549349051471193728e-01,5.450397433284953630e-01
9.609325655510396469e-02,9.038811720204464883e-01
1.859788853483889948e-01,8.140468388549939593e-01
5.936128284108327380e-01,4.063611448156997930e-01
5.707219796595853767e-01,4.292519138862540551e-01
2.056771502115723183e-01,7.943494729156223011e-01
2.534889695567543733e-01,7.465378932817917645e-01
4.095431360236403973e-01,5.904286215506836522e-01
6.003569092041589617e-01,3.996716115529260760e-01
5.830033880230787169e-01,4.169675582545042114e-01
6.575185643596194174e-01,3.424521928537213045e-01
2.552306979492903749e-01,7.447399352837205111e-01
3.532081958584543657e-01,6.467622735157483316e-01
3.467042261415622662e-01,6.532655058346490407e-01
4.700249045265891823e-01,5.299446120008244332e-01
5.733971159053745659e-01,4.265721615216845897e-01
4.922749002478978841e-01,5.076942461953247721e-01
6.445868219654282694e-01,3.554444184668555939e-01
2.715957163415073650e-01,7.283729486188531554e-01
7.952154975079046839e-02,9.204465792651838063e-01
2.553816620229211742e-01,7.445860203228287233e-01
3.287701146232017146e-01,6.712623635047003656e-01
1.470950324730896652e-01,8.529376308371835469e-01
1.481949338956588813e-01,8.518380433133411200e-01
2.506300907799350330e-01,7.494032479070479313e-01
5.539391196625385039e-01,4.460944337811030835e-01
4.979192704917409507e-01,5.020465718318177784e-01
3.811286465662857004e-01,6.188365592897261402e-01
3.651014722183120176e-01,6.348636357965856680e-01
8.867795486257444570e-02,9.113574919337767977e-01
2.802155979595345459e-01,7.197485201212191486e-01
5.217197231590248174e-01,4.782437835983326391e-01
5.205982378762801233e-01,4.794383775832377625e-01
1.176121205822248522e-01,8.823511907919159292e-01
5.470943024446257574e-01,4.528688606789691984e-01
5.152898156221962234e-01,4.847476748548032455e-01
5.970822736460489333e-01,4.028800208310693853e-01
3.801081412510577406e-01,6.199296894503437683e-01
1.391346566491344916e-01,8.608264116753751027e-01
3.467832093958354012e-01,6.532560602406389805e-01
2.649647113612890181e-01,7.350745648378435027e-01
4.719792608113436150e-01,5.280639882156731302e-01
8.872554863763557065e-02,9.113179028458524567e-01
5.071916969544831844e-01,4.927645726848579599e-01
4.200824779341380544e-01,5.798730909850019488e-01
2.797543394785110271e-01,7.202905182785485083e-01
2.406881852855404236e-01,7.592665643687668275e-01
4.888635578746236554e-01,5.111821310371110760e-01
4.980046916895168874e-01,5.020410954720344598e-01
4.391830978189024126e-01,5.607708659063291856e-01
4.064067657749720897e-01,5.936398731027535680e-01
5.785705882759089036e-01,4.213827397389718343e-01
9.412783860431932215e-02,9.058252443619360106e-01
3.737338106250182590e-01,6.263140683412727894e-01
1.700568792132231832e-01,8.298941657545432227e-01
5.114856698532881385e-01,4.884650716335267040e-01
3.113917110372304772e-02,9.689105511468495413e-01
4.567805323564693709e-01,5.432692469730119322e-01
1.941312392406968068e-01,8.058189432516310591e-01
6.234397910864132308e-01,3.765096761459644226e-01
5.789218665742105197e-01,4.211288822262310161e-01
1.981476474657187237e-02,9.801337826647619211e-01
4.576601751401158102e-01,5.423915558715521890e-01
4.883924412172883645e-01,5.116593758556928773e-01
1.603600018520462689e-01,8.396919348579539033e-01
9.146543224284003903e-02,9.085870268548289497e-01
1.504242529499389136e-01,8.495232703257470375e-01
4.106755466835639301e-01,5.892717825444552249e-01
2.648366369295661604e-01,7.351095747681387627e-01
5.276225432739452270e-02,9.471835950699130091e-01
4.499022657410636228e-01,5.500431838187993527e-01
4.122126312843898410e-01,5.877316914935638570e-01
3.753736689600405407e-01,6.245699732671128324e-01
5.908095183574343379e-01,4.091339020923273062e-01
4.828627755490526308e-02,9.516569487218862200e-01
3.139335629835395824e-01,6.860096289422779048e-01
1.530082920768370547e-01,8.469348769216771267e-01
4.266030613392530202e-01,5.733400710848245430e-01
1.391497289281276584e-01,8.609074236360807486e-01
1.500827054972635188e-01,8.499746713931509712e-01
1.291841073156826392e-01,8.707584675422130882e-01
5.146248901222062466e-01,4.853172855755591431e-01
2.255684730621662082e-01,7.743734307246209481e-01
4.800009752547882425e-01,5.200572205381632784e-01
3.151223493946357368e-01,6.848184544604445367e-01
2.158687375639774253e-01,7.841908079227595252e-01
2.474640591511623189e-01,7.524763177392300717e-01
5.756545536768097326e-01,4.242858002450787813e-01
6.660851103289086028e-01,3.339760772688865620e-01
1.187079379369224141e-01,8.812305515295142389e-01
2.170199155253511314e-01,7.830417484154629237e-01
2.563716155066691690e-02,9.743006730901088153e-01
7.618452529528559058e-02,9.237527392365831869e-01
9.779547618931382080e-02,9.021408899153970928e-01
3.282992512277455033e-01,6.716363060852705846e-01
4.873167178662002330e-01,5.127478118728956424e-01
1.710246213574340701e-01,8.290414422182671439e-01
3.770018792236235483e-01,6.229317520978848721e-01
6.551825503205195300e-01,3.447508280970023042e-01
6.837345270305497484e-03,9.932293400114414750e-01
9.921134292470142058e-02,9.008559958945365764e-01
1.524754889281508818e-01,8.475920089497210874e-01
3.761467432694482471e-01,6.239222241578289418e-01
2.416593580792697482e-01,7.584097381357123302e-01
6.654835051271803525e-01,3.345860324906658190e-01
4.380517293205283269e-01,5.618773125987777117e-01
3.149361214121511598e-01,6.851354805118096136e-01
3.677960051722337781e-02,9.631481368278346222e-01
3.864478968601436359e-01,6.136247236583943776e-01
1.413454648286541215e-01,8.587276590225507711e-01
5.494534398009143228e-01,4.506197055618961222e-01
1.257235691123720911e-01,8.742030866103496223e-01
5.648517633939204030e-01,4.350747337027207617e-01
1.554170509454686211e-01,8.445093006378960876e-01
6.611681377822254957e-01,3.387576375099302650e-01
6.326465538673657907e-01,3.672773596806570562e-01
4.764860638959495520e-01,5.235914959547488534e-01
6.473112466270414256e-01,3.527669681879446739e-01
4.466862249955683706e-01,5.532351078271907641e-01
2.563111500208963833e-01,7.436098274797341423e-01
2.141048240202800268e-01,7.859742731645684710e-01
9.988379435478669799e-02,9.001954248050285656e-01
5.509108396274996489e-01,4.490093042979516613e-01
2.538945905124172925e-02,9.745300568062768010e-01
5.296215466537151917e-01,4.702979540107165013e-01
4.786316068860713147e-01,5.212878450294160526e-01
6.104103270948336712e-01,3.895090354102088703e-01
2.573085737736350437e-02,9.741881342105700448e-01
1.889292913078089442e-01,8.111521063651736529e-01
4.490741887254916243e-02,9.551741938797086995e-01
3.914240200243258583e-01,6.084940715916533627e-01
1.464422090805781729e-01,8.534754205351117173e-01
4.813527099117220764e-01,5.185639777666986028e-01
1.896103665567000773e-01,8.103061515863472231e-01
4.134222542955580115e-01,5.866620570299435622e-01
5.948412332283209425e-01,4.050742117374033224e-01
3.412479200440307059e-01,6.586668793476770922e-01
4.660924418912393286e-01,5.338216180483200679e-01
4.579228076430097993e-01,5.419911774855348252e-01
5.275325456874060404e-01,4.723806257490464344e-01
4.732106463642288263e-01,5.267024721282579369e-01
2.555927283412348094e-01,7.443193823408446042e-01
5.566013771256588250e-01,4.434866862533026199e-01
1.473020248694339174e-01,8.527862248716993054e-01
4.671925508609349742e-01,5.328958409202453339e-01
7.470335602775993178e-02,9.253855588567619916e-01
5.501749210336934759e-01,4.497359606600915272e-01
3.231646720395864314e-01,6.767459914108788777e-01
5.381129109950392175e-01,4.619764360277248683e-01
4.002775082177331134e-01,5.996326785061504294e-01
5.589608921852846635e-01,4.411291194578798036e-01
4.342661605106865053e-01,5.656437625764908494e-01
1.214680593804036562e-01,8.786220479587509846e-01
8.431025130921505906e-02,9.155994101840861932e-01
4.282036293079273248e-01,5.718872945223740789e-01
4.062881504283687994e-01,5.936207095025775038e-01
6.015587650374970563e-01,3.983499290732291920e-01
6.032746780012419041e-01,3.966322881971789949e-01
5.127245936767557133e-01,4.871822954386069160e-01
5.890638751998787948e-01,4.110292715771268757e-01
4.797481680762366030e-01,5.201580333006065038e-01
1.831681841954384826e-01,8.169264287065838293e-01
1.891144435868717943e-01,8.107904954513756035e-01
4.870399372341145949e-01,5.130552525422336085e-01
3.915938211937159408e-01,6.085017232192433401e-01
3.904469388091603155e-01,6.096486315298613734e-01
1.762045186524273110e-01,8.236996040262187790e-01
3.437544841596782419e-01,6.561493247786575056e-01
2.566006378242752933e-02,9.744364556628180019e-01
4.301461309288131529e-01,5.699505616213400572e-01
3.625084692304251788e-01,6.375883175963437122e-01
1.875396774842527092e-01,8.125574765179763848e-01
4.103020753376503404e-01,5.897954615361296060e-01
6.003629474070009131e-01,3.995388438066618253e-01
6.517717920468681925e-01,3.483269538667391196e-01
4.913316407321644541e-01,5.087672325357812664e-01
3.241077798455281878e-01,6.757927886776967652e-01
4.347544825564253479e-01,5.651457229263666671e-01
1.737261124693950665e-01,8.261740131726110770e-01
1.608917104101946771e-01,8.390081135761013886e-01
4.982780287667933905e-01,5.016200741950342934e-01
1.625162841160669724e-01,8.375861025341583277e-01
5.780963657518579657e-01,4.220061699267300681e-01
4.390825344197104019e-01,5.610227230617997884e-01
5.027517732079730406e-01,4.971425319106567708e-01
3.666461529060007218e-01,6.332478779100777500e-01
5.236494852170912040e-01,4.762441186280517713e-01
8.946222196567996110e-02,9.106441968904930295e-01
1.939967541222292757e-01,8.058967510251303645e-01
5.037979006278023864e-01,4.960948975132056238e-01
1.458687604799181747e-02,9.855206789529249445e-01
3.501523729291146081e-01,6.497400706916905966e-01
1.396093945673357317e-01,8.602829430682432665e-01
5.446498238847070628e-01,4.552423069096488417e-01
3.480273734705699451e-01,6.518640086743773265e-01
5.635492082004592285e-02,9.437537982507550050e-01
2.195664237588436651e-01,7.803245439782836579e-01
5.605472665425588197e-01,4.395619644792757019e-01
4.554747390562127740e-02,9.545624069449608617e-01
7.668849973366477502e-02,9.232014679983916450e-01
4.188436192657850610e-01,5.812669147249953649e-01
1.621567614985860717e-01,8.377326841140843028e-01
9.507366161798538884e-02,9.048157522977339218e-01
4.056398487297348532e-01,5.944710414507896612e-01
1.829233340994146084e-01,8.171884702303900960e-01
4.885910517173885359e-01,5.112968290550142791e-01
5.116594633747403309e-01,4.884531844752605378e-01
2.426371857932569515e-02,9.756235492249419883e-01
4.376418510313888621e-01,5.622453514065119951e-01
2.188305032184510446e-01,7.810566077239790017e-01
1.909047730624505446e-01,8.092085405638244078e-01
3.027469737085285439e-01,6.973667586872828172e-01
5.191610931808058327e-01,4.809527705239975415e-01
2.156748586823934999e-01,7.844393239070949209e-01
1.802922169895056770e-01,8.195931545153808395e-01
5.370551006837048780e-01,4.628302595545428777e-01
6.189122823804905638e-01,3.809730339322638937e-01
2.261506797197284091e-01,7.737339103183029643e-01
3.154312333291620640e-01,6.846846981622712880e-01
1.653350056478630759e-01,8.347810293674966520e-01
4.768305178809897904e-01,5.232855934013779242e-01
1.541522999432083374e-01,8.457315839323323869e-01
4.085828037143502400e-01,5.915337326849362531e-01
5.446309962267947835e-01,4.552520785536102732e-01
3.272107656154539801e-01,6.729066722002008394e-01
1.093089536555505864e-01,8.905733025711548567e-01
3.592195038398584561e-01,6.406618286275026497e-01
4.727982332005981059e-01,5.270825328274792998e-01
6.498228774875329516e-02,9.351370720629693656e-01
8.668637351837321647e-02,9.131938112962165732e-01
5.451388005016075677e-01,4.547411489853795397e-01
5.002512072717854030e-01,4.998690841501105542e-01
3.340690046027610660e-01,6.660519287155008961e-01
2.971154547973062221e-01,7.027635278295609744e-01
2.416690665780217573e-02,9.759545747094684476e-01
5.068936931387515998e-02,9.494321920845163465e-01
2.876288812593038591e-01,7.122491209141454949e-01
6.651372314222186999e-02,9.336085112614788128e-01
3.725060307809600069e-01,6.276166662144544439e-01
3.844663852583438124e-01,6.154109067722339788e-01
6.490731948682174623e-01,3.510496757426765924e-01
6.536880865603107438e-01,3.464349504724218431e-01
4.702941872263032841e-01,5.295826795089005889e-01
3.277629111278740903e-01,6.721137410777709986e-01
7.610255628973032482e-02,9.240210314410374215e-01
3.671042413198181142e-01,6.327713990912934294e-01
5.479742806959791990e-01,4.519004856531939618e-01
5.987750108088584211e-01,4.010988653239018209e-01
5.861190863666555506e-01,4.140075378233774028e-01
2.768475223490801107e-01,7.230253761829315007e-01
1.597836972788476695e-01,8.400891381545125824e-01
4.596270451418761893e-01,5.405001361378238833e-01
3.926880929908428963e-01,6.074400276861411374e-01
1.481866483122971645e-01,8.516850792490150424e-01
1.605702211853733685e-02,9.838146505718287083e-01
1.059329775090197684e-01,8.941956348433397483e-01
6.216793763931216521e-01,3.784492507157043439e-01
4.571601245109634115e-02,9.541551580385961850e-01
5.047338828960071799e-01,4.951367398769441763e-01
1.765180098000103392e-01,8.233518261403839356e-01
6.415488745268465021e-01,3.585817463725091137e-01
3.015030357186802568e-01,6.986286977174909207e-01
2.897762079912737931e-01,7.103556231994434533e-01
7.226035238335681843e-02,9.278718935513058375e-01
3.025762513318772662e-01,6.972908827686062905e-01
6.054421808775056757e-01,3.946908158051160020e-01
2.188507785355270074e-01,7.810161732649977262e-01
4.662658378303803919e-01,5.338672184500277140e-01
4.764702697297867884e-01,5.236630142435784174e-01
4.301508452889313272e-01,5.699831354155380225e-01
7.240759802810679824e-02,9.277268168744586818e-01
3.961140707203403832e-01,6.040210332557487405e-01
1.432671800869479151e-01,8.568680803827355419e-01
5.358117499280216078e-01,4.640517425992288780e-01
3.182712146938231346e-01,6.815920692165046146e-01
1.957024946388373488e-01,8.041604322839490671e-01
3.587667016653942609e-01,6.413710513413376502e-01
3.795387032430581620e-01,6.203234472727398030e-01
6.198968996786151653e-01,3.802418667859306933e-01
4.470506230931240998e-01,5.528105901304216641e-01
3.866457485917175196e-01,6.134939112186966748e-01
6.544252469687510398e-01,3.457145888410012580e-01
4.008094453381538108e-02,9.600589285074151435e-01
6.334635435868436748e-02,9.367938575620519126e-01
3.887428233172654513e-01,6.113975861904292763e-01
5.168184360728894644e-01,4.833222563525194082e-01
2.187102538432648957e-01,7.814306065084409836e-01
2.612031035995961425e-01,7.389380458714830402e-01
1.698959718501970861e-01,8.299626581295921346e-01
6.246112327175645101e-02,9.376811041050907569e-01
1.119684263703869531e-01,8.881742851686770246e-01
5.424159216414948803e-01,4.574408945597956966e-01
4.505494206301812188e-01,5.495942544878547054e-01
3.408603424602098531e-01,6.589953982080727357e-01
4.574248536925784592e-01,5.424298171084778186e-01
1.588239537293161252e-01,8.410298688838708792e-01
6.394983664825607539e-01,3.606480280567520014e-01
5.436193545384248038e-01,4.562338351161043248e-01
3.408012761813059704e-02,9.657728392031201814e-01
5.809735741042066914e-01,4.188789990526658458e-01
4.757364626439456456e-01,5.241159898853425814e-01
8.243177171950170912e-02,9.177158694537731476e-01
3.209061572678887919e-01,6.789461052075224101e-01
1.648802694605399910e-01,8.352675880012884191e-01
3.383272095220319492e-02,9.660188706516539270e-01
4.959553082998859885e-01,5.041938855941922037e-01
3.233263487429893224e-01,6.768230288091819924e-01
2.531570743917206309e-02,9.745347249357213526e-01
5.347335115352866985e-01,4.654162223429556544e-01
4.266123441355512691e-01,5.732377263254504474e-01
1.192346730243141160e-02,9.879253255113926713e-01
5.614724472690031387e-01,4.383762988407712835e-01
5.351673470273702327e-01,4.646813791149446149e-01
3.746508026745650199e-01,6.255010013595115881e-01
7.750653734971506281e-02,9.226457748019503136e-01
1.335829458878501352e-01,8.662644138338553290e-01
6.438403230205043126e-01,3.563126045138385600e-01
4.792453091429585421e-01,5.209077652911789924e-01
4.673040980532638944e-01,5.328499923561201834e-01
5.845483599533789904e-02,9.416994137828501588e-01
2.412683312793597601e-01,7.585770929640027749e-01
5.426727616516988650e-01,4.574824848549459144e-01
6.227203373896943450e-01,3.774354113766046348e-01
1.973196888018449169e-01,8.028364494237156812e-01
3.519029335497157462e-01,6.482532156511471300e-01
4.804824455625429924e-01,5.193604106851285040e-01
3.345987869016568972e-01,6.655584510724676939e-01
2.480499318622880756e-02,9.753523511502569798e-01
3.647849209584467234e-01,6.353740224094103217e-01
4.216390709729000430e-01,5.785201153333847657e-01
5.789038120136292404e-02,9.419500051083331549e-01
4.109483605666000572e-01,5.892120693294170541e-01
1.498545905236189912e-01,8.503062955828796232e-01
5.604881258342817585e-01,4.393506976366230443e-01
2.222789985476206764e-01,7.775592563371778176e-01
2.874953734505387160e-01,7.123419096333287737e-01
3.650551783509967119e-01,6.347811100310775112e-01
5.777957771594931513e-01,4.223682474897605399e-01
4.667973707541497319e-01,5.330385669854097452e-01
2.824582562580439382e-01,7.177059806201648851e-01
1.406539662032736671e-01,8.595108965395908962e-01
5.988694265351440782e-01,4.012960366649571675e-01
2.044775018666871724e-01,7.956879982631973602e-01
1.880332216318513494e-01,8.121323107130510310e-01
2.431519299339823803e-01,7.570136581547132204e-01
6.222181071278575226e-01,3.776161443818287222e-01
4.337916085701576385e-01,5.660423919300929807e-01
3.530337322212678819e-01,6.467996277738818911e-01
2.098544089235163390e-01,7.903124953571986078e-01
6.537323493377262817e-01,3.461005898490543964e-01
5.651386508903127881e-02,9.436532339492741395e-01
1.991155067817298729e-01,8.007166874647176913e-01
3.324798039859767074e-01,6.673519876755082958e-01
5.066256244282629773e-01,4.935435191309848757e-01
2.338192926834991581e-01,7.660113174206696351e-01
4.904443994034474730e-01,5.093860080781831279e-01
3.288388475710600778e-01,6.709914721230754164e-01
6.732258273766442147e-02,9.325076863074118760e-01
4.929647674665890156e-01,5.072053089545729421e-01
5.833713019765120189e-02,9.418330457359429531e-01
1.669696017143708633e-01,8.328596509325576491e-01
3.241756322574641525e-01,6.759958918663070415e-01
5.627418405158655101e-01,4.374297575056790288e-01
6.612760025451879242e-01,3.385523746719372729e-01
4.535380246200644838e-01,5.462898242685406691e-01
9.875086497617498182e-02,9.010766098760186749e-01
3.071884030946113731e-01,6.929842161351723595e-01
1.907551136594723418e-02,9.810973729884365779e-01
5.844438052714590048e-01,4.153831880625550865e-01
7.918412712408356979e-02,9.206422097320514641e-01
1.855334800046115340e-01,8.146404349854813320e-01
5.864465290414229148e-01,4.133793504689960430e-01
1.197411589144904559e-01,8.800846219774721702e-01
6.369253418046472159e-02,9.361321538525640973e-01
4.221075716162882574e-01,5.780679755038522494e-01
1.248745427871566505e-01,8.753018775887376757e-01
1.125430373723335375e-01,8.876335212247586925e-01
3.304216025211735852e-01,6.694010634178635399e-01
1.756612591331944140e-01,8.241613886674099554e-01
6.446928878761660764e-01,3.551295865226352100e-01
5.009474278881490550e-01,4.992302382031701402e-01
6.611069823400873569e-01,3.387153287091342890e-01
9.595253332699479887e-02,9.042255043711914242e-01
6.504438281486729645e-01,3.497343907808715957e-01
4.273737233567970750e-01,5.724476216324564382e-01
6.642541900634346685e-01,3.359253660753535597e-01
2.372268279102746902e-01,7.625930237277626089e-01
3.317303801594811974e-01,6.680893274870457477e-01
3.222484950545470017e-01,6.779319648680171007e-01
2.358412519788000428e-01,7.639776957673334312e-01
2.607848819546899621e-01,7.393961727864806210e-01
5.764376834844195940e-01,4.237444800813383594e-01
2.656679292723698738e-01,7.341483914707197522e-01
3.818186689179151605e-01,6.179976362097479026e-01
2.596294962664906225e-01,7.405545879653301355e-01
1.668609099109771843e-01,8.329535327365690245e-01
5.067653044338525647e-02,9.495099507474503708e-01
2.451466217804283143e-01,7.550398778444604719e-01
6.988661661190920249e-02,9.303000129596840084e-01
6.053558882512882766e-01,3.944570952521787022e-01
3.061087023805278418e-01,6.937040533203250314e-01
1.946403929113415254e-01,8.055472275462655096e-01
4.259512790209517008e-01,5.742364095548634362e-01
2.307434136896080179e-01,7.690678190337151277e-01
3.806524364176732678e-01,6.191587572026493458e-01
4.658864513135693719e-01,5.339246777685169310e-01
2.314042199427599478e-01,7.687851190717753802e-01
6.082583326180173167e-01,3.915521874717510786e-01
6.086285267720999981e-01,3.915614022744029477e-01
3.768535923342600791e-01,6.233364501180083117e-01
4.491666590226208733e-01,5.506427057966803984e-01
1.290277680443507879e-01,8.707811844721464745e-01
1.354584897067520055e-01,8.647329158396381832e-01
1.955527227393042133e-01,8.042555198276869488e-01
2.477107784654616063e-01,7.524818928526462170e-01
2.543252066112318133e-01,7.458682697987313315e-01
6.963314687971927652e-02,9.305605959486730194e-01
8.768609599337355565e-02,9.121201298959906723e-01
9.814915484202407781e-02,9.020452664657979680e-01
4.140758888101401247e-01,5.861189424456414443e-01
3.127635175420266922e-01,6.870415114925515487e-01
3.116503240377938022e-01,6.885458803448091247e-01
2.304631877148412000e-01,7.697331440762984478e-01
3.428713096745394373e-01,6.573251582251317116e-01
3.605918011741648943e-01,6.396051887086715571e-01
4.257002848937984085e-01,5.744967141630726859e-01
5.686605011346462790e-01,4.311424300363850270e-01
5.363568316081352982e-01,4.638406722853823383e-01
2.604092873459565305e-02,9.741567309093075444e-01
7.300101214337896549e-02,9.271971092245442359e-01
4.041773656516143287e-01,5.956243203874510561e-01
1.213037961183503349e-01,8.784973972332112968e-01
6.371730804266634296e-01,3.630257897341617745e-01
6.308725084834656549e-01,3.693266434161529554e-01
7.553463211735420013e-02,9.246647758571472364e-01
4.343232243477208598e-01,5.654772682113599069e-01
3.688569962966090077e-01,6.313433390066065520e-01
6.602206711318510390e-02,9.341789383040440820e-01
2.507331958436169739e-01,7.490650400701027722e-01
2.849086999975141143e-01,7.152930650655628941e-01
2.678391044093533235e-01,7.319589133672050885e-01
2.003232114074951220e-01,7.998789021295353852e-01
1.402393119309022496e-01,8.595568498683311409e-01
4.930871960708729240e-01,5.071166776301088142e-01
2.235979733122746560e-01,7.761963392930780747e-01
2.456922146038474086e-01,7.545142148887894473e-01
5.926606617441546598e-01,4.071321502889854727e-01
6.647621735576735302e-01,3.354461662739322003e-01
1.731671016695682519e-01,8.270412704212152244e-01
1.327851271113469622e-01,8.674236051516586166e-01
4.747595491268552514e-02,9.527327852844998946e-01
2.212536142149593710e-01,7.789556139355531261e-01
8.310325882461733205e-02,9.171059916977927218e-01
1.626090161338950013e-01,8.371817081958022877e-01
3.058874651999108907e-01,6.939022099553083800e-01
3.104079109381588375e-01,6.893812669442623831e-01
6.572344545344449562e-01,3.425546481231387386e-01
5.276330786543480533e-01,4.725787859266135649e-01
3.781962143265020782e-01,6.220164249708139970e-01
4.830629304925050937e-01,5.171497806803342367e-01
3.118680936854429167e-02,9.685986299458004822e-01
6.161534115582409932e-01,3.840612555979373566e-01
1.036401565336161484e-01,8.965753206965080269e-01
4.305552964801133420e-02,9.567284917942242561e-01
2.188551437194762861e-01,7.809284665003719539e-01
3.579419970936109086e-01,6.418414408920649628e-01
5.619204846757784866e-01,4.378627379062225433e-01
6.630415419182880132e-01,3.371754800177309552e-01
1.489530624298906480e-01,8.508287319646342661e-01
1.980215688918004480e-01,8.021966655915903077e-01
1.993294462674871370e-01,8.008894141302910219e-01
4.572086042610876699e-01,5.425720927253675496e-01
6.450447893790708376e-01,3.547349557822209731e-01
3.039273078863412580e-01,6.962931461972393654e-01
2.601705187528191576e-01,7.400499957397171924e-01
4.467950173537713066e-01,5.529841883389705615e-01
3.867299109472560614e-01,6.134916564351479140e-01
4.933220845653060738e-01,5.068994833984739046e-01
1.753832564775417158e-01,8.248387720752379249e-01
1.414439401549631159e-01,8.587784276498675595e-01
5.256862591930220457e-02,9.476541067503224669e-01
2.615332180100142234e-01,7.382440282121074393e-01
3.565533967598323306e-01,6.436700485896167390e-01
4.055739653559656821e-01,5.946494840846664465e-01
3.528992911571496305e-01,6.473242738827217346e-01
3.440494158441229078e-01,6.557263101700798735e-01
3.001889838245230813e-01,7.000357953139736411e-01
4.581468873211091419e-01,5.420786336707045239e-01
2.413355754653479790e-01,7.588906245807662820e-01
1.093277569165918006e-01,8.908989276460663742e-01
3.103896265868120730e-01,6.898371990265597109e-01
5.070221187099870352e-01,4.927507231350842787e-01
6.441721896825189919e-01,3.560555739590907098e-01
6.552901492042635390e-01,3.444816934327661340e-01
4.025514777635884056e-01,5.972203093803541973e-01
1.847191354902484872e-01,8.150523529816213752e-01
2.625354276781401430e-01,7.376931736103007342e-01
4.495317026028224916e-01,5.506971176436625814e-01
2.235252883926708845e-01,7.762455115769008041e-01
9.582887408119815376e-02,9.044003390420375377e-01
6.586830775816380212e-01,3.415465740960723084e-01
5.488628200299019433e-01,4.509073206608897322e-01
3.645444409820641218e-01,6.352256550979493710e-01
1.473719951981823373e-01,8.523960151326754886e-01
6.061805018869124151e-01,3.940515937469409868e-01
2.879265282062903192e-02,9.714396634244651940e-01
5.767649754561978703e-01,4.234686743392567232e-01
4.347113108240084345e-01,5.650539631133195684e-01
4.757611981201068652e-01,5.244752169655748641e-01
3.708802159372913687e-01,6.293578131437681522e-01
6.422074119945437864e-01,3.575545272975342304e-01
5.495842037761856647e-01,4.506545353745375904e-01
6.188347414938331070e-01,3.814048402307350649e-01
4.419901197137110493e-01,5.582500442125257756e-01
6.427736740879741451e-01,3.574669392001801338e-01
5.825928616426947482e-01,4.176477626790411346e-01
3.326720788572444798e-01,6.670865109613265398e-01
4.076460148801931971e-01,5.925964197604725037e-01
6.033886335473903628e-01,3.963684110453236653e-01
2.776721424566845897e-01,7.225709162146548570e-01
3.145495220909528405e-02,9.687882515615890977e-01
6.221852357643777864e-01,3.780579695282543784e-01
3.594726025334882280e-02,9.642960193038514483e-01
4.997858053745216078e-01,4.999708514077940147e-01
2.578651101828176029e-01,7.423787055318183947e-01
5.893840976485439365e-01,4.103715793582569105e-01
6.538509457626738852e-01,3.459033055408540780e-01
5.385415347249220552e-01,4.612126262790968712e-01
3.901968688410648589e-01,6.100492745048733401e-01
4.312844252610305573e-01,5.689618728621747001e-01
2.324040716602386036e-01,7.673494264536016018e-01
3.606369803091620807e-01,6.391164355523188956e-01
6.380662158503855874e-01,3.621805607955415618e-01
4.027341219655430904e-01,5.975126742553643622e-01
3.018704899503570904e-01,6.983764558061192895e-01
3.817364455377220134e-01,6.180161847663171448e-01
4.858432227229906308e-01,5.139093459431335331e-01
1.646586185998558383e-01,8.355890386232798228e-01
6.344611808208281412e-01,3.652909621023623377e-01
3.524975204901061726e-02,9.645022169499701814e-01
2.642988979102555702e-01,7.359493928535542073e-01
1.378341605297290356e-02,9.859679741309430590e-01
4.628704588738247749e-01,5.373784953358966554e-01
3.820071569552345725e-01,6.182430186028079477e-01
6.365486210433962677e-01,3.632004481300933896e-01
2.985474483251246980e-01,7.012015942286681236e-01
2.023265635541296181e-01,7.979244710144484110e-01
5.418091401041925659e-01,4.579394746075711176e-01
5.657644202656163523e-01,4.344871504205939372e-01
2.044199792985783859e-01,7.958326187053911260e-01
5.279044895558764328e-01,4.718425801576733858e-01
6.281300737187777150e-01,3.721233086408878843e-01
2.970826465904674030e-01,7.026639414449871168e-01
6.518552293941445308e-01,3.478905378306411111e-01
1.219827002541913341e-01,8.777628689481646873e-01
4.823493607281570394e-01,5.179055644816316084e-01
3.916602551023043999e-01,6.085947628738035409e-01
6.269445874129219165e-01,3.733107342448247490e-01
4.586665141928205069e-01,5.415889062174020774e-01
1.436276067017371316e-01,8.566280346476636831e-01
6.639235137771396511e-01,3.363321637829845834e-01
5.605777955529656076e-01,4.396779105448372915e-01
7.960328604466263003e-02,9.206525348019888311e-01
4.335135330377818397e-01,5.662304591120542741e-01
5.051576729311718639e-01,4.945856943463184940e-01
4.880187113461850190e-01,5.122388014413942203e-01
2.447819610868212370e-01,7.549603905175070739e-01
5.560879112420525905e-01,4.436538596521567013e-01
5.752165385324751329e-02,9.427369082293892699e-01
1.137968887375865185e-01,8.859440664168426460e-01
4.227297067428847366e-01,5.770091689562462101e-01
4.159863462247564425e-01,5.837524243748588582e-01
1.407469524481434753e-01,8.595145157029919769e-01
4.493546084376984218e-01,5.509070514422833575e-01
2.654216109675754942e-01,7.343163635859220051e-01
1.708508149370955853e-01,8.288869421656440695e-01
2.991651864599118582e-01,7.005715078492738002e-01
1.984713597363572113e-01,8.017925940613077618e-01
1.008543344587190804e-01,8.994096817694828827e-01
3.319732405309446244e-01,6.677626955890482163e-01
6.406931142264841172e-01,3.595710568207054481e-01
5.157743360580608893e-01,4.844904110570530387e-01
3.069707235279173219e-01,6.927643904285348819e-01
3.852643533316866820e-01,6.144704287160689393e-01
3.041470255272765155e-01,6.961184883978641658e-01
4.037227541045606410e-02,9.598934583187713754e-01
5.775773186573168738e-01,4.221563936771697279e-01
2.872030424796077619e-01,7.125296536513010537e-01
5.384622754538602729e-01,4.612700053464449113e-01
4.666006994865726926e-02,9.536091835723956578e-01
5.202335820938706057e-01,4.794964842687907680e-01
6.546923105178131808e-01,3.450374738907421857e-01
2.247753830656378238e-01,7.749538255644840001e-01
8.791289272531437049e-02,9.123585951459718402e-01
3.720731065109776359e-01,6.281986987913229514e-01
1.399824114814668952e-01,8.597440787384349470e-01
2.992533564004482560e-01,7.004728638021873177e-01
2.652630231053886289e-01,7.344623184967749019e-01
2.077285845849043688e-01,7.919962125909004724e-01
4.630310611976860558e-01,5.372444639600282290e-01
2.569070467621922815e-01,7.433687039694502063e-01
5.656211467222856948e-01,4.341030460946688208e-01
1.728820235196130983e-01,8.268419463742239239e-01
2.196613576878582719e-01,7.800618086626165404e-01
5.322329116134403293e-01,4.680440181599760385e-01
2.434751852629767899e-01,7.562472649938938307e-01
3.069689445622920954e-02,9.690255158388878520e-01
2.492524419631446941e-01,7.510254849322101078e-01
2.058192768449504106e-01,7.944588113347857972e-01
3.060161696589011604e-01,6.937053005084797830e-01
5.111575979720972551e-01,4.885634403481530774e-01
2.935574832090394604e-01,7.061633918285217248e-01
1.029335004849890323e-01,8.973458880197824339e-01
1.734746075737536586e-02,9.829325774801922488e-01
4.573705309019877596e-01,5.429095878080237858e-01
5.206822317929918897e-01,4.795980850254670802e-01
5.963040983180097898e-01,4.039765871654666940e-01
7.339944091493623424e-02,9.268816801050627774e-01
3.489334808318391157e-01,6.513476449606260266e-01
4.426852807929764766e-01,5.575958471241532211e-01
3.242192275437449367e-01,6.754981585228558849e-01
6.101789288333819838e-01,3.901051764064232819e-01
4.517164774605757493e-01,5.485684773771229983e-01
5.325481234535716091e-01,4.677371410940889263e-01
1.704111893346101358e-01,8.298754403915964417e-01
2.880915938497305429e-01,7.121950615328644929e-01
5.633799623091004793e-01,4.369068910778378667e-01
4.453630669951807453e-01,5.543497639140856359e-01
2.745746823314957341e-01,7.251379811562952415e-01
1.709551344180360033e-01,8.293332603834393524e-01
4.548225588025111010e-01,5.448885402457410709e-01
5.296147483403561562e-01,4.706748903336948620e-01
5.922876438436148749e-01,4.074224043835980580e-01
1.921689196593101556e-01,8.075405653726765998e-01
1.534440083800973631e-01,8.462650460879086456e-01
3.437680896006058834e-02,9.653321610888924154e-01
1.909313355617545671e-01,8.093605044345949517e-01
3.112977265064160726e-01,6.884097342685161491e-01
6.374341451681583282e-01,3.622732011028603760e-01
1.499282473733351828e-01,8.497790690947596426e-01
2.529421950933951613e-01,7.467642796717187670e-01
5.063268370241830185e-01,4.939670580181810267e-01
5.685516251560300827e-01,4.317423249060647894e-01
5.947858278504654095e-01,4.049200188697528180e-01
6.422376160649226895e-01,3.574677601864244547e-01
5.218509345705419911e-01,4.778543941205382617e-01
3.053098227525194441e-01,6.949854149360816802e-01
5.684345999824038653e-01,4.312701415737748012e-01
6.201323383603239703e-02,9.376913355093974278e-01
1.764411394440011660e-01,8.232632126587189347e-01
3.315776251457696056e-01,6.681248764700608023e-01
4.061407951166022268e-01,5.935605113827497892e-01
1.457382759038345077e-01,8.545606094235334016e-01
4.097301898987144031e-01,5.905691468450640080e-01
6.571036150482758575e-01,3.425960246891191496e-01
2.704862891153969051e-01,7.292130657812482264e-01
6.036924754115590153e-01,3.960065508243973964e-01
2.629730117957820301e-01,7.373282676614230091e-01
5.052094819343661003e-01,4.950918852391978930e-01
6.516719429932049668e-01,3.480266527653532171e-01
6.289993718626645247e-01,3.706991056414380425e-01
4.847597848480166283e-01,5.155420328848492328e-01
3.168958446255725758e-01,6.828022477304078741e-01
2.717044659850986754e-01,7.285985413311646397e-01
1.777029779071773452e-01,8.226004785421853205e-01
5.615222155258322578e-01,4.381743046588970070e-01
3.695830948562943141e-01,6.301132463172504083e-01
4.215900071812265226e-01,5.787138052814206901e-01
2.702502355103483800e-01,7.300536708187886914e-01
4.757761573346668688e-02,9.521182020603317087e-01
5.589132723179350837e-01,4.407823559872441899e-01
6.581644862048421363e-01,3.415302680186268480e-01
1.191165658598259819e-01,8.811890355762461713e-01
4.667576490101734699e-01,5.329366038643336134e-01
1.856897433929021735e-01,8.140030293272536577e-01
1.000645615541431444e-01,9.002435561967325750e-01
6.509094135799780023e-01,3.487814226916029492e-01
2.153420337492801540e-01,7.843472381727479847e-01
2.620479053431463701e-01,7.382628312958533501e-01
1.265704080004253010e-02,9.870321505790616845e-01
3.870863410277783356e-01,6.126023811592814505e-01
8.678865480778637231e-02,9.128997848139267512e-01
1.835344280701036446e-01,8.167774805944933991e-01
5.495224467965444948e-01,4.507895248232394181e-01
2.291374773890423044e-01,7.711757098875189342e-01
3.463623011049335454e-01,6.539515937295693471e-01
4.018373877310241205e-01,5.984765604525232874e-01
5.808655153450108521e-01,4.194495984781336784e-01
5.720700025118066190e-01,4.282454927470882300e-01
4.159113481129804168e-01,5.837729233909527693e-01
6.014895973131304530e-01,3.981936218778246439e-01
3.486354919633165572e-01,6.516821919658772888e-01
1.686069464461248668e-01,8.317118193704441387e-01
1.345902048895191161e-01,8.650905084480509100e-01
2.059759625066031608e-01,7.943436118208586638e-01
1.729497105527787737e-01,8.273707208553107151e-01
1.884600117556800847e-01,8.112193531182363415e-01
3.155350078904707312e-01,6.847861046777211635e-01
3.589969394153281756e-01,6.406817814573408931e-01
3.304908504915334694e-02,9.666291109503752921e-01
5.695560759003118756e-01,4.307663118135047764e-01
7.370187016550444614e-02,9.259757124810532591e-01
2.835503405867966786e-01,7.167724087410104472e-01
5.879002869019746003e-01,4.117767696691337354e-01
1.602779049258762356e-01,8.393990008695660920e-01
4.051525298886341636e-02,9.591606444359778161e-01
6.228223664148695438e-01,3.768531087365896703e-01
5.353095925522164400e-01,4.650149906720911774e-01
2.132582539071934402e-01,7.870665444346336415e-01
1.874491879655548199e-01,8.128758419825996562e-01
7.259117767573591840e-02,9.270837882266145247e-01
3.876111922563871826e-01,6.120633712615161093e-01
1.488492259616594759e-01,8.514765350480881789e-01
8.118989820897484777e-02,9.184842203926475435e-01
5.884587478741192257e-01,4.118675569096068023e-01
3.836119758005177710e-02,9.613122145613839375e-01
6.410871451983964908e-01,3.585862247375452561e-01
5.298679399681620605e-01,4.698049928020771038e-01
6.607024853023610311e-02,9.336025454101644083e-01
6.494501975770060609e-01,3.502211142913582154e-01
6.592782523962767982e-01,3.410508166014575848e-01
1.415393937225699061e-01,8.581315193988910961e-01
4.738697131513634475e-01,5.257995267064007328e-01
1.815225886721527904e-01,8.188091754297426306e-01
3.973695320824839894e-01,6.022985833749792128e-01
4.920105704215566034e-01,5.083213603840996964e-01
5.668236253136557101e-01,4.335089351828050330e-01
3.009441319408719950e-01,6.993889668255948155e-01
3.295886912167244609e-01,6.707446050400149851e-01
1.392367471956804381e-01,8.610966991165228679e-01
1.419490730407934886e-01,8.577170193596971304e-01
6.359927097364802551e-01,3.643419528981921007e-01
5.760858427517222269e-02,9.420564089553894460e-01
3.676204554703931260e-01,6.320439291253130421e-01
4.269576185713010452e-01,5.733781942655169495e-01
5.051436288142943098e-01,4.945205319002941025e-01
4.440831795963309236e-01,5.555807685992868450e-01
3.812102500852636022e-01,6.184530020254976890e-01
4.428903859359110129e-01,5.574474101809672177e-01
5.607553377474866485e-01,4.395831430573493570e-01
3.976364998844311160e-01,6.020235441463994697e-01
3.266416428593028054e-01,6.736983358350107087e-01
6.428373499494923760e-01,3.575029315667333507e-01
2.295347651942755141e-01,7.701248320643648837e-01
5.502207493347591738e-01,4.501203076899418787e-01
5.777328238962313733e-01,4.226083303490181242e-01
6.543277404428239630e-02,9.342258742136422267e-01
6.664749205703243140e-01,3.338666357704258569e-01
3.046515276293491614e-01,6.956902658437288389e-01
4.554928048647364780e-01,5.441651112394747525e-01
5.969443465937193105e-01,4.027135027364247000e-01
2.588882413034770402e-01,7.407693946076425728e-01
4.843890422797386131e-01,5.152671954748568872e-01
3.802666736375711065e-01,6.193892705401897736e-01
2.700070004065402984e-01,7.296483584586409554e-01
6.963269450607498245e-02,9.300220886695951261e-01
5.239619382156732175e-02,9.479493917315993112e-01
4.568921295486261802e-01,5.427620588616857145e-01
1.696614503912475813e-01,8.299925984368943244e-01
3.354785212937490546e-01,6.648678597646114907e-01
6.614331654324642207e-01,3.382203492527217636e-01
9.655648207916475712e-02,9.030945639450521645e-01
6.040324678274295866e-01,3.963169314945927391e-01
1.594321681158089588e-01,8.402178661247818869e-01
2.171342013913797331e-01,7.832160065347324451e-01
4.673068050727881562e-01,5.323422512424695885e-01
2.544960357222423308e-01,7.458554386080497034e-01
4.574155901557693804e-01,5.429370806267709293e-01
1.859359667163379137e-01,8.144170852000860439e-01
4.537144035036532186e-01,5.459311409885567734e-01
1.606160468444199629e-01,8.390294283882409054e-01
2.346608015132613800e-01,7.649845663744632152e-01
4.179460848187158128e-01,5.824101332922673180e-01
6.267133190753667593e-01,3.736433449144115904e-01
5.100902197315336783e-01,4.902668999765362745e-01
5.813240517769394655e-01,4.190331280197182040e-01
6.841647417871653258e-02,9.312262317220463270e-01
4.671861668773358844e-01,5.331712218429327521e-01
1.070014178212525952e-01,8.933563912275656049e-01
6.293333210241421893e-01,3.703084308107911227e-01
8.153003935335913221e-02,9.181107940149748625e-01
6.338663783332725288e-01,3.664936199266585204e-01
3.139697525937264477e-01,6.856697145068247901e-01
3.706891814315903949e-02,9.632927474780476063e-01
5.290456830934289201e-01,4.705922503060241402e-01
5.616945234932905207e-01,4.386683975208655606e-01
5.158224461070397560e-01,4.845416489706624863e-01
3.155409045741378593e-01,6.848236282798769725e-01
3.278996282328230372e-01,6.717354806039458337e-01
4.273945963463097741e-01,5.729707952699498730e-01
4.079615462060059983e-01,5.924049507951925087e-01
5.999744828347818304e-01,4.003925625613196648e-01
3.276237609393415351e-01,6.720084486959844172e-01
7.514250175468738246e-02,9.244896547449980018e-01
5.812516597445778199e-01,4.183801494350262162e-01
1.017947095956153909e-02,9.894518437761626872e-01
3.290908042967732872e-01,6.705404042952665122e-01
4.249866067494362243e-01,5.746443163545732480e-01
2.598624176030805977e-01,7.397680319254488213e-01
2.952042323367424226e-01,7.051660013681225747e-01
6.242845633592909449e-01,3.760857729574061392e-01
7.796845771745677944e-02,9.224018998872846042e-01
3.517470786023131901e-01,6.486235705522683803e-01
1.039018746744589244e-01,8.957272695782113603e-01
2.617917336596493616e-01,7.385800034240906919e-01
1.767669981592401574e-01,8.228609504366045657e-01
2.349825594561801567e-01,7.653896197662193313e-01
1.491995810133524281e-01,8.504280042481741075e-01
2.026646571341685632e-01,7.977097834662049136e-01
1.432406419566738254e-01,8.563847907224834133e-01
2.960058622983467447e-01,7.043694213294262596e-01
5.444481069868759571e-01,4.559275000499268815e-01
5.958360675799098116e-01,4.037878158215899571e-01
4.153757742359617811e-01,5.850005292325175521e-01
8.207768452345735877e-02,9.175459822195001225e-01
5.602845649546986939e-01,4.393389747334262574e-01
5.076047448213550917e-01,4.920182528880783779e-01
2.879573743049300139e-01,7.124197073675070380e-01
4.922370283665431501e-01,5.081402979447477986e-01
6.329295963165496586e-01,3.666928364318539080e-01
4.487148919077353915e-01,5.516630317179879173e-01
5.972390460485832442e-01,4.031389400314414062e-01
6.084892989654019368e-01,3.911325568983476386e-01
1.349751077750868111e-01,8.646464147786347976e-01
2.276237534176298871e-01,7.727551494266846621e-01
5.405433622556089501e-01,4.598360582358885784e-01
6.507165141619734028e-01,3.489031381503001072e-01
4.029952223886018592e-01,5.966240994070483028e-01
9.148949500622326203e-02,9.081283985355055322e-01
4.175061884358297060e-01,5.821116131532085847e-01
1.127452793977200968e-02,9.883430683459806243e-01
5.599119705867239283e-01,4.397050868363587828e-01
1.235590821587705113e-01,8.768239730042604041e-01
5.010077689641141696e-02,9.502824011404081839e-01
3.359116418354496370e-01,6.644719921857880074e-01
2.571190055601876856e-01,7.432648225083330340e-01
5.936070082629337774e-01,4.060091571898492568e-01
5.438040652105395889e-01,4.565802706258283439e-01
4.423298994927529759e-01,5.580552423843004872e-01
2.353749306660755658e-01,7.650103117248402418e-01
5.856360916675225070e-01,4.147499793924276368e-01
6.229296893584472805e-01,3.749299697269948828e-01
2.169580478587195271e-01,7.797861529804615000e-01
5.694001835007168888e-02,9.378553407035867817e-01
2.873900783551466831e-02,9.647825513933522279e-01
4.199938291480609931e-01,5.763097288106515670e-01
5.995074927460695147e-01,4.018999789943419332e-01
1.315439428218945217e-01,8.661692112702082946e-01
8.600052472779312618e-03,9.910960652711771068e-01
1.923103173421022716e-01,8.067367056917560397e-01
6.357398945280144931e-01,3.685271245585109434e-01
2.330234970459375554e-01,7.676268629135580834e-01
5.047399299140842288e-01,4.916246545021535908e-01
1.791660498845643879e-01,8.208048301785777490e-01
1.272598218660684066e-01,8.699872906373432579e-01
1.203140548416119573e-02,9.840892245851023956e-01
1.997665024894582642e-01,7.995597455336529435e-01
6.443562883090059312e-01,3.595048310906511779e-01
4.555486510311894666e-01,5.447163028723416289e-01
2.896524700284901499e-01,7.082898717707544201e-01
5.758111528667408940e-01,4.266187093242440609e-01
4.103175213419284900e-02,9.569328537472805429e-01
5.291281472061597491e-01,4.702819670387441975e-01
1.963888511215079458e-01,7.977485034122088203e-01
2.250898417422961262e-01,7.706935993221792902e-01
5.859203698966503060e-01,4.166117124521125925e-01
2.556375441880749388e-01,7.435124148284267820e-01
5.879987836476036067e-02,9.404114912013318284e-01
3.546553994615308514e-01,6.465180305637864278e-01
2.016887523731332732e-01,7.977526694524776918e-01
5.726292201343120142e-02,9.427986553048078866e-01
9.892261411100528035e-03,9.880110426765479348e-01
6.541679516566478725e-01,3.511206582072637916e-01
2.475902000916364309e-01,7.487254659078804719e-01
2.637623584793000187e-01,7.320057641634324375e-01
6.354750649099873971e-01,3.696296085644185658e-01
1.261101869000594289e-01,8.742103335955890842e-01
5.436928914708656357e-01,4.606216124532607203e-01
4.326898577474965757e-01,5.660853947997500635e-01
3.674072122533753731e-02,9.626817684425644783e-01
2.353043433223318479e-02,9.721591008081001961e-01
6.682941303610734352e-01,3.353231999124061113e-01
1.467555565532242534e-01,8.463738506768669900e-01
3.901770549499361529e-01,6.106648611865899134e-01
2.005747095980152106e-01,7.994890286726581419e-01
2.557474857964837089e-01,7.431108827408831052e-01
4.363974830073287792e-01,5.671203213268817267e-01
2.403017705748719257e-01,7.553984427532115520e-01
3.951372084418244279e-01,6.012542313171295172e-01
1.739228487085333619e-01,8.219458061969591167e-01
5.897351700745799841e-01,4.126015648506858868e-01
1.704985792181377968e-01,8.284217551627940379e-01
5.163750139796879912e-01,4.840894350999018769e-01
2.347457996832341687e-01,7.598992963158570646e-01
4.400003408003275163e-01,5.575567871643195561e-01
2.044760321300918282e-01,7.901326563010218074e-01
6.056453869898882347e-01,3.935588851713985870e-01
5.809177484104864897e-01,4.225772478094799722e-01
2.493617508490002591e-02,9.691675180836525350e-01
6.249570427838339048e-01,3.753554335621006599e-01
4.461375137818147651e-01,5.508971322688449579e-01
4.515114996761422916e-01,5.486435389720800693e-01
2.778878353149124569e-01,7.213200647947533017e-01
3.475582704413365809e-02,9.605617416343763537e-01
5.863544442951353908e-01,4.104346644536211453e-01
1.254796647794721720e-01,8.701887524245990324e-01
9.698849198117155679e-02,9.032027175942408670e-01
2.902088650220203681e-01,7.083046937665167242e-01
6.477338325051960055e-01,3.547839579319848613e-01
6.352465947799406099e-01,3.618648496094883926e-01
5.995895681588013781e-01,4.009904157360056343e-01
4.984146584264904645e-01,4.996181588514746474e-01
2.729458298088083268e-01,7.270123609481975446e-01
3.760895862162331182e-01,6.255584383377023050e-01
6.390650333202808620e-01,3.622393991998253959e-01
3.859683599431233958e-01,6.125708937914674523e-01
2.644758251285193040e-01,7.320851740567518862e-01
5.463063503131235787e-01,4.537462160258335375e-01
7.683888699212916562e-02,9.213729870983038417e-01
6.518368131420100298e-01,3.493143029104092689e-01
4.137740155414793564e-01,5.834187314172840644e-01
4.118518086386643295e-01,5.859386407223660109e-01
3.685235896294698499e-01,6.265280307512834934e-01
5.912459803087182220e-01,4.088295318243623799e-01
4.374782662870970174e-01,5.623075106418921054e-01
3.166851948325669630e-01,6.803952284242966719e-01
2.627591006484399361e-01,7.336208189919285472e-01
3.040220943678677568e-01,6.945498089707217160e-01
5.672413364092104837e-01,4.324896065949412893e-01
4.097778264449770114e-01,5.931350425815650196e-01
6.185844743058915851e-01,3.862832090787082784e-01
2.296436456190513731e-01,7.697326334522136548e-01
2.594403864082007738e-01,7.407345531187683463e-01
5.485959086073730617e-01,4.547470311939781351e-01
2.945001989060988534e-01,7.064151281818101813e-01
4.882174562158963504e-01,5.127807147399793264e-01
4.953678370853412671e-01,5.026786643678097244e-01
6.489684438475683548e-01,3.562087559402964954e-01
3.442117404292758809e-01,6.533110651646492073e-01
5.847589933845461774e-01,4.189586317164054607e-01
2.035668977091295850e-01,7.926152909241703792e-01
