8.169901331856249671e-01,1.830098661928150350e-01
8.923119139915632880e-01,1.076880852271613759e-01
5.503918422217222162e-01,4.496081549325922633e-01
7.311164566995311809e-01,2.688835463117970614e-01
9.186007045119182202e-01,8.139929939275498960e-02
7.268750841296608423e-01,2.731249200202259808e-01
8.389340306741994713e-01,1.610659650274773591e-01
5.347765273588529489e-01,4.652234680422946411e-01
7.352587826417993355e-01,2.647412221991983228e-01
8.196146757742379663e-01,1.803853185600509945e-01
7.147481908493924507e-01,2.852518022119727159e-01
8.843121125842799968e-01,1.156878946373161854e-01
6.563275734372845394e-01,3.436724339809444917e-01
5.974719061853561719e-01,4.025280835131225809e-01
9.516882005311253501e-01,4.831178831366278459e-02
5.907571517907995728e-01,4.092428596343993252e-01
7.394007204551396040e-01,2.605992921103821858e-01
7.755708554353866191e-01,2.244291299290892550e-01
7.822463490038078504e-01,2.177536345273638763e-01
6.688786278998578583e-01,3.311213888085389190e-01
7.684768916937183558e-01,2.315230897393769360e-01
6.203074444652459940e-01,3.796925743566619271e-01
6.865727252238830181e-01,3.134272942079281976e-01
7.039258392636812411e-01,2.960741821145183583e-01
5.416403238696300138e-01,4.583596540429405453e-01
8.028707128988643582e-01,1.971292649827635080e-01
6.384103597785723005e-01,3.615896626633258171e-01
6.110932701648770227e-01,3.889067052552794834e-01
6.334860980122555274e-01,3.665138772730872629e-01
9.247717627846221422e-01,7.522826215665770477e-02
6.142638408188660915e-01,3.857361846130326066e-01
6.399348356562029050e-01,3.600651898385092142e-01
5.435711389341307820e-01,4.564288355378333106e-01
8.448276557306380052e-01,1.551723182126596989e-01
6.474660687323754438e-01,3.525339581101738506e-01
7.879327283752525224e-01,2.120672986723878550e-01
9.389431866836035478e-01,6.105678578989074540e-02
8.078360746940429493e-01,1.921639537805773790e-01
7.193978776098206573e-01,2.806021514460109723e-01
7.860299243670808567e-01,2.139700461475969873e-01
6.966212171736808623e-01,3.033787517371301368e-01
7.036651760442967918e-01,2.963347923110633553e-01
5.535163502388881218e-01,4.464836821313519222e-01
5.500039677028476515e-01,4.499959996741855206e-01
9.578628981773478213e-01,4.213706871748489763e-02
8.018424131963002299e-01,1.981576202857872615e-01
7.209349473902824101e-01,2.790650861594031751e-01
6.232759172094757272e-01,3.767240492094017235e-01
9.090064292043233962e-01,9.099360557227240132e-02
8.599492216726274396e-01,1.400508142263889033e-01
8.777962124713301062e-01,1.222037515667939722e-01
8.373785900496701906e-01,1.626214460257074945e-01
6.639551582919442918e-01,3.360448790498103966e-01
8.449880940493549319e-01,1.550119436361378777e-01
5.558081388437746684e-01,4.441918231463057309e-01
5.852720126510138066e-01,4.147280265150677381e-01
6.120696330021261344e-01,3.879304062288997934e-01
7.866040710739117259e-01,2.133959691783506862e-01
6.068924807417656053e-01,3.931075601765696148e-01
6.110586333058284358e-01,3.889413252013338984e-01
5.389355200321996886e-01,4.610645220381656140e-01
5.313806130064281374e-01,4.686193441463032960e-01
5.493485347519657669e-01,4.506514220185617869e-01
6.443595345606648594e-01,3.556404211105929636e-01
8.969540360703087689e-01,1.030459192956164755e-01
9.707784301289712481e-01,2.922152504004580861e-02
6.618516335930709760e-01,3.381483215227723549e-01
8.352404844630959557e-01,1.647594697856404333e-01
8.570277665527323840e-01,1.429721875814846943e-01
7.441655481273625750e-01,2.558344984177942094e-01
6.424781273861061015e-01,3.575219198670714915e-01
9.279989270560031756e-01,7.200112037927282327e-02
7.077099699049979042e-01,2.922900780803630028e-01
6.324672060471090429e-01,3.675328420693760867e-01
7.518768970004503505e-01,2.481231539527740115e-01
8.542397923201507925e-01,1.457601561624882747e-01
7.412697195305242293e-01,2.587302285378530464e-01
6.855603559352714260e-01,3.144396983211226737e-01
5.785870304999835012e-01,4.214130244821644444e-01
9.542681957785571489e-01,4.573186027976915147e-02
7.592867784148698007e-01,2.407131649381542282e-01
8.440239076022064690e-01,1.559761490743487578e-01
6.123488357147903738e-01,3.876512211750423043e-01
5.819552059035045799e-01,4.180448519663907403e-01
8.839697487475239868e-01,1.160303091538121972e-01
7.017678500913571149e-01,2.982322098578050751e-01
5.839338008506878008e-01,4.160662598223890396e-01
6.584812036211322717e-01,3.415188574424090628e-01
8.841066455236595845e-01,1.158932926834392030e-01
6.400884365336817483e-01,3.599115006722064525e-01
8.577149010503113402e-01,1.422850357582023106e-01
6.235999081434312474e-01,3.764000282119708829e-01
5.645227226210626226e-01,4.354772134063397693e-01
8.413162954709365593e-01,1.586837687477551939e-01
7.049568389005276270e-01,2.950432256114773333e-01
7.756203760138594694e-01,2.243796887636549942e-01
6.889113845388781243e-01,3.110886823049860972e-01
5.893285507970716930e-01,4.106713810365766326e-01
9.431579205365494545e-01,5.684200961720414086e-02
5.446688601570928157e-01,4.553312111027308373e-01
9.220897789314110859e-01,7.791029295268393773e-02
6.299628796608894854e-01,3.700370478609799618e-01
5.373960598323922477e-01,4.626040128021181030e-01
7.697435590425577567e-01,2.302565144021913868e-01
7.965840503321852673e-01,2.034160238318771796e-01
9.735721397146308576e-01,2.642778580753270268e-02
6.320928683173212548e-01,3.679072065136703151e-01
6.258349737473484220e-01,3.741651015019646920e-01
9.588268553811325479e-01,4.117306797139999586e-02
8.963799873377384930e-01,1.036199355039435777e-01
9.052866175314682184e-01,9.471346025123369983e-02
8.604085916621032615e-01,1.395913303817195861e-01
9.318829199455392898e-01,6.811715828134679018e-02
6.041569031965700054e-01,3.958431767620445574e-01
6.075866607056545909e-01,3.924134195233107136e-01
5.562580619994427211e-01,4.437418567307025441e-01
8.719171819118769484e-01,1.280828999099291043e-01
7.437496538423791215e-01,2.562504291178830385e-01
6.414166925607098779e-01,3.585832215189377337e-01
7.028486337834265463e-01,2.971512796313258153e-01
7.499908775789396742e-01,2.500402364634223829e-01
7.360086578873995533e-01,2.639887274722724775e-01
5.688319717472460901e-01,4.311718520956295264e-01
6.128590980831205570e-01,3.871312838932447487e-01
5.364992007324441703e-01,4.635077773563522907e-01
7.844124983994671396e-01,2.156015557881896805e-01
6.453130738749732753e-01,3.546771079383829184e-01
5.903860643345325565e-01,4.096339204194515693e-01
5.947855449208198086e-01,4.052344402839547222e-01
9.277856890264450929e-01,7.224196339216613916e-02
7.936689435039550045e-01,2.063321966556552756e-01
7.225318166060972214e-01,2.774678500531665981e-01
6.260423473641796299e-01,3.739453630439347198e-01
9.617573571965261081e-01,3.826970200181786796e-02
5.900289497754571677e-01,4.099889261727210910e-01
9.438759366032412057e-01,5.614801595031859022e-02
8.235955359118964925e-01,1.764221652479270319e-01
5.412584790352567010e-01,4.587580122812539574e-01
6.073085974719092395e-01,3.927071035095889839e-01
9.469232494200077177e-01,5.307773717551079323e-02
6.483986652520012939e-01,3.516291613447384279e-01
7.644209782539079789e-01,2.355749722507277377e-01
6.131643917996649762e-01,3.868296308079571810e-01
8.254052242672915707e-01,1.746272218468962190e-01
7.277116344403077308e-01,2.723057031292165364e-01
7.173344500397638157e-01,2.826875997532807827e-01
7.624334331778626073e-01,2.375659948987768055e-01
5.850346899828766656e-01,4.149890454278663543e-01
6.377060101751962362e-01,3.623053998860836789e-01
6.647608234639136304e-01,3.352261998072642579e-01
6.671373945033378661e-01,3.328574411594310001e-01
5.984280406004878206e-01,4.015906363212551344e-01
8.824782111614078994e-01,1.175339684949736480e-01
6.842465274645109785e-01,3.157710267175425911e-01
6.660246401887204293e-01,3.339610137769266629e-01
6.715634212586555352e-01,3.284353212058477300e-01
7.941720767241480239e-01,2.058328472972701106e-01
8.444700023963767066e-01,1.555329398879586600e-01
9.162374355479241395e-01,8.379319062428322584e-02
7.113051997750138300e-01,2.886847143138985827e-01
7.510914497276878210e-01,2.489117182942308382e-01
6.152241483008173972e-01,3.847604477523847710e-01
5.692142378769443622e-01,4.307979113814979222e-01
8.455487570236394079e-01,1.544670081708759413e-01
5.920979455567788596e-01,4.079178446025729654e-01
6.210862343846107470e-01,3.789048993251602493e-01
6.142187847401910927e-01,3.857928886893827181e-01
5.356922432964688063e-01,4.642949688142482545e-01
8.693275286821110504e-01,1.307049557307262688e-01
6.472507191519295544e-01,3.527659091019516024e-01
8.417395365673682184e-01,1.582948145992891797e-01
7.890258635982004831e-01,2.109957366748723417e-01
6.250396732730905125e-01,3.749591267678175077e-01
6.270101801366689820e-01,3.729745941176139112e-01
8.450636347441444762e-01,1.549609605808755786e-01
6.621523887220788218e-01,3.378375922954856003e-01
8.964196168042026791e-01,1.036083509819390319e-01
9.282532189207406415e-01,7.177978686148128729e-02
8.101331840416844399e-01,1.899006352014453169e-01
6.957130445905710392e-01,3.042968815997125764e-01
6.580416803170144879e-01,3.419541321323814054e-01
6.454902408310762008e-01,3.545257858236164905e-01
6.767325874741489944e-01,3.232945306986889089e-01
5.888444727135045964e-01,4.111382551169043276e-01
9.225387846690024096e-01,7.745808797999484407e-02
8.742812894109830424e-01,1.257176776733477941e-01
6.490348112548798287e-01,3.509540749482464306e-01
6.637851393145584034e-01,3.362072699548416810e-01
9.346560079651504704e-01,6.534298731894587486e-02
7.565440640912179937e-01,2.434590977861830763e-01
9.097105764696922225e-01,9.031483696183817411e-02
9.498836074515301098e-01,5.012117832868580314e-02
6.574697645033658056e-01,3.425200069515443313e-01
8.125863401620465609e-01,1.874152098813491041e-01
7.226015696670790023e-01,2.773926414180193367e-01
9.285155703232591540e-01,7.151064738885844208e-02
5.535776131327232452e-01,4.464269113631065822e-01
7.891865325492315453e-01,2.108350155371510326e-01
7.269222700609672128e-01,2.730933130251178564e-01
9.161118233901284214e-01,8.391959378293918637e-02
7.923804911507696946e-01,2.076332861826822029e-01
6.998165127753906978e-01,3.001993323281073600e-01
8.858354676687110185e-01,1.141821595991222016e-01
8.667123635240749913e-01,1.333214702737773594e-01
7.286305761585947227e-01,2.713616533122287233e-01
6.838247405814398272e-01,3.161973722435660883e-01
5.316407906277202944e-01,4.683531220725616340e-01
9.597443895777778566e-01,4.029232647229107761e-02
6.985491879641284596e-01,3.014514740579026242e-01
8.442030709496206597e-01,1.558050453417381964e-01
8.958653438415957737e-01,1.041691482649667322e-01
8.619745034486776536e-01,1.380554945522840526e-01
9.344726302664078110e-01,6.553421029793170260e-02
7.056292926843086288e-01,2.943854087042968026e-01
9.678756014585210288e-01,3.214743921434336238e-02
5.377721225560275764e-01,4.622191332447794787e-01
7.646470140662038339e-01,2.353624055441128904e-01
5.971473300717146104e-01,4.028593517057524331e-01
6.971523754214179469e-01,3.028552409982585569e-01
5.441929998402729174e-01,4.558265385179881002e-01
6.569790045955496982e-01,3.430343798154392165e-01
8.277481319281814187e-01,1.722644479758557168e-01
5.530195345710025023e-01,4.470025261670674266e-01
9.050758737074499072e-01,9.494135090040659031e-02
9.513504591147421419e-01,4.866951797795310980e-02
9.018425789108706070e-01,9.819145428462583425e-02
9.355020810833440947e-01,6.453594104777257701e-02
8.620922874449681306e-01,1.379114622187489203e-01
9.216963471651189455e-01,7.831687624554779792e-02
6.019063233199456464e-01,3.980890047270406185e-01
8.652436740503801627e-01,1.347607331686903887e-01
6.215472178645976564e-01,3.784715692196724546e-01
7.314508647591992929e-01,2.685582521081525398e-01
8.051044769428372661e-01,1.948976771406919217e-01
5.890263403246867036e-01,4.109804748792759699e-01
9.271492720530949416e-01,7.286387967415226818e-02
8.042833310333181718e-01,1.957410383287148670e-01
6.223929247420508792e-01,3.776074768618353783e-01
9.386981204457123251e-01,6.132460741860242676e-02
6.262959574146156339e-01,3.737036512928175180e-01
5.872445510791952650e-01,4.127588056772112379e-01
6.027709777724630236e-01,3.972361268420755986e-01
5.596240434295154387e-01,4.403578807790026195e-01
7.129109464758803805e-01,2.870947519266605075e-01
8.213390711146364431e-01,1.786821505137688726e-01
9.285452178309975269e-01,7.145750029170871986e-02
9.716615649024906709e-01,2.836026724112186009e-02
8.117267306174518193e-01,1.882903643502987501e-01
6.208645384442768034e-01,3.791287444382522298e-01
6.685943479548097645e-01,3.314138925393628754e-01
7.552257447269424828e-01,2.447818300250312329e-01
6.404246454783617537e-01,3.595866102757807603e-01
8.544785902656402143e-01,1.455350864161013835e-01
8.952662016116706978e-01,1.047675348977984561e-01
7.698403882952457034e-01,2.301754431299480319e-01
6.300436993029226995e-01,3.699583374493500276e-01
9.709851752347611331e-01,2.904000892567889375e-02
7.746075415036063339e-01,2.253894655402381153e-01
6.375194161850252783e-01,3.624670033394104540e-01
5.702514168701497965e-01,4.297671957948226984e-01
6.556765218033133724e-01,3.443392861409099170e-01
8.768631120344978491e-01,1.231733475990990229e-01
7.292662295104151982e-01,2.707240291033246038e-01
6.555245847843795826e-01,3.444948182567350581e-01
8.286314071294204053e-01,1.714021005839437006e-01
8.410832942917406685e-01,1.589102146053263664e-01
8.335033391866648600e-01,1.665289002307025756e-01
6.332426915666903300e-01,3.667647640144788834e-01
8.222948478231710823e-01,1.777165682014405224e-01
5.771437267070596011e-01,4.228710492855671244e-01
7.285050348052679592e-01,2.714946085110904739e-01
5.494711987083975568e-01,4.505156235817636134e-01
6.546950326710815338e-01,3.453146941625391264e-01
8.231617141883689204e-01,1.768607624387097677e-01
9.538267179514250405e-01,4.620341702930390315e-02
5.413881879330763036e-01,4.586104412733600366e-01
9.527248384826302319e-01,4.730398948571882395e-02
5.899290889407150518e-01,4.100733808464122054e-01
7.377017330790200944e-01,2.623174442373804593e-01
8.708950977443852270e-01,1.291389245684881615e-01
7.798068501003779796e-01,2.201995471314137087e-01
6.325487106820715244e-01,3.674760688325704461e-01
9.599406687681364403e-01,4.009047277691455552e-02
9.148844308346816279e-01,8.513098450309286580e-02
7.168912955733198755e-01,2.831361173673292431e-01
9.485853119393109489e-01,5.142724556832817262e-02
7.781665227845092625e-01,2.218637880601968537e-01
9.287156085598899935e-01,7.130493391290544658e-02
8.186756788278192198e-01,1.813320943263060647e-01
7.438351713989441727e-01,2.561845266743739691e-01
8.445588699310045966e-01,1.554728251170174602e-01
9.511233956462217254e-01,4.889716738209318181e-02
9.537322583115460661e-01,4.628134853082781913e-02
7.248057392669334797e-01,2.751941638846679417e-01
5.978904762261766370e-01,4.021093643397236628e-01
8.981187174247921012e-01,1.019072685461233502e-01
5.461787837563141235e-01,4.538202715114882380e-01
8.809756801155543826e-01,1.190590261467583122e-01
7.262458890947051104e-01,2.737558503542302235e-01
8.915730201635414520e-01,1.084591276089793693e-01
8.191735448972091715e-01,1.808470211819392381e-01
6.825596291067415056e-01,3.174466498173871276e-01
7.631516151169017714e-01,2.368606656397735932e-01
6.779309923630140178e-01,3.220737575049930634e-01
9.633580231832881147e-01,3.665609993542070372e-02
9.171480804230927042e-01,8.285615083880187859e-02
7.088790343698607721e-01,2.911339404651041018e-01
6.182825398997108257e-01,3.817401646525104275e-01
7.183381007924181105e-01,2.816904714860624659e-01
5.853463145662813893e-01,4.146473984560497539e-01
8.329091981396954392e-01,1.671013019481380757e-01
6.244552481635721186e-01,3.755627401823649625e-01
6.470842698969799800e-01,3.529025924961194938e-01
6.051428030222918419e-01,3.948680961513609255e-01
5.363964932161001675e-01,4.636137140505572907e-01
5.334706107362108263e-01,4.665402085108779628e-01
7.610032262750572318e-01,2.390210384958510459e-01
7.906879258575665315e-01,2.093157807723007302e-01
5.323659614972394705e-01,4.676262812826879056e-01
5.458481373657730895e-01,4.541640859621332016e-01
7.280543820212714845e-01,2.719456126128040330e-01
9.309751690430564386e-01,6.902648782105100245e-02
8.768376537867117460e-01,1.231749584738522640e-01
9.536697853957164517e-01,4.635812908655970177e-02
6.225073906602176521e-01,3.775115315914785996e-01
6.624947994650109973e-01,3.375234255294421448e-01
6.908846230376272102e-01,3.091135053310361536e-01
7.623657565302457417e-01,2.376575142798374729e-01
7.928302269202223140e-01,2.071973660461728650e-01
7.641031583425952345e-01,2.359222370646698597e-01
6.708144024114510717e-01,3.291751412986498870e-01
5.656635939021361636e-01,4.343337753536825607e-01
6.851957848927427985e-01,3.148086180962030300e-01
7.887750708322300852e-01,2.112197312258047022e-01
8.965286997713942663e-01,1.035092782969597586e-01
6.546151493927478970e-01,3.453881968371610434e-01
8.699745534184185614e-01,1.300436588599176435e-01
6.843752070072028904e-01,3.156287641256247389e-01
9.608067327283938974e-01,3.919164282735045080e-02
6.666686133555402849e-01,3.333462608666170612e-01
9.650152287908090321e-01,3.502230750040353363e-02
9.453286805850515950e-01,5.468217751686317574e-02
9.054964022857785455e-01,9.451651910184358241e-02
6.690243549037044879e-01,3.309887059931311826e-01
8.970842423181869529e-01,1.029263798404343178e-01
9.376671020825897429e-01,6.237226451232960600e-02
8.809646115301987823e-01,1.190645717813090254e-01
7.121855345051093522e-01,2.878041388389642741e-01
6.965872563001183071e-01,3.034105124164759859e-01
5.921297428799440210e-01,4.078565788768098166e-01
7.994956789349908499e-01,2.005374944040626273e-01
9.693390773141535854e-01,3.067898380058878272e-02
5.621052643148473082e-01,4.379178627168855420e-01
6.442868392950347189e-01,3.557259767462839783e-01
6.621189447913877757e-01,3.378702638495108546e-01
8.286138617814695628e-01,1.714135320621365810e-01
9.499266968071753414e-01,5.010751184263444874e-02
5.680970282893458290e-01,4.319167979172784388e-01
8.066151196077315788e-01,1.934180053219974049e-01
6.227914335333252227e-01,3.772138657258220507e-01
8.733866674965724552e-01,1.266177809731675874e-01
8.957845286089018977e-01,1.042500337858679460e-01
6.902958593226861117e-01,3.096915182869376948e-01
7.755147249919791541e-01,2.244943009267596212e-01
5.830875977540983524e-01,4.169292305352002570e-01
8.446041694420939328e-01,1.554169317557320962e-01
5.420180398918182929e-01,4.579956501087942278e-01
8.285572771213547405e-01,1.714617935805487769e-01
8.406691111549673412e-01,1.593293954621536335e-01
6.784947286586620052e-01,3.215089701648517484e-01
8.652399642162718063e-01,1.347779805883203563e-01
7.411779743853375013e-01,2.588373859727817194e-01
5.798277135142403393e-01,4.201918546304536095e-01
5.460159067546566103e-01,4.539691890664945828e-01
5.782966949138265145e-01,4.216894680730728373e-01
9.163871842922413080e-01,8.364706582057215845e-02
5.548872757293734637e-01,4.451294800697259135e-01
7.302483852290220234e-01,2.697668189198995092e-01
8.477766033062279494e-01,1.522280081536913632e-01
5.414114522555087960e-01,4.585817987354412484e-01
7.670627177936188978e-01,2.329359661260384518e-01
8.698133373609904240e-01,1.302081178620875523e-01
8.774449998694150432e-01,1.225578631482947961e-01
8.499101871410128517e-01,1.500841395436096626e-01
7.680879788177485956e-01,2.319423046916627429e-01
7.380810238978678939e-01,2.619444629365419441e-01
7.911266830433140163e-01,2.088949739745919743e-01
7.586474704835478589e-01,2.413547827592574524e-01
6.536812864360546094e-01,3.463296367974506573e-01
6.300420618528685957e-01,3.699822166647646071e-01
9.463982986506674910e-01,5.362956893075700865e-02
7.445714387870977502e-01,2.554233388848234920e-01
7.980837105099911621e-01,2.019082742170562050e-01
6.574054948973335755e-01,3.425905406914673823e-01
8.872223448383458333e-01,1.127913061788870797e-01
8.590435887836522788e-01,1.409721984953918872e-01
6.887459588409100553e-01,3.112514216672909728e-01
7.517123720587817193e-01,2.483189341468591826e-01
8.585947768705566308e-01,1.414171068625640348e-01
7.010728462444431042e-01,2.989551866483645681e-01
