4.368388887031254830e-01,5.631611479018341360e-01
9.695063834074199582e-02,9.030492846142041952e-01
5.949956818900854483e-01,4.050040249750334609e-01
6.264823246538228085e-01,3.735171275873168106e-01
8.814751075691643067e-02,9.118519069548258749e-01
2.201975424667783066e-01,7.798031223817191160e-01
5.023608835224621094e-01,4.976399023317310544e-01
2.583370563517216056e-01,7.416620099559549928e-01
3.165166043779568672e-01,6.834824454119177162e-01
5.223667967665518441e-02,9.477623544732062255e-01
4.273308592120250715e-01,5.726701518692184356e-01
1.771451445104832989e-01,8.228537996103081342e-01
2.967572368149383188e-01,7.032416278450194236e-01
4.038107224081514124e-01,5.961881087242244526e-01
5.723492845446520594e-01,4.276494762219504864e-01
2.493752956370069718e-01,7.506234537045890498e-01
1.393607749758128123e-01,8.606405289631940958e-01
3.494176418671381401e-01,6.505836730491172393e-01
5.472891571831918212e-01,4.527122579568643168e-01
2.472951577632940545e-01,7.527063382729183294e-01
6.112025727589051050e-01,3.887958843608706472e-01
2.078642725765259547e-01,7.921374289609128816e-01
4.313089699838434377e-01,5.686928605212707710e-01
3.304621933347872687e-01,6.695397136696369378e-01
1.809651827239131330e-02,9.819054160428600797e-01
2.616018821109341586e-01,7.384000923381565107e-01
1.521093326641519694e-01,8.478926625481006951e-01
1.182250443438170873e-01,8.817728962740609688e-01
1.807541247244324467e-01,8.192480057373390245e-01
6.834589279527429617e-02,9.316562813129801723e-01
4.866014200525451416e-01,5.134008474241319453e-01
5.592991664260233975e-01,4.406985422465132252e-01
5.152452776369703669e-01,4.847570442947300440e-01
2.989744255858515221e-01,7.010279372454736313e-01
6.220724244450187568e-01,3.779250573201813346e-01
5.857289629901238914e-01,4.142684515090009900e-01
2.632947027220050584e-01,7.367082340733878132e-01
3.472335636254829661e-01,6.527693786782802210e-01
2.603507451086017332e-01,7.396462782093006227e-01
5.493553972441973104e-02,9.450614597406351569e-01
2.795212102299022283e-01,7.204818687419337619e-01
5.699935863153751114e-01,4.300032839019163333e-01
1.010914939942327423e-01,8.989117029097647427e-01
1.704118752581292029e-01,8.295913282880192918e-01
4.648091088922477465e-01,5.351876746530983553e-01
2.571996433878868116e-01,7.428035963847618994e-01
5.171853902068864750e-01,4.828113150469647286e-01
4.123181270041499924e-01,5.876785687723593554e-01
8.992947940601650481e-02,9.100672128774309755e-01
9.020000608924666485e-02,9.098033147726275471e-01
5.198525711645439751e-01,4.801508465487668298e-01
3.083641379544024841e-01,6.916321066222788083e-01
1.693311888372318885e-01,8.306726947938737338e-01
2.332563612189785529e-01,7.667475495957132292e-01
9.635368005298659833e-02,9.036502533955392824e-01
5.089520272311847116e-01,4.910520806279972672e-01
1.495157565331729221e-01,8.504883864826759954e-01
4.741703073165892679e-01,5.258338375427977773e-01
7.060625653461173601e-02,9.293894921338057280e-01
2.937618236051839915e-01,7.062337728721795882e-01
4.241650485043567120e-01,5.758304138387886351e-01
2.374475287149610814e-01,7.625479323694220879e-01
2.363868103797933939e-01,7.636181258147983764e-01
6.115541519767629941e-01,3.884510704232724820e-01
2.541315191103462046e-01,7.458737340535378513e-01
5.382779066562111137e-01,4.617165944330717253e-01
2.419492151738388830e-01,7.580451608807780017e-01
3.181998820716467891e-01,6.818058425878670281e-01
2.222667241597285903e-01,7.777273943718148175e-01
1.362206938983244187e-01,8.637853180693813027e-01
1.255356917640838288e-01,8.744582565647417427e-01
4.393680450281211569e-01,5.606258782611814873e-01
5.037291784985935550e-01,4.962769392341209174e-01
8.722787582238143711e-02,9.127659954663711606e-01
5.235762057722855856e-01,4.764176156453434063e-01
2.851944266501858505e-01,7.148117635849602358e-01
2.729072811864921566e-01,7.270864716205875933e-01
8.442054187095249240e-02,9.155731920819114578e-01
5.577590198289985590e-01,4.422347034186493442e-01
1.480786728626770909e-01,8.519150472646714878e-01
4.290306479304458187e-01,5.709627610269218945e-01
5.913171070733156398e-01,4.086895232218453744e-01
4.085392962973082853e-01,5.914674931848192818e-01
1.187101032754057650e-01,8.812830717295269123e-01
2.933559447203095139e-01,7.066511077910182514e-01
5.056111431175736026e-01,4.943815782620809562e-01
1.707755051034194616e-01,8.292318404442259316e-01
2.166750735405653105e-01,7.833323137853768214e-01
4.649533644070948379e-01,5.350391966452364700e-01
3.007683147854861572e-01,6.992242272428870198e-01
7.949022684931658644e-02,9.205172593739604503e-01
5.992095738351257972e-02,9.400865766213521990e-01
6.733299137479514807e-02,9.326591555372216735e-01
5.142043943819137874e-01,4.857876370699992230e-01
1.857425990613038591e-01,8.142492776818542888e-01
7.999714195556439922e-02,9.199947159683414810e-01
1.916598462901326350e-01,8.083318099804188694e-01
7.111997505771210093e-02,9.288885894737789473e-01
4.833168324058461085e-01,5.166745297312067553e-01
4.061607897433776038e-01,5.938304188328059618e-01
5.295562126234597544e-01,4.714858089316713574e-01
4.660145743183090605e-01,5.302343128294632058e-01
4.606543835972374823e-01,5.401880216084998798e-01
3.118254802669351983e-02,9.632778384372419067e-01
1.426105736875088459e-01,8.551177961222383717e-01
5.131773292692952404e-02,9.485863010828503583e-01
3.666248288505960518e-02,9.581748756144872203e-01
8.066330867747732725e-02,9.162466740241820284e-01
5.191014149191732763e-01,4.837696313608713106e-01
3.750111742165753714e-01,6.227897669020759919e-01
5.288544605640016494e-01,4.738684905908931988e-01
1.160390833031580415e-01,8.822121301302743301e-01
1.871757824932932524e-01,8.095132531834330347e-01
6.085534254886579841e-01,3.918316880958239712e-01
2.059692957686544770e-02,9.773574330487694306e-01
1.265274850291641384e-01,8.728621491900735441e-01
1.246167826322679140e-01,8.737386883641725666e-01
1.952942500482612032e-01,8.052305247401166932e-01
4.618379300929875697e-01,5.376207805024939557e-01
6.441777052393932168e-02,9.324107663118266220e-01
4.421985204052752416e-01,5.582600188582357292e-01
5.977417329808581981e-01,4.006421992914619423e-01
9.265950716499649076e-02,9.032956794309369153e-01
2.762753014969144827e-01,7.233972822752332554e-01
3.268157425108277891e-01,6.732525675430754974e-01
2.970764812137558497e-01,7.027149304435332811e-01
5.216921675273952230e-01,4.782111070533189290e-01
3.160410903718368636e-01,6.858119342888869818e-01
2.633052065609556291e-01,7.345375882037791238e-01
3.103380607837431526e-01,6.877160029202947777e-01
4.367594390440313612e-01,5.595824853998472292e-01
1.903260123845183782e-01,8.101979970492961813e-01
5.294592591679907478e-01,4.676518274573694400e-01
5.403179673724048393e-02,9.461099522956288865e-01
4.540636486321704135e-01,5.455314349062305723e-01
5.612900498518454961e-01,4.370578441676687409e-01
2.482646797711213771e-01,7.477208308251070967e-01
6.129194259535153400e-01,3.900065608588859090e-01
1.043201806722760389e-01,8.946254978185680384e-01
1.732941837425125697e-01,8.248425021072182117e-01
5.380800831364129788e-02,9.410225327429959652e-01
2.252398454219159685e-01,7.724619753788473098e-01
1.365418781756965461e-01,8.591949516426433675e-01
5.185706415699543881e-02,9.480415352453549493e-01
2.362512385008556093e-01,7.637800768984630562e-01
2.440038612569934706e-01,7.523276062877305437e-01
1.532769712517906002e-01,8.443893313420585134e-01
1.983720960675661449e-01,8.028014923415990323e-01
8.146515494607546592e-02,9.144909038577755389e-01
4.764543934820604232e-01,5.230071985185048566e-01
5.961923553634133066e-01,4.071764450252714496e-01
4.627540784344750802e-01,5.337355294113688142e-01
7.899078563470590675e-02,9.211277836179012635e-01
3.901856697597340662e-01,6.101654076732120346e-01
4.349525538871680252e-01,5.647778513751346985e-01
2.117959025796835315e-01,7.886022329724993174e-01
5.319370894677104555e-01,4.664505805294689167e-01
4.403546346773780096e-01,5.608888052657807766e-01
3.441306365064333295e-01,6.579642346957428334e-01
4.489135578583375308e-01,5.526114410562191770e-01
4.267804362572911736e-01,5.704319996171499652e-01
1.382072830118187545e-01,8.586142948089299232e-01
5.109374635160414124e-01,4.927286608325582296e-01
1.849954813024295153e-01,8.123924101592444602e-01
4.212454838211808217e-01,5.768361318041775876e-01
8.848345097841603391e-02,9.082922975873747307e-01
2.250851903149300726e-02,9.740547444973383096e-01
3.026870424187805275e-01,6.972049014338853601e-01
8.564802760477636945e-02,9.106230075870749285e-01
4.250916962056476844e-01,5.778012928670931414e-01
1.134974197265977841e-01,8.865129451445467046e-01
2.818070227549292484e-01,7.190086301622652387e-01
3.247896588615742930e-01,6.770121274598526195e-01
4.560588202593167662e-01,5.443011390397171079e-01
4.727247494194975475e-01,5.290165847045058545e-01
4.529132525590105485e-01,5.499893789487151352e-01
3.831309061509161062e-01,6.149274248072933435e-01
5.858977759347309133e-01,4.153486906856049266e-01
4.962249184081821141e-01,5.031261731863354569e-01
4.562157209495454335e-01,5.406676664364669094e-01
1.298660974873329377e-01,8.656208026129666999e-01
5.518310849237813009e-01,4.520464762731657427e-01
2.670165657259884751e-01,7.314892963604437970e-01
1.461297321115871961e-01,8.526957740268801267e-01
4.157022452579959837e-01,5.804225764761792306e-01
4.634395845390518187e-01,5.374921098254332730e-01
1.304971580876807813e-01,8.661408658091380719e-01
5.267334514845060101e-01,4.769896234373273702e-01
5.424089750300333801e-01,4.544974836134571539e-01
3.672526504020631744e-02,9.572160764844489522e-01
5.951100416662278292e-01,4.058831822313299642e-01
2.627000096818640218e-01,7.380797849588697224e-01
5.019125696832876793e-01,4.987912837611321315e-01
5.459230878405588738e-01,4.524649995285743298e-01
5.623026026687937273e-01,4.418154397227243568e-01
3.807739618744854226e-01,6.173424120478373522e-01
3.387535099382447679e-01,6.612035765894097583e-01
2.774344055238063267e-01,7.230062188940697965e-01
2.055592197868196525e-01,7.955742111715805587e-01
3.949538966837681797e-01,6.033727358174906241e-01
2.031027784932599722e-01,7.927331172912921442e-01
4.756321244496219958e-01,5.240631522426356659e-01
3.935098995191059490e-02,9.594536699833626781e-01
1.593787208643021036e-01,8.387873330968691477e-01
2.475709021868870430e-01,7.526705510151031620e-01
1.280127583256266688e-01,8.660521199593299579e-01
1.099157965461186326e-01,8.894820540118527630e-01
3.059219566768795612e-02,9.638464234712216250e-01
2.585740961725921383e-01,7.386764514568273654e-01
4.481633138137325334e-01,5.507172115939648060e-01
2.272114937223805933e-02,9.734402481301239751e-01
4.864481486126984167e-01,5.139485896515610941e-01
5.275958308903251348e-01,4.737858712057127497e-01
2.969895285817618080e-01,7.048891213035290981e-01
3.054989471912133991e-01,6.914510638199100612e-01
1.086166837382115530e-01,8.910759776688677025e-01
8.557578985640731939e-02,9.088537400021358126e-01
2.456245496535116452e-02,9.753332057660323295e-01
5.140535705169099190e-01,4.894224886798269059e-01
4.255345741712809327e-01,5.716096901486102944e-01
4.719706494917081385e-01,5.283685964066179297e-01
1.497919217261810265e-01,8.463516537313928723e-01
4.325560217509514804e-01,5.674634747513687127e-01
3.582280325959673051e-01,6.388247987803878924e-01
5.531822249767580357e-02,9.424209626935045048e-01
3.318362089983858954e-01,6.669614686054695651e-01
2.857021761483377054e-01,7.111307980774793647e-01
6.082970611349687307e-01,3.949846356243402190e-01
2.011552917185397693e-01,7.960619317328068156e-01
3.307398861741086549e-01,6.682858331392954598e-01
2.459476260262225267e-01,7.532551167721395213e-01
1.274022981311983271e-01,8.732041612910163009e-01
6.068543151091673193e-01,3.927769172894043370e-01
5.112402398670361503e-01,4.872913303177007216e-01
4.996145109401136652e-01,5.009477621617934862e-01
2.300196483992484886e-01,7.651925215775471356e-01
6.037128077524163139e-01,3.995184847188102406e-01
4.087978281317286577e-01,5.901452625446530487e-01
1.319788615997344317e-01,8.659460885158344334e-01
2.374848448689794167e-01,7.577946438565770215e-01
1.087634816463318305e-01,8.855825113896255152e-01
4.522523114410234579e-01,5.491312490254375289e-01
6.032475291136104589e-01,3.965582528632189963e-01
1.833271176502756714e-02,9.760044956956932527e-01
2.921323902324742816e-01,7.097698610340805736e-01
1.446127822943493180e-01,8.517075013106614190e-01
2.308526598107520644e-01,7.638730287290429466e-01
2.165009407131618727e-02,9.719513463079000326e-01
1.418356524917757655e-01,8.539722065520983785e-01
5.144306660681472465e-01,4.849032002303331201e-01
2.434559375489250277e-01,7.529814866608702806e-01
4.378640064133897947e-01,5.591752654910076004e-01
3.645061340618734325e-01,6.315933293448372510e-01
3.198380299394041337e-01,6.757657092321196490e-01
2.342859065386500989e-02,9.713376818137660074e-01
4.118006628226577592e-01,5.906034399403905510e-01
4.356092640728280729e-01,5.674569566696249234e-01
3.042839699017201305e-01,6.946335256514685197e-01
5.988197162003073837e-01,4.043743960813325211e-01
1.285038458745530743e-01,8.656692184654852795e-01
4.367186756503196321e-01,5.609100866303654565e-01
4.354361433894942679e-01,5.608956392486166287e-01
5.010589460714949261e-01,4.969005765975960109e-01
1.783640054206583336e-01,8.160508011688097918e-01
4.720612562074072427e-01,5.276937846735955118e-01
3.544569274741897758e-01,6.431762657834954044e-01
3.890959496527594819e-02,9.600350727889235269e-01
5.693561988962794196e-01,4.308496896505151219e-01
6.287993234857132130e-01,3.740809760896159908e-01
3.184125235681146138e-01,6.773546143812021469e-01
1.732211618720198854e-01,8.240360956276612248e-01
3.965924868114553692e-01,5.996954812810779689e-01
4.528507381765309314e-01,5.488215771682835031e-01
2.115775464180352505e-01,7.836662607052166107e-01
4.771511251757937777e-01,5.210140420921388626e-01
1.886469966426907452e-01,8.053673814985833346e-01
2.146211277003219620e-01,7.856472429441493377e-01
3.366656481029881576e-01,6.609192225663608200e-01
6.204654783319478728e-01,3.831366720440721463e-01
2.248280252162978277e-01,7.717005099903124776e-01
2.394104538503563293e-02,9.719157771187053596e-01
5.619688434555425438e-01,4.352549566802776382e-01
4.124220022413214726e-01,5.841053148605638290e-01
2.820197375094131154e-01,7.186322107751997867e-01
2.451618630109301256e-01,7.563228440483109605e-01
5.014700401850790135e-01,4.958453746587943023e-01
3.188135575359986040e-01,6.806905870570981731e-01
5.563324461237729723e-01,4.422134963459006807e-01
3.104132647048407634e-01,6.884273959807591936e-01
3.441081682697969546e-01,6.514242426251154461e-01
5.388506876952916524e-01,4.630689044183881609e-01
1.019731893475713663e-01,8.915152886502765162e-01
5.764840592251720963e-01,4.222978785761151710e-01
4.644584746482920412e-01,5.323034435851969892e-01
4.894204910519518725e-02,9.469891137052992569e-01
3.293836379566306150e-01,6.730452918671955276e-01
2.199074152888504385e-01,7.756340733558094724e-01
3.665598716951212754e-01,6.340898012663559458e-01
1.372548310384384684e-01,8.564477213578683967e-01
3.360300293314741338e-01,6.652567527749564391e-01
3.659856017757043278e-01,6.329594894077293921e-01
5.140216307760386849e-01,4.838111804164776930e-01
1.041529539206623861e-01,8.959198342962794159e-01
4.631294408695846854e-01,5.343306439512511830e-01
1.002617601741974396e-01,8.961703050237384005e-01
4.393273534380771062e-01,5.619094244561356755e-01
2.845018353368461428e-01,7.125703224997902430e-01
3.618213152186250947e-01,6.336886130590398958e-01
2.319602887330833585e-01,7.626217458548826267e-01
4.808843871580035789e-01,5.186174050832332849e-01
1.086936065161815956e-01,8.908217147756538612e-01
6.164761091670103443e-01,3.876594396933725761e-01
4.349238939527470815e-02,9.535338833952470283e-01
4.168445292766060351e-01,5.814806619121758446e-01
5.613201022939936502e-01,4.402791746828079167e-01
2.434872769151909533e-01,7.567260257245146393e-01
2.330150980903086533e-01,7.680008323555090888e-01
1.396666454883037367e-01,8.576967130409312023e-01
2.297479717100792962e-01,7.715783479029264535e-01
2.094653281388531019e-01,7.887095275528527294e-01
4.343773098212747041e-01,5.620736698129448206e-01
2.729947886462416040e-01,7.232868080487676599e-01
3.938830270215393226e-01,6.079551175296228349e-01
5.896651544881221785e-01,4.100507089957769469e-01
3.192584777765670179e-01,6.794718707648000899e-01
6.265382064539937179e-01,3.720595276880441227e-01
2.246305669664422355e-02,9.746402949792535297e-01
3.430205962012775056e-01,6.541051714556394003e-01
1.606250567353864345e-01,8.363478956029873901e-01
6.194610147413632806e-01,3.844202347598857927e-01
5.518526451306697833e-01,4.477022208151537619e-01
3.820324131236156329e-01,6.177308404178596390e-01
2.748202412084447266e-01,7.241093536880225390e-01
2.693264663358119204e-01,7.323868169911035286e-01
4.124130501720300046e-01,5.877493426951748701e-01
1.421288043139080359e-01,8.559620744445087803e-01
2.362469602326814910e-01,7.605719850400801674e-01
2.525725650460277083e-01,7.432444545648273504e-01
4.168607944499191365e-01,5.839981378653795741e-01
6.055835226480187350e-01,3.926006418761261996e-01
6.065070294530752193e-01,3.959934684425514551e-01
4.626411051305976546e-02,9.531049670497556692e-01
4.823479011939398320e-01,5.141838779656007219e-01
3.823044626492753117e-01,6.194321161702348588e-01
2.544677091773291447e-02,9.710531874650517592e-01
2.441829155893160685e-01,7.523931469536809802e-01
4.239221011974192432e-02,9.566022617131754169e-01
2.903561629494459950e-01,7.098415606081833751e-01
4.997661701789605782e-01,4.977665318910039494e-01
1.122564667172623598e-01,8.821054884036694244e-01
4.875009492832405034e-01,5.131716937575746540e-01
1.787318333472282805e-01,8.170719233146329641e-01
3.674216890738711272e-01,6.332849478225806017e-01
2.593153857065449430e-01,7.398446756667675928e-01
4.193462886774843579e-01,5.820378104470803615e-01
4.144471957101193982e-01,5.874458588258271163e-01
5.456220183999891393e-01,4.583004386272084285e-01
5.434407409900848807e-01,4.587503976428186636e-01
2.976961629924367858e-01,6.988935125301209972e-01
1.072712637188412976e-01,8.928056234283813231e-01
4.886043119212952202e-01,5.130084270807235836e-01
3.700973199573551198e-01,6.252383203919233967e-01
4.096783797730870202e-01,5.861712343138311132e-01
3.459309532476391169e-01,6.529488345804899119e-01
3.709310914942908627e-02,9.563572168402625362e-01
3.723296273580984361e-01,6.248272234166648564e-01
6.074713170437014975e-01,3.904938823838879358e-01
1.408106361052333111e-01,8.540213290425996417e-01
3.289362206066994143e-01,6.683750127372432015e-01
6.118378202880841998e-01,3.925355059952521652e-01
2.433293832571712528e-02,9.739085883917886211e-01
4.202450126754875281e-01,5.805883130845674867e-01
2.430459565952537149e-01,7.568477302140069751e-01
4.872632583254232208e-01,5.094773164458595849e-01
5.747333094250769436e-01,4.276203645073128889e-01
3.596833158455571833e-01,6.422237242132358137e-01
2.844769068862642025e-01,7.116165863832444316e-01
2.343727021501560148e-01,7.632533218170864941e-01
1.852216828799685411e-02,9.756221122124613121e-01
3.145897165122979455e-02,9.659549249860777120e-01
3.787966637071118470e-01,6.192686581607433904e-01
2.228041374038457548e-02,9.719248836710882022e-01
5.256499106635696972e-01,4.739739144288381834e-01
2.447382401931666174e-01,7.522867358671317950e-01
1.312894228529858098e-01,8.630498877089983756e-01
4.862229739664014616e-01,5.130608935169356233e-01
2.025965983657574201e-02,9.771462837312596683e-01
2.458954351690900431e-01,7.516529061738169704e-01
3.366113747811383949e-01,6.594714218436913411e-01
4.525568514185675517e-01,5.471743843333981561e-01
5.249713984997910199e-01,4.766983829931724093e-01
9.382024857734053147e-02,9.045638391546151347e-01
6.060571518765913712e-01,3.936550080893106984e-01
3.562149239582578231e-01,6.399118452007862556e-01
4.251959075645854735e-01,5.745681975470015024e-01
3.316763765702575029e-01,6.649873253818689989e-01
5.796080959624050344e-01,4.194757194037724291e-01
9.069995148807191709e-02,9.090529436985697043e-01
3.889037809478981256e-01,6.109387041077072311e-01
2.057642021030336443e-01,7.890753270429382571e-01
2.005616727240367159e-01,7.970887489045611618e-01
5.196891717736400185e-02,9.426871976905830675e-01
1.994909862537444234e-01,7.977235051560120915e-01
5.491825405190143838e-01,4.509059449894926574e-01
1.935547778896763438e-01,8.044288739070054595e-01
4.094630625731103257e-01,5.870021569012481288e-01
2.219709985284625542e-01,7.740982621065346514e-01
2.008068293553208206e-01,7.934024184514858469e-01
3.060163191316676162e-02,9.679667170108802177e-01
2.440181878711700503e-01,7.512756622962448727e-01
1.818128391563687551e-01,8.138077903806437696e-01
3.477356979222780142e-02,9.628722043302881950e-01
5.485790432326395072e-01,4.521813534864750350e-01
3.118152576245387664e-01,6.880817757727976103e-01
3.854471926391677683e-01,6.101473329813886792e-01
1.479418811578116222e-01,8.530528746020549224e-01
5.540395150307138028e-01,4.439856383744383295e-01
5.753640506587063275e-01,4.284040483122049103e-01
2.199014548209463626e-01,7.757438840043099360e-01
2.500989930139785322e-02,9.720642856985306501e-01
8.997262913718215294e-02,9.105354212606925346e-01
3.766326534736004206e-01,6.201035345112986263e-01
3.115893925837494582e-01,6.835614811229318022e-01
2.404703441680677289e-01,7.594073623229885550e-01
5.194079283826924520e-01,4.833706502959360662e-01
4.434820411676906327e-01,5.540924074849462588e-01
3.006121386102587056e-01,6.988097460688812435e-01
4.880779226931119541e-01,5.081611130854718494e-01
7.098487408026295242e-02,9.276593271871497182e-01
6.099463354421825745e-01,3.909587580599677703e-01
5.459825508583862064e-01,4.538934016027740825e-01
5.656069275289724585e-01,4.328355356842832347e-01
2.035917032240295022e-01,7.939865553623093319e-01
5.241166202257494522e-01,4.790322501609317607e-01
2.202378210291580096e-01,7.781916406553367471e-01
2.964796454014265170e-02,9.664003251165149688e-01
4.244075136968376571e-01,5.742002781589273797e-01
7.508507481187305654e-02,9.215748215371523111e-01
2.252685912345935570e-01,7.696993897071189306e-01
1.739332312463425789e-01,8.216174767375444832e-01
2.036152992913718152e-01,7.920376442513481496e-01
3.284371005026843204e-01,6.715498486163301584e-01
4.924345672994260292e-01,5.055129301718558343e-01
2.845262678907113374e-01,7.157741647878483882e-01
2.397093168277924513e-01,7.602234582967740684e-01
1.614254240902327497e-01,8.361619714211440124e-01
2.756897450302868702e-01,7.217004225132008788e-01
2.868603928185731733e-01,7.131331889495620135e-01
8.107194309888933470e-02,9.192537942435339282e-01
5.946428124428605466e-01,4.050023733527340908e-01
1.171858145495046771e-01,8.810732351060469592e-01
1.535804913224409762e-01,8.475523825766019259e-01
1.049440705922805583e-01,8.910130243973998221e-01
5.364153973880931847e-01,4.637016381468732629e-01
4.285176224141351575e-01,5.721928028193774551e-01
4.220663037982831933e-01,5.745095841228426981e-01
4.469352773879226581e-01,5.509188648807339383e-01
4.567824186119400220e-01,5.452210735053628632e-01
4.891494922480188468e-02,9.484913002208140709e-01
2.001304641826551767e-01,7.943044529032567969e-01
4.840587118975536174e-01,5.171067316465205455e-01
5.924768468481612649e-01,4.089781812693355501e-01
2.284144662240251145e-01,7.727222087865948108e-01
1.905478534963934434e-01,8.071313438417516695e-01
1.383148747989700611e-01,8.579358607716706109e-01
6.127131952525984859e-01,3.903663441395727185e-01
4.546969911021593314e-01,5.474354936961215445e-01
5.251864783410421511e-01,4.776748074606049221e-01
1.115083937635762551e-01,8.844664552933759749e-01
5.952603751825721323e-01,4.063016207969522009e-01
2.017684338157748891e-01,7.964269832697618012e-01
5.613467792455958394e-01,4.426592220107630204e-01
5.071100429985905267e-01,4.947904656844435145e-01
2.681062929591230826e-01,7.289108625927104290e-01
6.275330081047670872e-01,3.740250430332844322e-01
2.892083043676461074e-01,7.058808041513452425e-01
7.294452135265479253e-02,9.205991241011622916e-01
3.612075566254688841e-01,6.382162233552663988e-01
5.921316658631127217e-01,4.085902001156042074e-01
4.392565782845391231e-01,5.621730894382382937e-01
4.448483635241871070e-01,5.575405442845702275e-01
6.115637235207042888e-02,9.330879553311349772e-01
4.249249274644501528e-01,5.778772844236950146e-01
5.392577650907500741e-01,4.604057658005697995e-01
5.529126090902013457e-01,4.504434552932670144e-01
4.708978071412838751e-01,5.283459029939439056e-01
6.915256668796204709e-02,9.271012592470720959e-01
3.227131535287710018e-01,6.726258715379751507e-01
4.175964006995576683e-01,5.803290589675136335e-01
4.043072466199502668e-01,5.983113680787119915e-01
4.988960385963711053e-01,5.040935344080600400e-01
2.264939606340189981e-01,7.706611639549590942e-01
4.563830919108809447e-01,5.432442150577549977e-01
2.750901246108873877e-01,7.217407067031598178e-01
4.537850807957638510e-01,5.450270152214543584e-01
5.557303681024894360e-01,4.416583066440301075e-01
5.526226761861887660e-01,4.465876708835572195e-01
1.069550793709694442e-01,8.920773470563959640e-01
2.979307636082251798e-01,6.994176732754140424e-01
4.607153836356159826e-01,5.412764529974333216e-01
