2.253171736586939422e-01,7.746827249262332460e-01
2.981740638627027318e-01,7.018260636530642138e-01
2.563516551764029594e-01,7.436484944439518685e-01
1.233359538296213698e-02,9.876661356291193128e-01
7.555357538743291690e-02,9.244461427476490245e-01
5.865280672894778169e-01,4.134722927872505616e-01
2.600942580181037078e-01,7.399062790512362930e-01
5.469162829475293641e-01,4.530843453420985711e-01
6.601036332459411793e-02,9.339889865141702829e-01
2.620915699219270589e-01,7.379091149753534973e-01
4.602282266280851020e-01,5.397724794965680362e-01
6.550926560838405965e-01,3.449084092703565418e-01
4.344752221351468741e-02,9.565538445023602510e-01
4.169825328359987870e-01,5.830160988442227854e-01
9.022639365509757536e-02,9.097722014240456900e-01
6.078667097553742682e-01,3.921317935489537221e-01
1.988486858382715050e-01,8.011496966053338609e-01
4.950602403852542022e-01,5.049416743667800578e-01
5.809688642578380025e-01,4.190331425884985528e-01
6.496483525517636748e-01,3.503537206347628885e-01
3.360705253736837039e-01,6.639272118477368423e-01
1.287846916151523247e-01,8.712177953621464965e-01
1.148880221801245292e-02,9.885087025004711814e-01
7.686795152158340527e-02,9.231345680865812309e-01
6.444705170861368959e-01,3.555268669646358681e-01
2.919225600474963378e-01,7.080802191365120901e-01
1.282949962388356679e-01,8.717021526269701504e-01
2.218298279551272068e-01,7.781730418493078005e-01
1.056918317136859853e-01,8.943112062419976693e-01
2.164419340266743041e-01,7.835549750143037118e-01
5.747194077481346808e-01,4.252837856638997938e-01
1.569406431742366090e-02,9.843091657229522395e-01
3.887090416220390088e-01,6.112877064532743487e-01
6.318131855464095281e-01,3.681835269521686049e-01
4.623559175482619965e-01,5.376407424213809350e-01
2.836892917165642625e-01,7.163070771318165164e-01
1.879830927436558496e-02,9.812054053609751136e-01
1.716989391032019974e-01,8.283049664644651644e-01
4.697635180059649973e-01,5.302404874913451138e-01
1.081742933485852071e-01,8.918297239678619759e-01
2.104004796229950736e-01,7.895950460107399316e-01
6.834737029401701143e-03,9.931605606120483820e-01
1.748668029908254651e-01,8.251381582295227446e-01
1.234665963530177935e-01,8.765384574503939374e-01
2.068360059164489340e-01,7.931690927543838532e-01
5.456091311232088431e-02,9.454443935016585421e-01
1.760144593894884535e-01,8.239911631028530303e-01
8.798301935241092941e-02,9.120112114888206944e-01
6.169514841107625047e-01,3.830546173363880147e-01
1.724222651300564291e-01,8.275838863019135960e-01
2.933231854278161091e-02,9.706738414517904756e-01
7.604634491458966972e-02,9.239474193304679783e-01
6.062487527810082044e-01,3.937449783760714195e-01
7.717230669765388906e-02,9.228339753073659946e-01
2.760859376051754688e-01,7.239204199823852104e-01
4.471732194992393272e-01,5.528331519957933038e-01
5.990360984392950616e-01,4.009574804750761223e-01
1.535708562634746921e-01,8.464356951100731052e-01
1.369011402918886011e-01,8.631055969404577421e-01
1.455144340976723405e-01,8.544923730280201690e-01
5.398413091717711998e-01,4.601518531358979036e-01
1.908359639676004416e-01,8.091708789466639518e-01
1.533873981723524738e-01,8.466194755425625607e-01
4.979773345570828735e-01,5.020295593425375680e-01
4.113360592390076231e-01,5.886708684866489572e-01
4.783321238818467602e-01,5.216609465719014294e-01
4.796212083366285239e-01,5.203857859186230561e-01
1.494534757517211598e-01,8.505395173183131208e-01
8.238720372840109551e-02,9.176055215641298890e-01
1.082745346540444908e-01,8.917327625901390054e-01
3.155553628359679674e-01,6.844520055415721504e-01
2.801820615637955481e-01,7.198255559334599818e-01
3.793546532992555370e-02,9.620721982761838431e-01
1.216505563370166992e-01,8.783417574077698742e-01
1.765690831833833796e-01,8.234231470870810865e-01
2.269607644641044586e-01,7.730313305546043789e-01
6.189473836654133532e-01,3.810446933402055758e-01
1.190025535034146403e-01,8.809892773551659673e-01
9.854741120786124353e-02,9.014608886261131770e-01
7.109662644909506279e-02,9.289117051851538687e-01
6.321949689858290533e-01,3.678133969387955005e-01
4.601384015079109102e-01,5.398531995173621034e-01
3.431985228471970406e-01,6.567929865504827935e-01
1.561257204478211646e-01,8.438657507171178906e-01
3.290169457623097760e-01,6.709744636710377463e-01
1.869407965433501351e-01,8.130678647634650424e-01
4.513785539606747221e-01,5.486125340254568439e-01
5.961623849119934010e-02,9.403747600203379298e-01
6.228108764922937191e-01,3.771801156198409943e-01
4.277522355750164040e-01,5.722387170328770978e-01
5.539946725342457245e-01,4.460143985852011994e-01
2.700473052363196458e-01,7.299435184440030699e-01
5.299773175386840451e-01,4.700133769180700472e-01
4.651067528459776335e-01,5.349028282013578162e-01
2.796601318407666015e-01,7.203301915582193127e-01
3.416686615648490966e-01,6.583410483533941315e-01
4.898782417662326250e-01,5.101119880782094551e-01
5.080197958413543713e-01,4.919900159080259905e-01
5.082784797102293251e-01,4.917314740586042343e-01
2.684270227567986389e-01,7.315629038684442476e-01
2.949243644818267535e-02,9.660428759506640706e-01
5.271851349105810547e-01,4.755767093406959023e-01
2.691100986082958779e-01,7.275558381440579980e-01
1.787009895717994457e-01,8.212371357497747493e-01
8.792466976245590093e-02,9.067997329765219439e-01
5.369947050342109840e-01,4.621527361886912932e-01
1.029421779580426549e-01,8.932037976228388576e-01
3.810433450592584093e-01,6.185725008252083157e-01
5.997335340760276967e-01,4.002150799207780940e-01
3.326298024182412494e-01,6.672220314695533894e-01
1.176562452403105558e-01,8.795730609478975559e-01
2.471682155136689929e-01,7.494587444748802563e-01
3.294501943716831582e-01,6.699750380780598036e-01
4.002819011306018027e-01,5.983688007784030427e-01
5.538430666979747841e-01,4.497523994280365756e-01
2.281639155648521045e-01,7.703416533195289739e-01
2.423525945166376400e-02,9.740552008790128724e-01
3.899623323912919659e-01,6.098684899740194343e-01
5.728321588984364165e-01,4.253319017479347264e-01
5.415432798042875417e-02,9.436812964556805516e-01
1.719525341235775551e-01,8.284708844157642194e-01
1.812386976764339130e-01,8.180389471457287787e-01
3.860409923568926538e-01,6.158203963493689148e-01
1.339122959252576905e-01,8.651035584731422423e-01
1.444195899967739283e-01,8.532622631402710933e-01
8.270194557442844818e-02,9.135895787696314274e-01
5.640916930255449602e-01,4.333044312061053449e-01
1.922074781370408381e-01,8.083144419139848269e-01
4.217280419521792778e-01,5.759523156394040777e-01
3.244758076986742346e-01,6.713779946175382207e-01
1.127810923135576793e-01,8.841961528972426265e-01
2.021126564295464556e-01,7.964837229285537390e-01
3.260446113490395037e-02,9.603947608088037047e-01
7.556492771169570632e-02,9.185476247943762385e-01
4.818147843389697926e-01,5.170409252060897964e-01
5.185831056332194100e-01,4.851677059836023709e-01
2.276648001400154442e-01,7.700404964635468863e-01
6.185858770060356226e-01,3.830992942616756602e-01
1.902344860961681372e-01,8.061894986236268767e-01
4.149307627349569927e-01,5.870859037113291823e-01
6.270302856249128087e-01,3.728194381298965965e-01
4.789924000485059619e-01,5.237364713878175371e-01
6.142481775823341872e-01,3.869526458014376780e-01
4.907199197776710570e-02,9.485721464073078035e-01
6.442915603458150287e-01,3.530954664953677713e-01
3.148258667427455415e-01,6.837938476650541331e-01
6.329033791255799235e-01,3.666571740479203645e-01
2.715828344678419271e-01,7.281576112014389590e-01
2.821579403122044527e-02,9.690186697703769836e-01
1.463976628093171528e-01,8.479245354057565187e-01
1.650614327105943968e-01,8.326613391065346148e-01
2.919081818300495873e-02,9.676819755658178090e-01
6.222661802346907134e-01,3.764383657387519455e-01
2.209786200702256176e-01,7.795677242114533723e-01
4.684306506407363013e-01,5.305654000332422626e-01
3.619922646500434715e-01,6.360539095692891998e-01
2.678917112699488734e-01,7.290418683789091636e-01
4.254550423961862005e-01,5.744738667958765310e-01
4.742942250774617174e-01,5.244337701936175877e-01
3.947518384484612897e-01,6.060075469085519639e-01
4.500802379471243175e-01,5.514332812628173208e-01
3.406873723681695387e-01,6.617682025300549720e-01
5.543593348098411200e-01,4.429194378064436610e-01
4.195953855169874402e-01,5.803016424090242653e-01
5.467593513013664364e-01,4.535172803286799947e-01
5.011557938265711609e-01,4.981631460889616170e-01
4.847048698113273768e-01,5.128340784894792614e-01
4.541805093180529274e-01,5.475289245383234693e-01
4.125099628550217834e-01,5.863848768705965941e-01
9.512734002196585048e-02,8.988372737925867106e-01
3.948183246021655379e-02,9.604365405567775182e-01
8.188505789151657999e-02,9.114889734056381698e-01
3.769291551030036214e-01,6.249010606472614748e-01
4.831061566358488268e-01,5.191878532678072533e-01
2.731710328415705158e-01,7.215031038184123169e-01
6.287303621213353733e-01,3.730930318783203803e-01
1.840065886222392866e-01,8.160860174257604793e-01
5.048406625535516445e-01,4.972659820721307966e-01
6.519857257157789521e-01,3.476939688669141715e-01
3.786902035794236232e-01,6.189429168012340332e-01
2.434948524315531937e-01,7.549898559280321386e-01
5.395551007144517852e-01,4.587021738457893738e-01
6.019023945725822111e-01,4.006228630365557541e-01
1.639418420478550853e-01,8.367170525056663033e-01
3.197844621010610400e-01,6.788267115671331453e-01
7.658148607202072689e-02,9.226998913190637142e-01
5.664283584595277699e-01,4.348180073031235882e-01
5.841496906849574788e-01,4.148859115477439019e-01
5.150660054788294140e-01,4.879188567198192161e-01
2.989322526507169897e-01,6.988225148673415932e-01
1.577496790884583625e-02,9.779730157801560519e-01
9.092289148413947031e-02,9.077052566846645076e-01
1.212155364829742288e-01,8.777502228547169327e-01
3.843389886250848653e-01,6.183799995153355100e-01
1.677440058346707508e-01,8.334170161421841083e-01
1.171727531290227969e-01,8.796171594082550227e-01
5.372529101754699443e-01,4.638738979684544073e-01
5.303774435210569793e-01,4.722921507678914943e-01
5.189675386383939965e-02,9.436917331828108546e-01
5.638860940343529693e-01,4.388884358384725903e-01
3.009252792514912067e-01,6.988137152876057190e-01
1.416982587251389147e-01,8.547879691679881597e-01
3.313840233433727467e-01,6.652470143987124773e-01
9.076923856434566257e-03,9.856251664457824635e-01
2.331661945095903077e-01,7.642585466749808321e-01
6.470671070923017520e-01,3.534556586307059933e-01
6.214670290049431056e-01,3.798903334447898961e-01
3.942649209533061194e-01,6.084755393339380536e-01
5.865635511641884570e-01,4.122405738936906205e-01
2.863944277532651239e-01,7.094816603573491642e-01
2.516363224473714411e-01,7.482373087785610943e-01
3.079703095340648455e-01,6.887213388143685888e-01
4.978175865625875662e-01,5.024347689713977161e-01
3.619006861125801944e-01,6.370220410116900212e-01
2.992881296056224549e-01,6.989324212733297736e-01
1.632873152503998837e-01,8.375080956306989455e-01
5.232135164910627356e-01,4.760702323803628344e-01
5.492981376698777840e-01,4.504895616746890097e-01
5.021184790838720824e-01,5.002226900077446636e-01
1.962953266652943951e-01,8.016457890521625496e-01
3.222556224554866677e-01,6.772705469108736276e-01
3.661548163489818375e-01,6.324011988400032314e-01
5.965344665840758287e-01,4.070409273552957341e-01
4.614939723281474837e-01,5.345857842871281074e-01
4.031441915884301230e-01,5.982031037889555813e-01
5.350008546932643050e-01,4.618524460870501169e-01
2.541136679540757504e-01,7.449381741088876296e-01
3.210442712761121808e-01,6.747217598011603368e-01
3.439725104315581872e-01,6.533603188447528742e-01
3.699622469346389719e-01,6.291551104096296809e-01
1.264006240997083211e-02,9.868890602540102419e-01
2.461480272851934159e-01,7.521843772039753517e-01
6.262130802054156897e-02,9.353180665293640006e-01
1.700191975982141279e-01,8.256691419678987565e-01
4.583972227531775134e-01,5.438900653407200414e-01
3.968306897675349942e-01,5.992408629722425495e-01
3.319378564501407336e-01,6.654096082667484424e-01
4.867044103543050615e-01,5.130818290264933523e-01
5.391649800522874125e-01,4.599553184271409911e-01
1.283004039720441747e-01,8.694006743796812708e-01
3.111494876386318720e-01,6.840020290040422779e-01
5.668965350377342949e-01,4.327978223473141761e-01
8.269254041683452017e-02,9.160993626756849251e-01
2.190473427918507299e-01,7.798420926726471469e-01
5.766811893703934766e-01,4.221954537463766810e-01
4.081775032722098073e-01,5.947067220825004163e-01
6.359160083911706840e-01,3.614184123015601324e-01
3.719084270592409314e-01,6.307502512339892009e-01
5.648348571762307202e-01,4.320184837719369675e-01
2.840586323379969969e-01,7.177124672117385362e-01
1.863002647121778932e-01,8.148512667868909043e-01
5.931726876215431821e-01,4.086598407726833027e-01
3.632593473920913141e-01,6.374888003823298011e-01
5.995849199189190459e-01,3.979073582434275447e-01
5.150584223381290405e-01,4.840941959088471136e-01
1.097298382220963653e-01,8.852297879409316561e-01
2.992873519643063918e-01,7.027982896656331802e-01
6.446245058369288738e-01,3.589506736084669969e-01
3.431321446544934733e-02,9.593335113225525124e-01
5.984990988274143664e-01,4.012014343018920348e-01
9.198967982993107306e-02,9.047741786777002693e-01
5.632981224951989496e-01,4.378121545837638795e-01
2.004538887939446290e-01,7.996892821752974445e-01
1.362321769060637067e-02,9.839358075254702740e-01
1.623588087157419591e-01,8.339503620040239484e-01
3.398755587346468654e-01,6.605672548212682127e-01
2.562414197370069258e-01,7.440291944695138771e-01
5.782918680401968325e-01,4.252160594604426636e-01
5.328756505046294834e-02,9.417514178562543803e-01
3.127601624479449671e-01,6.879790881161154115e-01
7.479108029552596071e-02,9.255307489119287689e-01
2.589872736907101181e-01,7.361861236061473246e-01
1.947778801015307426e-01,8.018966812091338214e-01
5.480878298573007568e-01,4.508733397999782899e-01
3.688261230214636699e-01,6.334140616283160385e-01
2.301561682418240551e-01,7.664031248260447793e-01
2.157805707616622104e-01,7.800097338269178504e-01
1.569552830905789065e-01,8.375656653367375970e-01
1.266080308596160275e-01,8.737123690717371050e-01
1.961058432400380747e-01,8.000207302767186057e-01
3.888281813826476863e-01,6.076056287631956820e-01
3.119824492221055096e-02,9.640968533374989491e-01
6.080957373120440268e-01,3.949322492197414047e-01
3.794711396921099378e-01,6.217055273144267424e-01
4.490531435899715040e-01,5.540871047607663913e-01
1.687212135166534233e-01,8.268618063253041495e-01
1.996635247727795437e-01,7.995235975213960122e-01
5.982337259600599699e-01,4.024452495192113455e-01
3.571618124499630342e-01,6.422362479391492407e-01
4.949342169198342467e-01,5.025776540997262121e-01
4.839615259769016742e-01,5.179451458355542881e-01
4.874640061701481786e-01,5.092104451130782250e-01
3.268623670293581140e-01,6.687014297850648603e-01
3.482427121888219124e-01,6.538936309965602822e-01
2.958649984706963054e-01,7.019910193248448671e-01
9.606287947873902444e-02,8.983038593657511894e-01
6.235671957950411626e-01,3.778707403378590013e-01
2.332991558512194086e-01,7.645183670141029175e-01
2.213211287980786368e-01,7.772065318287537661e-01
4.728625289247344599e-01,5.238081322250562888e-01
1.737147671667119420e-01,8.258178165447466190e-01
2.823786353940119787e-01,7.175544231628254721e-01
3.073818460430685073e-01,6.919413730118787464e-01
6.111249841058784549e-01,3.886805302394704120e-01
4.008615752478884575e-01,5.974914182148205466e-01
8.600315773779877715e-02,9.107109772242328871e-01
2.126389770174255123e-01,7.846736414302259988e-01
1.786963842957378923e-01,8.153089439745635492e-01
5.819183547255999400e-01,4.158109787758639264e-01
2.154421099678715534e-01,7.815509164693259514e-01
3.147241467108094493e-02,9.651962488209550051e-01
1.091863046579748808e-01,8.889961883298508338e-01
2.124965305743159449e-01,7.878967856660238356e-01
2.811914951439640209e-01,7.145901647553239977e-01
6.044462375997909920e-01,3.991067521635255910e-01
5.353144807010946638e-01,4.666177363312266624e-01
1.744664858268210605e-01,8.244101502048288843e-01
1.507494942235269586e-01,8.481481495898313128e-01
3.877593918974837073e-01,6.102613829467435913e-01
5.441575139436584108e-01,4.544183513526691698e-01
4.482995652755905613e-01,5.478392380513019688e-01
4.683962038053034460e-01,5.280684341472389187e-01
3.964614740429177608e-01,6.009157652091853263e-01
3.936543280306872283e-01,6.035830062970631849e-01
2.759559989074997777e-01,7.208129607800776162e-01
4.268949543935583457e-01,5.699418621027374510e-01
5.549326788458905924e-01,4.448774492987577767e-01
1.286620794701014703e-01,8.705725560485128023e-01
4.690669612490961371e-01,5.331771333411708946e-01
4.235424694881823049e-02,9.539617454721450729e-01
1.603077986822959711e-01,8.397893414716265381e-01
7.935923158992008730e-02,9.149417992896508034e-01
4.528624232575592656e-01,5.460301741104345297e-01
3.194552646274602115e-01,6.778479530499728067e-01
9.916433353770028047e-02,8.954217787901794789e-01
6.510814663485211540e-01,3.507580470985461329e-01
7.842805805777456479e-03,9.868462628600219722e-01
6.011064787564855960e-01,3.969831633509799951e-01
4.675990971684619857e-01,5.314985921125525703e-01
5.543059841735157312e-01,4.493675907564764205e-01
1.767712183516872149e-01,8.231493590961845852e-01
4.976477252112981170e-02,9.456711507080295398e-01
3.573962886049640852e-01,6.419657391620317011e-01
1.509872966591469523e-01,8.462936864784549318e-01
2.556721148975633073e-01,7.428586226729848585e-01
4.547628945616122853e-01,5.465949691019450496e-01
4.977755707828866449e-01,5.056215351920216872e-01
1.114202499928575452e-01,8.839555089233043228e-01
3.016810447082995394e-01,6.954099736102954399e-01
5.608810759774065513e-01,4.414244596053604752e-01
1.333696863646914241e-02,9.828105694082557298e-01
4.078295941526322577e-01,5.879677838468269080e-01
4.019894403963604756e-01,5.944562346633192051e-01
6.413404813556281558e-01,3.600935617958478940e-01
2.557870778136406287e-01,7.409388084909348526e-01
2.056656721932768883e-01,7.949951621096418286e-01
7.441577005522297117e-02,9.230021230755094397e-01
5.180150652846218229e-01,4.792207708415255341e-01
5.774720338943568620e-01,4.237877834900304341e-01
5.761057703253995577e-01,4.272778513938890188e-01
3.688091502509573960e-01,6.302502328259220743e-01
4.491003505368794113e-01,5.513433668719126546e-01
6.368679725714879725e-01,3.674732303272824629e-01
5.390986184783765900e-01,4.639699408816089221e-01
3.444580497166848110e-01,6.578979986018500536e-01
3.204872141156717147e-01,6.773185641843950666e-01
4.585155949242679663e-01,5.407663754247508114e-01
3.555565795422419573e-01,6.408774394834171328e-01
3.511403077180390575e-01,6.492515194487875618e-01
3.438926333331069340e-01,6.538908816257182899e-01
5.915276746983528788e-01,4.060871608950448186e-01
6.188794904040727518e-01,3.797931516837845245e-01
3.897073016477088925e-01,6.117982262623842260e-01
4.645590461429968121e-01,5.366110081574985147e-01
2.196977348392319673e-01,7.791196012826629991e-01
1.707856171400125023e-01,8.291772208556147383e-01
6.163696185287412810e-01,3.868779908826651126e-01
5.214027685353380542e-02,9.455930091983583141e-01
3.091031730573873260e-01,6.858927730771502418e-01
1.086551373021521147e-02,9.825806079461090192e-01
5.965019649285071557e-01,4.069354670772326599e-01
5.305275686540779079e-01,4.702410844737932027e-01
4.107501587181364155e-02,9.589100550032370052e-01
4.960678356934795086e-01,5.063729813142013869e-01
6.465646113818267482e-01,3.516648079948211381e-01
2.466881709390593425e-01,7.514369490255987660e-01
3.521848954076655658e-01,6.433290996607621270e-01
3.783317976330498600e-01,6.209279192946025594e-01
2.492247504083032472e-02,9.744967496555778652e-01
5.528482926680988729e-01,4.472782202558102660e-01
5.533452323648971327e-02,9.403576611531644369e-01
3.487497342703935188e-01,6.527662909829111682e-01
1.814112770919387718e-01,8.153490383063135560e-01
6.229130814869202615e-01,3.780536308140348689e-01
2.921780557362012032e-01,7.060577141720103533e-01
8.364043108776370028e-02,9.169556584365937679e-01
2.629999989522875670e-02,9.713669668896313114e-01
3.512744274165175984e-01,6.455931061342159438e-01
3.910767688401854958e-01,6.049469730304766202e-01
6.537723385352266492e-01,3.458379368715483460e-01
2.475991736235684249e-01,7.518014747107060192e-01
2.081925610150217321e-01,7.861869946964498146e-01
4.747688183667720385e-01,5.278919767970899901e-01
3.228273976248658417e-01,6.724108764925355031e-01
1.685447150596670884e-01,8.270166068601616516e-01
1.525928987236166157e-01,8.425957676815800657e-01
1.872585701089220511e-01,8.078494263261030151e-01
4.484296743240603345e-01,5.512291170488927694e-01
2.179082434542977953e-01,7.782137871067409396e-01
2.271395312439470487e-02,9.761944910403264064e-01
1.688569263959387445e-01,8.251591902416424151e-01
1.932990618631166835e-01,8.070877154128545117e-01
3.562463351484990715e-01,6.439396799223718881e-01
2.980251529257454401e-01,7.040531954582288643e-01
5.774177762815155823e-01,4.199998934644443849e-01
3.080744302796757927e-01,6.913151170209227425e-01
6.566717421127095111e-01,3.478946648267218777e-01
4.788157148757110626e-01,5.206095059897889454e-01
1.918523109676941937e-02,9.784197742077447302e-01
3.316108184434367612e-01,6.641332811782179046e-01
5.422710797999924504e-01,4.585311882939953065e-01
5.678349238329628568e-01,4.312128324659020295e-01
4.768347243911554845e-01,5.256917550673341211e-01
9.550984991850365591e-02,8.984931917136923518e-01
5.479863626824009737e-01,4.493542803675305564e-01
5.063726899097278356e-01,4.941263342889395949e-01
3.304401956147614561e-01,6.663827560380909398e-01
3.642231115015356901e-02,9.608735745854711796e-01
4.175519838753200680e-02,9.524060617623147929e-01
1.968230880633072000e-01,8.018220244481071290e-01
1.651220919486573457e-01,8.338650302151876526e-01
2.807706459302351520e-01,7.168946498219388452e-01
1.832592520187599494e-01,8.174210079265339379e-01
6.555625826756943386e-01,3.480504590447617841e-01
3.078693926986553753e-01,6.921108797009726255e-01
4.221756578543099936e-01,5.763235716858731150e-01
2.844115188595028876e-01,7.154325963462945248e-01
1.684011041909915241e-01,8.310991317475989737e-01
1.039557929355318100e-01,8.948109724614989879e-01
1.437677048460853924e-01,8.551455027641996498e-01
3.674334060821143888e-01,6.279352823385345728e-01
4.765959644845005339e-01,5.214479524374262542e-01
1.735365497414888547e-01,8.264856159151835469e-01
2.588611701985798486e-01,7.417119678603699695e-01
1.725978544148077110e-01,8.213766563092674833e-01
3.851450877265108486e-01,6.109948325413548931e-01
6.802789166457213522e-03,9.900476461967188113e-01
3.520196653130630016e-01,6.490251665143006443e-01
4.157166191606480599e-01,5.824058490233495755e-01
3.484172965218813034e-01,6.538630443220875277e-01
1.168424823832327208e-01,8.815168336283489836e-01
6.236799745901738801e-01,3.797520801992184114e-01
8.707537381145472044e-02,9.084420202097467367e-01
2.063412653702104971e-01,7.893619867481381780e-01
1.569525808189210225e-01,8.411221851774165481e-01
3.491692812378438537e-01,6.528828124259660193e-01
6.134331570177701254e-01,3.854713187692783150e-01
4.043235171251439719e-01,5.956139352554510324e-01
1.672826939151405012e-01,8.307712347579144785e-01
5.971085812252859837e-01,4.025077675238717956e-01
3.767698331761303310e-01,6.204003695768930404e-01
6.156170773881137759e-01,3.841882342988565679e-01
6.147718932881915954e-01,3.846164168818116957e-01
5.487654031513117259e-01,4.545175684765677682e-01
4.442985842724282430e-01,5.567248485732106955e-01
5.793402943278612716e-01,4.191037971077917201e-01
8.166878218520154387e-02,9.177773132786442023e-01
4.993918833591765027e-01,4.979858388567504623e-01
4.788821625717256114e-01,5.198634619356066189e-01
2.390097907957387524e-01,7.575046377303245038e-01
4.970874565663533917e-01,5.037420050729346510e-01
3.152353083663389510e-01,6.814216845263323385e-01
1.260438039740035404e-02,9.807608450502316444e-01
3.258718634352195664e-01,6.750004122992820932e-01
4.186708595990085713e-01,5.827740052156187289e-01
2.258396506799028591e-01,7.745487796349720400e-01
2.479298476682067487e-01,7.512922623477046313e-01
3.511760860825748898e-01,6.487901829205502402e-01
5.590534793119640300e-01,4.416936848802164861e-01
2.917081277437385545e-01,7.071332093686485409e-01
4.991336436899315165e-01,4.983217208103661866e-01
5.387870975365073312e-01,4.582896746095834750e-01
2.974494698319635755e-01,7.003392064314892806e-01
1.797300148536563891e-02,9.749501715814644642e-01
2.091638943054632271e-01,7.880964356383995950e-01
5.380994838933516045e-01,4.645527499593186116e-01
6.340226207949063442e-01,3.669411725037829419e-01
5.495595410444658047e-01,4.508134677127415557e-01
3.788953223854829022e-01,6.171496770800876108e-01
5.877116009333487323e-01,4.137005425474049591e-01
6.050898035343982295e-01,3.984877840698097806e-01
3.443574815931531585e-01,6.575275057262200962e-01
2.608919386978700294e-01,7.360029115517409126e-01
8.950991829293714064e-02,9.038433875320522892e-01
6.118089382604978699e-01,3.881304402807688736e-01
1.123861336510684206e-01,8.831695384427945550e-01
3.134513606227922189e-01,6.856565656519689744e-01
6.040503862791938294e-01,3.961886973633163556e-01
4.757532142384052198e-02,9.475714833932670222e-01
6.235076935965315759e-01,3.750328669889622102e-01
