5.036313330700787905e-01,4.963686992980023693e-01
2.082047292457513965e-01,7.917953382026856612e-01
3.713311796313087387e-01,6.286687341916484817e-01
1.371326612023810454e-01,8.628672347545739418e-01
4.848834407368460830e-01,5.151164064154524214e-01
1.109257096240869739e-01,8.890741068346935672e-01
2.365924554970776639e-01,7.634073582158487081e-01
3.272606551809074116e-01,6.727391386501335724e-01
4.784540305605829436e-01,5.215462018156339363e-01
2.871598330975579372e-01,7.128399236194574717e-01
2.539364161306519874e-01,7.460638859450923199e-01
5.362504540789764240e-01,4.637492327082736732e-01
3.173335963846177776e-01,6.826660834476860895e-01
1.671561476536734259e-01,8.328434701559830344e-01
1.234040914165556724e-01,8.765963102240365012e-01
2.698554131056135064e-01,7.301441800981977037e-01
5.909928663597487919e-01,4.090067145769175072e-01
3.844964418099103970e-02,9.615498983376645770e-01
5.973075575579716023e-01,4.026919598362196373e-01
1.625041315669044362e-01,8.374953858221970693e-01
3.051078946350523347e-01,6.948916198501222663e-01
2.885283472068435051e-01,7.114721634138928552e-01
4.483827683941660758e-01,5.516166751206090790e-01
3.545864663864095045e-01,6.454129714085912184e-01
1.729509173492965041e-02,9.827054767676720592e-01
1.444936317169105977e-01,8.555069912580735014e-01
3.011995127671360586e-02,9.698793614628834492e-01
6.405320704627560646e-01,3.594686313443841152e-01
4.058755942510485215e-01,5.941251524754338487e-01
2.381211235252983505e-01,7.618796363559194873e-01
3.294424523788841430e-02,9.670565938899889913e-01
2.126879273921743752e-01,7.873112105260562377e-01
6.471062858434334375e-02,9.352902634444616448e-01
5.103017959754478916e-01,4.896991428522845524e-01
5.322221351891665009e-01,4.677768932933873969e-01
5.791928966015733593e-01,4.208080816539976343e-01
3.555275903369513046e-01,6.444713741526599815e-01
6.479370989061519204e-01,3.520618637436787601e-01
3.389620685333397110e-01,6.610390194447457457e-01
2.438035685030709165e-01,7.561975209055360470e-01
2.818284442792442362e-02,9.718160389712865443e-01
6.189493055411322553e-01,3.810518538294905277e-01
2.114700419853039193e-01,7.885287947034902434e-01
7.785679028812042546e-02,9.221420387612137004e-01
4.299411197378256166e-01,5.700576212140641141e-01
4.053015218100682326e-01,5.946971963630357516e-01
2.908367847085630564e-01,7.091618783733334430e-01
2.174691395605309330e-01,7.825322177971740789e-01
5.130111430584044507e-01,4.869902229559150419e-01
2.777059021237179848e-01,7.222926006400404164e-01
2.528862533290684445e-01,7.471122092215579658e-01
4.162590522567152784e-01,5.837393719647466783e-01
6.431386184069688705e-02,9.356877261422000824e-01
1.983160791403292822e-01,8.016823257149204851e-01
3.299067341714662649e-01,6.700916457826305850e-01
1.594544233224269580e-01,8.405439536215093543e-01
2.038914430404462630e-01,7.961102724884162596e-01
3.109373424946495004e-02,9.689080594522944123e-01
8.353562207239001447e-02,9.164625829763702880e-01
8.641674318170249058e-02,9.135813711896040301e-01
6.290664196052532242e-01,3.709315804254996185e-01
4.661487755810430067e-01,5.338492092704187897e-01
3.465878076176596989e-02,9.653392020834323795e-01
4.125998748129937610e-01,5.874021452644679897e-01
5.939304827916315199e-01,4.060715895852785584e-01
3.699133657105055373e-01,6.300887181808145776e-01
2.252654299876619692e-01,7.747324616661466212e-01
4.645795512784726689e-01,5.354183345600028732e-01
5.890071219887033083e-01,4.109907567346700041e-01
2.363729231891826821e-01,7.636292826658199751e-01
2.676186025176497951e-01,7.323836097773008813e-01
3.823623964774741646e-01,6.176398261418351021e-01
4.023791737118818657e-01,5.976230777559579099e-01
1.360836031461321316e-01,8.639187888692428929e-01
2.789429357711893376e-01,7.210546396951521553e-01
2.037373068027646950e-01,7.962651251466648095e-01
1.216421465334141111e-01,8.783554074629913444e-01
4.249078063606462341e-01,5.750897300908002219e-01
1.761270894453948466e-01,8.238754697705555907e-01
3.989835993000274139e-01,6.010138079500420005e-01
1.483388846941058326e-01,8.516637455955043956e-01
1.385508591314897620e-02,9.861422658635632388e-01
5.144594085312469423e-01,4.855378676679616423e-01
5.876133139798307425e-01,4.123894161966837890e-01
2.249764381964204640e-01,7.750263226964402286e-01
5.564199637276635579e-01,4.435772614454548401e-01
3.139052263290133538e-01,6.860919930023876567e-01
2.269573204991661985e-01,7.730398931832310749e-01
1.573517816034398359e-02,9.842676136863631742e-01
9.711115070693539242e-02,9.028860175810026201e-01
6.665793320373367692e-01,3.334235608964459252e-01
8.336606044849845243e-02,9.166368421259473154e-01
1.159711159008806891e-01,8.840318247708225385e-01
3.810428288154930621e-01,6.189542222584916153e-01
5.108462842396626069e-01,4.891566784039398375e-01
2.844727087852806924e-01,7.155302952224914526e-01
1.765732603897144648e-01,8.234236390561691099e-01
8.449637585103586535e-02,9.155005098437462019e-01
4.308547799649138921e-01,5.691483545077196116e-01
1.418151077839071017e-01,8.581880625677996699e-01
1.930286472423317079e-01,8.069745317186044486e-01
3.774236354260615545e-02,9.622608312213702941e-01
2.254586572486802498e-02,9.774573732954275895e-01
3.937260681640786242e-01,6.062771992794065978e-01
6.304251222804868604e-01,3.695781555865264023e-01
4.953942152364249618e-01,5.046024781845482865e-01
5.193384039662621854e-01,4.806649272007522122e-01
6.263641489974483556e-02,9.373669306031287007e-01
4.183919583377087026e-01,5.816046642027971059e-01
4.162615937571906288e-01,5.837417859956736121e-01
5.117572444205544802e-01,4.882461698310149312e-01
6.341299513962868062e-01,3.658734760098611982e-01
6.012637749439300183e-01,3.987396568592306290e-01
4.100354863088207513e-01,5.899610594780443362e-01
3.477401989924622239e-01,6.522632593861633632e-01
1.997500594086000503e-01,8.002534084800762004e-01
3.379217575160876619e-01,6.620817242963996652e-01
4.100848468641005717e-01,5.899116097047121254e-01
3.988796727033508405e-01,6.011239262232001002e-01
6.250762055126627414e-01,3.749274555304845657e-01
2.976259805543007286e-01,7.023703228537878651e-01
4.685439960992411890e-01,5.314521653875563523e-01
6.087967402702121333e-01,3.911994112351233621e-01
5.463652817200530531e-01,4.536385824998296346e-01
4.661617958465844036e-01,5.338420703792695621e-01
5.049166183272222330e-01,4.950872520268302934e-01
3.666677730337453145e-01,6.333361171449427562e-01
3.413323838089379336e-01,6.586636038048272468e-01
2.613397077845505678e-01,7.386562089922916741e-01
5.328761930779876144e-01,4.671279351843100058e-01
2.446946919754130478e-01,7.553011793363967330e-01
4.371091593063209935e-01,5.628949881768576802e-01
8.025460935872093249e-02,9.197412239410306389e-01
1.661443648558410535e-01,8.338514447287034281e-01
3.458064158062335025e-02,9.654151640452598437e-01
3.597214023930965232e-01,6.402743993160933123e-01
2.966586042530988121e-01,7.033371837639348367e-01
4.913219306569212019e-01,5.086738531647615469e-01
5.431798531054143897e-01,4.568159011695895333e-01
1.183426777034970456e-01,8.816615692628304579e-01
2.594369700002583379e-01,7.405673233893520502e-01
3.678288508516482369e-01,6.321754658693069517e-01
3.996907426818448461e-01,6.003137243040113091e-01
5.314534916407036569e-01,4.685420265146358898e-01
2.330329326097165810e-01,7.669716213740640498e-01
3.108669256693177285e-01,6.891284547173762709e-01
2.036595736839711956e-01,7.963358054861989777e-01
3.732714616499818727e-01,6.267239137538160865e-01
4.624330382573862419e-01,5.375622615510690094e-01
1.246595986428794371e-02,9.875387662639500963e-01
1.224008495124014606e-01,8.776039186531240377e-01
5.928565047561412671e-01,4.071387023475870892e-01
1.160873198644791493e-01,8.839078069417872774e-01
3.152721516891093811e-01,6.847327546670044507e-01
5.760064900059679305e-01,4.239885670252416805e-01
6.266059353426386425e-01,3.733890920739013630e-01
5.311316590729270315e-01,4.688633287031314101e-01
2.389982595953232813e-01,7.610067630995343002e-01
1.346113562621034654e-02,9.865336980877563722e-01
1.446674194996539209e-01,8.553273959971271490e-01
4.538359495266330312e-01,5.461692527851652601e-01
5.711872170756613354e-01,4.288075628538231543e-01
6.572393725634315675e-01,3.427658695750626094e-01
4.638707484073437692e-01,5.361239740350849381e-01
5.161202948329520618e-02,9.483826553095785483e-01
4.541571083670315617e-02,9.545896185332810591e-01
6.642117676845284979e-01,3.357828794655884908e-01
2.008726521862555514e-01,7.991327237361829372e-01
5.539493301585876051e-01,4.460560833522873581e-01
5.218034231524391053e-01,4.782019983176578615e-01
6.567004251469572562e-01,3.433050092678031628e-01
3.400448206301960319e-01,6.599497421689194399e-01
6.528205023949442687e-01,3.471740177544994643e-01
7.303912548995476761e-02,9.269553854596296327e-01
6.249107378987217576e-02,9.375033971650860165e-01
1.334525673425269732e-01,8.665529720775625444e-01
4.163776658688222443e-01,5.836167650954761088e-01
5.061378935498643816e-01,4.938564886560122824e-01
3.771502435358907168e-01,6.228440955504840337e-01
1.967476780867488395e-01,8.032466426699728101e-01
5.240879342435210697e-01,4.759177581076147190e-01
3.032309362081048176e-02,9.696826207850905988e-01
9.874924303500663691e-02,9.012565320800229873e-01
6.558123019781412211e-01,3.441934898602126425e-01
2.581798349996313191e-01,7.418259906239278445e-01
6.520869122374461924e-01,3.479072455211099091e-01
2.096927008760502420e-01,7.903131754059500302e-01
1.036783956811016122e-01,8.963275425407304375e-01
6.613836358032809670e-01,3.386104160063689861e-01
5.535025481649287205e-01,4.464914954481774556e-01
6.680118780802372924e-02,9.332047689317628514e-01
3.523145312832738352e-01,6.476794392641138653e-01
4.738650831883288173e-01,5.261288713073982715e-01
1.181615764075663599e-01,8.818444940580353331e-01
1.993144952630631073e-01,8.006794236145849952e-01
2.682401260032453438e-02,9.731820727736727461e-01
2.417355248826993652e-01,7.582706187378270846e-01
1.536153531895758928e-01,8.463782495784889504e-01
6.427001480463058469e-02,9.357235655950022490e-01
3.986731113040427044e-01,6.013333126643323201e-01
3.594811810801215035e-01,6.405123764590315849e-01
9.497516080222272172e-02,9.050183126130898481e-01
2.838742919457182268e-01,7.161323207364082011e-01
8.827296840385412402e-02,9.117203853001590863e-01
5.806987242561252316e-01,4.193079832932331552e-01
2.839848314260027817e-01,7.160218925112439292e-01
5.229898817902862707e-01,4.770032984008236165e-01
3.565417442306314522e-01,6.434651196568410558e-01
1.722302215464149300e-01,8.277766796728268650e-01
3.739098278090723371e-01,6.260970955446544250e-01
3.192515977920836745e-01,6.807553641811022738e-01
4.833599208906523281e-01,5.166470588570341027e-01
5.567297375317360464e-01,4.432772870884463812e-01
6.502995908170784711e-02,9.349770836435307153e-01
6.050002413272184132e-01,3.950069046828019736e-01
1.075730172660179229e-01,8.924197924868502163e-01
2.284318692797243089e-01,7.715753699944206678e-01
1.906697130578455524e-01,8.093375360556877007e-01
6.003472873458882975e-02,9.399725931350849661e-01
3.813087461569080183e-01,6.186838721728178392e-01
6.048565550796098922e-01,3.951509030430200298e-01
3.157021622325822952e-01,6.843053018575893098e-01
1.744273128768163983e-01,8.255801990833047110e-01
5.465810125656520579e-01,4.534265597517567747e-01
5.389896780360605710e-01,4.610027437211499102e-01
1.565986987398076680e-01,8.434088853457184509e-01
3.980031219751921645e-01,6.020044649320400731e-01
2.291958357708016036e-01,7.707965305672811462e-01
5.062951744522791175e-01,4.936971813853149316e-01
6.576085290872208944e-01,3.423838093124478843e-01
3.349329636792857667e-01,6.650593531144923798e-01
2.474100638406023234e-01,7.525820689797956264e-01
3.453101129901008925e-01,6.546977596722010073e-01
5.327147144864671224e-01,4.672773921485786075e-01
4.607867463100358552e-01,5.392211523862878719e-01
4.812326736451059128e-01,5.187752546022780242e-01
1.124171221859227160e-01,8.875908965008779683e-01
5.724827280495902171e-01,4.275253073555282946e-01
6.449450623283555784e-01,3.550468817888978723e-01
1.407557796211348078e-01,8.592523396332948371e-01
6.955160644671380676e-02,9.304565198696400641e-01
2.555630036682052797e-01,7.444451288050005777e-01
6.174426603274991709e-01,3.825654932287401722e-01
6.014090870109801701e-01,3.985991102616841530e-01
1.841892239059962910e-01,8.158189821224890448e-01
6.284276146766391014e-01,3.715806135862366189e-01
2.682235026999296168e-01,7.317848063971055250e-01
4.337925552364362836e-01,5.662157678370114411e-01
3.428526907037958704e-01,6.571389558159816957e-01
2.531578194539559901e-01,7.468338035327504176e-01
3.936210571812866488e-01,6.063705206855952712e-01
1.134098847875778492e-02,9.886505472643846160e-01
1.444530486065906116e-01,8.555554236874927110e-01
3.861946141661934395e-01,6.137968831853436447e-01
6.251775077489522825e-02,9.374907715489733118e-01
3.737827058662410162e-01,6.262258315118590657e-01
2.575833428915486750e-02,9.742502348800001766e-01
6.624345716505721793e-01,3.375568507350659719e-01
4.811826692467087718e-01,5.188259584932165547e-01
6.423874848013492178e-01,3.576038823082939855e-01
1.958056818904256036e-01,8.042029805253763097e-01
6.412776281053953475e-01,3.587136853228801714e-01
1.612575362870286300e-01,8.387511646268130949e-01
3.331548362376501871e-01,6.668364411004397141e-01
5.502086211115027048e-01,4.498001116045030057e-01
1.192266158542318044e-01,8.807646480052486737e-01
4.258842638089080368e-01,5.741069792180553133e-01
3.042843665700173950e-01,6.957068554015248818e-01
5.864231328899537354e-01,4.135680722021486400e-01
2.127976519431027114e-01,7.871935275183650216e-01
3.301742655359806156e-01,6.698345556582289140e-01
5.052946861619053154e-01,4.947141731586406910e-01
1.924128344414733349e-01,8.075960470878518205e-01
5.668427848636572314e-02,9.433068333471070765e-01
5.709479281648797144e-01,4.290431710760512218e-01
3.401973302261812049e-01,6.598115942934895672e-01
6.571886111273850251e-01,3.428024426311182538e-01
1.148546960056903155e-01,8.851542537740785255e-01
6.593899302761919712e-01,3.406190481326439867e-01
6.357241098799625290e-01,3.642848790032899298e-01
6.162216057654805734e-01,3.867928041417895146e-01
2.965371501780567076e-01,6.991507806619612353e-01
2.820685401445696128e-01,7.138311701248253316e-01
3.077780391197343368e-01,6.900657541781246573e-01
3.111314058137838387e-02,9.662269868376077708e-01
5.051956908830670390e-01,4.975131720782596245e-01
1.462706012032480296e-01,8.504284225049790757e-01
2.444390772527058608e-01,7.510205194716984556e-01
2.147908736242203076e-01,7.808381538210756867e-01
5.658002615409223335e-01,4.377340084179969226e-01
6.333087265198650284e-01,3.653666674245811818e-01
5.827139643947186753e-01,4.189360508559514251e-01
1.797641600515804614e-02,9.795518313790341214e-01
2.382558168459543990e-01,7.593450685077206552e-01
5.268574710639156722e-01,4.728487763308514835e-01
2.833182722163087308e-01,7.146057935972267572e-01
5.189028124692491861e-01,4.777135975907710885e-01
3.449408790755295051e-01,6.537735150182006905e-01
4.030119084343178892e-01,5.933084905691623501e-01
1.133858610188829552e-01,8.805062365845310879e-01
2.930571047341740121e-01,7.058179779079987171e-01
1.232459860934863038e-01,8.766403572614437367e-01
4.641649772375052718e-01,5.370204032198757638e-01
3.536482200191805592e-01,6.461656218565556831e-01
1.243240120181459824e-01,8.765184075844836276e-01
5.333467092846846391e-01,4.649068570612157059e-01
3.106409558722568187e-01,6.898266889026858362e-01
6.318430674982699058e-01,3.714336573920814510e-01
2.514715833513502252e-01,7.487750612382584325e-01
3.645595923663356719e-01,6.374959164480786811e-01
4.088850227851633656e-01,5.904240050610380930e-01
3.533142173337588399e-01,6.443099223531190134e-01
9.178760746062983311e-02,9.032172066877732775e-01
4.386237755211105926e-01,5.604210292011515548e-01
2.399214925433208190e-01,7.614944001947562269e-01
3.806124372942729095e-01,6.209400080589613236e-01
5.030513888004241319e-02,9.476601790323290198e-01
4.148782363192206057e-01,5.839844632098587507e-01
6.174741517760516940e-01,3.824319242087361181e-01
3.391283217504880154e-01,6.623631017548468058e-01
4.008006741464969491e-01,5.996408644232579244e-01
3.259542424727037147e-01,6.736879222211171747e-01
5.716414746911989697e-01,4.311270230988086261e-01
1.595144964450600361e-02,9.788959879800605002e-01
3.225920635427569905e-01,6.791510459259350041e-01
5.188215616743264702e-01,4.792547763903136637e-01
2.873596815144521255e-01,7.080743420244166586e-01
4.006412009969647081e-01,6.004553736056033042e-01
6.394043485424178996e-01,3.631068106484420799e-01
3.605710374742500668e-01,6.380648586599440009e-01
6.050688273249080762e-01,3.930131965069750266e-01
5.017371194807939139e-01,4.968628882178964812e-01
2.466481379145167019e-01,7.525572882411776243e-01
4.700254875770422669e-01,5.272784282458998772e-01
4.713113673361146172e-01,5.302617670211472456e-01
3.512781158725916120e-01,6.469023395486873662e-01
3.201133741875146765e-01,6.785383037803542905e-01
1.923807694023254022e-01,8.087240148895061820e-01
5.205889201894233764e-01,4.766678433407923188e-01
3.348733149417582045e-01,6.623663113825080107e-01
6.657619603525254115e-02,9.306326193460767726e-01
1.021739816642425469e-01,8.936040155321886003e-01
2.764511213022916580e-01,7.206733505495186431e-01
6.574621229682514612e-01,3.451456985491905827e-01
2.124456150370462038e-01,7.875617673971934130e-01
1.576320035402923037e-01,8.363495673152665510e-01
1.066367259920908001e-01,8.928285273118311549e-01
2.180244641677456519e-01,7.808602146938317112e-01
2.035238771101396948e-01,7.976145583230241920e-01
5.351986561726389258e-02,9.430070478265878409e-01
2.281912958028771143e-01,7.728279605706719346e-01
3.289160528852275722e-01,6.698757110662255654e-01
3.876664072577472586e-01,6.144424700812247675e-01
4.924234023393114223e-01,5.045006144981467600e-01
1.608885150647378359e-01,8.360815051334968828e-01
4.546660342702899538e-01,5.429379319295510875e-01
4.466668779008633461e-01,5.525648260623916563e-01
4.253717390941811893e-01,5.773053939663891354e-01
3.813802334310596454e-01,6.185007879186652513e-01
6.014657971853802909e-01,4.009371994266785477e-01
2.708086751998705077e-01,7.260297861874647207e-01
1.751659321871641417e-01,8.220346233281208281e-01
4.737039892962205401e-01,5.247753030418158549e-01
1.170054637738203035e-01,8.803597329254230219e-01
2.999930294620974380e-01,6.955941098427675939e-01
5.763509357392524457e-01,4.261444882189605599e-01
1.727303452707889819e-01,8.241213155962380243e-01
4.991203605181001590e-01,4.983012278273005746e-01
4.905006830078110780e-01,5.060359846897628522e-01
4.832598670165987875e-01,5.156528433265538114e-01
6.022111478116927152e-01,4.015569964286850313e-01
3.438765365562703180e-01,6.556586114225146922e-01
2.766480909954721068e-01,7.226638873853186151e-01
3.772099785171507125e-01,6.190136900166242073e-01
4.004122870961029923e-01,5.965571214041265335e-01
6.227618062560591472e-01,3.759215733040635610e-01
5.872905211113380042e-02,9.394995294011568854e-01
5.914451801195000913e-01,4.108786372324090275e-01
3.302699687348577273e-02,9.600999678924072578e-01
6.148050998270990775e-01,3.850846057312333759e-01
1.459291165799222467e-01,8.529829294103247195e-01
4.470335593035894561e-01,5.550465036316025724e-01
3.998004312992780446e-02,9.598622008065685884e-01
3.358130083154822754e-02,9.594691944995444866e-01
4.330911880531630731e-02,9.520199706737777490e-01
5.818220966602949407e-02,9.363222406228104422e-01
6.682619303997650029e-01,3.312671235161759320e-01
3.393980611614068610e-01,6.566724800249827965e-01
5.960204215504049108e-01,4.025226544931274630e-01
5.828559384679818933e-01,4.168500436057267500e-01
3.380777187128093941e-01,6.590536332452106016e-01
6.357990056692680580e-01,3.616371568646280510e-01
2.671765552695234414e-01,7.292452225927855691e-01
3.560553789132613889e-01,6.427171347597755435e-01
2.397457821888515639e-01,7.590030550078262772e-01
3.218579430544259989e-01,6.793960309741806647e-01
4.541603559378986077e-01,5.439926203738514321e-01
4.304310932665041944e-01,5.676170414425435462e-01
2.240959895282950143e-01,7.703326971729375083e-01
1.179993267204549334e-01,8.807135874915834606e-01
4.751301351018008545e-01,5.213328392565007574e-01
4.049343689642443539e-02,9.575975149017509347e-01
6.643150206619602427e-01,3.399536749667081970e-01
2.089623868860185363e-01,7.925111091632511817e-01
6.095495270218929951e-02,9.373413133439483236e-01
3.061291712784919294e-01,6.937534235198574706e-01
2.371422946092792139e-01,7.574067801947357292e-01
1.938635150196713619e-01,8.048317193519283208e-01
2.699673985595879011e-01,7.305966180890057782e-01
4.464764410452290999e-01,5.559417793178202949e-01
6.302271900997026277e-01,3.695900708676355673e-01
5.001578901145381506e-01,4.978307703215838487e-01
4.292822261789319693e-01,5.729312142162373833e-01
1.597420311735112675e-01,8.346952984424184097e-01
5.740336408191858419e-01,4.295399064746969753e-01
4.893090734693927857e-01,5.084267375402833355e-01
6.484706046969717086e-01,3.540841875213926460e-01
2.344965764475061831e-01,7.654802863560188353e-01
3.569081760314252172e-01,6.408924915921734300e-01
5.858396453014941274e-01,4.173587159113116840e-01
9.438535513594990822e-02,9.010172666438717171e-01
4.251614784278886505e-01,5.749686723020236423e-01
3.633526074033212316e-02,9.632711991008654495e-01
6.314211250786260221e-01,3.716295359016227873e-01
1.945021965914343065e-01,8.002884434466029928e-01
4.088608254580132495e-02,9.552217690469650968e-01
4.798988925686803464e-01,5.187627412397479709e-01
1.968083954418230752e-01,8.039813476493359312e-01
2.043417437431347961e-01,7.920471613061070837e-01
4.510886832806570435e-01,5.476645090508768243e-01
5.481029671135202452e-01,4.549434036164831108e-01
1.684927349277804132e-01,8.275919187688363099e-01
1.876208390668412662e-01,8.081519459227405333e-01
4.722603808595125796e-02,9.523280091585643037e-01
3.375868571713143695e-01,6.618789127355040325e-01
2.288647155876413763e-01,7.695222900344155237e-01
1.128372916986829511e-01,8.865622888963162751e-01
1.415569192801737486e-01,8.587721092752591545e-01
2.415148459220219646e-01,7.587013584531707711e-01
3.246248490461673963e-01,6.741315560337316493e-01
1.782724759668693482e-01,8.196090280210814871e-01
4.327330809663892941e-01,5.663395225440783776e-01
3.895117951132113787e-01,6.080560981391593955e-01
6.552709943488245203e-01,3.482557301729852228e-01
1.507211731728938520e-01,8.447241581621041107e-01
4.157374688533083673e-01,5.807113070307359237e-01
1.582906630405430670e-01,8.357913886329688680e-01
1.662983511901862110e-01,8.316143781672724611e-01
6.408217846503220239e-01,3.579134786392740852e-01
1.292464640484093374e-01,8.666033451690262623e-01
3.653572286838005501e-01,6.334582208679018223e-01
6.419096785291837914e-01,3.568322198498179998e-01
2.193667125688867903e-01,7.757004718470629223e-01
6.604007151140384169e-01,3.423327009335593862e-01
5.806892834819150639e-01,4.230167933738183117e-01
3.490339611561813493e-01,6.480473119515620661e-01
5.804302602805115896e-01,4.171800574705459841e-01
3.605261074896922713e-01,6.383874605855661688e-01
1.963992160973160872e-01,7.991654977128858084e-01
2.423295907237267288e-01,7.581763118686949410e-01
6.523394144250859172e-01,3.470290870867761557e-01
1.155624583713548842e-01,8.801046987639726815e-01
1.129525898731487121e-01,8.849326762692482085e-01
2.990462696733192094e-01,6.961163216939578735e-01
7.771128137326235863e-02,9.187953015589944705e-01
4.333815391827419705e-01,5.634483283368132422e-01
5.198040902339428060e-01,4.774961703663624379e-01
3.748600647822045717e-01,6.249647611829604044e-01
5.695458247109924654e-01,4.304771960811643039e-01
5.718982415523979901e-01,4.253217876700228217e-01
4.462362583461176868e-01,5.549069973464417771e-01
2.414686135532100042e-01,7.541822070341985818e-01
3.995898010721460336e-01,6.008524527824918859e-01
1.317892938355908206e-01,8.683020731587087759e-01
5.417761479919556977e-02,9.453123830521653614e-01
2.794985258596900390e-01,7.174299445793106411e-01
6.501521314684586272e-01,3.527063977736032974e-01
2.231163160016224889e-01,7.727494186323698999e-01
5.415513138976524310e-01,4.566540637669882496e-01
4.592430655592844579e-01,5.403133435724886136e-01
4.598786475424524456e-01,5.411659846016586561e-01
2.776301980165479244e-01,7.191796411971930203e-01
3.789403405197281915e-01,6.224060220819751521e-01
4.199849408238602311e-01,5.772512497443877955e-01
4.203629487911335616e-01,5.762395049428216121e-01
4.948607915471268104e-01,5.074734947388791495e-01
3.347427655522094980e-01,6.605674028286691035e-01
1.744773650861355108e-01,8.247037705192513668e-01
4.266724089525372188e-01,5.731086646340233237e-01
3.760841354337122744e-01,6.215773900435349608e-01
4.019520055540043435e-02,9.555022078586622447e-01
1.063356998552261595e-01,8.895119802350888172e-01
5.417259373155426383e-01,4.566370091290817834e-01
5.460704834536831420e-01,4.511041900110130398e-01
6.376728286287910441e-01,3.657194150197914939e-01
3.782776345604150769e-01,6.195541307492433702e-01
6.633361169243868760e-01,3.398196802716662024e-01
2.965249905181995826e-01,7.023770138186861134e-01
4.266382521625735613e-01,5.707981614010778637e-01
1.259466131793104682e-01,8.701073799604900350e-01
5.790297303945812768e-01,4.195771669598436504e-01
6.342426083738954556e-01,3.685860464682786386e-01
7.508882951959960916e-02,9.206603220396996079e-01
2.847876643700682497e-01,7.129628055062446901e-01
1.149891162373540138e-01,8.843877052603128508e-01
6.528815796318334641e-01,3.485652418477983017e-01
2.588823633975589900e-01,7.422509400293025861e-01
6.576880791128789649e-01,3.432958945727883071e-01
4.205182927580855545e-01,5.810354385689825429e-01
4.749933987750898368e-01,5.228500532142044133e-01
3.835824861120284979e-01,6.179042847173683572e-01
5.816666311760709807e-01,4.164626852270328361e-01
4.287799752677123877e-01,5.739348063606778405e-01
5.527083099038980485e-02,9.417883588808131368e-01
4.421425441869930584e-02,9.551370620703957259e-01
6.484296723015054997e-01,3.542201144261082346e-01
4.661880202698963638e-01,5.353186549048796206e-01
2.434812593432474914e-01,7.552374345066196204e-01
3.170404473599614525e-01,6.814390385071684708e-01
3.603675041197453854e-01,6.418404050863061316e-01
4.712882029631154102e-01,5.304541316018444030e-01
3.570044321052672776e-01,6.440165038268171882e-01
2.123486602746693652e-02,9.740001410510886748e-01
1.685574328115540810e-01,8.288545512781467783e-01
6.407187434908939716e-01,3.594637529917702468e-01
3.514318342322773625e-01,6.481901705177429696e-01
3.236374970041316912e-01,6.753769240377711647e-01
3.231809611060484366e-01,6.735503341334314609e-01
6.101816116629383835e-01,3.873600805181285911e-01
4.636680925390847530e-01,5.381185009689976040e-01
1.251763603919428258e-01,8.686908905406833803e-01
2.630080176035822226e-01,7.341810739162484278e-01
3.197065641219093424e-02,9.624295589504353599e-01
1.249567851382430289e-01,8.744974263865923358e-01
7.228517332367695447e-02,9.238515119848057511e-01
3.794200776808611536e-02,9.567083368581408287e-01
5.591106319248367873e-01,4.401730011112874319e-01
6.405540676610189665e-01,3.607266159692305019e-01
6.485010484844884182e-01,3.537434468075965066e-01
1.577921146628475380e-01,8.389395043879738223e-01
3.747590864483962142e-02,9.579701187081692826e-01
6.435393050910054313e-01,3.596892110120176178e-01
4.542795633932218413e-01,5.479554016369444502e-01
5.008911026090541174e-01,5.026560433767418568e-01
6.540441244343475624e-01,3.496696773772584588e-01
4.256604375802236495e-02,9.560477947018520828e-01
3.150801799056423547e-01,6.845311619557891136e-01
5.317646333698325400e-02,9.470136733739984436e-01
8.139914385313000433e-02,9.190612627974173998e-01
4.570842589172227632e-01,5.436761885565946084e-01
4.217831020602963998e-01,5.762300947876631829e-01
5.085912026217805082e-02,9.491291007611175612e-01
6.263837762432619138e-01,3.757716681147409421e-01
5.125679319310924575e-02,9.435582750094078097e-01
2.446628332946484130e-01,7.546038871247569002e-01
4.506220292528669846e-01,5.505349923901534659e-01
4.149990468628034224e-01,5.822147983795453730e-01
2.317302348357570263e-01,7.660167416200246437e-01
6.213474253700697059e-01,3.795627649276114846e-01
5.115416812336035512e-01,4.866546363906031347e-01
4.005385685773223958e-01,6.001022469801504666e-01
5.555462156270034590e-01,4.462023291655638491e-01
6.519969795505461407e-01,3.503180420507365778e-01
4.359071233200503270e-01,5.628290730239960959e-01
5.998732499284060715e-01,4.035253325625765553e-01
2.472516043985967527e-01,7.516920825847966947e-01
1.708706521127172084e-01,8.297839340073077663e-01
3.359344241326307490e-01,6.597019199530400613e-01
5.315788459685817369e-01,4.707264449523401173e-01
1.066736686291273606e-01,8.912918780915083383e-01
4.442583668781343031e-01,5.556303464793330704e-01
3.340719783393404918e-01,6.680924639229669504e-01
2.293503847596995715e-01,7.712934280386404273e-01
6.488591629211623024e-01,3.551992987932004464e-01
1.038663513877328970e-01,8.936779890933578274e-01
4.560558803563828367e-01,5.467353721102681252e-01
7.281887275305065632e-02,9.212036751851442329e-01
6.609773890318916267e-01,3.431967337748961233e-01
4.039128901675791417e-01,5.928326528988999700e-01
1.710981000322005230e-01,8.293275601099229233e-01
4.684577568082436416e-01,5.329478582211935045e-01
5.326756809696709949e-01,4.669966212353849344e-01
3.608471196472613496e-01,6.364348662559414782e-01
2.085329552721636726e-01,7.880759361668593366e-01
2.271717013373362182e-01,7.736150238692603986e-01
1.052141060233841574e-01,8.955138556438440034e-01
6.127340422425227029e-01,3.905494518425798867e-01
3.711453648879061706e-01,6.264096826799560036e-01
6.532873765285643897e-01,3.496726466196453664e-01
4.302498211050502230e-01,5.704991043170133391e-01
4.967989058065944152e-01,5.046939747152628941e-01
4.180450932739736558e-01,5.829045721372412281e-01
9.476601327375155925e-02,9.019183901199608888e-01
3.276652546591904969e-01,6.703699846071660140e-01
3.436781731992608613e-01,6.556524021806610092e-01
4.914733530430301367e-01,5.066309099456109966e-01
3.244350914424344867e-01,6.727767458890321350e-01
1.254104757515602520e-01,8.703358926021524944e-01
6.075285335666124054e-01,3.904089017964219033e-01
4.888389860923789132e-01,5.094988116981413739e-01
4.699165905582294300e-01,5.272721703266113336e-01
2.785567768139360356e-01,7.180742448038418546e-01
2.817863285111838478e-01,7.168345003523558523e-01
5.182191765312440523e-01,4.833184947913454765e-01
4.219990510123060590e-01,5.764291180125848957e-01
6.512347292767062257e-01,3.517838454982403773e-01
2.244460847300491779e-01,7.743463653704696359e-01
3.540610806200732985e-01,6.447990336160790426e-01
4.000124947728010971e-01,5.992305836295986898e-01
4.331114068228073544e-01,5.686066774403534252e-01
5.529810983316674200e-01,4.508275264421747752e-01
2.443946102479865601e-01,7.548295505303515007e-01
4.642958290212704231e-01,5.333046594193761036e-01
4.007371106264023819e-01,5.992633107130068693e-01
5.147574590659690363e-01,4.857700855348918711e-01
3.674680260542408095e-02,9.615742315359638859e-01
4.226041647176355109e-01,5.800581291464372846e-01
2.388176393019596500e-01,7.566996453399533751e-01
4.540735540766970835e-01,5.476798041412992424e-01
5.597499559890340981e-01,4.415426886389496319e-01
4.706433384557910937e-01,5.325145740740010458e-01
6.434972967003517175e-01,3.610878305422647316e-01
1.057240915208849663e-01,8.917802576588048646e-01
5.392023956976004229e-01,4.592002215909817830e-01
4.772684345698872121e-01,5.239632903432951405e-01
6.291553826279032702e-01,3.720004902695645543e-01
1.655425572613385132e-01,8.344410812636703367e-01
4.904933644945163040e-01,5.113848530312048446e-01
2.622229293102755765e-01,7.386283506034045931e-01
1.804290026113644918e-01,8.206022906992953558e-01
2.094042834775539097e-01,7.860687824815759672e-01
6.030740787936282876e-01,3.949208672510110540e-01
3.553460851625321881e-01,6.459462976011615121e-01
9.601013669367491898e-02,8.990670982306854242e-01
3.242038424206957203e-01,6.778222941517447753e-01
1.829829699038329829e-02,9.788681202960823891e-01
5.677879428325357525e-01,4.298799991305408130e-01
4.773437721203273587e-01,5.251734751635236398e-01
6.424725473032076861e-01,3.561869001820137659e-01
2.129098832189234292e-01,7.865449746631343331e-01
1.584276664210825247e-01,8.372685465256008985e-01
6.104736031087016901e-01,3.870460899523508469e-01
6.501502378800516624e-01,3.525685185303020219e-01
4.272196567146360202e-01,5.703541786639109157e-01
3.646532684323970930e-01,6.349869797203571142e-01
1.528256453483459454e-01,8.422227544476857952e-01
8.803840712724582407e-02,9.120476434240533115e-01
7.972935942745072724e-02,9.196793146491198945e-01
5.348837122660754506e-01,4.644934209105169298e-01
4.350765144716197685e-01,5.629220642194029400e-01
3.601794510903871815e-01,6.382659318909603696e-01
1.167094411299344631e-01,8.814487419236466392e-01
8.324357750171774983e-02,9.131717435918741410e-01
5.634052698608459364e-01,4.370691802796380920e-01
6.115801411742016747e-01,3.871271464286128450e-01
1.288441462826843686e-01,8.668379717178597010e-01
2.496441936456547106e-01,7.463238906512006388e-01
3.877254491891853894e-01,6.116524175384553397e-01
5.469086546541161997e-01,4.513880971473077652e-01
6.484872255729267065e-01,3.528961952264624835e-01
3.531769320452934346e-01,6.446207753633796944e-01
1.583383990516256945e-01,8.379851871285171061e-01
3.784700259124048616e-01,6.189909470725613039e-01
1.926168302149340317e-01,8.045555434729331212e-01
6.422433578660254050e-02,9.322171102143890220e-01
1.311772669686076531e-01,8.670017607648453639e-01
4.050455476691897649e-01,5.920222713883018795e-01
1.895923420700883488e-01,8.083264519036483797e-01
3.321069955325275935e-01,6.683717980969327010e-01
4.183013008700456892e-01,5.835217881801206818e-01
1.498469327651011929e-01,8.475416914799608348e-01
5.372812159469967375e-01,4.654429991022587809e-01
6.307381207695487990e-02,9.362002452421016585e-01
3.834114150678787913e-01,6.123479363976815915e-01
6.305004070957141715e-02,9.338558892876530626e-01
6.055849062672413741e-01,3.986117972446331925e-01
3.884862371128387504e-01,6.135170486507748322e-01
1.715254766487550875e-01,8.295722611761983112e-01
9.884538523593103254e-02,8.995212406110387748e-01
3.253948752141090917e-01,6.768964978701783597e-01
2.852276547297281084e-01,7.167245613800478088e-01
1.172010562610295153e-01,8.799394838347394110e-01
1.155370394540771763e-02,9.834053653015341068e-01
5.585228351926425638e-01,4.443731912632332692e-01
3.289516991029813320e-01,6.662874418123021503e-01
5.577169876743065524e-02,9.413575586878111245e-01
1.282428348083289038e-01,8.685463454416212370e-01
3.196328550342030783e-01,6.773362405011338350e-01
5.548619682146773702e-01,4.462472161864186604e-01
2.625588634101321261e-01,7.330378865756591589e-01
5.298511026948435898e-01,4.688783659773449464e-01
4.293112823251055699e-01,5.670167256388622956e-01
4.948742056651122545e-01,5.051385681069860967e-01
4.987592093582357555e-01,5.040306509834644455e-01
5.613646068366732189e-01,4.402150593943310319e-01
1.620975640472986923e-01,8.326526506281182183e-01
5.880346634940405437e-01,4.106443387542507706e-01
1.087121788351482349e-01,8.890563579606635125e-01
3.596220780701810393e-01,6.358638675737864343e-01
5.193719248795397592e-01,4.775902138539308006e-01
2.318131883008118788e-01,7.658680936192223676e-01
6.124364126613613957e-01,3.897047480258765129e-01
5.489306735159090733e-01,4.505602269565266438e-01
5.447246633390222526e-01,4.540334336051082276e-01
6.633071768242027044e-01,3.369739040978380062e-01
4.183458001995263298e-01,5.825388673953525442e-01
3.893953650251739673e-01,6.097013665867895282e-01
1.299061028768060677e-01,8.689004901332676445e-01
2.410714894080045190e-01,7.542464536283192134e-01
3.598293196740854349e-01,6.357883903668909431e-01
1.120764238250774453e-01,8.875857019099486767e-01
5.985804729499571986e-01,4.050274872317836117e-01
2.916802554546151990e-02,9.652450267645716897e-01
1.265298615743798254e-02,9.861290711501269346e-01
5.291880985687151817e-01,4.710670696729196139e-01
3.932839558749791076e-01,6.067054323113133529e-01
1.941964492379975871e-01,8.035398972817535679e-01
4.947079208728019650e-01,5.036745638240285317e-01
9.069212862595706082e-02,9.066581157539944646e-01
2.494353988366188324e-01,7.468256976364464617e-01
2.070637015573898454e-01,7.902460571181915139e-01
5.665124169309964097e-01,4.358407598120173643e-01
5.339293719588376064e-01,4.634102800650040099e-01
5.116826976931027060e-02,9.446572414067336831e-01
4.482636171497926258e-01,5.494035682362561346e-01
4.003288052665631702e-01,5.972415249880564936e-01
2.931764182668062380e-01,7.066317738576697316e-01
5.742518341373398227e-01,4.235842706549297065e-01
5.227710262468685531e-01,4.794767635905840542e-01
4.813879895445264401e-01,5.191845792984152164e-01
1.510060505932493691e-01,8.457080166903219176e-01
1.081763424712179206e-01,8.887456282886814218e-01
6.556438885242110715e-01,3.483813835373712475e-01
4.580282599699867507e-01,5.404813818417220084e-01
1.179448156397283343e-01,8.768416268080546638e-01
3.702319888966049133e-01,6.301182415226601607e-01
4.957269048179079873e-01,5.063755041117626865e-01
6.393030905639384143e-01,3.639091849188544336e-01
1.596091516938772936e-01,8.405226973226918030e-01
3.667539077948581694e-01,6.331566545733290363e-01
5.352791470099967919e-01,4.623019374596966102e-01
2.831684934988240587e-01,7.124956516242412219e-01
3.560198395571445573e-01,6.436071527729216868e-01
3.544530949769009731e-01,6.450035709029923181e-01
4.995645905608481208e-01,4.986900871827508186e-01
9.095464767082737934e-02,9.079258530662319693e-01
4.612610732549080050e-02,9.530958778504420303e-01
2.959853073153106973e-01,7.026958833746719257e-01
6.584614506231664111e-01,3.409152528614597943e-01
1.551819933574921095e-01,8.425997730400990315e-01
3.723182310601544365e-01,6.257837012906191099e-01
4.643579257617683753e-01,5.368518791181482452e-01
5.015020112935657526e-01,4.967839312793566053e-01
3.674586196116548797e-01,6.348591816603825766e-01
6.496811437829229652e-01,3.528393918446359190e-01
2.518703666823774237e-02,9.733189419227875616e-01
1.704109758262696561e-01,8.263742609307553888e-01
4.000957510326288991e-01,5.968921910155626787e-01
3.615561678158169534e-01,6.353076591911478443e-01
5.307740574763261110e-01,4.683539779069271769e-01
4.180896392022012131e-01,5.847773732726233575e-01
4.555711105949167283e-01,5.467909876636006805e-01
6.181493389406373939e-01,3.822636398104536370e-01
1.522663765650260070e-01,8.467801758735555850e-01
5.213321930889475153e-01,4.791993498983951882e-01
6.135176044416584817e-02,9.333020503709086313e-01
6.175009594684200964e-01,3.817634875270938810e-01
1.968750592173947045e-01,7.994298071361457536e-01
2.767341824377484993e-01,7.198976211900234290e-01
6.079807757896770193e-01,3.908095946101467488e-01
4.119354060049406074e-01,5.882283020606696722e-01
8.293082489617646658e-02,9.175769918406271319e-01
6.396588301656060960e-01,3.630117402464287379e-01
5.120762077092461118e-01,4.866214857774506242e-01
6.127410653037234090e-01,3.892186891964765638e-01
6.264849008431857547e-01,3.728888492235022944e-01
2.907387322494374149e-01,7.084101530060371577e-01
6.264269920204135200e-01,3.773736626952665096e-01
6.677191924969627657e-01,3.319655974725396197e-01
3.915182698027697139e-01,6.074158709926130717e-01
4.048914518174526189e-01,5.944538822227148911e-01
6.493275223966102905e-01,3.509979985965601679e-01
1.768358438346251740e-02,9.820030691987984284e-01
5.198264352011194855e-01,4.794779689348926399e-01
5.860932676764306626e-01,4.165217839092044128e-01
4.767117830758821895e-01,5.196833664842380740e-01
7.682279464854482876e-02,9.196607416493682852e-01
6.479097912766669243e-01,3.496707444071463500e-01
5.473078543813987562e-02,9.453291616503266548e-01
5.813794500351586736e-01,4.223174274008402174e-01
3.338246238441855418e-01,6.622656831003348454e-01
9.096153273484633428e-02,9.053690643113001535e-01
3.767796664025743203e-01,6.206576555953756680e-01
6.253009030470687568e-01,3.766244899310266514e-01
2.111770223717693018e-01,7.873707904933427981e-01
3.622457171695814271e-01,6.346976474699159709e-01
6.435194731276540070e-01,3.577041678089163401e-01
6.197026903485337856e-02,9.384600412731562979e-01
1.246573265978417472e-01,8.698909117964107596e-01
6.488193893978809745e-01,3.505287542271135481e-01
1.805203717658199480e-01,8.188228132062728148e-01
6.270907227915718529e-01,3.719531229048864129e-01
6.383618750324917546e-01,3.592433859748641600e-01
2.142895596618876186e-01,7.858537541129968496e-01
4.746500686614356368e-02,9.523514936136872056e-01
3.000991990182037550e-01,7.012523800182077771e-01
3.620606688770567350e-01,6.395911687735577056e-01
1.459151137652711476e-02,9.796505023960550007e-01
2.980497184195818328e-01,6.995563179827808398e-01
6.491657655360266732e-01,3.512593871060472606e-01
5.865662270456107885e-01,4.156589797797434205e-01
1.898891478742686587e-02,9.808140019387245889e-01
4.294482255023868156e-02,9.572287047243756009e-01
5.980317305480493950e-02,9.356270710529941415e-01
7.410451274863458226e-02,9.202708541607689252e-01
2.698848541955445324e-01,7.303008804346833305e-01
5.152323803732890284e-02,9.436784000827211916e-01
4.745269102688571272e-01,5.281582352261736668e-01
5.722908517545091112e-01,4.285524239069961050e-01
2.230300344109734934e-01,7.767649713739556150e-01
1.200877823199838490e-01,8.795605288515615516e-01
2.506126306287830285e-01,7.511440629214647391e-01
4.780045221037343972e-01,5.253364453955383651e-01
4.178794767613742134e-01,5.798947864940410257e-01
2.634252402741059373e-02,9.727992909705855951e-01
3.575370283405526761e-02,9.582497343787522714e-01
1.857257229031757106e-01,8.121399538981283195e-01
8.294953057352595638e-02,9.163579090562050666e-01
6.098773172700859835e-01,3.927665452394140666e-01
5.785475936767039418e-01,4.235998047601701177e-01
3.931950230307119654e-01,6.064731336075578350e-01
2.415448523798744973e-01,7.576676533866021357e-01
5.595469548906367718e-01,4.441209693350124943e-01
1.695186407701642084e-01,8.249494005421782461e-01
5.233622623627495196e-01,4.793611396068069297e-01
6.646018695633855167e-01,3.357303889530201535e-01
5.631811016349871357e-01,4.396462099137299351e-01
5.982113562816544494e-01,4.020424161945950203e-01
4.372144041385578328e-01,5.626389436945867795e-01
2.319200276756235302e-01,7.663532474189663768e-01
3.701753119441112960e-01,6.255921347840056601e-01
5.610684419871391215e-01,4.380941575811708733e-01
4.010418261162789766e-01,6.014612404417498670e-01
3.875734440095737754e-01,6.094501210048770545e-01
3.072855933260901784e-01,6.903525378370852783e-01
2.116885830045270034e-01,7.858807098440783179e-01
4.060350159737105558e-01,5.951210645124037635e-01
3.530676450568316915e-01,6.432734256269199147e-01
1.895070072345408918e-01,8.100094581667837135e-01
6.057527521781344015e-01,3.930776968115738401e-01
2.041205643176309537e-01,7.942434823675529332e-01
5.303881535187884855e-02,9.425071593694083205e-01
2.139096221297636380e-01,7.828035027656102818e-01
5.485050635325291468e-01,4.544230209104255791e-01
4.280483059693528380e-01,5.720978841314068308e-01
2.517810680051283945e-01,7.491126608472401527e-01
3.969944163978954554e-01,6.034113318743873355e-01
2.064934948918775992e-01,7.891810404592947137e-01
5.967512579530248606e-01,4.055843385676115576e-01
2.316216115040524437e-01,7.673963193682926676e-01
3.545563897554548372e-01,6.424368368111137428e-01
3.264881671155929199e-01,6.691640223954264943e-01
4.723435236977324703e-01,5.276138688485857431e-01
3.937527256142264731e-01,6.034539231775507551e-01
7.559800277847375516e-02,9.205031016288088841e-01
5.408914220551969132e-01,4.616930638878606330e-01
1.213598180797022252e-01,8.750382498788540353e-01
2.734642901893516442e-01,7.252162966011057588e-01
1.582683685178178368e-01,8.415795418432545638e-01
6.396760929704961018e-01,3.633222516825044823e-01
4.434047117214919842e-01,5.588773745886754796e-01
5.610009840268774806e-01,4.400142190295927569e-01
4.616477163998600197e-01,5.358845294438890905e-01
4.742987761439654837e-01,5.259446482248506527e-01
5.143990708591468231e-01,4.855695266430704038e-01
5.276106293117371893e-01,4.699859578023765638e-01
3.978614661386996043e-01,5.980118348762361036e-01
4.847779964297653510e-02,9.467595821696431768e-01
2.169799742170553658e-01,7.789022094268924779e-01
5.933139920021977820e-02,9.348972332079465986e-01
5.605850095078281914e-01,4.434406045448718303e-01
4.126768011540873221e-02,9.545098316120120829e-01
8.492411458716267458e-02,9.149514512086094342e-01
4.778124001400539944e-01,5.245771798670603170e-01
2.878336717518038546e-01,7.099374593068049633e-01
6.046014798754677511e-01,3.973404068154867685e-01
1.402640856005572638e-02,9.844290953456584781e-01
3.480924239812154819e-01,6.477334156269768384e-01
3.469620635103373707e-01,6.498247981533309403e-01
5.459805050037261354e-02,9.409778118514171563e-01
3.626452404077460390e-01,6.333001016651823578e-01
5.577031457566189454e-01,4.395412814365531329e-01
3.050230104091322114e-01,6.968035381927899508e-01
2.784502122735014740e-01,7.190448535314439837e-01
9.624378641495257014e-02,9.013570581707484042e-01
5.363315739633092161e-01,4.620647346186996796e-01
5.376366183047982528e-01,4.661553756481726096e-01
2.351073453245939790e-02,9.731427837253162627e-01
2.727464408657351846e-01,7.248409880882421552e-01
5.518600458847854329e-01,4.459361251472737653e-01
2.736114638213364356e-02,9.693798616020261605e-01
6.010194811206602816e-01,4.023849727355983119e-01
8.602110785014201177e-02,9.130314909034737969e-01
5.346182017466850622e-01,4.638868477780291322e-01
2.848452264789861910e-01,7.147112291880847179e-01
2.452715920423518825e-01,7.509690767336009154e-01
5.323515535771953244e-01,4.677151801181377855e-01
5.491769846771531460e-01,4.527274939886423155e-01
3.556186396051144727e-02,9.621439828291451501e-01
5.311141562109960024e-01,4.670164812814999178e-01
4.671176819732727470e-01,5.340465915978460654e-01
3.518725053207233389e-01,6.456868703941267551e-01
4.001108562448580930e-01,5.980656800345444113e-01
1.384639307927735541e-01,8.598898828109389214e-01
6.349313941350295254e-01,3.642879807859531471e-01
8.964710485344591639e-02,9.043031195565202074e-01
2.465987692051050117e-01,7.487482083226102425e-01
5.904139501169051174e-01,4.107488861657390133e-01
5.659736805289531381e-01,4.323885449623918742e-01
1.959635655919427788e-01,8.033488650838187528e-01
6.078639055964047966e-01,3.941028327630310413e-01
1.221377833164456056e-01,8.775980322496750308e-01
1.370850578091652727e-01,8.624483385928370938e-01
5.821235960773545326e-01,4.166894577647516362e-01
2.757622111930395636e-01,7.194682314946373447e-01
3.207934858316981441e-01,6.755773272368994498e-01
5.446577031956288950e-01,4.531665817317074851e-01
3.393647004482019391e-01,6.619610438494517579e-01
3.622489777219007889e-01,6.388468170313273964e-01
4.114712521312867688e-01,5.843073583066348275e-01
3.113529692750032218e-01,6.907270651682587692e-01
4.309667337632102635e-01,5.704203416651931757e-01
3.734420929742455764e-01,6.268509178923121761e-01
6.302745477301606725e-01,3.737925028322718890e-01
5.224746882954184324e-01,4.758768693431376651e-01
5.436797248565587715e-02,9.458017571614916186e-01
2.622706558347905337e-01,7.370535797068392680e-01
4.788320389181567327e-01,5.178470869094083939e-01
5.454214167551080239e-01,4.545771683742769187e-01
3.195934900060731776e-01,6.806929705520027296e-01
5.913363060647660596e-01,4.059342979938770912e-01
2.725638294944620621e-01,7.223360850661938448e-01
4.377627575444814623e-01,5.628298987343682835e-01
2.289757738586428726e-01,7.681683719333939342e-01
2.672375504040307437e-01,7.320087863483852875e-01
5.672970012671718631e-01,4.323833034148156784e-01
1.559566247526195659e-01,8.414535700085664649e-01
1.447081922730295844e-01,8.493532894191092586e-01
2.901978633166697463e-01,7.059632183769442015e-01
3.753047368523558802e-01,6.273687970481265364e-01
4.480559845423124909e-01,5.507639619517465945e-01
4.726680325237635483e-01,5.248095845672799964e-01
6.398317353219326598e-02,9.330549037656661326e-01
2.011200288362116062e-01,7.961640130685320171e-01
6.354003216021311129e-01,3.659923351933810909e-01
1.624860990831267921e-02,9.813570318402756731e-01
6.240118618199099743e-01,3.741349205297417879e-01
6.454700873744577683e-01,3.540238613223813946e-01
2.728523501374468530e-01,7.234420781529773414e-01
6.449775104679320581e-01,3.559031984097316137e-01
3.382095425128939792e-01,6.592295798773437632e-01
1.368231353045507026e-01,8.583731074843393705e-01
6.015109938381798527e-01,3.996189064794251622e-01
6.442787687471202007e-01,3.578628037094104264e-01
1.086856177367562376e-01,8.920084224820643559e-01
4.088737310945912418e-01,5.896148901238901230e-01
1.829440603099071194e-01,8.140278066309712957e-01
1.477787192663180538e-01,8.484498134215547882e-01
1.379866186872718281e-01,8.564055381415429657e-01
1.688192443003901644e-01,8.275260626828139232e-01
3.276478391250116640e-01,6.686036091989293606e-01
1.431290207492926236e-01,8.544968698496782089e-01
3.898641391929283384e-01,6.068766110031503791e-01
2.416869214603250549e-01,7.583982112774728668e-01
4.804220287452913851e-01,5.217540761605430344e-01
2.017195380805423544e-01,7.996846809411058965e-01
5.146532040107971717e-01,4.835972871693658415e-01
2.213504634819998262e-01,7.738708683203672223e-01
5.690552787402380908e-01,4.349657531348137818e-01
4.050914703233458036e-01,5.910996345345502778e-01
4.648063875442705606e-01,5.332249497593997134e-01
4.641435145999571743e-01,5.355468314036710975e-01
3.327445417456055821e-01,6.665047679495402777e-01
2.052738460079431282e-01,7.906033753841309464e-01
5.799665004594628526e-01,4.186864301257986476e-01
2.075636291707504411e-01,7.929831285989767942e-01
3.510056592601187853e-01,6.488979477674374774e-01
1.252052249349737932e-02,9.844569436918501060e-01
2.013959997206758029e-02,9.731630323401213589e-01
3.493383904611402913e-01,6.517140423011855699e-01
2.107368700037182407e-01,7.866071926881463838e-01
3.529240437958626186e-01,6.484437779248760636e-01
6.436123665730009158e-01,3.564881909253316827e-01
6.580223858097036804e-02,9.311243932973835014e-01
1.815127209353765703e-01,8.137085028852897306e-01
2.583845212441399641e-01,7.423443247207414109e-01
3.276729148620156074e-01,6.720588362479084088e-01
4.756980215678069945e-01,5.222235067294924704e-01
5.411403231713067807e-01,4.624028873589564048e-01
4.229378685537427129e-01,5.729669106046528793e-01
6.082849325665999896e-01,3.922296352980581546e-01
4.015134603449483919e-01,5.946319918939423355e-01
2.995566048321910424e-01,6.995457625154423154e-01
2.367713411915118027e-01,7.622670581568609105e-01
6.447521951591692613e-01,3.527997310317115276e-01
3.595972082028550121e-01,6.359215429367848227e-01
6.233547746910659271e-01,3.745586407464022161e-01
1.993486141632802855e-01,7.951256330262851391e-01
2.038589933884424610e-01,7.925198703026179459e-01
8.545506973389960237e-02,9.115191286287994687e-01
2.979040925884151036e-01,6.979077270561676594e-01
2.573011229743858430e-01,7.391441135345040436e-01
6.596357818658202254e-02,9.318159989839169821e-01
2.701776377370168625e-01,7.252243226954590005e-01
6.164417689890762386e-02,9.370896425122133833e-01
5.098530622829727799e-01,4.936602152964330026e-01
2.174292753569207620e-02,9.719244689023019967e-01
3.312715529308097318e-01,6.683308888392708313e-01
6.442970792821107739e-01,3.586972139481646726e-01
5.123047024300216856e-01,4.875679926453870827e-01
6.111149821001729543e-02,9.361283577744826667e-01
3.086990003141550920e-01,6.915674246874686792e-01
4.761877372634599204e-01,5.263258654649034529e-01
6.432999208987763007e-01,3.610706787666042583e-01
1.664111761890257057e-01,8.290929509781963525e-01
9.385537337674715319e-02,9.041826096464797846e-01
5.517212135947817675e-01,4.484648338361338915e-01
5.012976438844869431e-01,4.977180956833178738e-01
3.573938540385368512e-01,6.431927470044701556e-01
1.955412637290218636e-01,8.017567495983698445e-01
4.930910265498664735e-01,5.048692158286697262e-01
5.364361080209232302e-01,4.622014671586689438e-01
3.630421685374195517e-01,6.349576234019298493e-01
2.484575355639840472e-02,9.697824409661021106e-01
2.606749890036655359e-01,7.345087916070333067e-01
5.297842415562098450e-01,4.732510981623450075e-01
1.086264920811602364e-01,8.900644471023997362e-01
2.971765080913553736e-01,6.980750145864760281e-01
9.911503646210369223e-02,9.014662390787240298e-01
5.357619585196837786e-02,9.464717535978003360e-01
2.799489599903336456e-01,7.196582283187331619e-01
6.659814505591482581e-01,3.324517130176042334e-01
5.863377472096877874e-01,4.115311310210374440e-01
6.427775048268310476e-01,3.561117295678225547e-01
2.270870708040355346e-01,7.693744457171086681e-01
5.167196233875008538e-02,9.468255778528990030e-01
5.899238083270841315e-01,4.078295023581826051e-01
5.464389585567460683e-01,4.561314803978130383e-01
4.474652094075813324e-01,5.509666625411244745e-01
4.424562301364639572e-01,5.593345461686514142e-01
6.464562010965309025e-01,3.572057035004675973e-01
3.548722146916674647e-01,6.445560961038057091e-01
5.110665486967117532e-01,4.910847057199507204e-01
5.486412187453624245e-01,4.538765264350456685e-01
3.938337649450908695e-01,6.054778341171864753e-01
6.524220765682324508e-02,9.334956790089381506e-01
3.403725984951378458e-01,6.566532250829074657e-01
3.376340636346966129e-01,6.636015226859809379e-01
5.943239523909858990e-01,4.052507325140737859e-01
4.385834411532312238e-01,5.623868027481696563e-01
9.042063707691493091e-02,9.058124097791985241e-01
1.206082134889489843e-01,8.742137560692226916e-01
9.769845136030270993e-02,8.989920454044323384e-01
3.423372373587584838e-01,6.549718153860917269e-01
5.496004634687992607e-02,9.389432686206485856e-01
1.617372342223258597e-01,8.376319440986547127e-01
1.979351060038671839e-01,8.016288866550468351e-01
1.794886635013847875e-01,8.215541781838210378e-01
5.777127935729756136e-02,9.379382527898726396e-01
1.347355583004644364e-01,8.659626975207480593e-01
6.177762667189489187e-01,3.838315506872372329e-01
2.517647462851292373e-01,7.482825238755193009e-01
1.567267047049108186e-01,8.430045951916316227e-01
4.856668352979994219e-01,5.113399753332819042e-01
5.963038067915976681e-01,4.030339507955855161e-01
5.688384458702260005e-02,9.398712653731798872e-01
5.778173454614475846e-01,4.219054107162089617e-01
6.394663471110155761e-01,3.634847532336007436e-01
5.664507566129070026e-01,4.322848162313950859e-01
3.768422476560595036e-01,6.231078955242860262e-01
4.143794407455105300e-01,5.823130454118056187e-01
2.830804174611882273e-01,7.146117269999745503e-01
5.802343534553929816e-01,4.170801550867205276e-01
2.186187844715733186e-01,7.789477784653130454e-01
6.235167999163756525e-01,3.767228682520891714e-01
4.828897117388885052e-01,5.179057161759051953e-01
1.817492415463871080e-01,8.195047121897093279e-01
6.445228652268694680e-02,9.353144650631726176e-01
1.004862775803081892e-01,8.971764554692275295e-01
1.874558868707948689e-01,8.138475638754935071e-01
4.741847344126989827e-01,5.257584103952136489e-01
6.639241873787248283e-01,3.393703098520103323e-01
5.076582336115841310e-01,4.918747454675220787e-01
4.496436479453955193e-01,5.521755727363322208e-01
2.290768378868149047e-01,7.686763401808075491e-01
3.142192168099933736e-01,6.877193279246434088e-01
5.489211612160334042e-01,4.483594977808277871e-01
1.184078086539187696e-01,8.822198317387657251e-01
1.193455443094810497e-01,8.756358367049743574e-01
6.276116267920213432e-02,9.339511789296355282e-01
3.044577768196822243e-01,6.948276985745788226e-01
4.846828235627348991e-01,5.155220428761664309e-01
2.991832999455745212e-01,6.978862325340023931e-01
6.436610216387808614e-02,9.318362572795372278e-01
1.357794742112030661e-01,8.602789591459415464e-01
1.476363584620623837e-01,8.523613304704802385e-01
3.762089034774788177e-01,6.213810936077766023e-01
2.485337491622124639e-01,7.482602613410275216e-01
6.569598484027775465e-01,3.451415447642460776e-01
6.321498385967172506e-01,3.665427990780311118e-01
4.873739154342077162e-01,5.135057408986450911e-01
1.287459586389407551e-01,8.684087182427931983e-01
3.190297758722376170e-02,9.647554970688911880e-01
5.966541154994617902e-01,4.009883557868602622e-01
4.958135303765954238e-01,5.055562257288944705e-01
4.423393797616143597e-01,5.603007842190342869e-01
4.322281921000260541e-01,5.673473584410937409e-01
4.358780833274102928e-01,5.658617711496229941e-01
4.360591899148138495e-01,5.636648936525670006e-01
3.405911645955219669e-01,6.575962721079594564e-01
6.376269318188146906e-01,3.640649301282974926e-01
5.546770678871173477e-01,4.438540580480005437e-01
4.478641824812450156e-02,9.512770038164067854e-01
2.091355553303463066e-01,7.863764507616840538e-01
4.511688472327439470e-02,9.514788369442706006e-01
2.982671701719444846e-01,6.984716287120542599e-01
3.538458784335474228e-01,6.459353787427892790e-01
6.325644003093070511e-01,3.699424185046073510e-01
6.571979713733957507e-01,3.413821689627813405e-01
1.130415401709056467e-01,8.814679050858108544e-01
4.307887415545548493e-02,9.507170350238646206e-01
3.065125083337177370e-01,6.888619060171281561e-01
1.483466064895973546e-01,8.460334304199356170e-01
2.759073061200549848e-01,7.253013818156381909e-01
6.004232185741611438e-01,4.019123035217952999e-01
3.541383656072891739e-01,6.443257935704431727e-01
4.141748678960290309e-01,5.877836839091112875e-01
1.685412111541468444e-02,9.786978183973157330e-01
2.141135762318935043e-01,7.817445768685864493e-01
5.656255499730012959e-01,4.375570282268501088e-01
5.589735160116943158e-01,4.380741910149865137e-01
4.171878333762574220e-01,5.842534881323494522e-01
5.529613435379824304e-01,4.468225271275337862e-01
2.703119543767155686e-01,7.270955264548973895e-01
2.484598276708049058e-01,7.489526027132422659e-01
1.300536266898479065e-01,8.658487615358583245e-01
3.376645220227952882e-01,6.582684235097500114e-01
5.901529985967228775e-01,4.104616133676728951e-01
1.871901797477942553e-01,8.107010403022381073e-01
3.628195002096724631e-01,6.349234334355002840e-01
2.735689732086369341e-01,7.214741708827029365e-01
4.566665829876987437e-01,5.433774804368732836e-01
8.972666257211825425e-02,9.042672024050467661e-01
3.952654441206873148e-01,6.038282215422078325e-01
3.086234688525604231e-01,6.912107463242472827e-01
3.644973148415845965e-01,6.364632900980902175e-01
5.527310719432330099e-01,4.459615078186559556e-01
5.748759619210758176e-01,4.245391089294373033e-01
5.002114317756508610e-01,4.962756368887037972e-01
5.641016788421502337e-01,4.339126276864150311e-01
4.581288735424460801e-01,5.392057153818092807e-01
5.766816476058558294e-01,4.240400657095284576e-01
2.978176886323454786e-01,6.974617368280378038e-01
4.636522998401819140e-01,5.389659917863633964e-01
3.786231604027021636e-01,6.232637772522279240e-01
4.601862601092692739e-01,5.368767700692939071e-01
4.714929391948610160e-01,5.277704841147784487e-01
4.372842762872376499e-01,5.646539738866014346e-01
1.544079644973171683e-01,8.465004594863868581e-01
3.335056710847381645e-01,6.675952788281085404e-01
9.164197523792111388e-02,9.090166653742415281e-01
5.757468761770412335e-01,4.283275166772467224e-01
1.054970617142192701e-01,8.883810239431884082e-01
5.715958188645894333e-01,4.318234148381989712e-01
5.296857593363942796e-01,4.709855400267291548e-01
9.470346700629470038e-02,9.055630524470890119e-01
3.349714398664261905e-01,6.612623984711215597e-01
1.456745859710153468e-01,8.510334333962327191e-01
4.311399939715451768e-01,5.686062158107778597e-01
2.316794050942797834e-01,7.684309019718530420e-01
2.218412917247388760e-01,7.730865486895184269e-01
1.738013326742112452e-01,8.238421988625656001e-01
3.580549657167072519e-01,6.432244363820198707e-01
1.714778830425011114e-01,8.260796656137061600e-01
4.839115420319500815e-01,5.166866426544516333e-01
1.413735155252256459e-01,8.571250709315972882e-01
5.976088612390857424e-01,3.996482432839889021e-01
4.067589656832871770e-01,5.933384500469192080e-01
1.721932171087360020e-01,8.243634035185094522e-01
2.708480254394980413e-01,7.306765240116654958e-01
2.846069271855495852e-01,7.135313376998888568e-01
5.527568762271475311e-01,4.486366174338466961e-01
2.562580578024955535e-01,7.450732222433261720e-01
5.636787801433400524e-01,4.362789066377999458e-01
1.020701807975835235e-01,8.934852272113203986e-01
1.587726465056283620e-01,8.383383804018785801e-01
4.358041062388378073e-01,5.629841155154178267e-01
5.834510511146521194e-01,4.170417340776005344e-01
6.314957563830078113e-01,3.662166056638065381e-01
6.667498318906877053e-01,3.379924996844873020e-01
1.082353217017534841e-01,8.898508969576012229e-01
1.256649180478007499e-01,8.716267076441281958e-01
2.175444704392296424e-01,7.776497376219582147e-01
1.327522372229935910e-01,8.639022178184910805e-01
2.694701247583081161e-01,7.317879235614930256e-01
1.037807038780250574e-01,8.949832361333984743e-01
1.645275388961400242e-01,8.324380582601557110e-01
3.200599401761125007e-01,6.807355493189714002e-01
6.514595410602987968e-01,3.481341595963003410e-01
4.949040153803094255e-01,5.063159208175700421e-01
5.257728950682758473e-01,4.726137116575211405e-01
3.066989779703009344e-01,6.925285206238809277e-01
3.725425729900715410e-01,6.253351731866356733e-01
2.803625455533668709e-01,7.190585251160530600e-01
2.528310872076732774e-01,7.438779380868035807e-01
2.641132173480179035e-01,7.326716175712437717e-01
8.147165027703207052e-02,9.135877049768099667e-01
2.186314589819185750e-01,7.787839999634970090e-01
9.681724501837815633e-02,8.998607048249166462e-01
3.575209412375951468e-02,9.636408498111975751e-01
8.696830235096161821e-02,9.084328983745093566e-01
5.679605663178691199e-02,9.401534306153103149e-01
6.513306098749144235e-01,3.470431983070442206e-01
1.530349745212921109e-01,8.461406024191764352e-01
2.486662093473421820e-01,7.462338563515251710e-01
6.386686007773346718e-01,3.657027270365398319e-01
4.982660735104568750e-01,5.021361500793486421e-01
6.412644833302988401e-01,3.616516748708835660e-01
5.581015492520775556e-01,4.442719582957931346e-01
1.146909651608230274e-01,8.807981592122782200e-01
4.792017047026386201e-01,5.185426073581345108e-01
3.407410020581798094e-01,6.596132362958158080e-01
3.530705176617282004e-01,6.439572475198540591e-01
1.248196732406467585e-01,8.746382062852283701e-01
6.213537476944552829e-01,3.807241189053503505e-01
1.186415835926260820e-01,8.803482284385557577e-01
5.541669834622390267e-01,4.479031643859670009e-01
3.609163756502333786e-01,6.389827635286264851e-01
4.470687112259504326e-01,5.557684125727476721e-01
4.430133038717845584e-01,5.578512479913416700e-01
6.078993518398260187e-01,3.949785723970830609e-01
4.807939426341750755e-02,9.453031692033506683e-01
4.257133494844046462e-01,5.701749547740816437e-01
1.306467891798218095e-01,8.677287002166372831e-01
5.760704553290698637e-01,4.273689271189369809e-01
2.706720143964393421e-01,7.249021618804409872e-01
1.866208196073529391e-01,8.085763872423167298e-01
4.471202853673338362e-01,5.493162726559789322e-01
5.695374573734757195e-01,4.286142915079204641e-01
3.695154133521315054e-01,6.291016454745644859e-01
1.331202945960317519e-01,8.630544773153202565e-01
5.559714236377678587e-01,4.472910705774289508e-01
1.957379486469005558e-01,8.051617501258594434e-01
1.087891148823182941e-01,8.865543092686780646e-01
5.322214255402309968e-01,4.699147888967044606e-01
3.929610171988102696e-01,6.049626455139592851e-01
2.132993722855258331e-02,9.718016436874153952e-01
1.226040275946059382e-01,8.764113184320568850e-01
4.297114775557215327e-01,5.668360698202322689e-01
4.490186367854053229e-01,5.541524242611218787e-01
2.801587595055444746e-01,7.148692738494786258e-01
4.507758718917568297e-01,5.487058772583819355e-01
4.398205559736751979e-01,5.571133079413195244e-01
1.088041878117760042e-01,8.855139506481751743e-01
2.019233944241345668e-01,7.927220335878896185e-01
4.181195444078176227e-01,5.827133704330146324e-01
5.796833482341973154e-01,4.186331611954164367e-01
5.298813858183352155e-01,4.689409743123513774e-01
1.587270989459909909e-01,8.415067575000447775e-01
6.003254893508411794e-01,4.007132782792502401e-01
4.754159973859471977e-01,5.265112314878378497e-01
5.621091340723484153e-01,4.416929564762045457e-01
6.377912053414827032e-01,3.621908999717937672e-01
1.594555905601312273e-01,8.400939036458479059e-01
3.292461397988507010e-01,6.699970515695512496e-01
3.150457745057737013e-01,6.836706463695078062e-01
1.286204288687435582e-01,8.703827256194108797e-01
5.844100701028063227e-01,4.161750430769667886e-01
2.822706279914822813e-01,7.127110959314194583e-01
4.592792171844493898e-02,9.501803632389816956e-01
5.725709567878048967e-01,4.307611234313919457e-01
5.828298647395214749e-01,4.152764833384359755e-01
2.754205538478279314e-01,7.221160814878194723e-01
9.848170044684700919e-02,9.014187930439691021e-01
2.201244047202844528e-02,9.712406931750313666e-01
5.395826256242673979e-01,4.622641169000639150e-01
1.772107557614887308e-01,8.200064665160098354e-01
5.726384143170826224e-01,4.263604178544985190e-01
4.842124333557064342e-02,9.481804084628340235e-01
1.689388588763612864e-01,8.316759778607025755e-01
3.228528559983770974e-01,6.779327308051433798e-01
5.270633101770092477e-01,4.743184227190706537e-01
5.310720615399485700e-01,4.703204535812995357e-01
2.756242198834515378e-01,7.259156064803208297e-01
3.955206046081278792e-01,6.014937679616265687e-01
5.992527972978256567e-01,3.990278637476100121e-01
5.360189973882127923e-01,4.667358730270007583e-01
3.854257274350392226e-01,6.171514163293849720e-01
8.294727902275103593e-02,9.104784347003839207e-01
2.154314290537280852e-01,7.837525079542206896e-01
6.573876270610266026e-01,3.430507106210559098e-01
2.602648376739760683e-01,7.399675900747487711e-01
6.577451297723605483e-01,3.432492900064619823e-01
2.892176223463052143e-01,7.085182306546029540e-01
2.117709862458456993e-01,7.887920303137346822e-01
7.164010869268708226e-02,9.249926397031352776e-01
4.194496401147587150e-01,5.799981586022144864e-01
3.540206010985691432e-01,6.415307594333187202e-01
4.564110598688526088e-01,5.423550082876456013e-01
9.442668794107521302e-02,8.996817174100500969e-01
6.323720072635482525e-01,3.717132972948096747e-01
4.717902176527749014e-01,5.249699462802567274e-01
4.426156190379604283e-02,9.489306198996991792e-01
6.406958322716080900e-01,3.617649075884851739e-01
1.198023728550363792e-01,8.770654583904303747e-01
2.665890822987638242e-01,7.299907052900183047e-01
3.131858680289070773e-02,9.637890433975571103e-01
5.097221788355508210e-01,4.929407336899715997e-01
3.354836880965241797e-01,6.640420069384226354e-01
4.696635003683892196e-01,5.271947390088768115e-01
3.116936801185123396e-01,6.874231442087105348e-01
2.950912550913740162e-01,7.042906038656413514e-01
5.776499845186264803e-01,4.236150531096704031e-01
4.012170599429505935e-01,5.944901376863328535e-01
3.913776707700291069e-01,6.045660185081086491e-01
3.155481751168659477e-01,6.801494505984856387e-01
5.608001012496645066e-01,4.414748990311734844e-01
2.941326820348080240e-01,7.053537947463075497e-01
4.652118558632609702e-01,5.347652003615327443e-01
2.159771827876695305e-01,7.792125319849010356e-01
6.665466156833141920e-01,3.353636286598041805e-01
4.609292747590352790e-01,5.355565576239027514e-01
5.522960804441676697e-01,4.476998308399716686e-01
4.539685388971547719e-01,5.442816479356550330e-01
2.930036026052280640e-01,7.033527290026977408e-01
4.872096493126627792e-02,9.466519146300439447e-01
5.170882828352559857e-01,4.850202732650079618e-01
6.518168720598613852e-01,3.489230075804645725e-01
1.397852646386391895e-01,8.556772547225727221e-01
2.299031099379853296e-02,9.745623276228029264e-01
4.834166071319842550e-01,5.174268254808314094e-01
4.842961404125938341e-01,5.182587933192006613e-01
3.246114143643425431e-01,6.755186203191277938e-01
2.965027041450485346e-01,6.994239860298216982e-01
2.689787453520652294e-01,7.302210042968485526e-01
9.031703795568186977e-02,9.052319747933442740e-01
2.388264704433306629e-01,7.610754720944677976e-01
1.313740869478359774e-01,8.684953468925298292e-01
6.114602318646696899e-01,3.900381511228831477e-01
2.900163735443744839e-01,7.111688525439099351e-01
5.493794836921358504e-01,4.510697943911550212e-01
7.217918932349265404e-02,9.255638875212958139e-01
2.327172274015186226e-01,7.621149146605138425e-01
5.696915555461672109e-02,9.428887132259823334e-01
4.621288414553185731e-01,5.369521680553597243e-01
1.239200119675448047e-01,8.718060841410685269e-01
5.760386243300270603e-01,4.239289336090579785e-01
6.214438630657554974e-01,3.759737978619678289e-01
5.544761745531272545e-01,4.450233286308707958e-01
2.204068047044717149e-01,7.745774473719619913e-01
4.050919931069971169e-01,5.976664389602064364e-01
8.469716783902685175e-02,9.103459773458190130e-01
2.656053365962204871e-02,9.688764251695711760e-01
2.653550602474032960e-01,7.302060037116028246e-01
7.435694150656510515e-02,9.210317685270034138e-01
6.276849198587163003e-02,9.354799808519883575e-01
1.883582945713000167e-01,8.084140591248558660e-01
1.992003146611852071e-01,7.959864009589453504e-01
4.297371328946902880e-01,5.696641970712970071e-01
2.396635100310105515e-01,7.618672859055410918e-01
4.562314950404389169e-01,5.446860306117585759e-01
8.748875419840083933e-02,9.079071623862720042e-01
2.674626839874988393e-01,7.330332052939041443e-01
2.832913227066593542e-01,7.138973959743227793e-01
3.265823592651282969e-01,6.756773816205103866e-01
6.522513973409742594e-01,3.468716325976005099e-01
1.943835774120928617e-01,8.000999021680662571e-01
4.288642800665916632e-01,5.689383595075686584e-01
1.270654234029682805e-01,8.687953503889203066e-01
7.046485422452258840e-02,9.270365905058499667e-01
5.669383550228096480e-01,4.344485588297219425e-01
1.632326014863870467e-01,8.375671685014768331e-01
2.582836884063835492e-01,7.402307451961818163e-01
2.375556617475678145e-01,7.594804349203356786e-01
3.921039217817017669e-02,9.544633753578797286e-01
1.015865706248721551e-01,8.933854402120244842e-01
3.292996447802981619e-01,6.708418326162295386e-01
5.590979656137751164e-01,4.417606421066230804e-01
1.513998607222235421e-02,9.814419922784329842e-01
3.598051156061641415e-02,9.618460579080143624e-01
5.175958112787932830e-01,4.832710256029260076e-01
2.622880233846330844e-01,7.349060753137540702e-01
2.076371464687927770e-01,7.901687381523500031e-01
7.823817707516034226e-02,9.160941516643195115e-01
2.878065217827787681e-01,7.083742700974479112e-01
9.738733842858204870e-02,9.004063373122216385e-01
2.661642056780937904e-01,7.290906056266996949e-01
2.005117996057776200e-02,9.781799650143601088e-01
1.916440506927093723e-01,8.029527153859883359e-01
5.829562133102231813e-01,4.170937999793087880e-01
