6.902953001275053957e-01,3.097046996578805000e-01
8.992696127718572408e-01,1.007303874730497012e-01
9.545262946552934835e-01,4.547370509815020639e-02
5.415423251886211098e-01,4.584576753195493959e-01
5.425161912791035546e-01,4.574838078797620611e-01
8.083605993570135428e-01,1.916393996066569072e-01
6.820531916771048753e-01,3.179468072855824445e-01
5.535166886879419046e-01,4.464833124925148833e-01
7.782090129867500483e-01,2.217909853469813286e-01
5.116729802677462136e-01,4.883270178835206199e-01
9.051477446829077067e-01,9.485225342383440950e-02
7.619680480034867198e-01,2.380319539348229596e-01
7.371404156153971154e-01,2.628595865053510172e-01
8.342313592823533686e-01,1.657686384554126757e-01
8.721911986531200034e-01,1.278087986665626119e-01
9.468298603048406203e-01,5.317014264149775432e-02
8.860878444412960686e-01,1.139121588483812536e-01
5.387205634744486327e-01,4.612794331020265148e-01
7.559271352667003008e-01,2.440728685317658797e-01
6.169110111319929812e-01,3.830889846069621130e-01
5.821904437571721047e-01,4.178095516055493897e-01
7.695013040805457338e-01,2.304986912083373807e-01
6.988060916779480491e-01,3.011939132431524779e-01
8.963805856752457002e-01,1.036194194862871953e-01
5.392026674505000505e-01,4.607973379397276026e-01
7.352669099369663064e-01,2.647330955355871596e-01
5.874766839380327621e-01,4.125233105657276633e-01
7.682504445100577506e-01,2.317495499548755944e-01
9.450306554719445362e-01,5.496935026690791259e-02
9.333179300470602069e-01,6.668207583601522270e-02
7.506126823631850131e-01,2.493873107000410261e-01
8.523397753154562384e-01,1.476602317016316168e-01
7.365998432674538687e-01,2.634001638125900713e-01
7.056720197862610400e-01,2.943279729780240439e-01
8.796032079892714961e-01,1.203967843682936939e-01
8.657023712978421104e-01,1.342976364382364174e-01
7.948617646363604905e-01,2.051382432244640841e-01
7.765534143939272216e-01,2.234465935705174100e-01
6.106897966358579843e-01,3.893102116612129349e-01
5.668541347076530013e-01,4.331458567153770867e-01
8.490603685617579277e-01,1.509396403286369370e-01
6.392044789790315429e-01,3.607955299519713943e-01
8.686301412396189026e-01,1.313698497888059202e-01
7.082320861869353390e-01,2.917679040963045978e-01
8.198621816466586942e-01,1.801378281120943892e-01
7.931382070372541282e-01,2.068617830957666937e-01
6.735656992910992180e-01,3.264343107809405953e-01
8.909070808912402661e-01,1.090929294795972004e-01
7.228637785504117286e-01,2.771362109742981916e-01
5.187655208281161112e-01,4.812344900513436663e-01
6.696637406611274379e-01,3.303362702396046013e-01
5.975083559775223874e-01,4.024916552530565239e-01
7.948512449945472902e-01,2.051487662960287950e-01
9.567016575827103075e-01,4.329835393779425667e-02
6.810052474605077233e-01,3.189947640757720970e-01
8.770521100439738760e-01,1.229478775328920609e-01
9.116879815088637651e-01,8.831200581143451578e-02
5.137071585244977756e-01,4.862928543937782289e-01
6.626559929623725420e-01,3.373440200823026869e-01
8.179915195405333961e-01,1.820084938606463254e-01
7.603965894699372674e-01,2.396034239818841949e-01
7.243225631262102393e-01,2.756774504021144434e-01
5.689707638351885199e-01,4.310292499650046349e-01
7.953726563396270599e-01,2.046273575447729864e-01
5.519257419723447855e-01,4.480742441326093228e-01
9.477628342626898128e-01,5.223715182556443182e-02
6.630385319084135531e-01,3.369614540865863428e-01
7.481041013665905570e-01,2.518958846226646009e-01
7.119229602728616157e-01,2.880770537899665640e-01
6.051139712200317433e-01,3.948860429347199608e-01
6.144065945458254685e-01,3.855933911238055845e-01
5.529258828150576122e-01,4.470741316359240769e-01
5.384205108863314715e-01,4.615794744687624074e-01
8.559590280463518219e-01,1.440409867111809294e-01
9.637749791455419990e-01,3.622503578276161512e-02
6.466142477527186960e-01,3.533857373056528139e-01
5.573999509296639898e-01,4.426000642466232926e-01
9.654772267883677817e-01,3.452278857769964376e-02
9.224985896086705939e-01,7.750142591153678928e-02
5.149727324336156320e-01,4.850272833045909948e-01
9.553363836845492063e-01,4.466360013975253368e-02
8.022220052111781463e-01,1.977780121999077878e-01
8.729846885316496774e-01,1.270153292416245083e-01
5.836886054561047921e-01,4.163114128704858974e-01
7.568332430936757227e-01,2.431667753531799592e-01
5.961956605897431594e-01,4.038043207730849793e-01
9.172720248976415913e-01,8.272795639411191504e-02
8.991247232591724758e-01,1.008752579061804044e-01
5.195913797696359859e-01,4.804086012689569585e-01
5.721279184763296000e-01,4.278721009257395735e-01
8.601822429848029472e-01,1.398177764650070931e-01
5.054097143739203490e-01,4.945903051031365627e-01
8.390772048813652795e-01,1.609227754265584731e-01
8.205394298001302822e-01,1.794605901105246759e-01
6.766757636552799271e-01,3.233242164115595618e-01
5.510537122755645445e-01,4.489463082882135803e-01
8.740219460979073984e-01,1.259780747136237944e-01
8.909179209820985434e-01,1.090820579286824049e-01
8.046709254845143544e-01,1.953290532866294449e-01
5.519088546103614323e-01,4.480911667451495384e-01
5.378000003960810016e-01,4.622000211593036423e-01
5.637980856425146570e-01,4.362018924299388423e-01
9.155498733105222886e-01,8.445010465078758854e-02
6.464475007758816449e-01,3.535524771502820962e-01
7.227232702440792300e-01,2.772767519888148513e-01
9.351795545955112754e-01,6.482042297093297545e-02
8.274652082305371525e-01,1.725348144813095008e-01
6.235372741264219032e-01,3.764627028579740076e-01
7.873852067265199040e-01,2.126148163828907867e-01
8.907920485439213554e-01,1.092079747150152408e-01
8.228432115053678775e-01,1.771568119254668117e-01
6.246561141630762037e-01,3.753439093614374666e-01
8.124776451980459946e-01,1.875223312639082429e-01
9.150230354213810813e-01,8.497698813276204077e-02
9.706569422045396855e-01,2.934303383642196048e-02
7.356725982171838929e-01,2.643274260298114076e-01
5.797078659411418755e-01,4.202921096715332983e-01
7.368218248467964804e-01,2.631781995591437329e-01
5.131782561977622503e-01,4.868217188117514027e-01
5.790591222487757594e-01,4.209409030644036820e-01
8.334858188486462538e-01,1.665141554041223992e-01
7.666077571987831574e-01,2.333922686941245772e-01
6.870397949115761849e-01,3.129601791429675317e-01
8.104500040835845853e-01,1.895500224023163593e-01
6.757203030747218619e-01,3.242797234324240607e-01
9.059618694449276255e-01,9.403815716483618359e-02
9.015977397163372764e-01,9.840223364487378499e-02
7.358158551377577128e-01,2.641841715619575592e-01
7.037411883743905916e-01,2.962588387153758385e-01
9.663826920941264165e-01,3.361728075199881677e-02
7.917366069439628617e-01,2.082633652831263893e-01
8.965872045015466085e-01,1.034127675596229479e-01
8.454633204895962706e-01,1.545366512477552023e-01
5.025611818717878876e-01,4.974388465838598949e-01
7.881609794512273170e-01,2.118389915675618906e-01
7.333484748677648879e-01,2.666515541536474965e-01
6.076085768490033789e-01,3.923913938265685686e-01
5.038744607647449580e-01,4.961255094722817893e-01
7.747341198510466764e-01,2.252658495446904496e-01
6.023055107522273799e-01,3.976944586305748985e-01
9.597873060538451018e-01,4.021272467812128659e-02
7.658293746604361019e-01,2.341706563277766717e-01
7.460073834583067498e-01,2.539926476226598284e-01
9.301429005812431594e-01,6.985713168521674732e-02
6.259646523533370921e-01,3.740353152932339720e-01
9.695698967084960262e-01,3.043013580173064073e-02
8.816835889751049038e-01,1.183164437310183364e-01
6.710923885775574860e-01,3.289076441370937243e-01
6.606660171421268046e-01,3.393339498277855859e-01
6.837111819748322716e-01,3.162888516603867273e-01
7.699486580959183923e-01,2.300513080614185746e-01
6.980587569394367531e-01,3.019412091366344697e-01
9.461267832955770896e-01,5.387325079100127589e-02
7.138640044156278064e-01,2.861360310861992828e-01
5.525524470119903553e-01,4.474475174249841203e-01
7.168242342939392664e-01,2.831757294677416659e-01
8.817668718732558641e-01,1.182331644111544455e-01
7.261862414674087329e-01,2.738137948464108851e-01
9.562622901971991052e-01,4.373774629961064975e-02
9.318093503787566734e-01,6.819068624778050480e-02
7.613152770318160067e-01,2.386846860831284001e-01
5.862086457866034772e-01,4.137913913936019927e-01
8.236804512214703777e-01,1.763195103287929222e-01
8.590013533227770504e-01,1.409986851584726641e-01
5.571408519649150293e-01,4.428591865785358461e-01
9.617641481026035777e-01,3.823581329231220266e-02
7.311044959148688127e-01,2.688954650550084979e-01
6.082727583605374022e-01,3.917272808331575540e-01
6.357974570695430483e-01,3.642025822673998769e-01
7.681748052915449154e-01,2.318251553060351466e-01
8.643614396118206589e-01,1.356385209115763268e-01
8.028732957827007244e-01,1.971267437474291950e-01
7.091638497508839789e-01,2.908361105758792697e-01
5.821546805974207039e-01,4.178453595846570168e-01
7.113873724207262494e-01,2.886125870408823846e-01
6.265060007405537368e-01,3.734939583912171290e-01
7.419864278936821878e-01,2.580136132905090363e-01
6.614285705812915639e-01,3.385713880183642277e-01
7.569463880642168796e-01,2.430536534774210000e-01
5.030416001576072382e-01,4.969583582596432958e-01
9.484546608289681213e-01,5.154538077009838959e-02
5.041201263226705587e-01,4.958799154437616985e-01
8.863052989253022984e-01,1.136947434728519529e-01
5.160216495640455037e-01,4.839783928893146014e-01
8.162910111133262481e-01,1.837090313419919019e-01
6.551004443019692314e-01,3.448995132385598295e-01
9.580995078218694783e-01,4.190044958358888488e-02
7.115628675973700856e-01,2.884370896073304991e-01
7.935796745144731990e-01,2.064202825561975707e-01
6.027856264017757981e-01,3.972143305950034398e-01
5.620528167736839054e-01,4.379472263355730366e-01
5.896189117374744937e-01,4.103811316810204168e-01
5.346885573107679201e-01,4.653113990876822093e-01
6.952033437755592571e-01,3.047966998334454281e-01
6.594075074005368853e-01,3.405924489364360874e-01
7.777199684147110270e-01,2.222799878256696005e-01
8.130358520840248460e-01,1.869641041018523242e-01
9.613500621222553777e-01,3.864989387759214245e-02
9.234846768192844779e-01,7.651536722822575853e-02
9.669040956615603255e-01,3.309586009164716680e-02
8.166200890417198988e-01,1.833798666740914241e-01
5.750754372705448869e-01,4.249246070415316767e-01
5.442491119197444549e-01,4.557508427620678981e-01
5.570258608189675442e-01,4.429741847010091327e-01
8.623395006542873276e-01,1.376605458550142769e-01
5.908505074239871480e-01,4.091495390930771081e-01
8.025801071525505703e-01,1.974198462847188973e-01
5.142310576832214153e-01,4.857688955839750133e-01
8.022678384085020209e-01,1.977321147448669325e-01
5.340393008068186065e-01,4.659607463276217998e-01
6.848127680628010028e-01,3.151871846434045055e-01
9.012013870377221236e-01,9.879856565792256851e-02
6.874413383370663322e-01,3.125586142109651466e-01
5.640895764102519250e-01,4.359103757166315485e-01
6.036898902426935942e-01,3.963100609045455136e-01
9.573676046131721629e-01,4.263244424713485969e-02
5.964926293549311920e-01,4.035074195776384154e-01
9.011619081587232127e-01,9.883804245502947339e-02
5.101677310980863300e-01,4.898323183989166107e-01
7.272813066767955803e-01,2.727186437875730451e-01
7.566107452885573181e-01,2.433893050498187605e-01
7.681997382796343921e-01,2.318002113191443558e-01
7.385315620762828992e-01,2.614684883578284880e-01
8.721257501841112036e-01,1.278743002680752805e-01
7.628248214090009860e-01,2.371751278157510356e-01
8.255298548192325780e-01,1.744701959811464365e-01
5.834956408718907639e-01,4.165043083157565773e-01
7.479150270548953205e-01,2.520849220834938675e-01
8.393336904583450497e-01,1.606663606432408853e-01
6.990201041032491069e-01,3.009799471327896936e-01
9.303357356018107094e-01,6.966421271012654404e-02
9.308549909109924414e-01,6.914506153342413197e-02
8.621952593476835958e-01,1.378047936705715237e-01
9.336813339416052404e-01,6.631871911750568394e-02
5.467030692883668719e-01,4.532969842034141883e-01
5.216158661898604443e-01,4.783841873378976151e-01
5.209541501183384549e-01,4.790457963181495860e-01
7.976323901300436114e-01,2.023675560262310491e-01
7.972655229742320326e-01,2.027345311011568840e-01
8.972090966332937345e-01,1.027908491152550591e-01
8.915686625955967504e-01,1.084312831136208244e-01
5.471699473233782030e-01,4.528301070388580096e-01
9.362490602636188708e-01,6.375099423125153708e-02
7.430526850651075765e-01,2.569472604284511741e-01
6.018966540889617578e-01,3.981034007445728995e-01
7.717158899411172834e-01,2.282841649926013461e-01
6.292451695131831002e-01,3.707548855302087998e-01
7.549691361411381418e-01,2.450309189519788433e-01
6.149890847811447792e-01,3.850109703235868319e-01
6.993875967031472074e-01,3.006124584346635542e-01
7.019503071565299512e-01,2.980497480959948819e-01
6.497996914644038613e-01,3.502003645877331262e-01
8.421567685444046880e-01,1.578432875711878736e-01
7.781685308374735044e-01,2.218315255236250061e-01
6.918748727492235462e-01,3.081250703981587846e-01
8.501572664236265453e-01,1.498426766759983209e-01
9.655614702219348366e-01,3.443847284839099410e-02
5.437141561361608089e-01,4.562859009026432044e-01
5.995701301887017554e-01,4.004298124202661513e-01
9.443247435119190847e-01,5.567531389556773513e-02
6.001505175653439883e-01,3.998327648830061198e-01
5.564068119642006094e-01,4.435971941473982882e-01
7.388812046348034457e-01,2.611494344162212378e-01
6.125261118180175268e-01,3.874752961015527908e-01
7.655921288410373338e-01,2.344285259084569473e-01
6.111152699169118963e-01,3.888908469552887492e-01
9.552513442372290164e-01,4.478891660502748451e-02
6.810895864942947409e-01,3.189197530687884474e-01
6.074441662057383784e-01,3.925705095293270941e-01
5.373450190117361469e-01,4.626535230071119886e-01
7.821335545390442068e-01,2.178649076394028328e-01
9.680540450653618567e-01,3.196889083782000068e-02
7.713596701379086262e-01,2.286332934021129693e-01
8.737003935696301404e-01,1.263329386116296971e-01
8.511722845628921785e-01,1.488287133819880537e-01
7.271530307041826902e-01,2.728641253219355467e-01
5.990448649595347952e-01,4.009654536862415353e-01
5.085141876835954644e-01,4.914844503595996450e-01
6.647309023414530449e-01,3.352653739275569533e-01
6.808779685648264079e-01,3.191308202121942994e-01
6.183062961753018616e-01,3.816892595426054080e-01
5.350668745285209749e-01,4.649321758588080278e-01
8.484043670794596537e-01,1.516215133404816839e-01
5.369430489303894660e-01,4.630465417704996978e-01
9.645280883624107737e-01,3.548049743545281937e-02
6.829352723005384096e-01,3.170630888858573249e-01
5.594144449453829493e-01,4.405738279573425675e-01
9.081229403908999132e-01,9.187805262277469465e-02
9.047079166824064655e-01,9.532443858835949746e-02
9.592855514972993269e-01,4.074646989978180506e-02
6.112729744290523737e-01,3.887124506017503589e-01
7.861006115012558748e-01,2.139281230779937204e-01
8.802209732366930162e-01,1.198130308208262829e-01
8.555965883047000897e-01,1.444023978515157625e-01
9.596978493928620679e-01,4.032614688075348425e-02
5.757563318514999917e-01,4.242656961391160220e-01
6.802809076167294355e-01,3.197233176765877927e-01
7.242634385080805037e-01,2.757424842949877108e-01
5.080845002624136963e-01,4.918943827648610267e-01
5.028072166302488544e-01,4.971995862275516154e-01
8.734704291308341695e-01,1.265450823742203801e-01
9.574007202844727615e-01,4.261228308842166662e-02
9.455859975354725666e-01,5.444454662684888174e-02
5.593549322162840731e-01,4.406383530364678114e-01
6.878897587758359133e-01,3.121265207639751238e-01
9.660325395368178913e-01,3.396696912937039597e-02
8.896495765248990661e-01,1.103717895028454299e-01
7.632964997542559527e-01,2.367099383555442971e-01
8.648678736455155391e-01,1.351544336229585086e-01
7.563123659868884463e-01,2.436968686841259613e-01
5.413961134971222444e-01,4.585902601771162379e-01
9.635671218319276088e-01,3.643575713854878273e-02
5.875438619543285057e-01,4.124747958415564408e-01
9.659206781638842720e-01,3.410901082319208605e-02
5.999239419138043816e-01,4.000795722515846364e-01
5.813729011533654845e-01,4.186481973483613950e-01
6.596967532915660737e-01,3.403209098335654992e-01
7.348772856413424703e-01,2.651238496054980631e-01
7.207614762831375810e-01,2.792605260741147788e-01
9.266878747519020632e-01,7.332247547714432212e-02
7.348172570603010989e-01,2.651916928934110462e-01
7.671191844013103278e-01,2.328895884045474318e-01
7.208486885489822082e-01,2.791551579625602408e-01
8.276828459047008701e-01,1.723476578266697479e-01
8.626219545519233645e-01,1.373771125335729870e-01
7.706501003892888280e-01,2.293615687126371872e-01
6.966620150555455915e-01,3.033662966268756978e-01
5.801726863165669323e-01,4.198245957803117823e-01
9.214535014049636263e-01,7.855724180297365966e-02
8.215597470034438077e-01,1.784445054336000758e-01
7.399971464598136262e-01,2.600111325966501519e-01
6.553023625311062972e-01,3.447016830979284796e-01
7.270660942616637978e-01,2.729244950818608961e-01
7.427135862995470905e-01,2.573154742909004589e-01
9.332247198104265395e-01,6.680863585889704193e-02
8.716292853346983005e-01,1.283657370937706377e-01
8.495973805448175931e-01,1.504158492126426716e-01
7.161362081138891167e-01,2.838912680617278195e-01
8.819796300257509714e-01,1.180467980312681214e-01
6.941582700516706339e-01,3.058649774341755667e-01
7.893670827627060627e-01,2.106579757517896834e-01
9.679571055449693873e-01,3.207153541302142086e-02
8.366134795644444289e-01,1.634012995021395243e-01
8.086661721384278412e-01,1.913539038459928787e-01
6.038569873609673788e-01,3.961501872736510332e-01
5.925803461914451731e-01,4.074121392219164361e-01
6.977327980997986012e-01,3.022867529274579357e-01
5.580722611857172888e-01,4.419195609969145400e-01
6.763678784076718742e-01,3.236210285776435214e-01
5.767291297312262532e-01,4.232690861369932112e-01
8.919058571003125602e-01,1.081006279035156004e-01
7.494476529853691948e-01,2.505590830759729659e-01
6.444291948229635691e-01,3.555602377351623211e-01
6.157309660808428786e-01,3.842805915393437410e-01
7.157007369631103177e-01,2.842989076288329198e-01
5.115824582998238501e-01,4.884269128837695484e-01
8.754264134403174635e-01,1.245953987895716403e-01
8.354373750410420962e-01,1.645666388119302881e-01
9.223501456251328445e-01,7.765982172443855469e-02
9.326367239405102261e-01,6.737275511421629559e-02
8.885730794454445025e-01,1.114608727244961461e-01
6.828888774978423282e-01,3.171305985302291797e-01
8.292070543597696020e-01,1.708194587568863665e-01
6.190865672612596571e-01,3.809401209820571510e-01
6.197819434108663428e-01,3.802429900074889568e-01
7.648852049555490140e-01,2.351162451210409565e-01
5.378779665945494504e-01,4.621260110286454226e-01
8.610420403392498034e-01,1.389896746213424295e-01
9.520769584159584076e-01,4.794717924276896415e-02
7.053412950791079217e-01,2.946632140053440096e-01
5.881477090152077425e-01,4.118744519427205986e-01
9.255855616302248734e-01,7.442432348428561217e-02
7.362212212430065961e-01,2.637678554179227475e-01
7.954021440583922686e-01,2.045987996436961498e-01
6.436941150441943815e-01,3.563232292509725951e-01
8.047830889633252882e-01,1.952330485182926234e-01
9.248988055342792780e-01,7.512981837667384588e-02
6.439251015071425499e-01,3.561003147580283912e-01
6.700168365419137961e-01,3.300056139801998412e-01
6.352661154698108215e-01,3.647249492987999497e-01
9.678519155488478631e-01,3.215297820675073331e-02
6.297666353332626032e-01,3.702478273174331647e-01
8.804586125098907701e-01,1.195792198839149695e-01
6.106766405267665121e-01,3.893495657800397081e-01
7.770397772439645578e-01,2.229850272952042523e-01
7.089306323243432795e-01,2.910848009405807568e-01
8.052543676736145795e-01,1.947576318937131734e-01
6.665111135745849236e-01,3.334846765780169475e-01
7.733509204721213948e-01,2.266513026399528397e-01
5.317365676593964752e-01,4.682703491726210032e-01
7.513511432919608435e-01,2.486405962349864940e-01
6.885420051813364584e-01,3.114593911674232718e-01
8.091643968636195172e-01,1.908374702543539636e-01
6.566136275797576083e-01,3.434111005999131438e-01
8.094517466250481519e-01,1.905799872932299466e-01
5.776865307668204164e-01,4.223349075703407562e-01
8.268530199918622259e-01,1.731768756548390242e-01
6.641091962485770051e-01,3.358918630889305423e-01
8.983508223810363624e-01,1.016584687796678460e-01
8.162995378341584285e-01,1.836974217866506054e-01
5.382800127335041207e-01,4.617267888958631605e-01
9.019853239470629891e-01,9.802795311970370629e-02
7.381252010990951851e-01,2.618664458853208199e-01
5.626273740581232419e-01,4.373812777869323098e-01
5.488538643315612475e-01,4.511300014421690818e-01
5.189990752462366741e-01,4.810063239750597686e-01
9.429356426870345587e-01,5.706375262922265545e-02
9.140318420546225120e-01,8.598213777674867941e-02
5.108545974869246331e-01,4.891482787881391014e-01
9.681922146012630348e-01,3.181820820234395469e-02
6.263567251180425233e-01,3.736306584671362230e-01
9.355120547578701373e-01,6.451017022637002551e-02
5.678856805998356849e-01,4.321028482028665962e-01
8.579569450604158654e-01,1.420609073765021213e-01
5.938693599790179078e-01,4.061381564177943826e-01
5.476422466092122354e-01,4.523491021573541326e-01
8.859245137826341487e-01,1.140767781222336297e-01
7.574482108124289681e-01,2.425826024343452625e-01
6.912526990948287819e-01,3.087573443396366413e-01
9.622255206601650901e-01,3.780709437964360764e-02
8.595933827031833063e-01,1.404260015445277510e-01
9.465403170015656009e-01,5.347961808561052521e-02
5.143210478053632517e-01,4.856666799689742797e-01
7.615031539894041579e-01,2.385224942016426486e-01
6.098464538545568248e-01,3.901551084731131880e-01
9.532321498036968599e-01,4.678942263324727818e-02
6.098818985601101028e-01,3.901142049602328576e-01
7.152985511748237712e-01,2.846979476979375479e-01
8.987192153957987983e-01,1.013155186600194907e-01
6.860431430205076175e-01,3.139659858629417211e-01
6.038991088184054723e-01,3.960864725792997976e-01
6.984015884932843754e-01,3.016046432387760601e-01
9.580185401764622632e-01,4.198263967916304046e-02
6.166539437478865127e-01,3.833386804473833953e-01
7.931677071251070910e-01,2.068374272171207007e-01
8.463555715923535283e-01,1.536697852365292993e-01
5.266039672968174656e-01,4.733904081674775166e-01
8.638601431509759232e-01,1.361381703706615598e-01
7.135253822540369439e-01,2.864816656580063681e-01
8.562403921464716294e-01,1.437585815331335892e-01
7.306555547382735938e-01,2.693548617930991984e-01
8.416388865477133496e-01,1.583558462438631742e-01
7.818770911770789311e-01,2.181270027304808012e-01
8.165817365723422316e-01,1.834382574664854826e-01
7.591329621961093732e-01,2.408692971074555267e-01
6.800912050338225878e-01,3.199172805267423980e-01
9.636328308994638325e-01,3.639139943480110273e-02
8.381347238925866971e-01,1.618958190550741361e-01
7.984741831349286834e-01,2.015413699017334914e-01
8.439382257493679429e-01,1.560825196823201477e-01
5.180415822308525042e-01,4.819788062490018565e-01
5.408586144086027225e-01,4.591459079119482034e-01
9.121759173899555151e-01,8.782039054437372483e-02
5.340428517878136327e-01,4.659635748469982963e-01
6.512276802981842305e-01,3.487883467090068246e-01
9.010193848684655560e-01,9.899553457152730773e-02
9.194246481525021331e-01,8.058522474717427775e-02
7.524626755753814900e-01,2.475327982043938890e-01
5.528227254040692928e-01,4.471717376688122969e-01
8.436207970479718821e-01,1.563818794001158863e-01
9.482425431775136637e-01,5.179367394156114690e-02
9.399486599682056465e-01,6.005308612559594889e-02
9.237875848682387536e-01,7.622205613500811217e-02
9.373468504562167958e-01,6.265844348911740747e-02
8.639976611029805964e-01,1.360301207082794395e-01
8.068685959068754299e-01,1.931507626258135435e-01
7.087604507217182270e-01,2.912574677978584936e-01
5.487508491381167808e-01,4.512465304286719658e-01
7.552750343703058533e-01,2.447184629379386134e-01
6.375183324492912362e-01,3.624883670373107991e-01
8.958278602631444265e-01,1.041976277410343737e-01
9.179732076503609450e-01,8.205483994064879938e-02
5.841108609611389557e-01,4.158792390530371419e-01
8.040780853542706108e-01,1.959237054856717841e-01
9.146763582266803638e-01,8.534201016161724329e-02
7.694734786889115830e-01,2.305375330214350926e-01
9.354727611170121637e-01,6.453222535419149419e-02
6.443763627884836476e-01,3.556346435168327158e-01
8.128589151546325997e-01,1.871514386462254376e-01
5.587935049410526211e-01,4.412304982381861085e-01
5.310825012710754800e-01,4.689253721699587762e-01
6.724325946648535002e-01,3.275536202319356827e-01
8.949595629631086346e-01,1.050672055237228258e-01
7.462116303311848720e-01,2.537818893260986863e-01
7.455883865697869872e-01,2.544344042630086178e-01
5.880585226154265710e-01,4.119259597976497878e-01
6.211107378066123008e-01,3.788976802735897764e-01
8.593792737030915285e-01,1.406208175124409598e-01
8.176790781723011214e-01,1.823537481561879892e-01
5.491685860119308593e-01,4.508131465979121622e-01
5.933691464826333917e-01,4.066231898551970758e-01
5.910786217434067513e-01,4.089321543808948634e-01
9.455567757304590426e-01,5.448233975079423697e-02
7.628750284067571386e-01,2.371504618056758940e-01
6.198998726026474504e-01,3.800943081424125736e-01
7.400254369641865448e-01,2.599783024529400133e-01
7.563023729889619684e-01,2.436959784700425125e-01
8.069351939470219559e-01,1.930653827238340559e-01
8.383631837120328889e-01,1.616361201301340922e-01
6.316406540321939378e-01,3.683669941352064048e-01
7.371646071106766618e-01,2.628537306298399101e-01
8.503843864441018585e-01,1.496417872721175768e-01
8.995654494495887166e-01,1.004378641211065432e-01
7.382650038015566851e-01,2.617422205669260871e-01
5.114982744172561491e-01,4.884959454989362682e-01
5.469868086050638789e-01,4.530069981851400085e-01
8.270327608937368957e-01,1.729695240752276986e-01
5.975966158790906313e-01,4.023961559895384288e-01
7.614917394734319611e-01,2.385080687460147952e-01
6.113706636597481259e-01,3.886130860069281212e-01
7.418174072758875193e-01,2.581856297223019681e-01
5.884484257342350588e-01,4.115575382194966436e-01
6.920950576209904392e-01,3.079345212175346735e-01
8.649919813679631808e-01,1.350135292907613249e-01
8.566654473027582872e-01,1.433306637665885397e-01
7.764648289312191531e-01,2.235510600058279729e-01
7.376108166987231929e-01,2.624085299450193420e-01
9.281368829580589619e-01,7.190111657375321264e-02
9.325892228523076088e-01,6.742635274773027543e-02
8.094150954555963118e-01,1.905987971809469106e-01
9.186349654288085143e-01,8.138337366142528451e-02
6.031885477794202144e-01,3.968194038166751314e-01
8.127224271750588258e-01,1.872883799820792561e-01
9.360322885139201743e-01,6.399338578397038846e-02
9.223606338942464955e-01,7.766231881783794422e-02
9.184969086846497266e-01,8.150152934002334593e-02
5.060665452040183920e-01,4.939331021635861019e-01
7.432390640299338935e-01,2.567833478145408188e-01
6.533258611752041922e-01,3.466783893406157890e-01
8.155384408709875910e-01,1.844610605647351020e-01
9.291338822274983755e-01,7.087614581573148387e-02
9.013686377661249693e-01,9.862980841035032253e-02
6.127409593857453540e-01,3.872800875901649675e-01
7.196861041815145743e-01,2.803069583206393434e-01
6.317674158480558466e-01,3.682572205822225442e-01
6.922908049624624249e-01,3.077111610896940408e-01
9.216719437563813955e-01,7.835317255738731557e-02
8.412551979725276796e-01,1.587513842251285223e-01
8.795912975473649809e-01,1.204456476246026086e-01
5.505010609937379673e-01,4.495169999994980681e-01
7.531699517405331390e-01,2.468541490176832665e-01
6.777899414896721986e-01,3.222077232476466269e-01
6.027390276918578316e-01,3.972802621143383117e-01
9.530368359599785677e-01,4.699350019542278961e-02
7.332691787303780018e-01,2.667515434917637762e-01
5.760225124513630446e-01,4.239740281997327331e-01
5.480563215309944836e-01,4.519272156838636811e-01
5.722070254353541774e-01,4.277936606748063975e-01
5.208271228190435309e-01,4.791747178426043474e-01
8.474907517162333370e-01,1.525353806131115042e-01
8.028895674492684265e-01,1.971097005676379077e-01
6.256550203099981999e-01,3.743687825601433872e-01
8.636572259788288797e-01,1.363505916106450833e-01
5.669624431469488801e-01,4.330557875330589557e-01
9.281907623550542663e-01,7.181152971830583043e-02
5.800276941053482682e-01,4.199897687326459295e-01
6.935677117279543946e-01,3.064433592216880275e-01
8.724427248108521660e-01,1.275755622972290226e-01
8.032478560061993011e-01,1.967771746171035618e-01
6.041167725421896506e-01,3.959045963600984486e-01
5.667576605102904175e-01,4.332574534990695225e-01
7.879788777301769409e-01,2.120156553753491935e-01
7.090490174272786605e-01,2.909593183351026902e-01
8.860404026833044178e-01,1.139756608950036054e-01
7.084036402909368313e-01,2.916031004175817509e-01
7.088664692174552195e-01,2.911441462927404911e-01
8.989094464684905805e-01,1.010983587592432092e-01
7.089263584357249348e-01,2.911015024259172579e-01
6.702644756002307247e-01,3.297283194202805245e-01
5.551949925184271883e-01,4.448135327480614021e-01
8.898758597799069081e-01,1.101233344263074093e-01
6.745492326241865344e-01,3.254461561209553988e-01
8.734200947845596197e-01,1.265889314669349508e-01
6.303616356530784559e-01,3.696600191070848473e-01
6.224461272505359410e-01,3.775415361609174014e-01
7.698981832548918991e-01,2.301222737170735833e-01
7.585753583036612957e-01,2.414244210227228238e-01
5.391266884408183468e-01,4.608711510892622432e-01
6.827078986900113611e-01,3.172852492314707229e-01
6.214252325162858970e-01,3.785637103211537680e-01
9.420575636776052919e-01,5.797763668101588164e-02
8.036879372965416435e-01,1.963187419923901611e-01
6.038456544949238891e-01,3.961537558899854705e-01
8.752281803458512588e-01,1.247838008461815557e-01
7.127411969467156716e-01,2.872616422053981822e-01
8.189689855452961798e-01,1.810406434232693929e-01
7.131571874157160984e-01,2.868651670934795894e-01
8.893877757611693413e-01,1.106128674292296415e-01
6.166988265007962156e-01,3.833159354713184808e-01
6.030506014177213769e-01,3.969509111574423543e-01
5.884886452317112937e-01,4.114974345837806857e-01
7.582826046172712608e-01,2.417384156926187799e-01
6.198580278634431284e-01,3.801591199457210468e-01
8.957758220423730489e-01,1.042311543753314251e-01
7.881128913724754215e-01,2.118963569455998286e-01
6.673969365088892047e-01,3.326296810472084142e-01
8.791353953455904868e-01,1.208653240306828691e-01
7.588461287534031818e-01,2.411515566211678285e-01
7.992453051701765565e-01,2.007736615375547429e-01
6.107626321802642755e-01,3.892579607642748241e-01
8.246493994910947256e-01,1.753596332729348006e-01
7.304653712936304277e-01,2.695436508996274516e-01
8.922307617792161194e-01,1.077870360737559902e-01
8.313810471120066659e-01,1.686284235579490753e-01
9.117531181864655387e-01,8.827843407800861630e-02
6.112419020919183099e-01,3.887619624432299692e-01
5.616087535106609741e-01,4.383776817542383020e-01
7.873959240285270944e-01,2.126314416466388579e-01
5.420219365329191907e-01,4.579625131919603520e-01
8.488096342134842098e-01,1.512027510699627542e-01
7.160547232633152070e-01,2.839418294494201467e-01
6.392532735149859535e-01,3.607660942196150855e-01
6.578302851012354235e-01,3.421945995159046405e-01
6.147313262702726044e-01,3.852571518959430064e-01
6.756924340841519161e-01,3.243294766364006598e-01
7.782469826175160144e-01,2.217457310851375929e-01
8.296050054650812022e-01,1.703985880271810804e-01
6.155131375038110919e-01,3.844885230748956717e-01
9.271887006193713088e-01,7.284740234043790563e-02
8.553418867884572396e-01,1.446619584783414292e-01
8.681873581854837596e-01,1.318293258785328825e-01
6.539418094869444698e-01,3.460736669665398502e-01
9.491359460780287582e-01,5.086661781297337204e-02
5.398988471170260706e-01,4.601047686854472518e-01
7.331189345514212974e-01,2.668896460355444367e-01
8.861792876285108367e-01,1.138260743432294025e-01
6.119551553137333455e-01,3.880532969566726775e-01
9.327439697095294413e-01,6.729299209530002768e-02
5.287318763016725098e-01,4.712753770422669075e-01
7.524616171798566011e-01,2.475514904039027020e-01
6.172763039764954662e-01,3.827396828564594844e-01
7.517902821322731688e-01,2.482279182570074072e-01
7.159927590955320609e-01,2.840071687885189489e-01
8.045456195332978400e-01,1.954608309136322830e-01
8.220591814885718218e-01,1.779381250833614869e-01
6.216965404352351454e-01,3.783180338018024558e-01
6.871084293781538621e-01,3.129064078278901428e-01
7.863857748683232840e-01,2.136182841414328015e-01
5.903437071657118285e-01,4.096407017355120361e-01
9.124894803064176330e-01,8.753021885694789450e-02
5.051881136242590831e-01,4.947957566091032433e-01
5.858708204759389693e-01,4.141239596537604761e-01
7.285791749692793751e-01,2.714223321398793187e-01
8.060077262926788055e-01,1.939847074977971986e-01
7.732740454004393138e-01,2.267199860177350201e-01
6.846086929697284829e-01,3.153995666963817501e-01
7.471339051314401791e-01,2.528888523715762671e-01
9.345686682651113131e-01,6.545008635255053497e-02
9.474312893625580489e-01,5.259912043055542386e-02
8.552800145459604764e-01,1.447369502010908970e-01
8.341494233919635182e-01,1.658694915653575186e-01
7.018116927199042898e-01,2.982139247558086015e-01
9.103182086600207779e-01,8.970636824493902206e-02
8.475314444181163420e-01,1.524721443202936011e-01
6.984337881115252333e-01,3.015635326537393635e-01
8.229876320532600875e-01,1.770109871546405311e-01
5.445306277134575046e-01,4.554552732402957216e-01
6.709886740650943260e-01,3.290317865252808116e-01
9.189181965689809939e-01,8.109540473106457981e-02
5.181658646789869538e-01,4.818472072005151596e-01
8.728736651330444296e-01,1.271477991177384914e-01
7.778622241204968812e-01,2.221284720747265518e-01
6.876225991209274913e-01,3.123771465920786028e-01
6.035881917990746359e-01,3.964235270755261387e-01
6.596393502919759566e-01,3.403536162016810307e-01
6.691961329374901402e-01,3.307937482336114621e-01
8.792355224143462156e-01,1.207691260095130059e-01
5.689630920146975246e-01,4.310379890676972470e-01
6.595241305828402067e-01,3.404726276279878006e-01
6.733325303250536908e-01,3.266918253964914420e-01
7.794432033152776107e-01,2.205514365143677324e-01
6.305635358365331289e-01,3.694598989582817405e-01
7.597978631788200321e-01,2.402142864446301096e-01
8.298800127638374935e-01,1.701295289451004444e-01
5.156699955439980609e-01,4.843137932559901659e-01
7.273968244550277351e-01,2.726057880483473972e-01
5.902554430379201023e-01,4.097482057132002531e-01
7.066493952772749942e-01,2.933702885930309368e-01
7.296332300347487809e-01,2.703929673575788395e-01
7.162945286444883930e-01,2.837268652677991665e-01
8.209358388176326571e-01,1.790828098235706656e-01
9.283234339747465924e-01,7.169400764255062786e-02
5.240077882201751303e-01,4.759864529697294122e-01
7.514703664261112026e-01,2.485613788314673667e-01
8.396607318416753341e-01,1.603740804537986675e-01
5.850644410188646782e-01,4.149194925256392552e-01
6.194232908308161534e-01,3.805815466648598266e-01
6.676669778949624323e-01,3.323427599433799173e-01
9.316997278676618643e-01,6.831877095242365472e-02
6.817956486877764233e-01,3.181915514031456449e-01
6.500770419069905603e-01,3.499478508592720472e-01
9.602679393358700688e-01,3.973786669023315898e-02
9.030112786106530010e-01,9.699485229611676251e-02
5.059985463718197352e-01,4.940147315966846309e-01
5.273496747492020242e-01,4.726542443462261045e-01
6.031278116736691342e-01,3.968564881005764988e-01
7.679128146258071830e-01,2.321047276766844969e-01
6.398036683806263003e-01,3.601944057418804412e-01
6.170971780911318483e-01,3.829224727443965026e-01
7.264773014622210034e-01,2.735296243073848110e-01
7.634316645533060219e-01,2.365651260799071232e-01
9.334305915459847336e-01,6.659169798143142749e-02
6.898987465421453358e-01,3.100926688929339647e-01
6.400290932754555406e-01,3.599913172557913654e-01
5.115223868496677762e-01,4.884872751194519469e-01
8.529198553737407096e-01,1.471117496650697354e-01
8.687105601871658589e-01,1.313201895489195248e-01
8.058673569864487352e-01,1.941338800047870961e-01
7.265889984194274787e-01,2.734363860542242120e-01
5.663142304932594628e-01,4.336742658940535011e-01
5.262091389630055849e-01,4.737983649668909281e-01
8.028756738122306835e-01,1.971538285381280176e-01
8.795308980585976322e-01,1.204867648451040663e-01
8.549940295472211460e-01,1.450156659840229623e-01
6.134363473759631979e-01,3.865586636677708632e-01
6.888156850199835812e-01,3.111871593331369534e-01
7.106253586683169976e-01,2.893645669269252485e-01
5.217955788400812089e-01,4.782032233236731544e-01
6.268857069442931307e-01,3.731391628263795446e-01
7.571443000869058082e-01,2.428532204580097775e-01
6.046438070478337146e-01,3.953524736189982236e-01
8.503838786045407883e-01,1.496495707458790902e-01
8.975851536923897811e-01,1.024490781952596546e-01
8.696062536734043835e-01,1.304145385110276334e-01
5.858144524623110083e-01,4.142021017480426170e-01
6.943187506538984755e-01,3.056911059078577519e-01
6.720583153428273393e-01,3.279543549944425318e-01
5.747539887298380723e-01,4.252512416835296238e-01
7.231150840245688105e-01,2.769160945873668789e-01
6.225982595985390944e-01,3.773955611506285557e-01
8.388020586415811941e-01,1.612226385752967284e-01
6.281546666803348167e-01,3.718368352820005662e-01
6.017064994771800235e-01,3.982992758439123371e-01
8.668014178403695702e-01,1.332281969537773003e-01
8.498611931623460958e-01,1.501586311314868916e-01
7.352847348137291350e-01,2.647208515145159646e-01
7.282537733440582750e-01,2.717661310720165813e-01
7.376744257588704334e-01,2.623489665387442882e-01
9.471892597382809420e-01,5.284881634610552603e-02
8.463079502589092584e-01,1.537264567585294173e-01
8.592969034964936803e-01,1.407343416150332871e-01
6.478444135621577171e-01,3.521778418967692614e-01
6.954644882222287272e-01,3.045238719317337472e-01
8.322157543582084926e-01,1.678169603693686618e-01
6.892335700955011246e-01,3.107927098102428731e-01
6.530838623323078629e-01,3.469412883618979149e-01
5.045288467564736923e-01,4.954916806386943651e-01
5.897763661643359301e-01,4.102339097124739209e-01
9.249288503137501616e-01,7.509879907419364509e-02
8.051601539749887460e-01,1.948656904273289303e-01
9.023831505356763039e-01,9.765428981332367753e-02
5.094679910432268199e-01,4.905467550960340151e-01
8.895445010381560769e-01,1.104631089057729748e-01
8.803236129717151304e-01,1.197051637500205074e-01
6.896889900792075867e-01,3.103041891196646751e-01
7.276535326244535362e-01,2.723385805294598061e-01
9.349542120579641402e-01,6.506460354696182169e-02
9.267304844795545282e-01,7.328720765451381125e-02
7.651626669801211422e-01,2.348309619865422970e-01
9.279925945857621095e-01,7.201550871840575740e-02
6.964482926757193937e-01,3.035466640386011994e-01
6.322075691467056169e-01,3.677855564644044728e-01
6.103378948605437948e-01,3.896548489348610755e-01
6.240445285681049947e-01,3.759727200007483283e-01
7.257063439791815451e-01,2.742948118495850962e-01
6.510070641720497875e-01,3.489930864714618775e-01
7.600282366026315239e-01,2.399920291193158306e-01
7.815356821278235389e-01,2.184728206921157934e-01
9.279909954166666308e-01,7.203700414207148128e-02
8.533336319775830514e-01,1.466732840051136744e-01
5.803164156569224907e-01,4.196992769433656734e-01
7.006217026115136859e-01,2.993985362705559039e-01
8.131801448953243083e-01,1.868443772297145311e-01
8.332564644260909148e-01,1.667787726044005492e-01
6.695292660586260602e-01,3.304653489701318003e-01
9.661644793871428938e-01,3.385529199607827805e-02
8.518910875913284775e-01,1.481424002608456858e-01
7.693602335484526211e-01,2.306493664720168368e-01
7.147104317815040631e-01,2.853061238447936465e-01
7.943347109253621197e-01,2.056917239548562981e-01
7.864390433905283917e-01,2.135660518225143967e-01
6.888662400951949261e-01,3.111348824267841096e-01
8.261718186239566108e-01,1.738310708724513931e-01
9.341134858409526620e-01,6.590010862577479200e-02
6.394861941617352441e-01,3.605189496831200935e-01
9.681754496873637983e-01,3.184037672454252677e-02
6.751896600655538094e-01,3.248371430320871056e-01
8.296689564993446897e-01,1.703612599877415978e-01
7.768433571665500637e-01,2.231864109927615969e-01
8.526269394453815931e-01,1.473883940472296983e-01
9.434053166046580952e-01,5.661229179084998481e-02
9.258283821518746848e-01,7.417730304420325216e-02
6.329290817274746406e-01,3.670936124035259485e-01
9.260889559461600307e-01,7.391029685727419640e-02
9.192773379581047344e-01,8.074732601344906946e-02
5.673527205730374279e-01,4.326617478120597382e-01
5.534663211965618057e-01,4.465478593522584361e-01
5.415676377753542159e-01,4.584209346492521542e-01
8.956680213859994355e-01,1.043355492374729715e-01
5.904558554512507884e-01,4.095447399426523361e-01
8.026957717677366544e-01,1.973078000663785747e-01
7.951758561149462334e-01,2.048228852953971058e-01
7.008218884309925789e-01,2.991674312134884883e-01
9.480392640692232309e-01,5.195914230990220095e-02
6.457768183121950223e-01,3.542232059360873597e-01
8.385903566958701205e-01,1.614078330000460748e-01
6.473686893530100628e-01,3.526252436051002803e-01
6.184182999503060607e-01,3.815988157078529230e-01
8.937758934822475076e-01,1.062367216715570106e-01
6.707101688445558096e-01,3.293178205449138751e-01
5.609421328244947880e-01,4.390631118940497291e-01
5.877558601291311691e-01,4.122330604345029181e-01
6.606745185831679468e-01,3.393387955511341092e-01
8.471429375458836564e-01,1.528531621724737721e-01
6.336880767675221460e-01,3.662989079656754909e-01
5.053621752154753288e-01,4.946288017175996532e-01
8.758540447293317044e-01,1.241496584592994279e-01
5.900365094438300151e-01,4.099852798199005721e-01
5.201015656187477632e-01,4.799036534585047198e-01
6.083438496533640771e-01,3.916523488672848385e-01
6.371062376126448434e-01,3.629027858390804773e-01
6.959924107533985715e-01,3.040075480338892966e-01
8.773286264712799598e-01,1.226747015934642471e-01
6.993312268907880824e-01,3.006865336147109269e-01
9.612163900723396104e-01,3.878276723458956576e-02
8.854194140396743906e-01,1.146051432959361849e-01
8.589022734652476121e-01,1.411117317613753697e-01
6.547509473497945542e-01,3.452614994115156266e-01
5.064781220923247895e-01,4.935345341214797399e-01
8.736589844640989533e-01,1.263624529368314875e-01
8.533811599399867553e-01,1.466370717345735764e-01
5.185971002659016671e-01,4.814046451260621806e-01
7.657124146128810871e-01,2.342984349184102921e-01
8.831970264068437215e-01,1.168264857682920072e-01
6.736181108568921605e-01,3.263927011862724492e-01
8.875965835808523607e-01,1.124282786396036127e-01
5.168718854132346996e-01,4.831102912302913666e-01
7.748092578017367060e-01,2.251865607700907768e-01
6.264694407526754105e-01,3.735394810260283527e-01
7.153396470629804771e-01,2.846591303895713576e-01
9.154272357803693305e-01,8.457285827733308781e-02
7.507278842566541543e-01,2.492621918921801571e-01
8.779824816648220676e-01,1.220367419957000960e-01
8.108984270082478796e-01,1.891066307756577303e-01
8.638738271661530188e-01,1.361506987326165097e-01
5.134347853211769230e-01,4.865466579992960838e-01
7.226805265346050167e-01,2.773312539001380750e-01
5.888090366181906177e-01,4.111833711031209759e-01
9.075104108753826448e-01,9.250689481518949153e-02
5.691338925679688687e-01,4.308896016879184554e-01
6.836716054094932327e-01,3.163512980347802372e-01
6.047190735702969722e-01,3.952675865071053618e-01
8.323085097904925345e-01,1.676993587819957110e-01
5.445282622593614619e-01,4.554794880760663078e-01
8.989750024654643568e-01,1.010506453756179063e-01
5.406361104626232761e-01,4.593631015000538831e-01
9.065969282190176060e-01,9.342544868556180993e-02
6.702784678943718433e-01,3.297449421888040133e-01
6.781511330781946345e-01,3.218458992616397008e-01
8.016792928097099535e-01,1.983226218076673819e-01
5.952490818392569549e-01,4.047640117705603724e-01
5.691163328191852777e-01,4.308657166004528083e-01
6.123462226737367287e-01,3.876680405918901395e-01
8.890773106712228646e-01,1.109424360909146978e-01
9.515975647326583298e-01,4.844043223755419014e-02
8.309376536941588398e-01,1.690608265033967939e-01
7.155800613227463192e-01,2.844413667680809610e-01
5.628960553700134151e-01,4.371248224524548198e-01
8.577913545809485729e-01,1.422033184190299449e-01
8.882337326750121553e-01,1.117978438923499934e-01
9.048520191758366860e-01,9.518091302494881278e-02
5.693059028603951743e-01,4.306950094176681954e-01
8.855739085587619464e-01,1.144292659301951454e-01
7.836355469702727117e-01,2.163930719907103395e-01
5.842983775343927322e-01,4.157169728657603702e-01
5.463168053360679677e-01,4.536975288597457356e-01
7.373643254569672845e-01,2.626487111827183196e-01
6.935260144984037867e-01,3.064670713531506552e-01
8.125407675131162133e-01,1.874767170482944667e-01
5.651344698205134076e-01,4.348853254399266399e-01
8.933057710102144666e-01,1.066942354050704339e-01
7.733961181307493771e-01,2.266235391210665306e-01
9.166423642234911018e-01,8.338190317047812494e-02
6.083613591645924412e-01,3.916612314944769024e-01
6.038291094585718222e-01,3.961796254962316466e-01
6.338827857888191808e-01,3.661017286400746751e-01
7.704754059973633051e-01,2.295306852461047320e-01
5.576591063446630914e-01,4.423335509181904879e-01
7.142591519590610893e-01,2.857684424384248079e-01
5.661501146376998195e-01,4.338668133987690356e-01
9.247110756008807275e-01,7.530688250270223261e-02
9.143919219842755464e-01,8.560553988366284561e-02
6.325783849915262991e-01,3.674280161241643694e-01
8.438785213390207485e-01,1.561182258292738156e-01
8.288035549084015186e-01,1.712050971020336876e-01
8.994490616761683377e-01,1.005544462216949736e-01
6.968563020243390138e-01,3.031675363614927954e-01
5.533940405787093342e-01,4.466270378317825362e-01
9.445644413495077885e-01,5.546792965987994151e-02
7.478019245201451559e-01,2.522193507009486413e-01
5.083506084730702312e-01,4.916368693663880629e-01
8.667166500695735465e-01,1.332781092636073361e-01
9.019440575025337026e-01,9.806119902668922195e-02
9.031074137685641823e-01,9.690966323480373901e-02
5.314698453152332247e-01,4.685386875182633859e-01
5.989331414102919693e-01,4.010581884838853584e-01
6.057685485111130586e-01,3.942212735333879836e-01
7.138689339866228778e-01,2.861511989571342562e-01
7.733347491713584709e-01,2.266593258451121418e-01
8.467635701518917424e-01,1.532543593950387584e-01
7.885433651451998482e-01,2.114482835320538601e-01
5.089608778835810199e-01,4.910337568576292333e-01
8.481352528880845565e-01,1.518826669033336019e-01
7.775725359543763648e-01,2.224592800963005323e-01
7.203552594516136054e-01,2.796751700978304944e-01
8.036564898957803127e-01,1.963607572797113066e-01
8.884114930023845336e-01,1.116156318327986285e-01
7.017371267234844279e-01,2.982545236421336177e-01
6.268661813252860426e-01,3.731195679475696747e-01
5.813176703547497937e-01,4.187011114980268012e-01
6.828431167732370577e-01,3.171514070978476152e-01
7.165179005758920416e-01,2.834781720199064381e-01
8.664722210774836730e-01,1.335493199375560325e-01
9.473295492452167288e-01,5.268731865311471890e-02
9.359668638426759113e-01,6.404759371508919608e-02
6.963610700351759997e-01,3.036420724909882352e-01
6.834137032525327005e-01,3.166052624569247187e-01
7.167727055615473741e-01,2.832229962008405155e-01
5.840404597506553275e-01,4.159546669657971929e-01
9.647500748160604545e-01,3.524884448647567364e-02
5.576054313259337647e-01,4.423933609403192246e-01
6.951826481811010927e-01,3.048287692071504629e-01
7.961417024501470374e-01,2.038583765824053262e-01
7.687068894711437395e-01,2.313002856863348167e-01
5.226833312246622620e-01,4.773022950349565252e-01
7.366941527053531003e-01,2.633254070595012486e-01
8.677691238914497784e-01,1.322440963779310807e-01
9.495540942972715559e-01,5.046771052205497460e-02
6.156615809501720937e-01,3.843242030350935701e-01
6.563536651135589706e-01,3.436441180636035098e-01
8.271640691369479548e-01,1.728621073003513420e-01
6.845093720851045394e-01,3.155166947538521893e-01
6.288189777950604631e-01,3.712034686272340789e-01
9.586413671912807910e-01,4.136137744624811263e-02
5.710214285446032489e-01,4.289954799073145697e-01
5.694877980354245972e-01,4.304941288679833833e-01
8.205117221914017822e-01,1.795236533629167019e-01
5.031227675817470102e-01,4.968721329903231232e-01
7.050161866059628801e-01,2.949792577072624655e-01
7.550842113930438249e-01,2.449125144902319917e-01
7.191673775236536725e-01,2.808414109730133501e-01
7.954352055321138870e-01,2.045624452444668451e-01
7.600465254635480061e-01,2.399731210335444842e-01
7.149207273807672847e-01,2.850720870404516161e-01
9.583435606936402396e-01,4.167996219418938775e-02
6.648111965896339459e-01,3.351844448538849330e-01
6.657359082542763096e-01,3.342896515485830333e-01
9.407635767039481678e-01,5.926798301492822857e-02
8.392302508629061464e-01,1.607911092343454473e-01
7.732032643079618239e-01,2.267889782931793163e-01
7.623737404400172668e-01,2.376204182960620359e-01
6.278275739547163337e-01,3.721621436713311026e-01
6.711683999185140692e-01,3.288274692834815549e-01
5.293930919361429233e-01,4.705866093169530084e-01
9.536217343331696572e-01,4.639867682968826235e-02
6.113598649499666360e-01,3.886656236794981956e-01
5.098222206212766894e-01,4.901605638153630484e-01
5.258441788938637007e-01,4.741480378858667910e-01
5.841403023369399206e-01,4.158535398551465589e-01
8.071135437239866928e-01,1.929011188977670654e-01
7.720766680224375733e-01,2.279377793058262880e-01
5.215919958010243329e-01,4.784116039337578119e-01
7.700522112306068534e-01,2.299615612992437219e-01
7.524473329193673843e-01,2.475428080151760857e-01
5.938544537868705175e-01,4.061420837031404774e-01
7.850610524650868394e-01,2.149352676806713103e-01
8.783097980908640690e-01,1.217188371027569660e-01
7.791626216778749781e-01,2.208365464004568290e-01
6.242399315185904740e-01,3.757501513268384774e-01
9.484904367440158968e-01,5.153837688513653037e-02
5.984793911968639968e-01,4.015298994646840924e-01
6.316979722651534512e-01,3.682976424157934914e-01
5.653805520504107118e-01,4.346266851887913840e-01
8.528585090837603744e-01,1.471642600555239655e-01
7.349766885159706442e-01,2.650548257968990407e-01
8.972233658677011281e-01,1.027951152507620841e-01
8.725936650009478157e-01,1.274287406967905267e-01
8.851215341055844732e-01,1.149059656642192756e-01
8.977200084495525756e-01,1.023164750521946553e-01
7.130786070698591494e-01,2.869289267147208111e-01
6.970676323460673895e-01,3.029506021846481989e-01
8.680328312578198258e-01,1.319932300424370153e-01
5.493463494344024145e-01,4.506772437179062951e-01
7.835530979678391184e-01,2.164514867090160943e-01
6.169378130002092231e-01,3.830606224342914534e-01
7.592090426662776448e-01,2.408079178204393933e-01
8.205241055795191585e-01,1.794978451907953410e-01
8.759117132489735447e-01,1.241214407533505898e-01
9.340898395561513246e-01,6.592725577465034792e-02
6.984240705886481937e-01,3.015907763453640200e-01
7.588388757967674536e-01,2.411615624045928552e-01
6.625425846631909366e-01,3.374847207830162232e-01
9.585653933577396035e-01,4.144081064038718232e-02
6.082807974337876011e-01,3.917299139814042763e-01
6.488004002166261053e-01,3.512216946607215062e-01
5.103160012283687319e-01,4.896804631999894797e-01
7.077559486532304378e-01,2.922345636003165770e-01
8.640801936043200904e-01,1.359527321798989774e-01
5.344520100159829701e-01,4.655654161441841743e-01
9.623663752992223097e-01,3.765182408475292036e-02
8.924782254097545220e-01,1.075513778169502332e-01
7.943082302667179295e-01,2.056831925254946347e-01
8.043874981257956858e-01,1.956194569861012256e-01
7.747451435229169014e-01,2.252795111150693863e-01
9.251305930563895608e-01,7.487513821487860877e-02
9.042214632358898108e-01,9.581292856773555855e-02
6.106291884268807424e-01,3.893812471130132513e-01
9.411721475863710218e-01,5.886161905092972269e-02
5.748176063130849833e-01,4.251686900904962374e-01
9.271087337592335276e-01,7.291069228263841184e-02
5.198991564615798033e-01,4.800876486655348829e-01
6.069086509339217672e-01,3.931071184971778876e-01
6.881712810797705471e-01,3.118288739182148439e-01
7.524861393042550084e-01,2.475302763801194017e-01
8.617498182621852187e-01,1.382802368701752105e-01
7.307447282098392671e-01,2.692597124812967091e-01
6.877636642818972801e-01,3.122449595502777564e-01
6.087488674824184098e-01,3.912605576052598511e-01
8.405244825320004054e-01,1.594793269177417760e-01
8.107858960429353834e-01,1.892132776752431522e-01
7.662793100128908463e-01,2.337336516632006755e-01
5.076279159954112385e-01,4.923707965121519869e-01
9.457173144335053738e-01,5.429197225367185520e-02
7.825154613540449278e-01,2.175076273618155309e-01
9.110593530479176305e-01,8.895109334792154765e-02
9.349905079588555212e-01,6.504819059795885483e-02
5.345544578317263928e-01,4.654601842142683243e-01
9.327380482000683370e-01,6.727954213750222956e-02
9.144686221057001241e-01,8.553307011850418140e-02
8.090413557216291629e-01,1.909821477402992018e-01
9.435200778829033741e-01,5.650981446191652435e-02
7.336013511293768552e-01,2.664199163850086705e-01
8.323266362171211075e-01,1.676973744785890119e-01
8.094213825431466613e-01,1.905810062782540282e-01
9.689290951734081947e-01,3.109441717572896530e-02
8.167924959106993565e-01,1.832238247662095476e-01
8.925928774504814367e-01,1.074025897667194029e-01
8.456318019632909078e-01,1.543754935987031729e-01
7.387634351176486369e-01,2.612297868117710586e-01
5.322211528209966902e-01,4.677956578608002403e-01
7.735244894001187532e-01,2.264797608156637609e-01
8.644572219462067775e-01,1.355524202781147602e-01
9.127943185711364649e-01,8.723632547074183785e-02
8.509375425059881870e-01,1.490786746764645454e-01
9.269668311187309051e-01,7.303814213316556225e-02
5.365874017571325982e-01,4.634020347372729831e-01
7.685225804724242771e-01,2.315105716995150553e-01
9.017907990551754516e-01,9.823599232232130274e-02
5.509718024239821377e-01,4.490103127324514554e-01
7.860506927877435324e-01,2.139499943279225547e-01
7.845569897348780852e-01,2.154699239485586282e-01
6.835746097552415357e-01,3.164535908018794585e-01
8.560470759458314038e-01,1.439893270446098994e-01
5.211788720391612451e-01,4.788235805852354976e-01
9.620253990383748066e-01,3.801572687952475826e-02
6.119165357807110350e-01,3.881000335388017364e-01
7.402799421449659523e-01,2.597354356188567581e-01
8.478341915485501090e-01,1.521871294778641137e-01
8.108128750904479709e-01,1.891938970351379479e-01
8.244891152533566636e-01,1.755120831591608366e-01
8.126720377486811309e-01,1.873484722283569881e-01
7.428206340400825836e-01,2.571861492758582002e-01
5.743672582932689563e-01,4.256205553742538616e-01
9.275227609571721210e-01,7.250880215472534085e-02
9.258190107254626877e-01,7.419815293793796673e-02
6.900942123980627896e-01,3.099181695511097900e-01
8.563969903653227966e-01,1.436251191329536991e-01
7.510684236531695035e-01,2.489284639723998160e-01
8.870076405879719905e-01,1.130297133333823395e-01
5.357545658651948761e-01,4.642452489481553313e-01
5.346732335766771760e-01,4.653415649998116632e-01
6.046700112397792592e-01,3.953560705274635767e-01
8.770693901613042520e-01,1.229673731748147231e-01
8.744821893016891945e-01,1.255533551046144614e-01
9.423148806578289793e-01,5.768788586531477941e-02
5.665325588399280354e-01,4.334779302717653438e-01
9.317873336478255109e-01,6.822636031608399210e-02
9.357928834142175134e-01,6.421602821500869973e-02
6.394916502712955086e-01,3.605197336879693570e-01
6.242436442779804029e-01,3.757631948415775525e-01
7.640180830287279790e-01,2.359823440391506100e-01
7.699437801338842036e-01,2.300674567624753086e-01
7.556218001798049588e-01,2.443938549366850288e-01
6.928419136518474408e-01,3.071545357533684295e-01
9.640899024453428723e-01,3.592168754009205517e-02
8.518389652120124111e-01,1.481965377365356828e-01
9.119218821083291404e-01,8.810850896813128552e-02
8.900040214768519808e-01,1.100031712632246472e-01
5.682365175597066109e-01,4.317770895399333231e-01
5.643592516605132614e-01,4.356324854887108078e-01
5.444168835219170832e-01,4.555812851166169408e-01
9.187085654108011479e-01,8.131142914489400408e-02
8.095022675295828751e-01,1.905110092816264533e-01
9.034135945988298610e-01,9.660416799920053255e-02
6.362047674618936943e-01,3.637964595287683234e-01
6.599902109760886759e-01,3.399995303071062791e-01
8.497641400559692304e-01,1.502357189146187599e-01
8.701552160242234102e-01,1.298516619008079354e-01
5.686189988546271890e-01,4.314037002165836965e-01
7.116707725650173177e-01,2.883508829382104843e-01
5.205911373843439272e-01,4.794024657782431365e-01
6.752064986018935233e-01,3.248214465400926509e-01
5.688160103493523634e-01,4.311803557156310696e-01
7.578805532147407931e-01,2.421206138027197086e-01
8.369786692444749487e-01,1.630522022051699160e-01
8.350990666452475786e-01,1.649001547251258692e-01
8.380972344650008399e-01,1.619236344759241442e-01
8.974251203389709275e-01,1.025727096060180671e-01
7.590661248751131573e-01,2.409590458602741680e-01
9.475234147322787459e-01,5.249139452976431947e-02
9.079823893112695110e-01,9.205144506463254495e-02
7.215120238381097506e-01,2.784945889031744115e-01
6.426629822543762360e-01,3.573542105461783858e-01
5.923351137687374868e-01,4.076624451673641625e-01
5.896079761224408688e-01,4.103798554190848935e-01
5.572174686898064833e-01,4.428011162823496383e-01
7.870649365505903994e-01,2.129606472474766254e-01
8.174578551363633760e-01,1.825355767568718202e-01
8.738714348584654124e-01,1.261240435695059892e-01
5.513817537414879011e-01,4.486419702431866385e-01
7.268894002365915430e-01,2.731224544597461446e-01
8.181905872787792466e-01,1.818261854310430359e-01
5.083333025405445404e-01,4.916798770773395666e-01
9.490072569017977688e-01,5.100389968740900309e-02
5.815442628158745686e-01,4.184441081135584217e-01
7.948211414298452793e-01,2.051846327689186011e-01
6.643385172764169067e-01,3.356497261056210490e-01
9.258374693479229922e-01,7.416753403718519266e-02
9.633339171915817900e-01,3.667968822980387233e-02
7.096555254620200426e-01,2.903565723247077957e-01
7.966835712013897730e-01,2.033431672108163557e-01
8.504177891770654529e-01,1.496082087407903383e-01
9.456842458758736303e-01,5.434676022039244131e-02
6.567839378314364041e-01,3.432407021064776131e-01
7.601057839663329929e-01,2.399201165663538138e-01
8.183761009163174061e-01,1.816497334829071664e-01
8.219363602599362162e-01,1.780676719362383753e-01
8.117993770061197045e-01,1.882090099446181164e-01
7.410836633175154065e-01,2.589420130410793885e-01
9.669004082269383460e-01,3.311793992292740019e-02
8.859819048577280975e-01,1.140461551420893088e-01
5.349743534236334197e-01,4.650279096995911243e-01
9.383112202736256791e-01,6.169398688560125826e-02
6.295588650252837981e-01,3.704377092715546715e-01
5.263106748494306153e-01,4.737107841122835117e-01
7.690252101341034097e-01,2.309973037141845875e-01
5.418788331962265392e-01,4.581356594075631228e-01
7.492471282114477882e-01,2.507781228392764183e-01
5.183179056196247636e-01,4.816996790150540053e-01
7.517509889615412444e-01,2.482757539475597963e-01
6.431862345416166082e-01,3.568328664258783589e-01
7.343891425240183235e-01,2.656026191304023953e-01
5.311022614333018588e-01,4.689027448563338196e-01
5.136591841703258554e-01,4.863377982090024143e-01
6.643710331497633126e-01,3.356288698673370319e-01
5.148504036831228481e-01,4.851556517788742640e-01
9.059104093120842194e-01,9.410007274248016751e-02
7.985242611256675449e-01,2.015052372003624248e-01
5.215585534882795082e-01,4.784590062916638242e-01
8.396483811119026530e-01,1.603673621833305307e-01
8.589710960775676085e-01,1.410596160260379206e-01
8.413553437542639069e-01,1.586639311237540428e-01
7.932671396936493702e-01,2.067429857286356143e-01
6.684405516468703290e-01,3.315541004179913265e-01
8.622451471146290736e-01,1.377751715712070835e-01
9.310782475222759702e-01,6.892246870604411269e-02
6.202516862336291403e-01,3.797553148852343408e-01
5.899916295078739825e-01,4.100283889465262677e-01
7.461884956978153127e-01,2.538139194329375736e-01
6.673673353206159842e-01,3.326376354382424849e-01
6.426246525834878875e-01,3.573952430657438284e-01
8.001680837869933338e-01,1.998463373498859941e-01
7.903623818476054330e-01,2.096672187838951595e-01
9.062567075235228309e-01,9.377994714202884941e-02
7.526766666198616562e-01,2.473231124325462049e-01
5.378057476023757610e-01,4.621885840478048291e-01
5.425404667585888019e-01,4.574400147240483827e-01
8.558290241603347948e-01,1.441925715172120703e-01
7.935789001536539544e-01,2.064294673534108893e-01
6.864130188430580537e-01,3.136098879333037437e-01
6.930700501765608701e-01,3.069415339517276298e-01
9.344626782687590616e-01,6.553659874956414833e-02
5.321954151618384365e-01,4.678192766863603080e-01
8.248250648664091633e-01,1.751846654581583063e-01
5.841241818377129746e-01,4.158939990744916493e-01
6.619818289994744420e-01,3.380466503857372240e-01
9.510154090984808128e-01,4.898762097119442604e-02
9.506217472346819575e-01,4.940039408479441480e-02
5.558592508441133617e-01,4.441333604278237535e-01
5.488914122586847633e-01,4.511206408257545930e-01
5.905019826770169233e-01,4.095114311793302542e-01
7.306622780615008583e-01,2.693391014440309483e-01
8.954136359487387953e-01,1.046043946407319292e-01
5.082027177388427353e-01,4.917926388203774923e-01
7.895053749419699285e-01,2.104934343436314081e-01
8.588263886786682288e-01,1.411910732911510480e-01
9.626542151111656676e-01,3.736445741786827840e-02
7.012847983665710938e-01,2.987333089152516274e-01
9.410123337556142165e-01,5.899532016407781077e-02
6.706920947111719711e-01,3.293192452221391231e-01
8.494533822155594383e-01,1.505429170672499262e-01
5.492736300184074549e-01,4.507270501030661292e-01
5.481618633901174098e-01,4.518474908037976578e-01
7.926897980838629731e-01,2.073187791057381213e-01
5.397091767069888135e-01,4.602730677119886149e-01
7.951760132599925424e-01,2.048469008797860758e-01
7.990259815875466742e-01,2.009922400492333006e-01
5.869081615747614444e-01,4.130949264463527615e-01
9.059020153109651474e-01,9.409564649704119099e-02
6.871112906982841384e-01,3.129020749592202888e-01
5.292951169674124934e-01,4.707250029100694122e-01
9.426323595550882839e-01,5.738287908680531069e-02
9.583827555684849564e-01,4.165179811406792554e-02
6.346030559634956436e-01,3.653840594919978702e-01
5.947076290390919118e-01,4.053145570101321371e-01
9.171498720886424039e-01,8.286401138954940793e-02
8.962745860301248868e-01,1.037620403428705790e-01
9.253815049073229604e-01,7.461603507183627026e-02
5.137376058379954369e-01,4.862474046579637887e-01
5.970501496610420844e-01,4.029340730129303827e-01
8.649210925873240807e-01,1.351071861153152476e-01
7.736984591330005046e-01,2.263141489993632238e-01
6.406294645104610996e-01,3.593614638974859110e-01
5.251592792661754494e-01,4.748605253121201963e-01
7.667583285744081767e-01,2.332401958701383893e-01
9.371522785279287060e-01,6.286293909158748028e-02
5.352075906357880442e-01,4.648142764098897595e-01
6.279374908848780468e-01,3.720834808891280709e-01
7.961895187926075756e-01,2.038178126157249859e-01
5.522542733684958627e-01,4.477586228083038078e-01
7.233186635412172105e-01,2.766820621930648483e-01
7.223815900998611372e-01,2.776069596672111617e-01
6.259508439603530539e-01,3.740756817037983462e-01
7.094037794459859825e-01,2.905957935771963929e-01
6.551108444013999943e-01,3.448899896073046589e-01
7.716920901436379321e-01,2.283296029615611844e-01
9.078390269403552315e-01,9.218737572375088063e-02
8.380060535184938875e-01,1.620066602271860723e-01
9.444108812579093959e-01,5.561508044502401493e-02
6.316010486235585919e-01,3.684256914360989343e-01
7.466555048571121844e-01,2.533486807896342397e-01
9.697768285386193510e-01,3.024613473669630209e-02
7.869401116693015563e-01,2.130894515254955490e-01
8.178447929801747618e-01,1.821891943747186993e-01
7.416647403339399203e-01,2.583264105350860929e-01
6.567894579383338760e-01,3.432367522162681484e-01
5.617266697187678348e-01,4.382685875277934628e-01
9.697310037422099960e-01,3.029422919197564956e-02
8.403200396940684325e-01,1.596861552601126777e-01
5.481452569692685239e-01,4.518425830417274747e-01
5.557466008788038980e-01,4.442402380216098345e-01
6.252950791528331109e-01,3.747207234036640799e-01
5.533463751650267159e-01,4.466630942161884388e-01
7.730089694307235026e-01,2.269972592946183365e-01
5.868713233201022783e-01,4.131200243044879095e-01
9.565867351583996481e-01,4.345078369687963016e-02
5.777000279583922593e-01,4.223218224948039334e-01
8.367543126235091888e-01,1.632720045507559947e-01
7.155047348916221406e-01,2.844851215867798544e-01
7.259491378845410736e-01,2.740602722974528893e-01
6.092800907100398566e-01,3.907136250780881559e-01
7.139794878314164039e-01,2.860167183658364753e-01
7.101424299382000926e-01,2.898662579613994761e-01
5.283963581457756797e-01,4.715897807913414508e-01
6.677674342795404394e-01,3.322571904368423756e-01
7.997195786436412934e-01,2.002986127751494871e-01
9.530709342076020274e-01,4.693534350741493388e-02
6.321879777680351475e-01,3.677979149229758105e-01
8.584128050589826531e-01,1.416037482132606329e-01
8.901295607585755221e-01,1.098708507788098421e-01
8.307495158815021430e-01,1.692803195198321065e-01
7.705835028538050580e-01,2.294318347572509575e-01
8.796921794825742769e-01,1.203439508067618152e-01
7.767835116368830839e-01,2.232480200922248303e-01
8.240713995978949935e-01,1.759486678636215939e-01
8.114539406951578604e-01,1.885717384989568646e-01
8.573914749607609576e-01,1.426376999906620313e-01
5.822961292035817582e-01,4.177036778814945950e-01
5.915567007392935617e-01,4.084411436709986520e-01
6.710235806401322334e-01,3.289888828817915667e-01
9.472758731408211785e-01,5.272677962356237674e-02
5.918308838774590797e-01,4.081834397613059995e-01
5.371294515440364625e-01,4.628661347192501996e-01
6.843070879365473758e-01,3.157203918787236940e-01
7.103356437153218739e-01,2.896900085314541573e-01
9.290392145697132786e-01,7.098006440317515542e-02
7.970370951285734584e-01,2.029795105702494051e-01
9.687362046860308329e-01,3.129294229383622339e-02
7.141905911811453622e-01,2.858098047781459372e-01
5.876388948708453075e-01,4.123853364188888038e-01
