6.070827211146737623e-01,3.929172789881660854e-01
5.993368667264915572e-01,4.006631335490159485e-01
7.454380543679701709e-01,2.545619464259868403e-01
5.386518869597792802e-01,4.613481120973228489e-01
9.282037892635266463e-01,7.179621173237410447e-02
6.067880971407604296e-01,3.932119040413394884e-01
7.034403997074083481e-01,2.965596015037957334e-01
7.543699241172875380e-01,2.456300746171804494e-01
8.617018356540593338e-01,1.382981657673695297e-01
6.705467697942891769e-01,3.294532287480912425e-01
8.633035705737601706e-01,1.366964275530447581e-01
5.369931408847995469e-01,4.630068570894162461e-01
6.107440470039803282e-01,3.892559508528129486e-01
8.857545072201461478e-01,1.142454899810141505e-01
6.938561016662264658e-01,3.061438955018330743e-01
6.565586315421414465e-01,3.434413652358888069e-01
7.264525537575634573e-01,2.735474423703785352e-01
8.383129651851420894e-01,1.616870389865860125e-01
7.788307262663625163e-01,2.211692780893287635e-01
8.095070587104314930e-01,1.904929369226030511e-01
6.364967825223420972e-01,3.635032129111959165e-01
7.289106231305495509e-01,2.710893816595988381e-01
7.447420622849341143e-01,2.552579328673912906e-01
7.210497886031002057e-01,2.789502163339356855e-01
6.662933183193116005e-01,3.337066866553590194e-01
6.073589347203510735e-01,3.926410601849897875e-01
8.243739413279723705e-01,1.756260637911214728e-01
7.152207624858174517e-01,2.847792319268541705e-01
9.263380076619611714e-01,7.366199800319506164e-02
5.349534953516698055e-01,4.650465106747519450e-01
7.768659294365753976e-01,2.231340767479026710e-01
5.272061759956210292e-01,4.727938165426245343e-01
7.739458476411269494e-01,2.260541447958046013e-01
8.019172501338601711e-01,1.980827575008975716e-01
6.314565507323888216e-01,3.685434571743851917e-01
9.401920635058311770e-01,5.980794456723860508e-02
7.760289062097558421e-01,2.239711018919082752e-01
5.909064391313217923e-01,4.090935525424821972e-01
5.539102205511899912e-01,4.460897710437086716e-01
6.105759368426916245e-01,3.894240718526489342e-01
8.570483585885532163e-01,1.429516505513410696e-01
5.326172871601223546e-01,4.673827224090817967e-01
5.642928229825572295e-01,4.357071672178372546e-01
5.694021156038620024e-01,4.305978745564841836e-01
7.422231730689288209e-01,2.577768168596203946e-01
7.486340349883876533e-01,2.513659753106197159e-01
5.353348152065211529e-01,4.646651954087617220e-01
6.490506765383609045e-01,3.509493342585690012e-01
6.026787225828558192e-01,3.973212882360427356e-01
9.244399600105950299e-01,7.556002893301977386e-02
6.077529147475575488e-01,3.922470740289043523e-01
5.898433168059554754e-01,4.101566719569777475e-01
8.986856165837073807e-01,1.013143721534583153e-01
6.275190465870951195e-01,3.724809418337391986e-01
6.895670162286130500e-01,3.104329720682626470e-01
9.420752999559105501e-01,5.792471282752294920e-02
6.402652868259567365e-01,3.597347002476630196e-01
9.758381210006316087e-01,2.416189230718803621e-02
5.712645239452374124e-01,4.287354896614226085e-01
6.676751317206588432e-01,3.323248546437833073e-01
5.953377866608050573e-01,4.046622270830147472e-01
6.668684910505304764e-01,3.331315227102623622e-01
9.165421616804727556e-01,8.345782404301091417e-02
6.218723480143598659e-01,3.781276662958383272e-01
6.988503942008490455e-01,3.011496201105717252e-01
9.368782332662617396e-01,6.312178110314750623e-02
9.434163569674591798e-01,5.658365769756294739e-02
5.609330302094838183e-01,4.390669549527357884e-01
9.235759084141283992e-01,7.642407649156809923e-02
6.984474593684917298e-01,3.015525254729480853e-01
8.808837350810632127e-01,1.191162803023506356e-01
7.774546507693729236e-01,2.225453651608345906e-01
7.116372557188083148e-01,2.883627608498728345e-01
8.257438303773653177e-01,1.742561865947333255e-01
8.221742463100442100e-01,1.778257708032995044e-01
9.190145521584159871e-01,8.098543061033837420e-02
5.383102052645843960e-01,4.616898129250154859e-01
6.167188521017026304e-01,3.832811296579274885e-01
6.751827032734084577e-01,3.248173152788887963e-01
7.461485742264534204e-01,2.538514444777587586e-01
9.202830273706713582e-01,7.971699152111777487e-02
6.242468914066088281e-01,3.757530890965639081e-01
6.871748126904519971e-01,3.128251676656688129e-01
5.830808179660292856e-01,4.169192020813139998e-01
8.138586633319860875e-01,1.861413569084441055e-01
6.033369653105525865e-01,3.966630141985176827e-01
5.523710789720011061e-01,4.476289418355100524e-01
6.621851994563073829e-01,3.378148215951491395e-01
8.747683231331564446e-01,1.252316979856835932e-01
6.488389893234774997e-01,3.511610319086087562e-01
5.300542151409839420e-01,4.699457633566073711e-01
9.216268576224393438e-01,7.837312075107959186e-02
5.813391467020809777e-01,4.186608316038347710e-01
5.243611052171168740e-01,4.756388727246634862e-01
9.549977428572147264e-01,4.500223459876011300e-02
7.039963742259480739e-01,2.960036030002992646e-01
7.998423053375637304e-01,2.001577175653622975e-01
5.871741173404971814e-01,4.128259056225813683e-01
6.414782516442769644e-01,3.585217716983071234e-01
9.218964870734674966e-01,7.810348956527304876e-02
8.362314121323964899e-01,1.637685641625099831e-01
8.006340454021187991e-01,1.993659308873027558e-01
6.183565136544825203e-01,3.816434624030051737e-01
7.593765974133543928e-01,2.406233784994307734e-01
8.716440850176871979e-01,1.283559393040022700e-01
9.402119157344266398e-01,5.978805953614110824e-02
6.488779707444232159e-01,3.511220044526896511e-01
8.714524038787290205e-01,1.285476209385413293e-01
8.623070778966470673e-01,1.376929470198722805e-01
6.481756714205898495e-01,3.518243540681430526e-01
7.913979830206574473e-01,2.086020425523293920e-01
5.803106754111219123e-01,4.196893501869538023e-01
6.974947468743920576e-01,3.025052269942020144e-01
7.801204893248550043e-01,2.198794843239826324e-01
7.175073487878023126e-01,2.824926247266590362e-01
8.957672733077347571e-01,1.042327536470639832e-01
6.403888075412665914e-01,3.596112194738017576e-01
5.775851918438803523e-01,4.224147809250960450e-01
6.854514004583135423e-01,3.145486273470460836e-01
6.775958053913707646e-01,3.224041667707739922e-01
8.774346737087967973e-01,1.225653543337504731e-01
5.653286843050157051e-01,4.346712875989346969e-01
9.670000123824877836e-01,3.299995944741053455e-02
7.864903249172244815e-01,2.135097034934541060e-01
7.069668976753886724e-01,2.930331311268802308e-01
6.640005840913124624e-01,3.359993870726862286e-01
9.261540413111819525e-01,7.384598815858488263e-02
6.583070789391612943e-01,3.416929508309392016e-01
9.814466607794085640e-01,1.855330924660472322e-02
5.768794254474000072e-01,4.231206047838153572e-01
7.058028524815176397e-01,2.941971172427875758e-01
6.705552711550878398e-01,3.294446983144373453e-01
7.679761023959223998e-01,2.320239281872762127e-01
7.805237565083872342e-01,2.194762741396084627e-01
8.279432614067587792e-01,1.720567078601344668e-01
8.403069909245338698e-01,1.596929781049312991e-01
6.841066075925616996e-01,3.158933611493671134e-01
9.078739783299323296e-01,9.212599011232884549e-02
7.143105534024744019e-01,2.856894146974159887e-01
8.621393232152088082e-01,1.378607087360686212e-01
9.554986634698814374e-01,4.450130451871813636e-02
9.301122506835558523e-01,6.988771727834676428e-02
9.525578750086497459e-01,4.744209293307823788e-02
7.532760849513997492e-01,2.467238828690295482e-01
6.458379252103571000e-01,3.541620420149976245e-01
7.299539006109061479e-01,2.700460662995441963e-01
6.248596627480738075e-01,3.751403709057294922e-01
8.248171787928062493e-01,1.751827875309480698e-01
5.673084631436448033e-01,4.326915707147284129e-01
5.621460551793011629e-01,4.378539105138227194e-01
7.690981010260709017e-01,2.309019332902556010e-01
9.010588008497408818e-01,9.894116462611672602e-02
8.279563202673505540e-01,1.720436449075125607e-01
7.837565941645199263e-01,2.162433709578834851e-01
5.768690997752649041e-01,4.231309352337364604e-01
6.077853583741282817e-01,3.922146766656929295e-01
6.280059218660507536e-01,3.719941132719910559e-01
8.182094252725857775e-01,1.817906099051616320e-01
8.780999537465206117e-01,1.219000109850504471e-01
7.544704355471890667e-01,2.455295288975246071e-01
9.824051220504292914e-01,1.759491353136554553e-02
7.723666777696298613e-01,2.276332866113150999e-01
5.698677228925774774e-01,4.301322414749636502e-01
9.813547375534864559e-01,1.864529833495086678e-02
8.852293681269315373e-01,1.147705959190268438e-01
5.853414528939375749e-01,4.146585110702669108e-01
8.860379305698400376e-01,1.139620333827157383e-01
6.407448340635504280e-01,3.592551297539268162e-01
7.001177131359518357e-01,2.998822506775323249e-01
5.444959511422901022e-01,4.555040852027635867e-01
8.787880006584027903e-01,1.212119629047591490e-01
8.001675792925209141e-01,1.998324571801350369e-01
8.917251138811517208e-01,1.082749231229450243e-01
6.879187021902747334e-01,3.120813353710078508e-01
9.314667109020622338e-01,6.853325111392909175e-02
7.982344230301798849e-01,2.017656151492945582e-01
5.699311412444429958e-01,4.300688969812830886e-01
6.563884855671503482e-01,3.436114761506720572e-01
6.709043766509537043e-01,3.290956617760200098e-01
9.486811320564310090e-01,5.131882950126002985e-02
9.052990468820261150e-01,9.470091465516473905e-02
5.917862820921562239e-01,4.082136794371899469e-01
6.074275585037727243e-01,3.925724800857441910e-01
5.941992271943309367e-01,4.058007342031264009e-01
7.606576355775011011e-01,2.393423255526608284e-01
7.483881720476983634e-01,2.516117889603615154e-01
8.702769131798642199e-01,1.297230475729976296e-01
5.684622641785016528e-01,4.315376965681899102e-01
9.028694523541496153e-01,9.713050787384491791e-02
7.833711087288449670e-01,2.166289310873429352e-01
6.769503760082864474e-01,3.230495841653404088e-01
5.623783133988041749e-01,4.376216463642706445e-01
7.430917408690999038e-01,2.569082995983492101e-01
5.540296655537568782e-01,4.459702935863334994e-01
7.911446834537902983e-01,2.088552756684852463e-01
7.601476019496536951e-01,2.398523566431710607e-01
7.820889953195719890e-01,2.179109631334807673e-01
5.504512602019479006e-01,4.495487818629736454e-01
6.054253019717332762e-01,3.945747404718558671e-01
5.254489281554856062e-01,4.745511146812514958e-01
8.127103666598409770e-01,1.872895901975904775e-01
7.547747271473373987e-01,2.452252294611738381e-01
9.184612121558992648e-01,8.153883126732659747e-02
6.024381413056090206e-01,3.975618152046456188e-01
7.385540289743857123e-01,2.614460146262442275e-01
5.526584837011611073e-01,4.473415599608219773e-01
7.672555198127283260e-01,2.327444362010580303e-01
7.041934425246534346e-01,2.958066015746617095e-01
6.912918320857490695e-01,3.087081236444498833e-01
5.490019119795455094e-01,4.509980436331536002e-01
8.242136216606633647e-01,1.757863338618823323e-01
7.947085970401479571e-01,2.052914474601343631e-01
8.769736301581518845e-01,1.230263251415777276e-01
8.348341247859154546e-01,1.651658304717989190e-01
6.192795483706253767e-01,3.807204971231133439e-01
6.128017288547832342e-01,3.871983175285464429e-01
7.557694130218215456e-01,2.442305405493755410e-01
5.997378935962328628e-01,4.002621529492354502e-01
8.073147075646802673e-01,1.926852458842191751e-01
5.656447350130376917e-01,4.343553116943210113e-01
9.485829645089228768e-01,5.141698861782335872e-02
8.382285123694153128e-01,1.617714407204658977e-01
8.322123314462837040e-01,1.677877154995479625e-01
7.095528811714728601e-01,2.904471658035551740e-01
5.425169404955285657e-01,4.574830117381561978e-01
8.740648755693931626e-01,1.259351726693517803e-01
7.380767261971065141e-01,2.619233221117707178e-01
9.674112281283571146e-01,3.258872303062848585e-02
8.798790164223077026e-01,1.201210325829434183e-01
5.891886485787708461e-01,4.108114004401636765e-01
8.559949411624077076e-01,1.440050092278447325e-01
8.040009451745044888e-01,1.959990049345740337e-01
6.316950638070943924e-01,3.683048860368269284e-01
8.297391799917865907e-01,1.702607698103356659e-01
7.122238435680731117e-01,2.877761062284902027e-01
5.458670580377187331e-01,4.541329925386173305e-01
5.514109958111952370e-01,4.485890549156858476e-01
9.317332504681841154e-01,6.826669874714430541e-02
9.086264261690124577e-01,9.137352303996021385e-02
7.416982361156714276e-01,2.583018150697006243e-01
6.299197462155385896e-01,3.700802025835425724e-01
5.729229239538091711e-01,4.270771280083033861e-01
5.475863892366780172e-01,4.524136628823625661e-01
9.081758413431351151e-01,9.182410623293800478e-02
8.831009872009931705e-01,1.168989603015207213e-01
7.568018184077087707e-01,2.431981289484109743e-01
8.808663176024761343e-01,1.191337350863016370e-01
9.830896605579686476e-01,1.691039223454208346e-02
7.443559203313055983e-01,2.556441328926200574e-01
6.963564399490144163e-01,3.036435067329497639e-01
7.554607828081446597e-01,2.445392705269524569e-01
8.978257498127992786e-01,1.021741965436700206e-01
7.807804506761337748e-01,2.192194954718531263e-01
9.158868509798024915e-01,8.411320296963011034e-02
7.082867885011834286e-01,2.917132658715993476e-01
9.673403607006669791e-01,3.265969378794096600e-02
6.314653692203426871e-01,3.685345757772147679e-01
7.637909731890670795e-01,2.362089717832867863e-01
8.090322950821653425e-01,1.909677599843765117e-01
8.331123108177888037e-01,1.668877444200208282e-01
5.959157665559053907e-01,4.040756482284674767e-01
9.142903304869038905e-01,8.571065163944298348e-02
7.178839897358402222e-01,2.821421090629357975e-01
6.736213502030835576e-01,3.263820366494037950e-01
6.656289857154176204e-01,3.343913858662515004e-01
6.800425952670157148e-01,3.199782974538101232e-01
6.006608985514796384e-01,3.993597918591228479e-01
5.836971531668206925e-01,4.162964631233418977e-01
7.237398646313941697e-01,2.762732993426759154e-01
7.060320241158810628e-01,2.939844213203808843e-01
5.445838969943114227e-01,4.554155821458557574e-01
8.866567865279360028e-01,1.133780805017250148e-01
9.611797552253420474e-01,3.883792991100975395e-02
6.661075650275780635e-01,3.339174980970688877e-01
8.395334425883888008e-01,1.604866005514637983e-01
6.485296153882523784e-01,3.514944700889581775e-01
9.330924889552306700e-01,6.694746501914165815e-02
9.230095641738081946e-01,7.699569503726014230e-02
6.203770524277532061e-01,3.796283516660498569e-01
5.945063728802613134e-01,4.054918027643379386e-01
5.407292865063102472e-01,4.592935056253660275e-01
8.454002164022189625e-01,1.546016687324592020e-01
6.678205801840735312e-01,3.321774854630267781e-01
9.539122806560791368e-01,4.609782330137190964e-02
6.038930019100221536e-01,3.961181587637113699e-01
5.998867259089707415e-01,4.001254563841281642e-01
6.204302833580357390e-01,3.795747371533504944e-01
8.338951997039817376e-01,1.661276373989694077e-01
5.889882891774123053e-01,4.110166369945807974e-01
9.396438789284010662e-01,6.038647252281831301e-02
8.703438347032608213e-01,1.296561021661856716e-01
5.892459757912814622e-01,4.107763406249411164e-01
7.188393346671158035e-01,2.811644281197396844e-01
8.788261206564872419e-01,1.212098702252724508e-01
8.917840264092353753e-01,1.082252537893747535e-01
9.487841519214059716e-01,5.124794055995644110e-02
9.606912441565891303e-01,3.931827223285379314e-02
5.664291196579521737e-01,4.335897959018191750e-01
7.827890667014170134e-01,2.172217909812843295e-01
9.036683026509209071e-01,9.634904073962899385e-02
8.837096023074393347e-01,1.162996857453712091e-01
5.292123855182927494e-01,4.708049855193442434e-01
9.169994399278528219e-01,8.302601402179213275e-02
7.749523933617455951e-01,2.250758252044336716e-01
5.856037980331748605e-01,4.143789542936595627e-01
8.042302692712726131e-01,1.957745917319670681e-01
5.446129925129079563e-01,4.553950308991072671e-01
6.086810616276989716e-01,3.913105272287698000e-01
7.643400945570362204e-01,2.356585425069223916e-01
6.735396275128046062e-01,3.264601635081821884e-01
6.904485792836241309e-01,3.095398439958250147e-01
9.100882389141339290e-01,8.992265203015513408e-02
8.424029728477882006e-01,1.576024408753873007e-01
6.105977277938667847e-01,3.894209923748337410e-01
7.789272256458370514e-01,2.210644790507990676e-01
6.556903820535454619e-01,3.443130318283629254e-01
9.705051796536718900e-01,2.949854578063046059e-02
5.604995475512746239e-01,4.394824545364102719e-01
7.563340171649367560e-01,2.436683438833617266e-01
7.211893315621924483e-01,2.788107021715741096e-01
5.995167565565217016e-01,4.004887391987460576e-01
7.947885769054128247e-01,2.052347961960228062e-01
9.698498013355398850e-01,3.016718003614437052e-02
6.354551227467580832e-01,3.645582349314054893e-01
9.202219302242860000e-01,7.980755095064392957e-02
9.435762230488968783e-01,5.644618990978630263e-02
8.911867305733318645e-01,1.088512250775414691e-01
7.862134180208442125e-01,2.138073314224757937e-01
8.222182776515414293e-01,1.778135883958073538e-01
5.466463835084414136e-01,4.533682701797057679e-01
6.113762225410518392e-01,3.886428415632492972e-01
8.010729898342443533e-01,1.989590701713213894e-01
6.821741653562976015e-01,3.178416616438055065e-01
5.503594316029972733e-01,4.496490419139555494e-01
9.141871434542181429e-01,8.583872633098209304e-02
5.361569419906169198e-01,4.638323862421396271e-01
8.265423997345833218e-01,1.734800516625197853e-01
6.065529703230194691e-01,3.934708853772729831e-01
6.249570934853959647e-01,3.750589493207124869e-01
8.361920053791674912e-01,1.638373652880587561e-01
5.985870761582831046e-01,4.014125310235422961e-01
6.384741352307421458e-01,3.615187578894818454e-01
5.997098689699074114e-01,4.002864824102830843e-01
7.362134600692771258e-01,2.638016776180883705e-01
8.109687813398132050e-01,1.890344578532600628e-01
6.317731848511495274e-01,3.682517665280404251e-01
7.634384869232192505e-01,2.365766038430990315e-01
5.458767820822106875e-01,4.541418393963707056e-01
6.729480743367157736e-01,3.270638789481277731e-01
8.163262643055495538e-01,1.836751854354094216e-01
9.385487207880232052e-01,6.147954513216592060e-02
5.274494329140455573e-01,4.725566381772168256e-01
6.252406658087953373e-01,3.747630489795801823e-01
5.670221900949017346e-01,4.329694317561404437e-01
8.139492521636954026e-01,1.860600658291775289e-01
5.292110625466408536e-01,4.707729916000791270e-01
9.577324702920566590e-01,4.229501929609369437e-02
5.601136220579540081e-01,4.398701953802582332e-01
7.822574436880338489e-01,2.177749393315666637e-01
6.945398790273517031e-01,3.054502165685776816e-01
6.833569633849174707e-01,3.166379371352898708e-01
9.125002771402258572e-01,8.751498534557783371e-02
8.530290922003409548e-01,1.469786842431808904e-01
8.856409951118341395e-01,1.143794913872924063e-01
6.428803559073529295e-01,3.571208881665384749e-01
7.506890946249203944e-01,2.493283981846058928e-01
9.602268868390000378e-01,3.977577073808737096e-02
7.893391157053879503e-01,2.106656858530707166e-01
9.746852294953898266e-01,2.534736709335334154e-02
5.344470448043741051e-01,4.655737500692610498e-01
6.159057466585239338e-01,3.840814649994536145e-01
6.178884324284544816e-01,3.821256661525886389e-01
6.366381060779670031e-01,3.633870780830696368e-01
7.787499041929233368e-01,2.212684339684035661e-01
5.576037345798677825e-01,4.424044020354032103e-01
7.322016816964502794e-01,2.678211423450704287e-01
7.735588893591434090e-01,2.264569075200549286e-01
8.431814151343945962e-01,1.568355127864888288e-01
5.655030187482033011e-01,4.345053706473627209e-01
9.011058942284491113e-01,9.891205450134789301e-02
8.246862311359767217e-01,1.753441899610224397e-01
6.144619713712052844e-01,3.855235967362160010e-01
8.681446266433977543e-01,1.318646047212865546e-01
7.621716901975821301e-01,2.378429983981400764e-01
6.013365935036795173e-01,3.986549308170180828e-01
6.454821865450200979e-01,3.545027848860581865e-01
5.291326208576553336e-01,4.708490760670986375e-01
7.361958470419754930e-01,2.638350313373689637e-01
9.102134363978512388e-01,8.982134615544408451e-02
8.434061530776711946e-01,1.566280302177764649e-01
5.644922181381745174e-01,4.355112029246270278e-01
7.443170058384729337e-01,2.556784659172331442e-01
8.149567320009678539e-01,1.850481482625262464e-01
8.162462032440708226e-01,1.837854863329995703e-01
9.225777995613266835e-01,7.743213462001700964e-02
9.172658591200365530e-01,8.273554560908934208e-02
6.468631323388996934e-01,3.531311264747844514e-01
6.710942951919987021e-01,3.288932583833354961e-01
7.018318418306028761e-01,2.981671679891855775e-01
5.544502228747858474e-01,4.455589155395467404e-01
6.546804770430862952e-01,3.453411748509863655e-01
5.812464776133855482e-01,4.187528194176356466e-01
8.525297825081761260e-01,1.474739336375150978e-01
9.121782448311362979e-01,8.784572192154085912e-02
5.631645526092995402e-01,4.368572546363311826e-01
5.893501112595216362e-01,4.106696169405977259e-01
8.586686389492851346e-01,1.413386310634724696e-01
7.587749196022283149e-01,2.412193671799111871e-01
6.181601038425157402e-01,3.818384145772919513e-01
8.066250559716554580e-01,1.933707640632490732e-01
7.564885900117523931e-01,2.435077008419164746e-01
6.372134876247051993e-01,3.627942755829766108e-01
9.067072630537422739e-01,9.330779618694350075e-02
8.563619301860468935e-01,1.436533153378496963e-01
7.775764194832351928e-01,2.224498758733435555e-01
6.875271192535519216e-01,3.124723561921481929e-01
6.729607286968052327e-01,3.270322145323750762e-01
8.825230547207343346e-01,1.175137620165957186e-01
5.750195605304211366e-01,4.249723105731030848e-01
7.567739748485124984e-01,2.432531311870868018e-01
9.663090572720322013e-01,3.372986708676537632e-02
8.622248537072997321e-01,1.378116680734014776e-01
5.487006206502026417e-01,4.512857197562121780e-01
9.793345460987447071e-01,2.066532831981144486e-02
6.301517719694644803e-01,3.698604200902595451e-01
8.837596721223617280e-01,1.162575543964413927e-01
8.595933896275741448e-01,1.404158403297824376e-01
6.078020283268547042e-01,3.922224284598943567e-01
7.154327263975590601e-01,2.845867490408613976e-01
9.295376621870781175e-01,7.047248986294027406e-02
8.664645661311525249e-01,1.335603303086825566e-01
8.597885340293121015e-01,1.402098779731109635e-01
6.356552079029575975e-01,3.643671953935195273e-01
9.046653978266245844e-01,9.535317607958840314e-02
7.120996868943730851e-01,2.879056564455676481e-01
9.330369415415267209e-01,6.696884124215729539e-02
5.591518321511197431e-01,4.408313885234709795e-01
6.810037184710199254e-01,3.190041372951272214e-01
6.502411872765153644e-01,3.497790732707394823e-01
7.141894197924808507e-01,2.858041299573574334e-01
9.351211163183255071e-01,6.488442316548420630e-02
6.427870282691980908e-01,3.572068117400759024e-01
8.838313050776471780e-01,1.162034826573439816e-01
5.427822874117413932e-01,4.572207337613531375e-01
9.574676705729772141e-01,4.255466308609760773e-02
8.158486218086482555e-01,1.841582330621277797e-01
7.450575664025607114e-01,2.549639774446461060e-01
7.967147624417458829e-01,2.032787551925482050e-01
7.629455583601703061e-01,2.370444949192456463e-01
7.878843642424773197e-01,2.121138397069078918e-01
5.907172842123064038e-01,4.092915739903770223e-01
8.139237138307653385e-01,1.860706792513204810e-01
7.511524093228840737e-01,2.488749328522776305e-01
7.533262062141478088e-01,2.466852211560473240e-01
7.835566566142815326e-01,2.164383872539499543e-01
7.829660406885354806e-01,2.170652898885797877e-01
6.774599501624740672e-01,3.225502272815221616e-01
6.768396538200551760e-01,3.231753046720339806e-01
9.401327653130839845e-01,5.986535180145889645e-02
9.308010449562323929e-01,6.923311424924562252e-02
7.853824467652701369e-01,2.146394761406632545e-01
8.892134907399891208e-01,1.107854816748904264e-01
6.316755713030763886e-01,3.683195189576711215e-01
8.100718224362171149e-01,1.899215861808243588e-01
8.691501463886555090e-01,1.308766866500142845e-01
9.618779326615642944e-01,3.816248133958809879e-02
8.865160289150582074e-01,1.134795502138623569e-01
5.451916142149759725e-01,4.547953363161116314e-01
6.397358551826006767e-01,3.602720717167466336e-01
6.647393252922214613e-01,3.352752867624675392e-01
9.230073336383235461e-01,7.701067959490479065e-02
5.975275792697705146e-01,4.024927300022296262e-01
8.003745765197007866e-01,1.996433627418299495e-01
7.223922826301292233e-01,2.775978308810055917e-01
5.830317079246042367e-01,4.169921736849595550e-01
5.979518049854674056e-01,4.020597093961376656e-01
8.347126283094694621e-01,1.652911296611829506e-01
6.456480885603096409e-01,3.543788823605867333e-01
8.761287850834542645e-01,1.238796351947163976e-01
7.533621941669712552e-01,2.466393246713929066e-01
6.619983899941317418e-01,3.379970208935187403e-01
8.411866847471776154e-01,1.588405665653578880e-01
8.108559571824220935e-01,1.891522680414896018e-01
7.637587536097268925e-01,2.362477267348607746e-01
6.034909150513320109e-01,3.964992777230850751e-01
8.051142711717174105e-01,1.949046853396969314e-01
6.619097104357367645e-01,3.380793883189388560e-01
5.834226620323192947e-01,4.165676333487913774e-01
7.149388995797087976e-01,2.850840650853090907e-01
8.945269514704027314e-01,1.055088528219912253e-01
8.433744830929191805e-01,1.566382174960794793e-01
8.026553470851112149e-01,1.973666293015486350e-01
6.833904369250043409e-01,3.166374213451855213e-01
8.948528344433895887e-01,1.051465274588857801e-01
8.667957839131918973e-01,1.332016261485034214e-01
5.832604339285885064e-01,4.167487078743533635e-01
7.548353076758442803e-01,2.451814229903624409e-01
7.741026696794816031e-01,2.259235184179191613e-01
8.897944254146525900e-01,1.102119942517491152e-01
5.746187905563377996e-01,4.254036718158152319e-01
6.073655782863861541e-01,3.926374930732102753e-01
7.298128964092567283e-01,2.701957871089138985e-01
5.800797507617871940e-01,4.199162792136432176e-01
5.962369481658545967e-01,4.037813246858401595e-01
6.222159477805949690e-01,3.777723341039104232e-01
5.858751840564352387e-01,4.141471507871867797e-01
7.307423626897457947e-01,2.692887809305630764e-01
6.104408751245566922e-01,3.895426201991499249e-01
9.115352352502161803e-01,8.848653283261137537e-02
8.913760224866457138e-01,1.086400638985750983e-01
7.222778509068492614e-01,2.777427504627042465e-01
5.760194572299731641e-01,4.239819104812370121e-01
7.104438674694245615e-01,2.895566543500346368e-01
8.763944778922743151e-01,1.236062347664679956e-01
8.244680879712293908e-01,1.755510372433615185e-01
5.546908047012670817e-01,4.452980644157590318e-01
8.332704309950141885e-01,1.667513651498261917e-01
5.243722857963368789e-01,4.756092504968943979e-01
8.451499668279423005e-01,1.548625437694589602e-01
7.116101790992739318e-01,2.883856206627040675e-01
5.983487305627122055e-01,4.016521833334645852e-01
5.676552735603515032e-01,4.323619247254796294e-01
7.065291500116068768e-01,2.934597906611821072e-01
7.845668746123921622e-01,2.154566409004852190e-01
7.450199562788060170e-01,2.549718814549797319e-01
5.743557065342992374e-01,4.256484491610739163e-01
7.453540067483299669e-01,2.546361425138570778e-01
9.116652374974347772e-01,8.836418442212520818e-02
7.555903515930886272e-01,2.444331525971125130e-01
8.985180811918256349e-01,1.015181897363882230e-01
8.111505318475924486e-01,1.888589225760707868e-01
8.091232124040346196e-01,1.908711802898096777e-01
8.239041039954179135e-01,1.761263748497659265e-01
9.782778217059343584e-01,2.174348088547144175e-02
8.934430435501676815e-01,1.065809482766953420e-01
7.615335719809227522e-01,2.384570486106084297e-01
9.347828221297409534e-01,6.525470207473629825e-02
8.665141271408567381e-01,1.335209539243636667e-01
7.735054071856009017e-01,2.264861703401019333e-01
7.104758339145916812e-01,2.895352986837650966e-01
6.393807352466960303e-01,3.606255783118573754e-01
9.076948412868124372e-01,9.232828130334395922e-02
9.151481609861956690e-01,8.486543798303729236e-02
8.546979182082196091e-01,1.452969392457198472e-01
5.941066005192563448e-01,4.058988418337799442e-01
6.053065455958541730e-01,3.947088697625056319e-01
6.153340297408704807e-01,3.846652241046706333e-01
9.223851805390614889e-01,7.764277368610675301e-02
8.643664945545637135e-01,1.356686959471645471e-01
5.950966854445666199e-01,4.049101105421297753e-01
9.044753910964771215e-01,9.554620907028921195e-02
6.461715242368627488e-01,3.538314803921468465e-01
6.189490101471484262e-01,3.810349706959421656e-01
7.309353150546951117e-01,2.690602370804046628e-01
7.685892461654781904e-01,2.314402201945696402e-01
8.161962218694159832e-01,1.838108255680085956e-01
7.077155316347805147e-01,2.922766351995106371e-01
6.004214842741083524e-01,3.996031452680854357e-01
7.850480614426380566e-01,2.149722376138950841e-01
8.715854507997740086e-01,1.284144596472948929e-01
7.730468281560637367e-01,2.269455306528493921e-01
8.906551394888991835e-01,1.093679116090747611e-01
8.482372587697077915e-01,1.517663091644640694e-01
5.375249759789393345e-01,4.624603420622963590e-01
5.511670228596804444e-01,4.488214079984696459e-01
8.151786069553654812e-01,1.848299025621192859e-01
8.388401214276490769e-01,1.611842090982057996e-01
9.338971422910844478e-01,6.610983055181544887e-02
6.117671253225278605e-01,3.882581966453755307e-01
7.052095866055795303e-01,2.947997952322286008e-01
8.871226503567198884e-01,1.128943761972758530e-01
8.772281409983757605e-01,1.227931762731694770e-01
5.926016350464730076e-01,4.073917621691819924e-01
7.234706908578667495e-01,2.765399904606654080e-01
9.168175394706781223e-01,8.320636602688370742e-02
6.552624495492335166e-01,3.447310283683815979e-01
7.255310664026790590e-01,2.744908965353966557e-01
7.792658867164604652e-01,2.207418399858634417e-01
8.606589173651215674e-01,1.393426719162388638e-01
8.691883754219158487e-01,1.308229203873608470e-01
5.526589078238476338e-01,4.473465889961864006e-01
8.800642475125093345e-01,1.199398435498888749e-01
6.316474057369240169e-01,3.683606923515860831e-01
8.517328746083792090e-01,1.482912169374086264e-01
5.642955295214161504e-01,4.357034122057750758e-01
7.850212521598223248e-01,2.150005999233838838e-01
6.818614306709200878e-01,3.181301837096149887e-01
9.829173072440594572e-01,1.712092080473388844e-02
8.631867687835247382e-01,1.368302569062381235e-01
8.624459771456954860e-01,1.375887737706729952e-01
8.018042206494417901e-01,1.981983859358597555e-01
9.548322483071296496e-01,4.519314563650857208e-02
5.692335953862760478e-01,4.307904923733227309e-01
6.587720082731675086e-01,3.412219002721375571e-01
5.299911244149593248e-01,4.700271247381588302e-01
6.032656974670889127e-01,3.967595036471566750e-01
9.205909121613635726e-01,7.942637565369731201e-02
8.109221564184807551e-01,1.890811517748632320e-01
8.453993235240666593e-01,1.545978606371362640e-01
8.180744303083240521e-01,1.819411833495599429e-01
6.589566157509192390e-01,3.410574477977580954e-01
5.853462798354168717e-01,4.146741956663015927e-01
6.085202053111553600e-01,3.914758681163602594e-01
8.764894680598611654e-01,1.235291024547230804e-01
8.495919725767300257e-01,1.504320523719746838e-01
6.562336625727018813e-01,3.437580833628608445e-01
8.486654323399047684e-01,1.513556067898825241e-01
7.873990714654993672e-01,2.126210050475336455e-01
5.296850949154204846e-01,4.703261139134720104e-01
5.939320087359574174e-01,4.060895469172322580e-01
7.817532427294835440e-01,2.182790381001159241e-01
7.553784330881658793e-01,2.446271402722508814e-01
9.558507090041900023e-01,4.418521448523057144e-02
7.855010635851585876e-01,2.144968954174505393e-01
8.206374490139219935e-01,1.793671165839119674e-01
8.367055358333002069e-01,1.633032053162904451e-01
6.580988448146155578e-01,3.419148382859128477e-01
5.623819777119074548e-01,4.376293145582254018e-01
9.656412687141627815e-01,3.437596461945130466e-02
7.140749497595531015e-01,2.859361909945173919e-01
5.618750497431075352e-01,4.381426617364922449e-01
5.479956869959703436e-01,4.519920678392148616e-01
8.956265617030989556e-01,1.043772479379848905e-01
7.795756364931545335e-01,2.204522943155424186e-01
8.278647837614416805e-01,1.721691753007936199e-01
8.525317268103675961e-01,1.474883102738177021e-01
9.258955979266787484e-01,7.410749994538320951e-02
7.919468987503663904e-01,2.080716153394530643e-01
5.463265007468792733e-01,4.536912489242777013e-01
9.431399174808330343e-01,5.688859329136115861e-02
8.377099448877403098e-01,1.622872526855939357e-01
6.618098678817482261e-01,3.381945125461287005e-01
5.503003164785573720e-01,4.496972823669725394e-01
9.376463304394240250e-01,6.239405558070919289e-02
6.110359474020802262e-01,3.889628340290855468e-01
9.438991672281149548e-01,5.611878688869979120e-02
9.068281003663702933e-01,9.317364283591425544e-02
5.592044664833872858e-01,4.408035927530832843e-01
7.480728457652658925e-01,2.519560392559243578e-01
7.311233685745078814e-01,2.688838532571069528e-01
6.783732178892161180e-01,3.216469572153727863e-01
8.868750916296779252e-01,1.131606365820418680e-01
8.070993631697125359e-01,1.929007580293234658e-01
5.817394927564774054e-01,4.182816153782529245e-01
9.228963462771466730e-01,7.710336278664808862e-02
7.723887381820255804e-01,2.276263142760605318e-01
9.205355233203931231e-01,7.949386455640154725e-02
7.113712471051940600e-01,2.886417866358576001e-01
5.568232406846975735e-01,4.431818127270218399e-01
8.486681346104234525e-01,1.513437387049623994e-01
5.638002990023479599e-01,4.362102139716844684e-01
8.103639699655691420e-01,1.896329339294315908e-01
5.706607520395319266e-01,4.293599051195463034e-01
6.221082388490704052e-01,3.778981415182712800e-01
6.859020012962830926e-01,3.141024037700707594e-01
5.910648201798888168e-01,4.089209416830208998e-01
8.528156796910417725e-01,1.471959866240636627e-01
6.510233504241884628e-01,3.489663574865950468e-01
8.098312555208222463e-01,1.901838500264565190e-01
6.255346469655499453e-01,3.744710718749914014e-01
5.396816477878949581e-01,4.603349683608335408e-01
7.636588325238000685e-01,2.363631415859832607e-01
7.078529911059308066e-01,2.921725684424979486e-01
6.060256064515762153e-01,3.939872997793850695e-01
8.697540828903893573e-01,1.302586708849058639e-01
6.266097940217365547e-01,3.734009688568714624e-01
7.339384324296346351e-01,2.660810706870774811e-01
7.029748256793538763e-01,2.970218146514777002e-01
9.374954427402956147e-01,6.250517998994670199e-02
8.570082614586018721e-01,1.430104883857698517e-01
6.531175932064796630e-01,3.468895204083964345e-01
8.528342713462544467e-01,1.471836466785496067e-01
8.500170561465918428e-01,1.500055147611568662e-01
7.745578902338161598e-01,2.254414632255207773e-01
5.687271818416202995e-01,4.312554304084569301e-01
5.315953393907286717e-01,4.683845414810223207e-01
8.348663823035118448e-01,1.651561889364810409e-01
5.436254695846224338e-01,4.563937495765170715e-01
9.456536418788085152e-01,5.436865936848312569e-02
8.851424452996718983e-01,1.148885259703825851e-01
9.581282886117263864e-01,4.189958414430079714e-02
5.957331403829321248e-01,4.042728326271643469e-01
7.221016570871222617e-01,2.779071439695012247e-01
5.464656156421799915e-01,4.535267531006866859e-01
9.634745782686582327e-01,3.655255635083442395e-02
8.670699838463606923e-01,1.329457849335516362e-01
9.171672613850676559e-01,8.285511543592766204e-02
8.905442952775535215e-01,1.094829056198228096e-01
6.110647635639913089e-01,3.889234645876135099e-01
6.920779725389899495e-01,3.079213258259524411e-01
6.577258723186756306e-01,3.422633266299953125e-01
6.665229605347504638e-01,3.334981819534829639e-01
6.759802218304933330e-01,3.240308877264695964e-01
8.940241429096863479e-01,1.059720455156121649e-01
7.171867576525758903e-01,2.828010949126910090e-01
7.163177434482811412e-01,2.837082643645185143e-01
8.918492048555393126e-01,1.081800269473176257e-01
9.718659574782892996e-01,2.813692577527676653e-02
6.343564683279552252e-01,3.656598052117704389e-01
8.512508654196615510e-01,1.487719384274102108e-01
9.219797699229660415e-01,7.803467634752116189e-02
8.900509657188659940e-01,1.099585628421678452e-01
8.525811371101583713e-01,1.474254760041806833e-01
9.661927782725010516e-01,3.381955334389322165e-02
7.482661674569219823e-01,2.517316291641477632e-01
8.756915284193621529e-01,1.243233619120445305e-01
8.834681358862441769e-01,1.165525440001995150e-01
5.688152284204647247e-01,4.311964622071159381e-01
8.155274164198176301e-01,1.844708483516918074e-01
6.604350882263203548e-01,3.395712581149179510e-01
7.149412510938804033e-01,2.850518712044520786e-01
7.863489380045458610e-01,2.136786473768943206e-01
6.452235700975775812e-01,3.547625694611171165e-01
5.411197872087829541e-01,4.588662362502480274e-01
8.222290565963865649e-01,1.777850867472430541e-01
8.271552971768052487e-01,1.728414992914918957e-01
8.158536960256135284e-01,1.841627528929724589e-01
8.053346441665302224e-01,1.946608461500315135e-01
9.133891569359646745e-01,8.661944904645756116e-02
8.747270058747225185e-01,1.252782910413459128e-01
6.222302349991670756e-01,3.777660170261677997e-01
6.157967962852826105e-01,3.842037884357922817e-01
7.366954874232858330e-01,2.633071897448771015e-01
6.096455650537955240e-01,3.903435236484160131e-01
5.692825759980958411e-01,4.307216939642680154e-01
9.368299429416997448e-01,6.320326098984385688e-02
7.517106831676958478e-01,2.483128113570825801e-01
9.554857429721972384e-01,4.453064610536853346e-02
7.778679973922536517e-01,2.221445980535626530e-01
6.815296110061858093e-01,3.184763643747362538e-01
5.866532124522249037e-01,4.133366421925538381e-01
9.568948538213910560e-01,4.312335777596558450e-02
7.845098456459922431e-01,2.155176733644118825e-01
8.574123586629256444e-01,1.425876715291054808e-01
9.506606109678056304e-01,4.934054019999351698e-02
9.723711304073854311e-01,2.763116271053853851e-02
6.838221775984602013e-01,3.161667787251035699e-01
9.612845694936716923e-01,3.871769282362860082e-02
7.444698704702626957e-01,2.555598031473793053e-01
8.968748438476232820e-01,1.031260709331866671e-01
8.441140699637017519e-01,1.558866638334512333e-01
9.239055038680319409e-01,7.611147261467833547e-02
6.260112163162163679e-01,3.739872946440749302e-01
6.761602084546696201e-01,3.238291118764695109e-01
5.557290380596028312e-01,4.442868319910194264e-01
6.172611945493808872e-01,3.827397919810180404e-01
7.347199783918283433e-01,2.652897111573651601e-01
9.806887477319766733e-01,1.931068992741524423e-02
9.718103911485560520e-01,2.823123248164595769e-02
8.053571203091360875e-01,1.946514598364972592e-01
7.988051667715923010e-01,2.012258013994408790e-01
7.880214046223552593e-01,2.120117238872886445e-01
7.231188804152152150e-01,2.769095833503523729e-01
6.376906653194573948e-01,3.623356297662533310e-01
7.970312652785708218e-01,2.029629245533881299e-01
7.093550186064547791e-01,2.906437563955601711e-01
8.056623017095857486e-01,1.943637223422017557e-01
9.362823788786953649e-01,6.375289822390176053e-02
6.415854283795130453e-01,3.584344109204006257e-01
6.653569775573796585e-01,3.346470458839274631e-01
8.277673248253560878e-01,1.722616347866743891e-01
9.712663272223043265e-01,2.876170183290987017e-02
7.655420883723227377e-01,2.344677856224588464e-01
5.406153128017113785e-01,4.593675808690124152e-01
9.042622453281062844e-01,9.574223957563483822e-02
5.701932204150762518e-01,4.298137391898695925e-01
6.238100742896416362e-01,3.762042560233035404e-01
7.711087522167114905e-01,2.288985054398425811e-01
6.435519124035462557e-01,3.564599965247407520e-01
5.440461237281487561e-01,4.559434683439601566e-01
6.750307939568296334e-01,3.249570452858985825e-01
9.195851051496221062e-01,8.044710441470531714e-02
7.118118452560331377e-01,2.881800928716962695e-01
7.739504672278461062e-01,2.260516149672524289e-01
7.337940297445733062e-01,2.662259705359580897e-01
5.758480222820002714e-01,4.241547285638950782e-01
6.412188429036989046e-01,3.587883884494502684e-01
9.727939072797940900e-01,2.723462191042517327e-02
6.050627446551661848e-01,3.949563820086479105e-01
6.592844389397433114e-01,3.407297556116672399e-01
7.879437583841981674e-01,2.120803102587904831e-01
7.014583388219899351e-01,2.985716882680582440e-01
9.084862595933473894e-01,9.151015905612865098e-02
9.393378633645981246e-01,6.067903611887741355e-02
7.540414455968662555e-01,2.459538431371687817e-01
6.393000483012203361e-01,3.607036217070037076e-01
8.477323583426670250e-01,1.523013974072237597e-01
5.311878571463016785e-01,4.688268069185297926e-01
5.856802386333976873e-01,4.143374976501840168e-01
6.470241315915759017e-01,3.530033461256767979e-01
7.415914537518895067e-01,2.584087248932416814e-01
6.749529757849481726e-01,3.250575640308157599e-01
6.576742059704323573e-01,3.423268097955255995e-01
5.907100866430448072e-01,4.093117672009654595e-01
8.211427585174959631e-01,1.788705512447112678e-01
7.237781043572775186e-01,2.762530423313361294e-01
5.563567076330520056e-01,4.436514463344035097e-01
8.454945312401950241e-01,1.545137379780259779e-01
8.770477495333113271e-01,1.229794721977351679e-01
9.638619064783560120e-01,3.616496950356292567e-02
8.445346264721695917e-01,1.554851021653512744e-01
5.878083396149481610e-01,4.122094114813099064e-01
5.565072550353314940e-01,4.435145039509378884e-01
9.825079759358474885e-01,1.752304295956699787e-02
8.181327650706106125e-01,1.818920834179391655e-01
5.633169366760113483e-01,4.366929827163243960e-01
5.621105554014451666e-01,4.378881869578247765e-01
7.842974895926269063e-01,2.157250924864257957e-01
7.801472179062298729e-01,2.198696949484798269e-01
7.459990445195197051e-01,2.540043102372371298e-01
5.972919378586852845e-01,4.026931943730071572e-01
7.861134167471637291e-01,2.138959150513244645e-01
6.101200562121946724e-01,3.898873195209873743e-01
6.869709716845382452e-01,3.130230832588867251e-01
7.874797566757150147e-01,2.125425300570653042e-01
9.217957853313872851e-01,7.821363799632259639e-02
9.513534026215977324e-01,4.865517393597432877e-02
9.024785857456152360e-01,9.753603212744976769e-02
7.397592485333950307e-01,2.602696029040482140e-01
8.198893707581375034e-01,1.801331143978186500e-01
7.425949382961983813e-01,2.574062264286622326e-01
6.462336691177581471e-01,3.537790363628473544e-01
9.533082459460908709e-01,4.671756983573713273e-02
5.819581523975856374e-01,4.180516264124123915e-01
8.874323341978518354e-01,1.125902132965909130e-01
7.474931387710607167e-01,2.525126394159745713e-01
5.651879983787363448e-01,4.348264728356741049e-01
5.457856315447250362e-01,4.541993183723080918e-01
6.079650419246307447e-01,3.920507793659510631e-01
7.716224086527221360e-01,2.283852674993792908e-01
9.776612294358855149e-01,2.235763003331631485e-02
6.775265885392360854e-01,3.224849209872774902e-01
9.480231685252877849e-01,5.200829281125614323e-02
7.515177214294006536e-01,2.485012602997451192e-01
9.256492406978145127e-01,7.435151811442999858e-02
5.886291808308729001e-01,4.113721604255187736e-01
9.594205704003464508e-01,4.060755643652146779e-02
8.756716863588485111e-01,1.243243476034587708e-01
7.378227268948684969e-01,2.621770299744435873e-01
7.458310274187180955e-01,2.541931462310497714e-01
5.432044948789592764e-01,4.567940303027061000e-01
7.671283787713085722e-01,2.328899133559856061e-01
9.181043869629024190e-01,8.189312254142937231e-02
9.606857319397710260e-01,3.932925737236192543e-02
6.598021778108382751e-01,3.401833649649349534e-01
7.163885144765824720e-01,2.836379844017234420e-01
7.608661528246740691e-01,2.391473161030202577e-01
6.014943270056236635e-01,3.984891511110376094e-01
5.721213848627786369e-01,4.278633102324364557e-01
7.527816979394976737e-01,2.472237894921822943e-01
9.268101395032195544e-01,7.319703526449242159e-02
6.885104672766206857e-01,3.115159161267361809e-01
6.865507481382440158e-01,3.134474445902353246e-01
7.791142770392074368e-01,2.208875838425181926e-01
6.969025394526741080e-01,3.030872736221433272e-01
9.345613751318759821e-01,6.547601902864202961e-02
6.117858579502352123e-01,3.882014089174810612e-01
7.473014444970579317e-01,2.527246834449748403e-01
8.791107404966899130e-01,1.209207904282354751e-01
8.727460477831453511e-01,1.272906877730995145e-01
8.357299125301550502e-01,1.643030992357443210e-01
6.096707119530841990e-01,3.903461753326877282e-01
7.724440094771887200e-01,2.275720094584693098e-01
5.997665426344638284e-01,4.002307614902659849e-01
9.213879804278164443e-01,7.861790643999287675e-02
6.280005515114100989e-01,3.719934955366327456e-01
7.938350724334545250e-01,2.061962061450970662e-01
7.214614175606428592e-01,2.785454038566176349e-01
5.295364176351585739e-01,4.704798430888843530e-01
6.709060204061556565e-01,3.291103892405355946e-01
7.580024132862785979e-01,2.420152664290652622e-01
5.440462695526143699e-01,4.559770525241114703e-01
6.729097025704444679e-01,3.271098752709775681e-01
9.551524045323762646e-01,4.485051537131596461e-02
6.670995053682431397e-01,3.329115780510342182e-01
7.650432061906118353e-01,2.349541167217426008e-01
7.058219354491819253e-01,2.941836423533260025e-01
9.543989841363762494e-01,4.561012670220432330e-02
8.607823521059798644e-01,1.392291629783012352e-01
5.496113681054646261e-01,4.503982265539824836e-01
5.550457334213485527e-01,4.449578177805574852e-01
7.108740049237453063e-01,2.891321763680009815e-01
5.380019718958671815e-01,4.619895702782957359e-01
7.336711508119502234e-01,2.663379871688976719e-01
6.158502969287703577e-01,3.841396575028244720e-01
9.240593691457383851e-01,7.597547658698151907e-02
8.044940629797205922e-01,1.955169324540772247e-01
5.501614628229891668e-01,4.498379032723907600e-01
5.915792462954311270e-01,4.084141263265104738e-01
5.894913629765050622e-01,4.105149969715906622e-01
9.042257375651906459e-01,9.578055878113247990e-02
7.223760344925241883e-01,2.776303069840423965e-01
7.090483597312327024e-01,2.909511508861540308e-01
6.215091272771628983e-01,3.785145999321512522e-01
5.807467763745068901e-01,4.192612051125970130e-01
7.206477444541783406e-01,2.793612941397190519e-01
9.579566899437325089e-01,4.207969804852856183e-02
7.078041903060996454e-01,2.922181414154481072e-01
8.471580115252225207e-01,1.528401445342005560e-01
8.431926139848283652e-01,1.568388606741748514e-01
9.015202882903045056e-01,9.850390931552308049e-02
7.162734754898316680e-01,2.837324719213321078e-01
5.583656062953035182e-01,4.416544688924277651e-01
7.674909563810714541e-01,2.325128966291541144e-01
5.411066132684507757e-01,4.588781014278698334e-01
7.251509599287682128e-01,2.748444985573915700e-01
9.268322424999885234e-01,7.318774937661794155e-02
9.252232277703518193e-01,7.481590561146539420e-02
7.351842389077062334e-01,2.648305301525155087e-01
7.075088766616216551e-01,2.924979726039145245e-01
6.827834752944220709e-01,3.172215368180692496e-01
7.202029121481495766e-01,2.798169403502562269e-01
8.476170137985459263e-01,1.523780681191768960e-01
7.611256404485867710e-01,2.389064085326327302e-01
9.446573770774815415e-01,5.534532327256141276e-02
6.347922152031305609e-01,3.652170846438936302e-01
8.224894029229343762e-01,1.775246368493879623e-01
6.436523090264325564e-01,3.563484962895194230e-01
6.267504419588298958e-01,3.732404988263673951e-01
8.669543192775663876e-01,1.330765382704762190e-01
7.149914661093352830e-01,2.850362283531297503e-01
6.174100549958426720e-01,3.825848363438474897e-01
6.609813141251870139e-01,3.390441435692623240e-01
5.871324650061537920e-01,4.128548646475510564e-01
9.698395273849186315e-01,3.019724223513424108e-02
6.752849922523088688e-01,3.247372521271350565e-01
5.741784827454734508e-01,4.258437186570581123e-01
8.896815887933544609e-01,1.103151989043693187e-01
7.044955957659535528e-01,2.955070019725565822e-01
9.090049375616993110e-01,9.099401444886665025e-02
9.560633861395382294e-01,4.393801493914829132e-02
7.419778903650291468e-01,2.580340467879591038e-01
7.172545482682679552e-01,2.827464504255592925e-01
6.811284325313639032e-01,3.188683121698669409e-01
8.291771196489985396e-01,1.708451755113940262e-01
9.350373549091277603e-01,6.498184939149859174e-02
6.953070853867855394e-01,3.047023120921567574e-01
7.017816471044086013e-01,2.982186673677383881e-01
8.186228441432662484e-01,1.813776183147620680e-01
5.548253714706461448e-01,4.451829457637118681e-01
7.455520224872678181e-01,2.544451733160184581e-01
7.699498512993456778e-01,2.300644211244508852e-01
8.719403382930281943e-01,1.280878199403538975e-01
7.526720119858099078e-01,2.473196200516851739e-01
6.418323682209196024e-01,3.581901122532663573e-01
7.475443342282971360e-01,2.524572860022559206e-01
7.224547396838372215e-01,2.775598879187738954e-01
9.142215312175206998e-01,8.580924942256780430e-02
9.416839483853047810e-01,5.834108084040606768e-02
5.702539660053986825e-01,4.297465066242667220e-01
9.806100162084632199e-01,1.943203698978269653e-02
8.403510947270469433e-01,1.596523629049575455e-01
8.896798266418274315e-01,1.103322336236799706e-01
7.195869069858533695e-01,2.804105505379428931e-01
9.050617921397479115e-01,9.495546295712185836e-02
9.454388397634423402e-01,5.458272503021567579e-02
7.452231037941474678e-01,2.548036061115246387e-01
6.952186480788733469e-01,3.047885158006938267e-01
7.769288972727539377e-01,2.230688774448508771e-01
8.979367739038135454e-01,1.020830316958169087e-01
6.018993520526352281e-01,3.981250519894168338e-01
9.426927317451977428e-01,5.733619249772760329e-02
6.139463877656178292e-01,3.860718469797406738e-01
9.619986399678952527e-01,3.800685390444671907e-02
9.374635244287368163e-01,6.253521679732559901e-02
7.967691468843359770e-01,2.032648478403548953e-01
9.787284024552745931e-01,2.127542137038529110e-02
8.883622069970587010e-01,1.116636240024724142e-01
7.345784213685317976e-01,2.654357874014754981e-01
6.222385508596204318e-01,3.777684645577323863e-01
7.028226856965356095e-01,2.971697750469254884e-01
6.569248264251866809e-01,3.430979504806689895e-01
6.182261612256413352e-01,3.817712067859746483e-01
5.434641498349876976e-01,4.565546504025554952e-01
8.265598910347442541e-01,1.734674029817272478e-01
9.453267594486234326e-01,5.467876855693519500e-02
6.447164335831359061e-01,3.552693841863588387e-01
6.649442584299348757e-01,3.350803281296431679e-01
7.225384837458574960e-01,2.774501850668854019e-01
9.018106892621609028e-01,9.818868628524099473e-02
6.675114692367989377e-01,3.325140701133209586e-01
7.603919226082382909e-01,2.396360142642258717e-01
7.274432411684037536e-01,2.725527098109331026e-01
5.337480928651445744e-01,4.662357950685641628e-01
6.103731949669656265e-01,3.896497606397179569e-01
6.698454717359292321e-01,3.301818636949807595e-01
8.218333458277997661e-01,1.781622346787483102e-01
5.579814387605109838e-01,4.420425713762169972e-01
8.907633865371734627e-01,1.092501147791066080e-01
5.566137067149472539e-01,4.433869152752457077e-01
9.758728787660448933e-01,2.413945928861322213e-02
5.732823007038867491e-01,4.267393828927058541e-01
6.053592195717176772e-01,3.946631795485204819e-01
6.847625134400953106e-01,3.152602545060930739e-01
7.770533129050771759e-01,2.229584926917318188e-01
8.552383279998237997e-01,1.447636977693004534e-01
6.216505377252239395e-01,3.783418102249347936e-01
8.755343106288950850e-01,1.244938932807059528e-01
5.257321841056085132e-01,4.742790128627557555e-01
5.451133250403159547e-01,4.548982008959426282e-01
8.700529751694336955e-01,1.299694676385590997e-01
8.431724059255657489e-01,1.568331570252815277e-01
9.189165981192418675e-01,8.110819295203518242e-02
8.200690562617685142e-01,1.799317207875194280e-01
9.257755389248233380e-01,7.424209425447235444e-02
8.094565262912685188e-01,1.905697796027835678e-01
9.595233362567194835e-01,4.051461623411600071e-02
7.078029024984247020e-01,2.922000789222686246e-01
5.517771803029882793e-01,4.482295689061864818e-01
7.226610227896805849e-01,2.773549150793269136e-01
8.670263549582870599e-01,1.329711304384745274e-01
5.968470492885584733e-01,4.031619125292697503e-01
9.539877960191958106e-01,4.604710408101328478e-02
6.469947765187502586e-01,3.530311373527019181e-01
9.549723278070150201e-01,4.504594057821859759e-02
9.340451955605368894e-01,6.596057434130762898e-02
7.159919941842241009e-01,2.840025775132913322e-01
5.965918032539485605e-01,4.033981383358514194e-01
8.223105685299666456e-01,1.776972866212686020e-01
9.310904538578346212e-01,6.892210718275043613e-02
6.907349809253688910e-01,3.092923863733836876e-01
5.276423655963202730e-01,4.723602506701198300e-01
7.106649241994785760e-01,2.893335594603171357e-01
5.630661277449048319e-01,4.369381414137734621e-01
6.512742265932586205e-01,3.487123576075204512e-01
8.202570818067843605e-01,1.797408265333229060e-01
6.084600617941092748e-01,3.915261085389571405e-01
7.438259486361141759e-01,2.561689617352654880e-01
6.265606134642131009e-01,3.734362543857834837e-01
6.947780109804265747e-01,3.052184094138288839e-01
6.794872030318320766e-01,3.205076805371745996e-01
5.575316006524628776e-01,4.424899625910765355e-01
5.911410838587256578e-01,4.088624175713310716e-01
8.866313050394614148e-01,1.133850856393140427e-01
7.119622349105685366e-01,2.880613129814548756e-01
8.912736289971092685e-01,1.087240275147684648e-01
5.650970996530624291e-01,4.349068617120543934e-01
6.769178094702092974e-01,3.230890808067057862e-01
5.632266803324118554e-01,4.367844951692603783e-01
8.893485589319294338e-01,1.106578418272664427e-01
5.565066136902612204e-01,4.434902689225592165e-01
5.638865479283663440e-01,4.361294076692448507e-01
9.669511365849512430e-01,3.305313069060712011e-02
9.368176041463989190e-01,6.319104971854383468e-02
5.736252225845864805e-01,4.263839083570478139e-01
9.628084488385248996e-01,3.721774727808110222e-02
8.646193922395752907e-01,1.353811310750059338e-01
8.117563983974112052e-01,1.882489121327908521e-01
8.716089563132172202e-01,1.284159751783182368e-01
5.451225362182712253e-01,4.548587641182200159e-01
8.021722585079287260e-01,1.978369102066608043e-01
6.323075047575829055e-01,3.676782890001948911e-01
5.954399342039736753e-01,4.045523623820828085e-01
6.262631541766259247e-01,3.737267352193822112e-01
8.305535318200928385e-01,1.694817454906296650e-01
5.459991940759940654e-01,4.540186029644368571e-01
9.330196534681272080e-01,6.700692720863632434e-02
6.666367709027964938e-01,3.333595492143733852e-01
9.681163287317278154e-01,3.189396585153401326e-02
5.910771477054832523e-01,4.089453792135746002e-01
7.030632042936511006e-01,2.969550840099215439e-01
5.449266428624202074e-01,4.550801826308654152e-01
7.177189756421884503e-01,2.823119794174340225e-01
9.075748587253815725e-01,9.242551748844776704e-02
7.598654226667738154e-01,2.401475984886453918e-01
6.412707400020025705e-01,3.587242546512408592e-01
8.705273032687601553e-01,1.295026167495064440e-01
6.647779614213421562e-01,3.352414127698972179e-01
7.553583143860961302e-01,2.446572830068410032e-01
5.470181229685349145e-01,4.529657634874970640e-01
7.032328369430004278e-01,2.967821105662499792e-01
9.406436316746042969e-01,5.938309748856969439e-02
9.784952979460614930e-01,2.150637617777479554e-02
6.331350987704305044e-01,3.668680946161430589e-01
6.233871396239807350e-01,3.766258679456395697e-01
6.103604935529804987e-01,3.896285329861411406e-01
6.021217875200483016e-01,3.978916358963638933e-01
5.896905710633714159e-01,4.103185604451647372e-01
7.731054108969077632e-01,2.268907790224427012e-01
8.136796269610238053e-01,1.863550571482338047e-01
9.425669985452647115e-01,5.743557800259051216e-02
9.728738597383146391e-01,2.713904094722281723e-02
7.379689566050705585e-01,2.620254414323962000e-01
9.436069477047951404e-01,5.642524718187650473e-02
6.478744563776801524e-01,3.521109394815434834e-01
8.356363426609867417e-01,1.643901473839825544e-01
9.267196322526056740e-01,7.327811988035058677e-02
7.974856924948512393e-01,2.025282198039816406e-01
9.045985040908917085e-01,9.540416434373513721e-02
6.713344956002793573e-01,3.286762540330853688e-01
5.915780792624544260e-01,4.084407803787479807e-01
6.938058975617331647e-01,3.061915656800031638e-01
6.762231441819225308e-01,3.238001558927650070e-01
7.102853954085087684e-01,2.897430883750866659e-01
7.591635827150410298e-01,2.408470231357051627e-01
5.533126588590482342e-01,4.466975519828237373e-01
9.708340783260318574e-01,2.918490008549271680e-02
5.785640303223766878e-01,4.214405689636105956e-01
8.457138038051661422e-01,1.543139965133696334e-01
6.088785629190780480e-01,3.911353115901201050e-01
7.591859491875364574e-01,2.408466026289086126e-01
7.535017106310355484e-01,2.465188755910011353e-01
5.579761799173105219e-01,4.420377115070870944e-01
9.185637413453673350e-01,8.146595296538186592e-02
8.714682171102474673e-01,1.285644813490048610e-01
8.027275749089464174e-01,1.972860969273487197e-01
6.747376421379294165e-01,3.252607378586630515e-01
6.923629463994567246e-01,3.076561844454034356e-01
8.555483915227084513e-01,1.444613075858838802e-01
5.822434301578739424e-01,4.177778856188929524e-01
6.674360570395556636e-01,3.325633038796417251e-01
8.402230121507541227e-01,1.597759765399483778e-01
5.781167882279388825e-01,4.218827514133768886e-01
8.030435730088800739e-01,1.969587412837327245e-01
6.381748083958233009e-01,3.618331609487661082e-01
7.119465109374757406e-01,2.880674302646649698e-01
8.208190264652790447e-01,1.791880170397696648e-01
6.811992738984411488e-01,3.188122811901683562e-01
7.307129102703139312e-01,2.693158841779145773e-01
8.266178148180192142e-01,1.733851523331750022e-01
9.545398196985299677e-01,4.546070403773957297e-02
9.661652697602854944e-01,3.383598148998175070e-02
8.445969992241200153e-01,1.554166352655179939e-01
6.938652074980616868e-01,3.061231982799866858e-01
7.732253689313638434e-01,2.267975192062093859e-01
8.603366669075003248e-01,1.396744316393775387e-01
5.542714785202421668e-01,4.457228359297696341e-01
5.399804488327450969e-01,4.600298095057639425e-01
7.199618928858755318e-01,2.800428708161440405e-01
9.641150427305804627e-01,3.592428256846388196e-02
8.146867702771236619e-01,1.853292569818922875e-01
8.230016892602421974e-01,1.770192554808644181e-01
7.442380831746007175e-01,2.557896395982665050e-01
6.907559516791301757e-01,3.092403781920028960e-01
6.891571071652717873e-01,3.108666301430135781e-01
5.323752481637182843e-01,4.676290701361012769e-01
8.834657213920056318e-01,1.165619594682940768e-01
6.866490440115626814e-01,3.133387001771829605e-01
5.720539419928264424e-01,4.279386772287429030e-01
6.219941653369277512e-01,3.780095407112994410e-01
9.689630115818121947e-01,3.103906710703099175e-02
5.936349377699183805e-01,4.063866647923642383e-01
9.369510378276237894e-01,6.305402276057534006e-02
8.199982056424226506e-01,1.800291112451693765e-01
6.459345582881835801e-01,3.540567739729056917e-01
8.518541853113635876e-01,1.481610995407234010e-01
8.640673932906655086e-01,1.359555302432267632e-01
6.877804403945269041e-01,3.122214471307039885e-01
7.553684964111324618e-01,2.446577266395904282e-01
7.720105566484476434e-01,2.280127792047342838e-01
5.977564021950961815e-01,4.022387962272339634e-01
7.593521626607464547e-01,2.406686746903325125e-01
9.660223258624214271e-01,3.399858821127730441e-02
7.639305748823438380e-01,2.360676267274707529e-01
9.529962517587154958e-01,4.704320582422074487e-02
9.265484339045269024e-01,7.349147153725742176e-02
8.055339104551806351e-01,1.944769110785821153e-01
8.374168192747899475e-01,1.625991222995435415e-01
5.600336693706624569e-01,4.399709353624856600e-01
9.262972847550607902e-01,7.373965923938251288e-02
5.406873079999952036e-01,4.593298123813818190e-01
6.462826913083936642e-01,3.537043872206300787e-01
5.403174024991609370e-01,4.597010333542216887e-01
6.086684660390572210e-01,3.913536461791667920e-01
7.204544291125311029e-01,2.795616907739729151e-01
9.768717241276458907e-01,2.314418958132514331e-02
5.252118772714868822e-01,4.748105494229119539e-01
7.143050863742490542e-01,2.857012344446614449e-01
8.991896525796325701e-01,1.008427072578564204e-01
5.681447825507099925e-01,4.318669852191489578e-01
9.486144376610594620e-01,5.140737958146066738e-02
9.238738166641204952e-01,7.616549338575367978e-02
8.124547144471565563e-01,1.875435373050400312e-01
7.661861005792504065e-01,2.338259018199939088e-01
6.742366347411454797e-01,3.257622863842816741e-01
6.155369245656781008e-01,3.844598521075437980e-01
6.475097075321003537e-01,3.524825107327985152e-01
9.628174487725407182e-01,3.719271699876253862e-02
5.986397306333677282e-01,4.013849247457225711e-01
6.705366443462805748e-01,3.294872006561508360e-01
9.051143267283117133e-01,9.489059746957644037e-02
7.646299823674697071e-01,2.353901177612962026e-01
7.108508986082134884e-01,2.891731093260725416e-01
9.743961923165218586e-01,2.561353581321467246e-02
9.819398678494193344e-01,1.808228394771383210e-02
7.958195897023017107e-01,2.042020458732057842e-01
5.536065395840163994e-01,4.463959658547091425e-01
7.190527829373372093e-01,2.809384911313565492e-01
6.985715286217428766e-01,3.014537648395356206e-01
7.863290198311438939e-01,2.136982817283454572e-01
9.039043918233800046e-01,9.612045631334616147e-02
6.819591546177726782e-01,3.180548640288013429e-01
5.377799722302140095e-01,4.622003735539855218e-01
9.024949216958670917e-01,9.751588391133493572e-02
9.739469426730626989e-01,2.605890375755645638e-02
9.519040195259580450e-01,4.813317650127262037e-02
6.347769851081134229e-01,3.652235037003428442e-01
6.094840677933980322e-01,3.905374384962398415e-01
8.155863158919907097e-01,1.844134372599756932e-01
6.239116369370947268e-01,3.760828754640171412e-01
7.756839933846273460e-01,2.243404503960633456e-01
6.392588019368793395e-01,3.607440747873307263e-01
6.050247974105510407e-01,3.949925930041698896e-01
8.022441987732629176e-01,1.977623671556117402e-01
5.942711563373025418e-01,4.057478428872325904e-01
9.198074079213260923e-01,8.020222334994708824e-02
6.659295274151049160e-01,3.340824000158313378e-01
7.739332785967732997e-01,2.260748737804717245e-01
7.483682845025785291e-01,2.516237048143858956e-01
6.617545912833686650e-01,3.382560274682666623e-01
7.610472009262131410e-01,2.389656370687258391e-01
6.768202126516097428e-01,3.232087627183105050e-01
5.591158378533069850e-01,4.408718862857194387e-01
6.595701491748002798e-01,3.404560889363711373e-01
8.818131101008483963e-01,1.182136386526101701e-01
6.762831246830104392e-01,3.237423712386009456e-01
6.554999725804995236e-01,3.445261626366660224e-01
9.342620393609367691e-01,6.574134634295077106e-02
9.821828723644809855e-01,1.785581255868955511e-02
9.207341536638331547e-01,7.926930044829380573e-02
9.760199379849872070e-01,2.401275854773399221e-02
9.298468730521207704e-01,7.017153122587441172e-02
7.986658345497766875e-01,2.013436744987912863e-01
9.148936022728584305e-01,8.512749858264659353e-02
7.882647229958936741e-01,2.117319980335268803e-01
6.115981135115815537e-01,3.883962961714591544e-01
5.622995095944852695e-01,4.376902606144406072e-01
6.609946932271925091e-01,3.390323547228223933e-01
8.566783903265113853e-01,1.433277767528585989e-01
6.859064028176524719e-01,3.140819099431004791e-01
8.508183391407659890e-01,1.491831619807300890e-01
9.363377761095429408e-01,6.370010928394673200e-02
5.359408319378158314e-01,4.640644494472621617e-01
5.526326610386936844e-01,4.473566381879319764e-01
9.753741443435746117e-01,2.464421579471469739e-02
7.101428156874549646e-01,2.898850159664378423e-01
8.079736258822658446e-01,1.920422999020453270e-01
6.425150496149012458e-01,3.574860760680502736e-01
5.271769084836456232e-01,4.728304186507374940e-01
7.968035479210411332e-01,2.032060171301346418e-01
5.808033060607775688e-01,4.191841849131193176e-01
6.752553676775057134e-01,3.247359403279455048e-01
8.831942799159613333e-01,1.168320846213106584e-01
9.496687760348574425e-01,5.035585491261282409e-02
5.400157508997986966e-01,4.599916763653199014e-01
7.251113290836391778e-01,2.749166743554385395e-01
9.806642993905387851e-01,1.936080097112650653e-02
8.746263568206249506e-01,1.254000185194025507e-01
5.712757863256356927e-01,4.287313550805273987e-01
7.582111894516148087e-01,2.418210374268243423e-01
9.154830794012487338e-01,8.454363975878903537e-02
5.836085049147969883e-01,4.164034679422289331e-01
5.901001723409606825e-01,4.099076656199962532e-01
6.657472018944680103e-01,3.342410926630412504e-01
5.835615755764912427e-01,4.164403787370783983e-01
5.777103162334742414e-01,4.222894029823526796e-01
8.561315405071865392e-01,1.438811493055273949e-01
7.424342153585985482e-01,2.575911881351541366e-01
8.466575731662664417e-01,1.533428005041978515e-01
5.862617302736119473e-01,4.137377333380443667e-01
6.951359516102519898e-01,3.048893554396230887e-01
7.294273409601810254e-01,2.705885580192189388e-01
7.044926323720336336e-01,2.955250751319496438e-01
5.894305470178737849e-01,4.105675665666685403e-01
5.963961507341392076e-01,4.036091971321194016e-01
5.955333226527923518e-01,4.044509469467575391e-01
7.443741205702313346e-01,2.556490996143310768e-01
6.223647133813058341e-01,3.776358490580996041e-01
9.339497249305968030e-01,6.607625809752851187e-02
9.452451456023351906e-01,5.476685997651577903e-02
5.666017894147762357e-01,4.334085786733493650e-01
5.525789235664788634e-01,4.474031634538929159e-01
6.626377109489353101e-01,3.373804252863714104e-01
6.528862549779042013e-01,3.471324546148455981e-01
9.568848055256706786e-01,4.313639021013097180e-02
5.371954607572327900e-01,4.627889093242932295e-01
5.311825979807976994e-01,4.688361169092153946e-01
6.690337051222143838e-01,3.309806991193923742e-01
5.708844495482346959e-01,4.291330791882158047e-01
6.065924111749190217e-01,3.933926363275526139e-01
6.654854255756736947e-01,3.345323195732085031e-01
6.280787112420375129e-01,3.719481096004869092e-01
6.566073167477118888e-01,3.434094158594687141e-01
8.623120348517153699e-01,1.377056045202972867e-01
7.259049470769532997e-01,2.740847990661069988e-01
6.183269206037954602e-01,3.816891993265124072e-01
8.016313037860990365e-01,1.983986139169355567e-01
5.853792408226747845e-01,4.146273381410872094e-01
9.432676454361762497e-01,5.676069028427317698e-02
8.040376345796969026e-01,1.959594326941892228e-01
8.505375125585652452e-01,1.494806690979501307e-01
6.530513864366588317e-01,3.469418498501653514e-01
7.028213271678127594e-01,2.971765244602004308e-01
7.658560210521134781e-01,2.341345077887872494e-01
6.654688916635087548e-01,3.345327990937592699e-01
6.776805999142121451e-01,3.223202352497713252e-01
9.671824321159577798e-01,3.283806931774780474e-02
6.694085956915538649e-01,3.305981843001822851e-01
6.231881440809966533e-01,3.768238276628628203e-01
7.464867042082368176e-01,2.535176080199363358e-01
