9.513891198310110653e+00,5.471637500870780713e+00
9.730080162355891460e+00,5.232237035441373862e+00
9.368002243072849566e+00,5.683377368482388725e+00
9.926457531968258863e+00,5.021949814909742571e+00
9.448271549910669975e+00,5.496144866723110312e+00
5.441442322629530537e+00,8.733979226044789712e+00
4.091608102264289393e+00,9.625626129985061397e+00
5.894334169701878956e+00,8.397273714755934648e+00
4.002246418401967709e+00,9.768489402023607937e+00
8.264757363190991413e+00,6.606367091651135226e+00
6.355142891053692011e+00,8.083890662139095795e+00
4.031753471709476067e+00,9.609740279236007154e+00
9.924517599006016155e+00,4.937282859379174660e+00
9.924791797010479755e+00,4.936502596815212307e+00
6.560118011858522280e+00,7.879267244768107581e+00
9.920936153568401750e+00,4.940066194133420296e+00
9.925583588251743805e+00,4.931750275629163127e+00
9.922339017356769375e+00,4.936609340233687249e+00
9.924026225560442782e+00,4.933538473111549472e+00
9.918243268483877273e+00,4.942524017514374535e+00
9.919120551083516091e+00,4.940971428038966273e+00
9.922604177799250635e+00,4.935213167626606001e+00
9.922459522213225469e+00,4.934764116114588539e+00
9.921822089555107027e+00,4.935595405705844207e+00
9.916923312985062466e+00,4.942999788394834226e+00
9.752129116031158063e+00,5.132672065800355732e+00
9.920642633285901013e+00,4.937028811862794520e+00
9.915207517096453316e+00,4.945543232106241582e+00
9.915633666117782852e+00,4.944853832071886224e+00
9.920564208159369457e+00,4.936593765612244944e+00
9.923569305202374125e+00,4.931956389681098507e+00
9.916418818050361850e+00,4.943116746535168637e+00
8.248950009545144013e+00,6.592187952117566141e+00
9.922215770644642774e+00,4.933905320196141808e+00
9.921949319911623988e+00,4.934029172610653546e+00
9.918800164753072579e+00,4.938916583119872250e+00
9.919832736088592284e+00,4.937187384466287021e+00
9.925517556799963614e+00,4.928394319759974884e+00
9.913804185204142527e+00,4.946677320046693360e+00
9.923400435770616923e+00,4.931535335125914798e+00
9.917741727543635477e+00,4.940273083137369348e+00
9.921298111986287083e+00,4.934281128233012126e+00
9.914924719889672389e+00,4.944292221357162731e+00
9.922256069120573230e+00,4.932469097078867826e+00
9.918241770786991651e+00,4.938304873392162619e+00
9.925277455372141233e+00,4.927466817876907434e+00
9.925574221798932228e+00,4.926994746253869906e+00
9.917667985964371269e+00,4.939111832835739513e+00
9.925564546185086101e+00,4.926847485683676808e+00
9.921015746636095756e+00,4.933619004982400469e+00
9.923169481065771791e+00,4.929833466064429182e+00
9.924425986677237077e+00,4.927716889062000227e+00
9.916995315251453391e+00,4.939089713238322688e+00
9.925576642897498303e+00,4.925768965034418301e+00
9.910281877386541538e+00,4.949553217909046232e+00
9.919632962845152946e+00,4.934537396992145553e+00
9.914201932291252461e+00,4.943050162030616868e+00
9.910664257938671895e+00,4.948492416522299209e+00
9.917466681401208461e+00,4.937592039975842617e+00
9.922439484831292233e+00,4.929683635332440694e+00
9.918606311074581683e+00,4.935347285862419220e+00
9.910450619305166242e+00,4.948110521748250612e+00
9.922398055900314873e+00,4.929229555217156111e+00
9.925122988579353489e+00,4.924930038993029058e+00
9.909809041964706466e+00,4.948876484524351582e+00
9.919419535526323273e+00,4.933514530295065370e+00
9.911268172460099279e+00,4.946267110767432307e+00
9.919385503277199589e+00,4.933217195900017060e+00
9.915990048189231132e+00,4.938490471843849150e+00
9.924807879541925004e+00,4.924885417959462330e+00
9.910833453068176979e+00,4.946424580418754324e+00
9.915164224675859117e+00,4.939132784801464560e+00
9.916367516401193072e+00,4.936856799418960051e+00
9.907210324875800111e+00,4.951505471440125206e+00
9.919628432565236409e+00,4.931489540420658457e+00
9.910369198130855040e+00,4.946074710956500198e+00
9.917845553653622304e+00,4.934184764712974847e+00
9.916273116587412062e+00,4.936552783326472849e+00
9.919374395266880029e+00,4.931293866842418439e+00
9.913223455891710501e+00,4.940914215377376628e+00
9.915176457084800887e+00,4.937789476787936671e+00
9.913022433942657585e+00,4.941189867078094267e+00
9.919155369543055656e+00,4.931560248044095651e+00
9.912329516083573822e+00,4.942219545626174160e+00
9.914996120923232681e+00,4.937914756358215307e+00
9.918485953838763081e+00,4.932424815703433829e+00
9.909365780139179236e+00,4.946861435304565902e+00
9.910763610303229498e+00,4.944545825448184218e+00
9.913117030453507894e+00,4.940721118348797347e+00
9.906102829050482228e+00,4.952094881149819550e+00
9.921445622882156812e+00,4.927577321162018187e+00
9.912494274890944368e+00,4.941500852117577836e+00
9.915654426376097064e+00,4.936471619383703491e+00
9.912965983444411933e+00,4.940638323701190160e+00
9.907885610074574245e+00,4.948739615287693461e+00
9.916520309248586074e+00,4.934755032614292602e+00
9.906392430494513235e+00,4.951001392990125538e+00
9.918395140864202375e+00,4.931631311326757583e+00
9.920421290529308322e+00,4.928378431651775138e+00
9.914019684335590554e+00,4.938286069587602967e+00
9.909808466434800067e+00,4.944959306431546686e+00
9.912278744661410457e+00,4.940773435455843021e+00
9.904322341335264568e+00,4.953763974394966851e+00
9.911774371260550609e+00,4.941291197794549284e+00
9.904752101240459794e+00,4.952618179647698682e+00
9.922232742914541603e+00,4.924900117075846850e+00
9.925422654778971676e+00,4.920049977483643922e+00
9.911985332550253602e+00,4.940535974998051749e+00
9.902796668828765192e+00,4.955463225740635913e+00
9.913649262329737866e+00,4.937712156350829495e+00
9.902703251525915462e+00,4.955506059278478759e+00
9.909044126404767283e+00,4.944792086834467248e+00
9.911661157898970842e+00,4.940527840021264439e+00
9.915041539725921282e+00,4.935105132855695409e+00
9.917851261082788028e+00,4.930691040668377489e+00
9.910101630381831228e+00,4.942902768366974620e+00
9.917837597239572034e+00,4.930694413827016120e+00
9.902641052818182743e+00,4.955108948399328028e+00
9.919161222016215973e+00,4.928451398192820854e+00
9.922339406437696852e+00,4.923610390049175223e+00
9.924088585534203588e+00,4.920983966599295378e+00
9.902841820040515941e+00,4.954526564581622772e+00
9.924616411970777818e+00,4.920136711439075050e+00
9.919612180847710903e+00,4.927510943067153981e+00
9.909478674355289840e+00,4.943408194962212399e+00
9.910307794784770863e+00,4.941881343505297508e+00
9.913816866121731408e+00,4.936284428597608631e+00
9.908653843082495527e+00,4.944278869146035760e+00
9.922264984277802569e+00,4.922939475223159889e+00
9.916475035128200943e+00,4.931728480607764808e+00
9.908032355013965287e+00,4.945108342381998590e+00
9.923516441606409444e+00,4.920981374932138941e+00
9.925443887232102469e+00,4.918048669759103042e+00
9.905844142417493003e+00,4.948422879572317967e+00
9.913219047140866991e+00,4.936532977677286382e+00
9.921999927871471670e+00,4.922670194409421995e+00
9.914103137581031788e+00,4.934746695307751452e+00
9.901281531546702652e+00,4.955600901573128603e+00
9.910032958845626183e+00,4.941122853688558081e+00
9.925100275552834361e+00,4.917856089399457176e+00
9.913491657153523207e+00,4.935429330587511210e+00
9.905567610837554327e+00,4.948053840134036818e+00
3.589513560519065560e+00,9.932876825548122568e+00
3.591296267337554582e+00,9.931456978295202020e+00
9.906897875603220882e+00,4.945637045232174955e+00
3.572750423896922545e+00,9.946078787064342563e+00
9.904538197399634925e+00,4.949439454270746275e+00
3.621010741191679649e+00,9.908056997054035975e+00
3.624948773356169163e+00,9.904924335816600589e+00
9.904073778415170892e+00,4.950106880112740804e+00
3.539294886686149333e+00,9.972460266233381887e+00
3.539906996131122696e+00,9.971970240711078404e+00
9.911366399603782185e+00,4.938221027114218842e+00
3.532802276310225142e+00,9.977594281329547954e+00
9.904920199012337889e+00,4.948582267259521217e+00
3.577934605291094528e+00,9.941708145719864831e+00
3.569331842085126993e+00,9.948497475406968604e+00
3.591544895321615360e+00,9.930971007136944806e+00
3.592226810519735469e+00,9.930419910407298545e+00
9.922709067931826610e+00,4.920624641463668070e+00
3.566928113210121154e+00,9.950366222683237893e+00
3.518649625452768159e+00,9.988733886482936697e+00
3.609512043164483597e+00,9.916789621696228352e+00
3.519419373337099088e+00,9.988106267140418382e+00
3.652221703436970390e+00,9.883433021196205814e+00
3.547831293149821263e+00,9.965436244257340093e+00
9.916812364572056282e+00,4.929487154746807320e+00
3.653741332723170032e+00,9.882241100531652833e+00
3.623244974998033108e+00,9.905994848919137397e+00
9.925420118611983256e+00,4.916492673386236412e+00
3.654848218890284883e+00,9.881355883305351639e+00
3.619101611198841439e+00,9.909229318422161370e+00
3.624310085280921800e+00,9.905139137580635023e+00
3.535503445471599004e+00,9.975147070552841555e+00
3.578965737746839793e+00,9.940688901332041638e+00
3.577462462739597004e+00,9.941865563707576570e+00
3.585875456095736435e+00,9.935219992260426736e+00
3.633077924016495874e+00,9.898221211314083945e+00
3.528883100472430812e+00,9.980385180323281702e+00
3.507591722697726677e+00,9.997430313282189118e+00
3.636613642604106023e+00,9.895428971426181164e+00
3.667736434862001182e+00,9.871213076476779591e+00
3.503940223777486374e+00,1.000030709124001227e+01
3.670632961966465935e+00,9.868934358263501849e+00
3.520745572147619740e+00,9.986782409847132058e+00
9.921558868045098123e+00,4.922011120929920658e+00
3.644582164113347122e+00,9.889148229088553066e+00
3.645522663559919163e+00,9.888410450261577722e+00
9.913788131251237701e+00,4.933908593652572172e+00
3.539734330512471772e+00,9.971604979957401582e+00
3.496753287809864830e+00,1.000600119619388373e+01
3.537475868320132832e+00,9.973379740667020599e+00
3.564666921387004361e+00,9.951772592122434702e+00
3.562690737439199395e+00,9.953313776228087661e+00
3.491438359624771781e+00,1.001019567490002693e+01
3.632523076399627460e+00,9.898447947674474889e+00
3.508718242304611490e+00,9.996286401164004687e+00
3.655737221493479350e+00,9.880365798928499643e+00
9.904021920187158656e+00,4.949491888815305884e+00
3.609326195587887032e+00,9.916546301092511229e+00
3.522961107507336820e+00,9.984828802853558116e+00
3.681478369804722206e+00,9.860370337129607421e+00
9.910540535565266040e+00,4.938862268666674993e+00
3.488301810023322513e+00,1.001265121228034971e+01
3.506439983888466116e+00,9.998044316174061308e+00
9.897721016321467502e+00,4.960047214226583456e+00
3.661476317553193471e+00,9.875832385956158532e+00
3.519016093514824473e+00,9.987923560507816489e+00
3.516110399597355940e+00,9.990234048835304748e+00
3.533987139984497983e+00,9.975945559833029108e+00
3.517255101024725938e+00,9.989300765082552047e+00
9.899115410686547989e+00,4.957602722759454572e+00
3.515957991355195933e+00,9.990327639562595508e+00
3.533983544928534393e+00,9.975927292330363017e+00
3.499120568488675698e+00,1.000382799365573128e+01
3.483552853138390581e+00,1.001638232782829974e+01
3.648614327719418959e+00,9.885768550967410917e+00
3.629692131225460194e+00,9.900502683621072109e+00
3.530833468318067325e+00,9.978411624227273791e+00
3.634509190119447730e+00,9.896710961609167967e+00
3.668138496668368997e+00,9.870566596187636321e+00
3.632293301693084064e+00,9.898428055232663780e+00
3.669394350853267817e+00,9.869578352193180137e+00
3.524148983775511557e+00,9.983685602435146578e+00
3.523558887668987172e+00,9.984150193049170952e+00
3.656518932246410447e+00,9.879549976589670379e+00
3.693381148030684180e+00,9.850992921068090880e+00
3.571901477671042713e+00,9.945744327255724215e+00
3.491062911392170953e+00,1.001018037589209086e+01
3.475457196854812914e+00,1.002278946687378003e+01
3.577186004288224641e+00,9.941557046324620117e+00
3.591885096254534115e+00,9.929986370972548215e+00
3.574405301295823456e+00,9.943741614598629042e+00
3.598621602703348188e+00,9.924662775190974173e+00
3.554899457669675300e+00,9.959119862833112791e+00
3.472578748175075170e+00,1.002503942515593671e+01
3.544535706340376624e+00,9.967314530805708728e+00
3.679278440162824015e+00,9.861800986788781032e+00
3.469039404863583531e+00,1.002786005121082447e+01
3.470544905498333055e+00,1.002663204301056155e+01
3.616023251400118266e+00,9.910956064628395623e+00
3.611846419828121491e+00,9.914219216808859869e+00
3.682602646593767126e+00,9.859174272615923940e+00
3.669326432887950684e+00,9.869446380971492516e+00
3.654019536500913823e+00,9.881313036450627862e+00
3.536489291190449080e+00,9.973623831143603624e+00
3.618171630203759204e+00,9.909228952495004350e+00
3.704105840103143255e+00,9.842541184965620360e+00
3.704374363050415120e+00,9.842331903145218774e+00
3.658438054251334393e+00,9.877838471612687243e+00
3.477273209855109126e+00,1.002106784101503578e+01
9.905831943363647696e+00,4.945957238983130111e+00
3.705290265407829242e+00,9.841589133600667338e+00
3.626646161955901615e+00,9.902550837196926636e+00
3.661446217963973737e+00,9.875463233083335624e+00
3.691055899668561846e+00,9.852536204228416139e+00
3.690851964643079519e+00,9.852678589741769244e+00
3.637294209489102315e+00,9.894186440679902717e+00
3.636186967784085233e+00,9.895045431791977819e+00
3.471656737944075033e+00,1.002549085833179632e+01
3.472337220810085334e+00,1.002492984707573598e+01
3.711356420040398341e+00,9.836834810101867888e+00
3.578511105689544447e+00,9.940189609245724256e+00
3.568482689558797993e+00,9.948086930108066994e+00
3.586850299454053648e+00,9.933604642252312544e+00
3.694336159793501384e+00,9.849929866198877448e+00
3.595065275906877744e+00,9.927140814686451264e+00
3.469897796611630891e+00,1.002686319421450278e+01
3.667953464287787124e+00,9.870315390368558539e+00
3.543548122058797212e+00,9.967768977025293964e+00
3.600077784307770479e+00,9.923177741138319519e+00
3.547383524824454515e+00,9.964721206120604080e+00
3.543204174393610018e+00,9.968020035752585883e+00
3.609552395121861323e+00,9.915734209228473262e+00
3.605610119969725691e+00,9.918820927368434681e+00
3.686651975188178998e+00,9.855795503052499740e+00
3.465628958813304017e+00,1.003022739003213282e+01
3.612400610126941025e+00,9.913467047479645800e+00
3.533685247217292602e+00,9.975535511669621158e+00
3.502424936171552705e+00,1.000050589234631637e+01
3.531594513590565310e+00,9.977189753382010196e+00
3.688215677449715457e+00,9.854543511561857372e+00
3.651131094717026127e+00,9.883252822119368730e+00
3.702434126314008811e+00,9.843564127517952400e+00
9.906431003746590136e+00,4.944668390087055165e+00
9.914093746142272678e+00,4.932455622856561916e+00
3.471110611017457881e+00,1.002571331911007135e+01
9.916176692203835685e+00,4.929203875713318972e+00
3.701781017905172888e+00,9.844043979893200458e+00
3.498746915973556693e+00,1.000339920933205029e+01
3.720091693359833140e+00,9.829939388256367039e+00
9.907457124570214546e+00,4.942941480331341175e+00
3.680045862231545506e+00,9.860787282996728464e+00
3.449606863649022692e+00,1.004314234087152435e+01
3.476181283294307089e+00,1.002152374442403371e+01
3.467845840669508739e+00,1.002826377453430062e+01
3.447794613836751232e+00,1.004458514189530405e+01
3.576300610192081564e+00,9.941640351290191191e+00
3.662275491279752160e+00,9.874486039653010749e+00
3.683993853155959286e+00,9.857677355164895516e+00
3.562699629638792498e+00,9.952358029974645248e+00
3.445906092252552178e+00,1.004607809551300868e+01
3.465951409073191769e+00,1.002974545420189578e+01
3.568537843381502039e+00,9.947746281832047899e+00
3.463928519605858458e+00,1.003137328022888042e+01
3.567517271103087140e+00,9.948537717905940880e+00
3.513375921814339442e+00,9.991528677906467593e+00
3.709942626649564978e+00,9.837642816804997636e+00
3.471572990009394566e+00,1.002516003896305996e+01
3.587779786396770199e+00,9.932567499263930344e+00
3.593239222652512055e+00,9.928276562338531619e+00
3.584235349418218419e+00,9.935349854825648919e+00
3.470590616017436236e+00,1.002593725123138313e+01
9.912963257844516818e+00,4.934021943869185023e+00
3.550317769137337987e+00,9.962104114230522001e+00
3.486626639478638268e+00,1.001295200586386969e+01
3.550436576512216114e+00,9.961990209184461875e+00
9.915814033273530725e+00,4.929536471836277300e+00
9.915819310792000962e+00,4.929526436350307073e+00
3.713006267553291551e+00,9.835222268244127264e+00
3.602587785300595868e+00,9.920882489639057056e+00
3.727929294869372523e+00,9.823746260700763955e+00
3.538684244844958027e+00,9.971256702090304458e+00
3.610196513876343438e+00,9.914897260497092191e+00
3.441054904070818932e+00,1.004987753522628680e+01
3.614030727004121424e+00,9.911878660947738950e+00
9.924663803151290153e+00,4.916087031265102603e+00
9.919413695350520754e+00,4.923918753323548003e+00
3.447893209023759287e+00,1.004421815394649187e+01
3.615978884676286587e+00,9.910321183944104106e+00
3.499015386192510846e+00,1.000283745968724070e+01
3.732836705329221960e+00,9.819869813325832197e+00
3.520325476701643197e+00,9.985740006669782787e+00
3.733704539976574921e+00,9.819188398864710621e+00
3.493798664100978613e+00,1.000695342358795692e+01
3.708116786188954350e+00,9.838836306557476874e+00
3.513491274558022237e+00,9.991152453227172714e+00
3.710413950222527735e+00,9.837040617047646762e+00
3.722656117746424798e+00,9.827618992037555401e+00
3.573830277204696593e+00,9.943255967125940842e+00
3.569047047652593285e+00,9.947013716381748694e+00
3.580557510003504085e+00,9.937949372389178748e+00
3.471407557697388402e+00,1.002493107667205230e+01
3.550924484926299307e+00,9.961303418113608643e+00
3.553942068707499402e+00,9.958905237037956937e+00
3.543606874328278700e+00,9.967070957280196097e+00
3.484095059431613350e+00,1.001461249941330678e+01
3.666386791144867985e+00,9.870928457368835396e+00
9.909474070027165737e+00,4.939124505021598388e+00
3.534768657750904541e+00,9.974049636433569788e+00
3.640269527030209673e+00,9.891175446532221471e+00
3.500454329492198369e+00,1.000142370629659183e+01
3.728220209059324386e+00,9.823230913665815578e+00
3.450291681717303938e+00,1.004193037792033572e+01
3.606885804696308373e+00,9.917168642836786674e+00
3.607196120779205817e+00,9.916923731635566952e+00
3.461218137763640179e+00,1.003300073287193150e+01
3.442283338157846817e+00,1.004842811629680277e+01
3.462107515601628549e+00,1.003226299644583008e+01
3.692832098268334473e+00,9.850405150330773907e+00
3.650247553325760119e+00,9.883347072473796402e+00
3.720142343295486320e+00,9.829358900275828148e+00
3.622660209182462232e+00,9.904770984479243978e+00
3.693775433412346043e+00,9.849626028703273306e+00
3.514479010460650255e+00,9.990045624891751075e+00
9.918382757207536926e+00,4.925061114586549493e+00
3.714116580521731770e+00,9.833955126979603278e+00
3.696877452737292735e+00,9.847215268959248036e+00
3.470480870843879906e+00,1.002536094209941986e+01
9.895861742432627395e+00,4.961518047381266783e+00
3.586354154229705049e+00,9.933066574763628864e+00
3.726394331390842307e+00,9.824443094553959810e+00
3.582575546189926019e+00,9.936023232701872487e+00
9.920208533384016647e+00,4.922181394580720237e+00
3.681443230531912469e+00,9.859040913481635471e+00
3.590672516687177129e+00,9.929654457100696163e+00
3.636172916907594033e+00,9.894116610094448205e+00
3.440407658874393704e+00,1.004971058440399645e+01
3.588075067031010423e+00,9.931689009639821819e+00
9.906361547590190497e+00,4.943808412780702710e+00
9.920805437341357447e+00,4.921252415621225396e+00
3.502719937959241747e+00,9.999294930343046062e+00
9.904976608792736670e+00,4.946052707258833614e+00
3.598109512596690429e+00,9.923790419941211027e+00
3.685043787121057512e+00,9.856217004246600411e+00
3.450943259802901952e+00,1.004106474232513335e+01
3.719758181295134136e+00,9.829480698085722779e+00
3.460933979255829573e+00,1.003289228250788412e+01
3.641825378764063093e+00,9.889642596345794345e+00
3.640508707664374288e+00,9.890662294167016810e+00
3.416294380579604439e+00,1.006939701579674384e+01
3.754305746203385308e+00,9.802962103052232479e+00
3.520120180682134503e+00,9.985300235615097719e+00
3.519536685508018792e+00,9.985750400920037961e+00
3.415399788619698285e+00,1.007010648050281887e+01
3.688288341217806909e+00,9.853639038231309044e+00
3.517710520376741368e+00,9.987179819285154636e+00
3.518776342081310737e+00,9.986326622527162300e+00
3.514400373108138353e+00,9.989803756009209224e+00
9.901272470919771251e+00,4.952013493941859856e+00
3.709497178399082440e+00,9.837257930312880205e+00
3.619443693363736170e+00,9.906979807463896393e+00
3.487543921147703951e+00,1.001126900261150965e+01
3.673888719350326681e+00,9.864688378336483154e+00
3.675063655206141533e+00,9.863771937179786065e+00
3.673895934233735616e+00,9.864665729302016572e+00
9.911064928417467002e+00,4.936006414276782550e+00
3.505599095993972014e+00,9.996738740093086051e+00
3.713560075281196582e+00,9.834061733272386974e+00
3.747099901897461116e+00,9.808337923772169731e+00
3.553601665562697409e+00,9.958566192711366227e+00
3.631073052641707655e+00,9.897829383303282214e+00
3.575333539764378621e+00,9.941430681304510131e+00
3.570539818340121130e+00,9.945201255584830591e+00
3.748324397184913614e+00,9.807383666381955578e+00
3.572254533130005960e+00,9.943838005285106973e+00
3.572590647341473247e+00,9.943569474208159065e+00
3.580653350105283739e+00,9.937228933898362371e+00
3.548934528359461105e+00,9.962228804130214499e+00
3.580550501490347592e+00,9.937296554837743656e+00
3.427778041604922610e+00,1.005966778581262489e+01
3.463932270510891254e+00,1.003018556681918838e+01
3.698327021500549261e+00,9.845731052397729499e+00
3.631724230395614761e+00,9.897280778786653244e+00
3.547601290707376620e+00,9.963257445912640620e+00
3.548086209689845116e+00,9.962872388204122132e+00
3.586918864674966567e+00,9.932275600017824502e+00
3.448913701620422767e+00,1.004236379441161020e+01
9.919006313292127786e+00,4.923618785221838046e+00
9.923711787834019304e+00,4.916579255255847158e+00
3.436778713629414117e+00,1.005226509974932547e+01
3.661207102520671164e+00,9.874381271731486720e+00
3.661612782764047669e+00,9.874057354298589217e+00
3.659810864017044807e+00,9.875447256928094220e+00
3.732346389415923227e+00,9.819563017090965573e+00
3.637786233959942273e+00,9.892527081630897001e+00
3.638837311179518252e+00,9.891707486480552092e+00
3.717960462046764114e+00,9.830591189599180879e+00
3.533657526211733568e+00,9.974258829588864117e+00
3.495053727368710561e+00,1.000504800013866635e+01
3.597959304124601410e+00,9.923572750969803735e+00
3.413709983543136151e+00,1.007115297702949697e+01
3.457811518125958994e+00,1.003504759754833664e+01
3.600842654354273531e+00,9.921298044668986904e+00
3.493221994912154571e+00,1.000647160896962085e+01
3.600674450621622835e+00,9.921417785309014192e+00
3.702214233362256746e+00,9.842652880812250871e+00
9.910777663883045818e+00,4.936248556856736691e+00
3.610083587824588047e+00,9.914043150127151094e+00
3.765998539110208654e+00,9.793752578359821825e+00
3.687653174467818928e+00,9.853835305424169633e+00
3.455843911476153441e+00,1.003656189806391197e+01
3.720671567813752301e+00,9.828421878553713853e+00
3.667921399793287573e+00,9.869058075162785215e+00
3.610562818882438130e+00,9.913623893593742409e+00
3.486152090354589284e+00,1.001205756837176253e+01
3.452839967144182509e+00,1.003895928548020855e+01
3.510526028942359211e+00,9.992522126672991334e+00
3.671395690264051215e+00,9.866330784686279998e+00
3.565734061713961456e+00,9.948735039310056649e+00
9.916926944959900680e+00,4.926566314312674777e+00
3.543848375558767749e+00,9.966004631219755439e+00
3.619866426868222131e+00,9.906296217108927493e+00
3.549353348135034114e+00,9.961628107653844211e+00
3.584322627772142500e+00,9.934089235901996773e+00
3.508161590509339067e+00,9.994349903620671327e+00
3.478849802632745902e+00,1.001783245848387338e+01
9.907516653381485128e+00,4.941273478857334922e+00
3.749451076658892656e+00,9.806268372514248099e+00
9.912053143242582465e+00,4.934053293929873796e+00
9.919340049817584770e+00,4.922812653086800161e+00
3.499176891859879124e+00,1.000145287927917970e+01
3.410468332434584582e+00,1.007350366189898239e+01
9.918595353880764520e+00,4.923904415731979789e+00
3.679501714232068288e+00,9.859960763214266066e+00
3.659445641316823483e+00,9.875462892763994915e+00
3.629404263211412296e+00,9.898777879123276335e+00
3.497635693361336617e+00,1.000266192084294303e+01
3.743723470383963026e+00,9.810596836926897879e+00
3.729062963598514635e+00,9.821812841409480299e+00
9.922857875862810317e+00,4.917460521339116930e+00
3.518066970919752290e+00,9.986318207581536655e+00
3.609009584205044696e+00,9.914621249222962618e+00
3.493954896327708504e+00,1.000554526333941752e+01
3.442235044405935973e+00,1.004732466144754000e+01
3.732578814046696003e+00,9.819073457900771018e+00
3.682470351410966902e+00,9.857595892985376196e+00
9.908094047646814673e+00,4.940185844781900038e+00
3.511872960223754614e+00,9.991199160492199027e+00
3.732418971376478822e+00,9.819186425826339715e+00
3.488885641332689413e+00,1.000958221920280344e+01
3.490011357732769159e+00,1.000867173103726238e+01
9.923335500815545274e+00,4.916681002523150212e+00
3.682869143236791043e+00,9.857270725981752690e+00
3.455637360500668720e+00,1.003639287309492545e+01
3.509234046343331137e+00,9.993281196891686591e+00
9.898712637957990168e+00,4.955632001647650497e+00
3.685647770285929159e+00,9.855117156143819557e+00
3.755659218980933467e+00,9.801379134512734126e+00
3.419084558280254260e+00,1.006620641568607688e+01
3.418911731554878486e+00,1.006633278204044579e+01
3.485023320207283781e+00,1.001262265154161923e+01
3.667431014091142583e+00,9.869132539209976684e+00
3.464603685318739856e+00,1.002904392373781306e+01
9.916788720136857194e+00,4.926449085653893611e+00
3.721571274915220773e+00,9.827429248910801718e+00
3.646119585021150300e+00,9.885626519147649560e+00
3.482065158844710684e+00,1.001495620084810589e+01
3.403936782240237324e+00,1.007864314281065532e+01
3.623321493310537544e+00,9.903344048772343200e+00
3.438204503833608427e+00,1.005046964611015703e+01
3.622604163757458196e+00,9.903892632713688471e+00
3.671677492406794752e+00,9.865821820880212201e+00
3.551220998258689310e+00,9.959849864347063431e+00
9.900333248454941781e+00,4.952778435531089762e+00
3.461990953282603645e+00,1.003111290901311214e+01
3.499382328505721063e+00,1.000103497275081210e+01
9.914648805930363906e+00,4.929692723450034286e+00
3.722126884952963621e+00,9.826964183820997789e+00
3.548215415813451568e+00,9.962206639664101360e+00
3.738110637430880789e+00,9.814708420838655911e+00
9.906868171369726639e+00,4.941991145235182792e+00
3.559210752155924418e+00,9.953521912615791223e+00
3.571977307806884383e+00,9.943468780221225600e+00
3.542067560004746873e+00,9.967037360963749038e+00
3.779888711078732477e+00,9.782781670489537618e+00
3.477853938714573268e+00,1.001825904103618292e+01
3.576705364445708746e+00,9.939723790741934906e+00
3.769318684610537318e+00,9.790830158269022476e+00
3.651215595192650376e+00,9.881591883562121481e+00
3.491683236180054273e+00,1.000710322522762574e+01
3.526686200289629092e+00,9.979174468906661488e+00
3.725895679687657225e+00,9.823998092176584152e+00
3.635704115699106787e+00,9.893589672634611532e+00
3.781824070636427670e+00,9.781252156443617451e+00
3.654261948945142890e+00,9.879175527170669824e+00
3.520998590199721612e+00,9.983661908061542078e+00
3.755579718664474154e+00,9.801252149965030469e+00
3.411801442874375034e+00,1.007192722931143614e+01
3.637741342714367665e+00,9.891965134956571148e+00
3.487772303994240097e+00,1.001017017846401558e+01
3.410161809285983558e+00,1.007324700112207871e+01
3.601314708122941521e+00,9.920336230264155120e+00
9.903866416215045376e+00,4.946711147305911993e+00
3.483051753080160573e+00,1.001391958037742036e+01
3.699662140052961234e+00,9.844067575005441384e+00
3.482727686113900489e+00,1.001416797322567476e+01
3.418024709006451278e+00,1.006671841925313871e+01
3.765709212808087791e+00,9.793462069093683553e+00
3.483724224210842824e+00,1.001336301222290004e+01
3.468467727328262029e+00,1.002563543951958636e+01
3.513112513836791351e+00,9.989845625592488787e+00
3.417851329597790144e+00,1.006683961965163476e+01
3.609302227459437518e+00,9.914039795980382763e+00
3.662260177786477833e+00,9.872888143852630805e+00
3.505608259866627829e+00,9.995799395215804850e+00
3.506559533251451644e+00,9.995027060884869030e+00
3.732724593888475439e+00,9.818631284034653461e+00
3.614303102810500157e+00,9.910079815191433994e+00
3.415384789393006937e+00,1.006877092594234213e+01
3.462759299884550668e+00,1.003013458691077808e+01
3.475418764113374692e+00,1.001991665833155842e+01
3.497489996720689387e+00,1.000220404200864621e+01
9.895380181120186691e+00,4.960826266975933763e+00
3.473690889141141547e+00,1.002129391145913750e+01
3.567700724641654997e+00,9.946529217349205254e+00
3.552735319826539229e+00,9.958308051807483352e+00
9.918913724328325188e+00,4.922794523731471195e+00
3.545509529119442504e+00,9.963999536737054186e+00
3.412496590904587457e+00,1.007106304100212135e+01
3.536369316923736683e+00,9.971219373257300234e+00
9.913523513453005975e+00,4.931044994697630912e+00
3.625139929786840742e+00,9.901562132243679315e+00
3.444268222773122279e+00,1.004504964104180331e+01
3.627255371781494375e+00,9.899909467816621955e+00
3.421041111720869221e+00,1.006401504509610234e+01
3.707091546894842882e+00,9.838193252511141296e+00
3.526542201938194232e+00,9.978973050217701868e+00
3.531104874992526899e+00,9.975350430693683990e+00
9.924250751343631549e+00,4.914775505828666624e+00
3.469835303191618703e+00,1.002430763632913902e+01
3.628991658263128084e+00,9.898528820508756709e+00
3.725012200535068096e+00,9.824405092264711925e+00
3.491136570961889340e+00,1.000716880216819327e+01
3.527696829305926318e+00,9.978024535037828713e+00
9.909886350871575544e+00,4.936684933367821770e+00
3.631909072857118392e+00,9.896232962698107372e+00
3.454694055647722362e+00,1.003650016477353901e+01
3.773573460863861140e+00,9.787257141067753352e+00
3.710590592650714559e+00,9.835435435737505117e+00
3.753206369141539600e+00,9.802785602759142236e+00
9.906484615104510283e+00,4.942081486959676084e+00
3.515620048212486193e+00,9.987566613574337282e+00
3.659584288959174980e+00,9.874730975350006545e+00
3.740839640602876326e+00,9.812222646696580952e+00
3.634016836926239336e+00,9.894542455013274562e+00
3.774790878571011365e+00,9.786299385934063011e+00
3.483278836910931542e+00,1.001338575338843384e+01
3.450070758120344028e+00,1.004016419290939410e+01
3.406001076353370571e+00,1.007620634711768126e+01
3.481050414704009555e+00,1.001515109064250808e+01
3.435507655314045561e+00,1.005199432287835926e+01
3.698294847762127358e+00,9.844832074398738087e+00
3.662274619817021737e+00,9.872603197483964976e+00
3.796252923131758994e+00,9.769913181163163429e+00
3.506328603719744308e+00,9.994869811738221088e+00
9.904408762999503679e+00,4.945342536633621222e+00
3.700365322284536518e+00,9.843184596181057344e+00
3.731855307002525990e+00,9.819006167635558668e+00
3.717241885172284377e+00,9.830202366420374815e+00
3.474599353969589632e+00,1.002022992323493078e+01
9.901730345242931719e+00,4.949714222234481653e+00
3.556520130872468322e+00,9.955037005658198268e+00
3.411099631432515711e+00,1.007186482407812633e+01
9.915768639741436630e+00,4.927278263775339617e+00
3.797156818239280529e+00,9.769171329645583768e+00
3.411872681828445941e+00,1.007121870788324713e+01
3.411148161890554587e+00,1.007181367886173184e+01
9.911467843658249066e+00,4.933940901223973441e+00
3.646124094601824517e+00,9.885008095794846739e+00
3.497247231237080367e+00,1.000202865549623255e+01
3.684626026413785560e+00,9.855241970378461502e+00
3.541812466377161961e+00,9.966601289509741335e+00
3.547623545075817564e+00,9.962010528011537858e+00
3.620262666942277274e+00,9.905079900442421703e+00
3.541541131115691687e+00,9.966802256130494087e+00
3.536705056269745739e+00,9.970621117150610502e+00
3.578701042240298502e+00,9.937533811611892531e+00
3.576019707433780059e+00,9.939635252296559642e+00
3.527857707392574760e+00,9.977618274535211995e+00
3.533745905761362049e+00,9.972942727792002415e+00
3.489240606599512518e+00,1.000837957719445548e+01
3.467952215647730707e+00,1.002546796145707120e+01
3.522884620734295869e+00,9.981513028476710403e+00
3.484684994504882116e+00,1.001196295985766227e+01
3.486687321775322701e+00,1.001035350417660119e+01
3.722409645064516326e+00,9.826104465020950585e+00
3.425714673183725356e+00,1.005967874117245131e+01
3.775952358878550630e+00,9.785186655604386274e+00
3.751388094692489350e+00,9.803922653737627613e+00
3.464173971605950531e+00,1.002842760039969328e+01
3.657099607712868128e+00,9.876379909980558480e+00
9.922455827555953789e+00,4.916999467957097636e+00
3.802067801907203393e+00,9.765303514375895944e+00
3.509781870822683114e+00,9.991860458706659287e+00
3.692328055350112326e+00,9.849177812757258010e+00
3.783561114214392784e+00,9.779362938327794907e+00
3.509837171574527570e+00,9.991805387270719763e+00
3.603854155346246202e+00,9.917709289518935378e+00
3.478188426453455495e+00,1.001709236021030414e+01
3.479111824053403801e+00,1.001633512017544980e+01
3.658858486419934497e+00,9.874964812073777409e+00
3.658109605266311792e+00,9.875541877876383268e+00
3.433443411823341673e+00,1.005326925911587033e+01
3.727533187005651172e+00,9.822103071001398789e+00
3.634738699227008318e+00,9.893636252979186807e+00
3.754321200876101994e+00,9.801600423311560562e+00
3.682654011617584544e+00,9.856569535344076982e+00
3.609199724111909369e+00,9.913479294757340909e+00
3.499102149099302839e+00,1.000026329438191475e+01
3.664362111230633268e+00,9.870654050216186803e+00
3.496119963813230758e+00,1.000263837293287139e+01
3.698797562903304303e+00,9.844106044261954125e+00
3.543825083635822271e+00,9.964748844698069874e+00
3.728828986547471303e+00,9.821051519934005825e+00
3.408966070175668772e+00,1.007322451707402422e+01
3.534136581561735380e+00,9.972389018141091910e+00
3.683614311310965839e+00,9.855776465744227721e+00
3.744262066429916214e+00,9.809231776507719047e+00
3.742817689590157482e+00,9.810334547187698817e+00
3.418091654725590178e+00,1.006570593417882264e+01
3.565067190999185343e+00,9.947983403534449209e+00
3.492574836658994819e+00,1.000544007756939635e+01
3.567499063475387810e+00,9.946067037087567897e+00
3.526060264077835793e+00,9.978756542745081504e+00
3.427674170011714150e+00,1.005783440557203257e+01
3.756713951860679579e+00,9.799691795682873519e+00
3.416675175510984097e+00,1.006681838583697441e+01
3.526671201421850199e+00,9.978249148552766457e+00
3.521868225079603842e+00,9.982056839736165088e+00
3.718757799390979280e+00,9.828703621257060874e+00
9.902456652873020460e+00,4.948027503510712855e+00
3.689331371432446716e+00,9.851286708089515898e+00
3.509630236293156180e+00,9.991699887071240127e+00
3.651972726186711427e+00,9.880096361725867027e+00
3.591113684797745620e+00,9.927428815283230179e+00
3.403485026097372135e+00,1.007751104592092872e+01
3.810593079801792182e+00,9.758591298135762315e+00
3.705435397102776918e+00,9.838832114563828668e+00
3.762394768000477896e+00,9.795238104798290379e+00
3.600263062797349978e+00,9.920239519470795742e+00
3.443161507489941542e+00,1.004503350328882760e+01
3.603590648543245845e+00,9.917637206524299032e+00
3.600997096926109364e+00,9.919660650015543979e+00
3.811510197745406892e+00,9.757875663779410402e+00
9.894594775439008671e+00,4.961167642868333338e+00
3.656691451307323426e+00,9.876366433142095502e+00
3.655909326169302087e+00,9.876964118561673445e+00
3.707486018922063753e+00,9.837217391687083534e+00
3.496923676897937483e+00,1.000171724439592502e+01
5.306628805575982710e+00,8.579537988443027174e+00
3.430668228930436214e+00,1.005841999658315444e+01
4.512765784754606990e+00,9.205365813268185704e+00
5.229771973942274776e+00,8.640140194106360028e+00
8.417955763906110889e+00,6.126839581522245837e+00
8.551994941458227473e+00,6.021175703223606845e+00
5.624523964796251718e+00,8.328936876978623616e+00
6.251201054054609685e+00,7.834928088189239581e+00
7.747923161306196960e+00,6.655041242650364453e+00
8.488648146714680820e+00,6.071101760894188182e+00
7.297496534926281697e+00,7.010098508778532356e+00
3.463258226043940624e+00,1.003273512581982452e+01
7.836125562148011703e+00,6.585499555055550402e+00
9.708920736058596290e+00,5.109140001085719973e+00
7.354036469490370820e+00,6.965547076643711755e+00
5.656423529322641031e+00,8.303783355832775825e+00
9.226509282579318239e+00,5.489438328194044203e+00
9.324397427572474584e+00,5.412275894036694623e+00
4.988666998411336984e+00,8.830208502295416650e+00
7.743032711100649834e+00,6.658861189399013725e+00
5.412287545506723418e+00,8.496254321840737589e+00
8.548640634907398450e+00,6.023798356765703410e+00
3.650521603889176792e+00,9.885082455894856679e+00
3.633642734380752692e+00,9.898402845363056812e+00
4.651775819519524902e+00,9.095765963807785681e+00
7.533604098954392647e+00,6.823963871300329664e+00
8.271941131234978428e+00,6.241916768508302127e+00
9.702897793449221098e+00,5.113882588427440368e+00
8.149970548818036065e+00,6.338086536357661060e+00
4.996722069393421783e+00,8.823870249169955216e+00
8.012441205057479365e+00,6.446495673112335290e+00
5.934005318544409491e+00,8.084988225476386958e+00
9.614037977789497091e+00,5.183946850155839670e+00
7.297834814903131573e+00,7.009840665172162311e+00
5.747517624639579381e+00,8.231996932017816349e+00
9.229982975122844380e+00,5.486669998698318729e+00
5.476588794902845336e+00,8.445585562411515923e+00
8.480866464956342554e+00,6.077226101378084167e+00
6.088829985266299261e+00,7.962925910578682931e+00
9.125512372923274995e+00,5.569037693396430733e+00
5.252695155358801493e+00,8.622084777426444191e+00
3.488215892458823575e+00,1.001304294647881576e+01
9.092714095091920967e+00,5.594904730533013293e+00
4.733381226717947143e+00,9.031467054889841251e+00
7.381057623224469566e+00,6.944236651272579053e+00
4.486815736061746662e+00,9.225835258190125288e+00
6.044888197416117492e+00,7.997557506802599470e+00
7.751644297601640865e+00,6.652110480065856812e+00
3.687156150090507012e+00,9.856197690641938181e+00
7.572524521223879646e+00,6.793299682494041924e+00
7.191162793182963142e+00,7.093936917066692160e+00
3.983615436334685178e+00,9.622513192620917977e+00
8.021696446686405579e+00,6.439199054619527018e+00
8.358308127525003073e+00,6.173842353185733600e+00
5.726134067887185708e+00,8.248851480329340902e+00
7.225551107783740434e+00,7.066839653883461914e+00
6.031199096387808822e+00,8.008335115338882204e+00
6.273546037080333093e+00,7.817326632114914631e+00
8.970377741939060456e+00,5.691346860258268414e+00
7.429671280649778886e+00,6.905930708348064329e+00
3.607008871962977814e+00,9.919413118104166927e+00
5.589352578464080068e+00,8.356662730680760376e+00
7.963056163588108305e+00,6.485419619346113329e+00
9.754394971144336068e+00,5.073267381778970631e+00
4.022543774925269489e+00,9.591801723215461095e+00
3.480964518824563037e+00,1.001876220286731822e+01
7.507360759733607836e+00,6.844680010616605692e+00
6.418570877423116272e+00,7.702970380782427462e+00
5.707570319357161637e+00,8.263479951379723687e+00
8.733235063860959713e+00,5.878274939759339901e+00
9.857903232915329994e+00,4.991679559226549046e+00
9.853010583739212791e+00,4.995535468983880456e+00
6.041068747820085072e+00,8.000553951812891640e+00
8.768874248385554182e+00,5.850180558113653895e+00
5.193180260852876984e+00,8.668979722431089385e+00
4.649298604120537526e+00,9.097732495995037638e+00
9.528177543862277332e+00,5.251612343529449056e+00
9.837948050687021606e+00,5.007425947787608855e+00
7.170034100075856287e+00,7.110586670289429811e+00
8.247834510744670666e+00,6.260927843850792485e+00
5.052797115845734766e+00,8.779632119399552792e+00
4.016359152382580788e+00,9.596675955803448232e+00
6.199820120913831722e+00,7.875423379245656719e+00
3.659451228313092219e+00,9.878057143474345381e+00
7.618544054697555801e+00,6.757039492143884551e+00
3.667894274473682881e+00,9.871395151246405320e+00
4.448597654366030163e+00,9.255938894688709340e+00
9.712712387879037124e+00,5.106134206146556664e+00
8.971408906178922393e+00,5.690534075494895205e+00
6.131848175576450899e+00,7.929006758427335377e+00
4.188846474956402055e+00,9.460737099770652136e+00
7.719248006154459496e+00,6.677642949840372211e+00
7.612772188874869173e+00,6.761589466469231979e+00
9.401017958762729165e+00,5.351859902207109165e+00
3.471903740563488494e+00,1.002589497571873345e+01
9.509340039726840388e+00,5.266476304051871615e+00
6.681160581129701015e+00,7.495983091830427547e+00
7.931011870213204418e+00,6.510705473021641154e+00
4.334734483761306656e+00,9.345715361556278467e+00
8.843381459535940792e+00,5.791469592145520373e+00
9.170133971181076760e+00,5.533872257223832136e+00
8.672136269439196354e+00,5.926448393303970441e+00
9.661551497776267539e+00,5.146464443388318877e+00
6.178684791945414645e+00,7.892106694315700111e+00
4.550433245891505329e+00,9.175657830621672062e+00
5.222382268125282501e+00,8.645943549677415518e+00
8.293171012166535405e+00,6.225210808655326389e+00
4.788101426345994227e+00,8.988317692307214557e+00
4.902171892075080528e+00,8.898405285150923660e+00
4.503845913385620570e+00,9.212380445749790425e+00
3.430559091997489318e+00,1.005850500551725624e+01
7.963450607008749849e+00,6.485132086693376152e+00
8.703678567779657982e+00,5.901594006939964387e+00
8.353826067214324524e+00,6.177381202211138067e+00
6.381639264197750627e+00,7.732113643367393152e+00
7.795862003243750671e+00,6.617234750075573047e+00
6.238632127278554762e+00,7.844834599409753473e+00
8.202795474194655156e+00,6.296430379769907937e+00
4.370715134050625394e+00,9.317341919297625452e+00
4.097731563444134473e+00,9.532548610137459022e+00
8.767603380501878263e+00,5.851195620593501623e+00
5.664254138528912463e+00,8.297604392416957353e+00
9.160409943300976465e+00,5.541537231144452846e+00
3.507639791564989284e+00,9.997728791720877695e+00
5.821701983591145435e+00,8.173511984320276369e+00
3.448459718230665771e+00,1.004436970202608315e+01
9.885351847590037266e+00,4.970056897844936650e+00
9.452858806025361105e+00,5.310989660580154315e+00
9.349676695450352071e+00,5.392350558321101772e+00
5.875090578840632460e+00,8.131414781909491296e+00
7.057414249932245198e+00,7.199363597019194927e+00
4.395838409420488091e+00,9.297542237211546379e+00
4.604691770510908277e+00,9.132895334539259835e+00
9.160738708727695467e+00,5.541257621734574812e+00
6.433662876892066507e+00,7.691073937445265685e+00
4.349644590511482001e+00,9.333967996372210862e+00
7.763636098818126108e+00,6.642620745662445536e+00
5.923662893753782299e+00,8.093122844730123333e+00
7.388438198781426713e+00,6.938436433329462361e+00
4.167965132962861752e+00,9.477195232900623267e+00
9.238232184058361440e+00,5.480182773601987911e+00
8.138552441129741410e+00,6.347100039285776596e+00
4.672155358880242915e+00,9.079707087292693046e+00
6.100359491628817743e+00,7.953818813612439698e+00
7.023540847346552596e+00,7.226059358413281508e+00
7.869448862152380819e+00,6.559206313944744515e+00
5.428024067361658211e+00,8.483844859591242127e+00
8.912460440546805529e+00,5.736990585870507253e+00
7.837426423732867242e+00,6.584458945124690210e+00
3.441043039331865394e+00,1.005022121593479589e+01
9.922447221941116169e+00,4.940792221398159434e+00
6.002323446688553332e+00,8.031105097934730708e+00
7.579902271529223690e+00,6.787490136705613075e+00
3.630271975579411503e+00,9.901073304661007768e+00
6.404830308373576031e+00,7.713812178932828445e+00
9.071117641959279609e+00,5.611926764111310639e+00
4.982665890569370148e+00,8.834926856350993063e+00
8.445276181962306339e+00,6.105285661011878418e+00
7.572176408602543596e+00,6.793560130659487939e+00
3.765870313954197801e+00,9.794158914476941646e+00
8.656443453526819098e+00,5.938838210772673598e+00
6.720016682618810577e+00,7.465346385902744686e+00
9.086626650375489334e+00,5.599684144231931171e+00
5.597658000244104315e+00,8.350114109758381531e+00
8.995547374276540609e+00,5.671479036117037964e+00
7.476767378518148988e+00,6.868790693355651733e+00
5.474731191600982427e+00,8.447019220785225713e+00
8.672368646457499608e+00,5.926275577972015540e+00
3.654392314906906414e+00,9.882046533004761102e+00
8.512119785879992406e+00,6.052583383242119197e+00
8.839357210071352000e+00,5.794626994777022588e+00
9.207506199783313861e+00,5.504413683581703687e+00
9.008604241072887930e+00,5.661199641644586222e+00
5.555718864531568713e+00,8.383181397556249692e+00
5.099413749342819102e+00,8.742889781727887666e+00
3.644954784163415340e+00,9.889473115110243739e+00
9.582582781984839926e+00,5.208746330576211392e+00
9.737966013161869938e+00,5.086214724475955684e+00
7.028221002349257063e+00,7.222395115413317690e+00
5.143829459640021362e+00,8.707877757058668067e+00
8.235832672480704275e+00,6.270391421167842871e+00
9.678710046564248159e+00,5.132928218272374110e+00
4.116472490033151743e+00,9.517783687241596624e+00
9.652641788833410175e+00,5.153517930456493978e+00
9.635663774144962446e+00,5.166891186087398502e+00
8.317066277345769976e+00,6.206339150666213555e+00
4.475415666359404909e+00,9.234825950663587690e+00
4.879098396086296141e+00,8.916563117559389795e+00
5.734376548334603640e+00,8.242358132236343948e+00
8.494464744826251135e+00,6.066506889731487995e+00
3.763371951437429974e+00,9.796142304588526528e+00
6.496679927117336106e+00,7.641396271384601313e+00
9.766325009596776852e+00,5.063862998885573674e+00
9.900795571564675157e+00,4.957852464550819960e+00
8.033106509935837636e+00,6.430191838666085680e+00
6.748386809535246833e+00,7.442973673774156751e+00
6.537589669279133986e+00,7.609156709958344145e+00
8.479476966005176308e+00,6.078311099548485252e+00
6.108130208112039661e+00,7.947696626423875088e+00
5.035512467901405387e+00,8.793257084311788319e+00
4.522799799200320159e+00,9.197458001064463318e+00
9.396912705472530547e+00,5.355078173205194858e+00
8.826771826490098505e+00,5.804556858151477705e+00
7.996371872798941460e+00,6.459178865890269350e+00
4.431157408360006045e+00,9.269695430869292707e+00
3.591598926105034284e+00,9.931555561852034586e+00
6.230330384736779692e+00,7.851366811395680934e+00
9.422675953476980837e+00,5.334791736544159946e+00
5.035695265210195615e+00,8.793149270267637263e+00
5.736418924489918858e+00,8.240739342001699441e+00
6.893391754624976997e+00,7.328662807815767621e+00
4.738798705422033741e+00,9.027185368722697945e+00
5.546555160157103259e+00,8.390416267841633413e+00
7.285592361524955152e+00,7.019507619459854020e+00
4.500708735601708810e+00,9.214886199076159912e+00
7.053809375676955540e+00,7.202210045863141730e+00
5.672519569992914512e+00,8.291111650339773931e+00
8.371264265490612644e+00,6.163633698815831785e+00
9.885664445089028973e+00,4.969803906735425159e+00
6.194888507642172470e+00,7.879313131737896825e+00
7.459520336189576994e+00,6.882364534172448423e+00
5.070033862255474588e+00,8.766074673610097179e+00
4.414924657058280744e+00,9.282516894000892194e+00
6.569405456754800809e+00,7.584068857231048177e+00
5.701122771078567908e+00,8.268570796650816845e+00
6.294377951975674179e+00,7.800864436885611042e+00
4.437533343726332902e+00,9.264677763299147273e+00
9.505211740134667409e+00,5.269731431074257344e+00
5.524343218159051716e+00,8.407908651540525469e+00
7.241076942435418218e+00,7.054562255020581318e+00
7.392356252931191918e+00,6.935341474200219736e+00
6.740079334199158723e+00,7.449543006996454331e+00
4.824260105797216980e+00,8.959826310372729807e+00
3.529215638434259450e+00,9.980701445447607512e+00
6.761879031862887857e+00,7.432357997960322926e+00
9.580149609693023649e+00,5.210641960799355488e+00
4.165251082688448570e+00,9.479329058924205853e+00
9.070884236500241116e+00,5.612129807690604544e+00
5.701240468756017421e+00,8.268451672742401115e+00
5.870672664801606544e+00,8.134901261327465605e+00
3.624735225564024166e+00,9.905430936411933729e+00
6.646092412030059293e+00,7.523630166698914934e+00
6.738918750617139963e+00,7.450464629532128846e+00
4.811901498085636497e+00,8.969559252206666500e+00
4.968369212815590963e+00,8.846211641152146754e+00
4.036531727777353140e+00,9.580800168446280907e+00
9.612382580281472855e+00,5.185223389226250035e+00
9.481160222146042926e+00,5.288690805082278956e+00
8.588196468366698255e+00,5.992601590378491494e+00
4.352852035664497521e+00,9.331409803659340696e+00
5.649978176552771458e+00,8.308866671878076815e+00
4.150671493486396635e+00,9.490812291865637462e+00
5.182108255545377240e+00,8.677720135493308007e+00
6.972127877227978665e+00,7.266601956927259742e+00
7.804192363048654713e+00,6.610675326758578052e+00
9.046802425617929799e+00,5.631085875047902256e+00
8.056550502983355955e+00,6.411730862188560032e+00
7.899032270625928831e+00,6.535885826242719965e+00
5.145792655753996137e+00,8.706343290879258845e+00
4.678507678189347985e+00,9.074696094118857914e+00
8.525473256406984390e+00,6.042079464889287266e+00
4.304447060757875754e+00,9.369597622131861314e+00
5.335539360047160784e+00,8.556762932916017306e+00
4.434569298875383758e+00,9.266990277530261721e+00
9.297526158324993517e+00,5.433443790633161186e+00
6.992293514388009612e+00,7.250697862646211966e+00
9.148339517905693441e+00,5.551055900275154720e+00
5.040826248620017047e+00,8.789096183230507009e+00
5.394570216796916284e+00,8.510240384964452787e+00
9.625590290272114657e+00,5.174842964660766320e+00
8.709885050866759570e+00,5.896675140846484808e+00
4.359511549349992521e+00,9.326192485402762244e+00
8.621185826612759229e+00,5.966633370217388155e+00
9.916226476929995926e+00,4.945723787969121155e+00
9.511869906831723398e+00,5.264479410354050870e+00
3.443418541932016019e+00,1.004837204767346215e+01
5.534654260934612324e+00,8.399775365232477142e+00
4.946540021415720467e+00,8.863434366837285694e+00
3.435942563245973691e+00,1.005426263623215455e+01
6.279132812246427164e+00,7.812907075550834080e+00
8.322206787314826215e+00,6.202294830813020354e+00
4.114881802695013135e+00,9.519035542758960133e+00
6.909137684132161894e+00,7.316244507246159046e+00
9.904074333905008132e+00,4.955297157378671713e+00
3.477777905435717187e+00,1.002125826599995584e+01
8.755704939692908084e+00,5.860572768515376119e+00
8.533996822650347980e+00,6.035331275611726554e+00
7.299940083411771141e+00,7.008168651607773469e+00
3.962598275228410127e+00,9.639080918733153425e+00
5.993660705045005699e+00,8.037931782742429476e+00
7.982430776905792946e+00,6.470144825818871404e+00
8.710345576880857976e+00,5.896345495003767034e+00
4.307915560966871560e+00,9.366874237516286783e+00
8.770596424135920444e+00,5.848823746400665158e+00
8.083242542746763348e+00,6.390707142161778265e+00
9.161063199764713616e+00,5.541024988840412391e+00
4.731044252849676113e+00,9.033293121293711536e+00
9.024120653583496576e+00,5.648982609009531863e+00
3.906197875445465151e+00,9.683520099937531711e+00
9.550017795649633712e+00,5.234380192287880540e+00
7.027053925135211543e+00,7.223322372502962274e+00
8.401542007920753008e+00,6.139770721987324542e+00
5.385330516772752318e+00,8.517518643851463622e+00
9.342361921023890403e+00,5.398111777170989001e+00
7.216481349691564517e+00,7.073983476418137073e+00
5.255458288532627087e+00,8.619900321983049452e+00
3.579826947904045209e+00,9.940828465194218921e+00
5.992927689363440891e+00,8.038530836470673790e+00
3.477273633138520115e+00,1.002168474841721313e+01
4.763083561237626995e+00,9.008033250938915160e+00
4.499869905535683223e+00,9.215533821593071551e+00
5.226073293542646603e+00,8.643034397034721650e+00
8.523059541647706183e+00,6.043951381724468774e+00
5.963528598448284868e+00,8.061707985466624038e+00
3.517036173235279506e+00,9.990342166950307856e+00
7.160807340916682584e+00,7.117855353140535080e+00
9.490446080500941406e+00,5.281355867964025563e+00
6.883362956410003619e+00,7.336597241176737505e+00
8.391986901364752782e+00,6.147284246882725789e+00
5.655250669992593515e+00,8.304724185539260617e+00
9.833046530514664596e+00,5.011291866506846659e+00
7.295992917107627207e+00,7.011306470070510777e+00
8.555491127835008314e+00,6.018397319343672613e+00
6.552813877880181437e+00,7.597139683482295069e+00
5.187644737381507554e+00,8.673364796108160135e+00
5.278698239764960221e+00,8.601584973511718246e+00
3.771690157502651353e+00,9.789561464941265001e+00
7.452913744711349153e+00,6.887572997889487958e+00
5.058755815420042268e+00,8.774941563546196477e+00
4.355785712465531034e+00,9.329103519683554779e+00
9.754279008293536890e+00,5.073366669655245076e+00
3.799586117187203627e+00,9.767573343684345488e+00
5.845335421058750924e+00,8.154877715735995736e+00
8.732027700827963201e+00,5.879226968728440639e+00
4.459970870893721795e+00,9.246971724522900615e+00
3.805252487677155404e+00,9.763127087531453085e+00
7.213872144689364774e+00,7.076024083297403067e+00
8.773490676677315747e+00,5.846539903794698567e+00
8.908624670110194543e+00,5.740013980833534646e+00
5.919547765547738649e+00,8.096361188219809435e+00
6.256365569832146534e+00,7.830849488141740089e+00
5.753557591607841637e+00,8.227204262734746365e+00
6.278064159299979075e+00,7.813735804108233651e+00
9.505042700737799777e+00,5.269836115072300764e+00
9.588241780866173514e+00,5.204275970469555368e+00
4.735878647398156893e+00,9.029487763425040114e+00
9.099228290603869951e+00,5.589762244295399363e+00
9.620050253496227555e+00,5.179177497022021903e+00
4.645633947261980090e+00,9.100636929166391553e+00
8.762687677298682587e+00,5.855062182733585807e+00
4.080084206536684022e+00,9.546467259882001954e+00
7.203203710823519401e+00,7.084459660050545615e+00
5.499903638141489637e+00,8.427193309925144149e+00
4.384359658792232217e+00,9.306571768122639199e+00
5.479692299012149270e+00,8.443110432413895694e+00
6.124451857205711391e+00,7.934838618581466108e+00
8.026024192794249501e+00,6.435779374565994360e+00
6.605921709000831754e+00,7.555294311977019284e+00
4.677088868489897244e+00,9.075826962991774494e+00
9.542535573112642666e+00,5.240293370691135877e+00
3.569700650744754178e+00,9.948798654838062916e+00
5.762635518033513371e+00,8.220063974976415722e+00
7.516908008625167170e+00,6.837123754639065965e+00
8.263415578412137918e+00,6.248641479282401434e+00
8.495272838265947257e+00,6.065875174002729686e+00
7.219397856452186346e+00,7.071677674810222136e+00
7.776063450180872749e+00,6.632838022104910358e+00
5.797083916219483157e+00,8.192932720895251819e+00
8.389059929741677024e+00,6.149597557531617298e+00
8.113573681095157752e+00,6.366761404195560026e+00
7.672938489504795179e+00,6.714136580379831187e+00
4.134340363127581242e+00,9.503685323563276555e+00
6.158413541173503702e+00,7.908068623310343881e+00
4.882831188625843311e+00,8.913615258808764708e+00
8.841012105978276026e+00,5.793307235084499851e+00
7.471117752426837733e+00,6.873248456289224428e+00
6.928066831246793456e+00,7.301346426551826418e+00
8.356745306580377175e+00,6.175087055055034746e+00
8.565566110171754843e+00,6.010465124768936462e+00
3.981547781008482723e+00,9.624117423995691922e+00
7.951634694025823791e+00,6.494431562220746912e+00
5.376513517163245659e+00,8.524438232406817306e+00
6.375646437570924974e+00,7.736825829440704183e+00
5.063151447397330251e+00,8.771465970336569384e+00
5.496727235940610967e+00,8.429672542547953284e+00
4.462149803420535576e+00,9.245282300334892511e+00
7.873768197285470727e+00,6.555812544491210758e+00
7.707225357011338041e+00,6.687088680997121060e+00
8.932101823126865625e+00,5.721523328773753470e+00
9.066687167946131609e+00,5.615410390675647179e+00
8.891427764381564458e+00,5.753561671701111102e+00
9.029884627388399920e+00,5.644424444007135833e+00
4.942664317058267365e+00,8.866467333804550321e+00
8.415089692292037071e+00,6.129079737718226006e+00
3.928791056655225766e+00,9.665746340744025389e+00
6.179560381746348696e+00,7.891410715513759833e+00
4.821101143370572828e+00,8.962301134976641492e+00
6.828091753190539848e+00,7.380145158474761047e+00
5.504180753838500806e+00,8.423834865437971331e+00
3.988221496041312264e+00,9.618865413289903188e+00
6.822878002985296675e+00,7.384245500334632339e+00
3.828890018422111741e+00,9.744493049510602134e+00
6.319295480743291726e+00,7.781238142554276038e+00
8.229700528405420101e+00,6.275230749314379963e+00
8.249738502667923967e+00,6.259431114445435540e+00
8.213232772906211565e+00,6.288207252084126786e+00
5.516625907661136807e+00,8.414022282553229815e+00
8.636701856612527095e+00,5.954371216642977416e+00
4.125297915047218211e+00,9.510823313192325656e+00
7.164604097274702710e+00,7.114863413905003320e+00
4.353280973033915480e+00,9.331076202186672219e+00
9.361060694609786736e+00,5.383368722320241773e+00
7.660306164076900792e+00,6.724110005998531925e+00
5.523073520332000719e+00,8.408910698885605939e+00
8.633790042823498823e+00,5.956698904320727905e+00
9.578996890391962893e+00,5.211569140871704420e+00
8.641796496276089812e+00,5.950355428233332411e+00
4.016513861362386528e+00,9.596552767648303117e+00
3.411936947019555078e+00,1.007315461760650521e+01
8.755961373075642484e+00,5.860362339170295698e+00
6.046871163335490351e+00,7.996016218794787633e+00
9.760619615658733039e+00,5.068371201260747583e+00
7.827034740936699819e+00,6.592642353692825807e+00
4.485894843825704470e+00,9.226532748249724136e+00
6.645230916072094374e+00,7.524300837773934880e+00
8.281031302488372603e+00,6.234770210944066804e+00
3.750127207642442340e+00,9.806588709814530347e+00
9.425612953016020867e+00,5.332478380880702140e+00
4.676537123351904413e+00,9.076269694002915500e+00
9.484727575156586710e+00,5.285852221263943385e+00
7.977833074766935262e+00,6.473790534078889713e+00
3.842061582105467554e+00,9.734091411655672488e+00
3.444742166309341158e+00,1.004732833677772774e+01
5.657540932520018551e+00,8.302918746489346802e+00
5.780018935727804674e+00,8.206373255249975074e+00
7.037741682786576192e+00,7.214879468006270891e+00
4.055774627165409818e+00,9.565637047332055332e+00
3.659864374205609394e+00,9.877727160408387164e+00
6.184453561348936645e+00,7.887542208718262060e+00
4.715070862998770096e+00,9.045878228079018868e+00
8.647367854832282319e+00,5.945969138464933579e+00
5.732435819651492181e+00,8.243896359154739173e+00
6.752945613415040071e+00,7.439390118437926525e+00
3.953545461895147106e+00,9.646224768179783027e+00
6.276434472146531718e+00,7.815026486965893859e+00
3.723389507051215297e+00,9.827637283749648844e+00
4.618752932374646569e+00,9.121819025985699270e+00
6.579671233944567987e+00,7.575966087086133172e+00
6.812603174741889589e+00,7.392343073268444975e+00
6.623579673909760324e+00,7.541371065457231460e+00
8.495569630200700217e+00,6.065626089756459116e+00
4.257225439901739961e+00,9.406832113651654836e+00
9.862323374400247644e+00,4.988211744561523275e+00
4.365754774904820223e+00,9.321279298155062065e+00
4.793913270993698461e+00,8.983718614055630880e+00
4.427454848793250797e+00,9.272622452604343479e+00
9.539802203328278551e+00,5.242462936701089760e+00
8.307749885943907842e+00,6.213704310010887966e+00
9.644480461968546692e+00,5.159916450668517562e+00
9.827631599985977573e+00,5.015529435230619448e+00
8.982919962385288670e+00,5.681471838171868072e+00
6.259626144131772207e+00,7.828260777870085008e+00
6.087238374225698578e+00,7.964194941325658306e+00
4.208601714183029863e+00,9.445146623891954363e+00
7.099829569510955452e+00,7.165948923907341062e+00
8.842770124825385381e+00,5.791955403744776909e+00
9.821057715079891892e+00,5.020749080875654080e+00
9.836372213404313669e+00,5.008656011661979157e+00
6.598242855977743737e+00,7.561363101282690735e+00
4.125421232307598274e+00,9.510728924136266471e+00
8.720429549582888740e+00,5.888392443087090200e+00
5.880512572125690340e+00,8.127149977895900435e+00
6.757079342329724625e+00,7.436129171097594082e+00
6.107169079197991124e+00,7.948450505834569135e+00
6.470925748933515465e+00,7.661699133163917708e+00
5.742353851921913943e+00,8.236072106899195333e+00
5.895437300861587460e+00,8.115386944479528353e+00
7.971111912210505857e+00,6.479100388141429079e+00
4.947025488761382483e+00,8.863026395356971676e+00
3.517031470824333539e+00,9.990332580386581895e+00
6.223700073923996712e+00,7.856594777154293219e+00
6.551251063528301444e+00,7.598386418708180656e+00
3.823698039894129153e+00,9.748555274162800544e+00
5.515490585327384565e+00,8.414883534569776558e+00
8.223838088937990065e+00,6.279837601182427065e+00
3.724334786972414157e+00,9.826882462892903902e+00
4.362967797644255796e+00,9.323456188741921835e+00
4.564808037426100640e+00,9.164332112178989576e+00
3.732480447049850270e+00,9.820501944207803646e+00
4.151770629665554324e+00,9.489931705997484812e+00
6.795999878211036460e+00,7.405462750893414103e+00
4.612814526585259145e+00,9.126478247947353850e+00
7.354512312022477794e+00,6.965155362876749301e+00
4.980209429031758006e+00,8.836880824829011161e+00
7.727067406599673838e+00,6.671455493483988697e+00
3.774115214507805849e+00,9.787675576564049962e+00
5.848046688748283373e+00,8.152753120968954548e+00
9.123111730876336978e+00,5.570952228442770604e+00
7.550560142295610788e+00,6.810591848932223691e+00
8.058126368991558763e+00,6.410493653586101459e+00
7.794620884191683530e+00,6.618223772911493441e+00
9.681459334693748531e+00,5.130776418616209256e+00
5.510126867183031685e+00,8.419134157542281116e+00
8.447512123672597184e+00,6.103509586143181842e+00
5.893300214809000792e+00,8.117063283558229259e+00
9.279725238892837069e+00,5.447477054228427207e+00
3.895078658110527225e+00,9.692302046873074062e+00
3.727431981141566375e+00,9.824441700318585546e+00
8.137125012253189738e+00,6.348222437526172435e+00
4.339210992361712371e+00,9.342199424795440521e+00
4.203933025331986428e+00,9.448824990306356142e+00
4.546034195688662294e+00,9.179149356535861060e+00
8.021133414735764688e+00,6.439669024891295557e+00
8.485949540535909108e+00,6.073242007917113661e+00
9.863539783844377240e+00,4.987229202600587108e+00
9.042779884699426063e+00,5.634249578058996732e+00
6.295708899514111501e+00,7.799828389849545296e+00
8.172098420531634488e+00,6.320623789920738922e+00
4.096278890517527138e+00,9.533704051485234032e+00
9.425493712712009753e+00,5.332574481256619592e+00
9.337844303892072872e+00,5.401667437755294898e+00
5.044158784068113022e+00,8.786470866723384177e+00
6.422541517095217145e+00,7.699871428218135527e+00
8.064194512764201406e+00,6.405693424552322490e+00
5.084480454731814092e+00,8.754659682979713864e+00
7.845781390480380146e+00,6.577868535823708562e+00
5.013705564117831415e+00,8.810486676694322838e+00
5.317245658843013700e+00,8.571198273064899453e+00
7.796843451958170412e+00,6.616440285971748381e+00
7.772084358260611836e+00,6.635965230650152868e+00
6.734063774725821183e+00,7.454271941699206039e+00
6.180317445515980168e+00,7.890780147592339588e+00
9.782343833968667468e+00,5.051249050284468467e+00
9.526183248832921890e+00,5.253197045368006357e+00
3.584527174062618560e+00,9.937123002398761784e+00
8.242896350734710609e+00,6.264830795936252805e+00
9.745409939975941072e+00,5.080374613155756336e+00
9.738189243357640024e+00,5.086070182298747078e+00
6.090054177647983735e+00,7.961964401814089598e+00
6.515966998034692814e+00,7.626218548315976342e+00
5.424485134631810368e+00,8.486652151335732697e+00
7.509836344687543352e+00,6.842717708625861484e+00
5.235085591828852358e+00,8.635959241451026003e+00
5.805185032553752400e+00,8.186531890466316241e+00
7.640594967526668668e+00,6.739639205034067437e+00
3.620984648042098630e+00,9.908384751254166289e+00
7.080660098472504771e+00,7.181040785057017928e+00
6.705666266864874103e+00,7.476651811937078840e+00
7.677893595749035072e+00,6.710235572234483747e+00
4.885738865284912080e+00,8.911353107487821390e+00
7.995000436494330565e+00,6.460265006622933015e+00
9.373073718673591515e+00,5.373874990202928359e+00
9.498233380424196071e+00,5.275216901980241069e+00
8.427939548986902452e+00,6.118943240024875330e+00
8.825494455854602904e+00,5.805540197754352150e+00
8.427708918383071790e+00,6.119154460805463103e+00
7.824743588653279680e+00,6.594448785404120272e+00
6.214998648844590079e+00,7.863455628458158486e+00
8.451714779887019802e+00,6.100218886599505730e+00
4.908359607732404761e+00,8.893493285317537911e+00
4.733301450374698405e+00,9.031508832909784346e+00
5.832432588962123354e+00,8.165049504446660222e+00
7.127008970127121756e+00,7.144507596667343030e+00
8.494370456292060112e+00,6.066567865961090433e+00
4.620563988021434199e+00,9.120401988920638914e+00
7.326449356776649324e+00,6.987294829156054377e+00
3.488774540394084411e+00,1.001259891234337296e+01
5.004228310211727759e+00,8.817933957083210927e+00
4.336450332110728390e+00,9.344344082267626916e+00
5.664387320527751513e+00,8.297527437460656685e+00
4.609808625098489543e+00,9.128868675450725334e+00
4.204471119019585146e+00,9.448412448104045680e+00
5.273611927610618366e+00,8.605589602792353077e+00
6.174785459794730258e+00,7.895175906674382738e+00
4.900449130242842344e+00,8.899750729426344265e+00
7.681330642494027749e+00,6.707522304050510087e+00
3.648405841157334351e+00,9.886745749623493396e+00
5.628171464436229954e+00,8.326083799711941680e+00
5.425916691786211388e+00,8.485529784477325421e+00
5.592708571490764946e+00,8.354017615662762353e+00
5.902805184033539376e+00,8.109557567550512047e+00
5.704330834454246713e+00,8.266039027052698884e+00
7.000741008841082191e+00,7.244040463195357660e+00
7.757231614724107160e+00,6.647678575086697350e+00
9.098131884836394789e+00,5.590614854991187599e+00
8.912838900622574556e+00,5.736707099990053571e+00
7.435057559421855977e+00,6.901683556031578348e+00
7.835972979162889374e+00,6.585635324185210138e+00
8.756980993765006716e+00,5.859567596956127389e+00
3.733392884887133611e+00,9.819765295813953188e+00
8.837051501010245502e+00,5.796424615612764342e+00
4.139154028576344402e+00,9.499895773239112273e+00
4.491088708995133238e+00,9.222456557598944116e+00
8.186836051343892251e+00,6.309030802285930051e+00
3.743246586507430251e+00,9.811997405217288915e+00
9.310568672975620075e+00,5.423140669791703061e+00
9.412099381247854168e+00,5.343109678310164590e+00
7.780005219143072637e+00,6.629752434188602273e+00
9.510421522302770825e+00,5.265595939819360360e+00
4.108498366087613540e+00,9.524068817325913372e+00
3.893234779574876736e+00,9.693748940529026470e+00
3.439176103337934887e+00,1.005171879557603987e+01
5.845199227737366776e+00,8.154994536494264423e+00
9.112109585982452131e+00,5.579599210284168720e+00
7.718387579715909830e+00,6.678293217801881454e+00
9.718566190687448980e+00,5.101511924620967697e+00
4.722227707567473232e+00,9.040245770619529608e+00
9.853042367310429483e+00,4.995538378900003629e+00
5.931392156592739440e+00,8.087042042132239317e+00
8.287077853690304252e+00,6.230000542401640473e+00
4.163750983990824217e+00,9.480486075746357599e+00
7.854921526304048385e+00,6.570693464279716345e+00
9.750633057008194271e+00,5.076262941780515625e+00
9.601873797701722779e+00,5.193524563669288163e+00
5.896222940920811340e+00,8.114762892789906701e+00
9.519096629669226317e+00,5.258760721743180433e+00
3.836149127592165531e+00,9.738742593560990812e+00
5.615444549328699964e+00,8.336089884029348696e+00
4.726222462775457878e+00,9.037086918332571273e+00
4.548422062367804664e+00,9.177276518770899116e+00
4.077651002089556442e+00,9.548379390368001651e+00
6.596977493655597158e+00,7.562333690532792474e+00
4.369879862703885287e+00,9.318024442353589620e+00
8.097045409576089980e+00,6.379800069751744296e+00
7.867427511730416434e+00,6.560809132336593130e+00
3.474665307958620275e+00,1.002371846826393487e+01
9.095902867634023892e+00,5.592402265422711238e+00
9.597748365776936907e+00,5.196789293812558164e+00
7.591232273136929720e+00,6.778553032046505500e+00
9.800023692859145541e+00,5.037323841988131434e+00
3.588854327597600591e+00,9.933692204532164283e+00
7.827405834627845671e+00,6.592362804668203680e+00
4.974429503420134679e+00,8.841433244320400675e+00
4.139454756477690012e+00,9.499636679525270466e+00
3.437170412161241639e+00,1.005330099534292110e+01
8.257869104363752655e+00,6.253045773540873320e+00
8.966525691325298197e+00,5.694378097716449538e+00
3.904777355719671661e+00,9.684637345594694580e+00
5.897316052601114578e+00,8.113881369492656148e+00
5.804201428537830942e+00,8.187296396998290149e+00
5.246025764181737827e+00,8.627315264959847241e+00
9.659385439699779141e+00,5.148160098828494569e+00
4.143625515335801701e+00,9.496357719650067253e+00
4.016954664185254487e+00,9.596241172835171085e+00
7.004778784406597403e+00,7.240850698381268380e+00
6.680047633269760254e+00,7.496869033033925156e+00
9.015553756203875224e+00,5.655711320562964772e+00
7.937494277769969742e+00,6.505564997937107741e+00
7.916724090026767691e+00,6.521943088752616191e+00
5.099727224420290028e+00,8.742645513577791405e+00
4.840655026463180022e+00,8.946878775495344271e+00
4.184609694956121118e+00,9.464057077963364151e+00
8.645275725271437395e+00,5.947612042571294388e+00
4.104895234983052532e+00,9.526907109842586152e+00
5.854568191347551576e+00,8.147593354001754662e+00
3.657198475412973160e+00,9.879839286630275552e+00
7.857200720699450969e+00,6.568870172299775767e+00
9.386228068356013310e+00,5.363524107103608607e+00
4.125343836104246265e+00,9.510771314130229470e+00
4.341807909032876722e+00,9.340120932781875496e+00
8.519964593414485421e+00,6.046409514030865573e+00
7.094795960275709135e+00,7.169891915292496698e+00
5.682305688001537902e+00,8.283398038469025337e+00
8.760512887926278580e+00,5.856771596795228518e+00
6.454850119026390942e+00,7.674386138034808624e+00
6.730302177530705698e+00,7.457235333426173618e+00
9.062286353169138664e+00,5.618882869495640975e+00
8.228256101331297145e+00,6.276357603697467979e+00
3.755486236554660184e+00,9.802346545405287159e+00
8.109508977871300317e+00,6.369999549413607021e+00
4.596983344081431611e+00,9.138983954782778696e+00
7.117261628879457902e+00,7.152178755765213225e+00
7.261118803068494998e+00,7.038780663058839870e+00
4.248057777267627344e+00,9.414055837653938497e+00
4.095584593387122219e+00,9.534236378747980467e+00
8.669269211898312122e+00,5.928688662215206406e+00
6.459588075864806100e+00,7.670664217908038651e+00
4.002038491611857651e+00,9.607981272624725122e+00
7.933459923977880912e+00,6.508775857388622299e+00
6.443894154619168368e+00,7.683031091308958338e+00
8.916940586680253134e+00,5.733482308048000853e+00
6.797507930750711580e+00,7.404267591824774009e+00
7.669200723920427620e+00,6.717063661520654705e+00
6.997291069118686480e+00,7.246765277123470739e+00
4.069875963968576649e+00,9.554496269163081479e+00
8.764856901972226666e+00,5.853344151826028074e+00
5.675834658389355525e+00,8.288483082675471181e+00
5.377860673128396662e+00,8.523381638144337913e+00
6.459961895091791639e+00,7.670343700476982995e+00
4.319164610174413887e+00,9.357989679346328415e+00
6.566244106254238488e+00,7.586567040500190373e+00
5.930651612941076678e+00,8.087627562556937377e+00
6.175630527156830141e+00,7.894491196724144011e+00
9.845029806415499962e+00,5.001825859748492142e+00
8.526114374553785069e+00,6.041541729272766226e+00
7.254075868320672527e+00,7.044352755271363620e+00
9.811364441559899063e+00,5.028386863842510657e+00
9.140600924391288018e+00,5.557156862254593044e+00
7.819280389359946071e+00,6.598790292905106547e+00
4.614652761793148983e+00,9.125066228141228919e+00
