5.170045559870251051e-01,8.559824704961846997e-01
4.433047021366114948e-01,8.963708152199570955e-01
4.147344197122759812e-01,9.099423086982377784e-01
7.511613059531843106e-01,6.601191025995793993e-01
4.432455482997329499e-01,8.963999553816380805e-01
4.279077118307463845e-01,9.038221030372997067e-01
5.105537012249177220e-01,8.598454588964453693e-01
7.507010756042877819e-01,6.606413686959785592e-01
4.236073063936653949e-01,9.058455472819886278e-01
5.224224179738705676e-01,8.526872960143920821e-01
5.098373608719035666e-01,8.602713738221382522e-01
5.322907906278466772e-01,8.465621924916354457e-01
4.184732212633311965e-01,9.082286446318734718e-01
5.264546112683381462e-01,8.502025559205177441e-01
4.326819796204605661e-01,9.015472513919176034e-01
7.600833109920392960e-01,6.498244511424838832e-01
4.849994212997782439e-01,8.745134889944833345e-01
7.495070182426208927e-01,6.619948135203020945e-01
4.132255188810468605e-01,9.106277439927964457e-01
5.159509454658042227e-01,8.566196760597524218e-01
5.130230942647904246e-01,8.583763864680657996e-01
7.587219026520197751e-01,6.514122859113498087e-01
7.580871161419763249e-01,6.521505920696475389e-01
7.708915909934359600e-01,6.369634616337792599e-01
7.673930962978716686e-01,6.411799453361060053e-01
5.215058010168123204e-01,8.532455699943718441e-01
7.537473892761590299e-01,6.571674602575631186e-01
5.205459546856534558e-01,8.538359019809148576e-01
7.509407491279435076e-01,6.603729228977416321e-01
7.497700006656173866e-01,6.616951321333333080e-01
5.120250406539441634e-01,8.589680704137946377e-01
4.468232298779182265e-01,8.946200174052647558e-01
4.348500577932120637e-01,9.005006766285083009e-01
5.132736272155605795e-01,8.582276387493169567e-01
5.251577153277392496e-01,8.510076328143026947e-01
4.161362606246388207e-01,9.093000183936694736e-01
4.133644013095030267e-01,9.105680414304304637e-01
5.218155458412210290e-01,8.530553405269335476e-01
4.175078809266499213e-01,9.086708428096937906e-01
4.360125004331105725e-01,8.999379985798826587e-01
5.029513316909772769e-01,8.643117220352023455e-01
4.226570444901112111e-01,9.062871554193291379e-01
4.948995872668211504e-01,8.689531541404429404e-01
4.739647775156867748e-01,8.805408790931982255e-01
5.039805281447891083e-01,8.637118895155729836e-01
7.564954054065682332e-01,6.539942624019673412e-01
7.518504413556851285e-01,6.593384559680177670e-01
5.312201675384614630e-01,8.472304254428967285e-01
5.149624616395818144e-01,8.572094312952041051e-01
4.126826634147854334e-01,9.108775829325466145e-01
5.124745194200697185e-01,8.586990539102964393e-01
5.145281846661533542e-01,8.574700737260898542e-01
5.155865838107742682e-01,8.568338201419263278e-01
7.497772689279889047e-01,6.616956329655721003e-01
4.761986295342900410e-01,8.793342919744485675e-01
5.116204662819583415e-01,8.592078061901325947e-01
7.573683845317624730e-01,6.529822869473419500e-01
4.232066111571977651e-01,9.060300792538241721e-01
4.319233680431880940e-01,9.019137104989785048e-01
4.202621009081534686e-01,9.074061186187539763e-01
4.220879630891035683e-01,9.065515007302428208e-01
5.119201124834165118e-01,8.590372250157545242e-01
4.147181757361915189e-01,9.099465302947058465e-01
4.117036836540053368e-01,9.113211483952027292e-01
4.323340023932222831e-01,9.017099464525437647e-01
5.105216017050899779e-01,8.598606674501114711e-01
7.485496468476209309e-01,6.630724704995978325e-01
5.568931620462379550e-01,8.305888691731639906e-01
5.054810583031306148e-01,8.628420109977104069e-01
5.119868350804337442e-01,8.589976763979454422e-01
4.128159422744641649e-01,9.108180214353456261e-01
7.511337078826747504e-01,6.601434675113733164e-01
5.140787403190139049e-01,8.577384307392194041e-01
4.121332330185240034e-01,9.111272707209454591e-01
5.144483412169522651e-01,8.575166894413233099e-01
5.279809866233955429e-01,8.492611145426433028e-01
5.083616055874793371e-01,8.611484656295645967e-01
5.144441629205127597e-01,8.575189738368037551e-01
4.917666520867871593e-01,8.707223178530223429e-01
5.186800432495932700e-01,8.549734251513260164e-01
5.144404161180438084e-01,8.575210497221252837e-01
5.146830071370290804e-01,8.573856649228718263e-01
4.216767424765701655e-01,9.067504625603921564e-01
5.106541876394177226e-01,8.597809901267394750e-01
5.038528850869017361e-01,8.637947095572212630e-01
4.795910662982301176e-01,8.774971448072669267e-01
4.130400696607661182e-01,9.107172170437048964e-01
5.143106439494440352e-01,8.575985060182986786e-01
6.084289468666892464e-01,7.936150282138649814e-01
4.124298352886404118e-01,9.109848052515405747e-01
5.135638582325932067e-01,8.580456210134781436e-01
5.147973160016883210e-01,8.573177996068859219e-01
5.063458552524641165e-01,8.623246786442044787e-01
5.146714218374585093e-01,8.573935689056891851e-01
4.312604070119568367e-01,9.022223437234994092e-01
4.952103778419398861e-01,8.687791675201916863e-01
5.142051902467497104e-01,8.576735993517794476e-01
6.898166921255617368e-01,7.239927801960140963e-01
5.115166153271346605e-01,8.592668875775933968e-01
4.136597223801988243e-01,9.104263088612359889e-01
5.094774105998662872e-01,8.604905322615825636e-01
4.237909352104096694e-01,9.057546190494848437e-01
4.849191883329376229e-01,8.745651734312372971e-01
5.994534377901767908e-01,8.004173512526603362e-01
5.083874269938817303e-01,8.611219034144707019e-01
5.202347399957339968e-01,8.540300687521676926e-01
7.524644733032801458e-01,6.586230290278323185e-01
7.534891431020779295e-01,6.574702955549425187e-01
7.570688352841253854e-01,6.533251189852640195e-01
4.904677235574507188e-01,8.714659480909467959e-01
5.033507892140587359e-01,8.640889278968121312e-01
4.912087594736573859e-01,8.710485614889036388e-01
5.154961632655368220e-01,8.568989833049597271e-01
5.198252989503902022e-01,8.542653582378090249e-01
5.240724873790607585e-01,8.516809669187355158e-01
5.143389212060717197e-01,8.575797669100053700e-01
5.116414203184952436e-01,8.592063503170712657e-01
4.152818137472731319e-01,9.096989285387658830e-01
4.207901830275686539e-01,9.071517593313951355e-01
7.545087932568640410e-01,6.562787525584669046e-01
5.667480358491705505e-01,8.238998907525233450e-01
4.094896222316516399e-01,9.123083728442173967e-01
4.948771916258340453e-01,8.689706707964229837e-01
4.184212930549255915e-01,9.082463162247192967e-01
7.267538972774678641e-01,6.868861828425411042e-01
5.153675669455062280e-01,8.569608728440184509e-01
5.111619490559786705e-01,8.594927124934198526e-01
5.077071929099830072e-01,8.615379379933808535e-01
5.252731753127621861e-01,8.509250748652668062e-01
5.244085859759752832e-01,8.514580827665215734e-01
4.315030885014272122e-01,9.021042786650075307e-01
4.247783520058456830e-01,9.052902563998684871e-01
4.351793321901025746e-01,9.003364537795754963e-01
5.226469034514421574e-01,8.525404278298203131e-01
7.505043830134368044e-01,6.608520998114113532e-01
4.868443765872781936e-01,8.734799001773779770e-01
4.651476912692388832e-01,8.852244312805843673e-01
5.525210038432796233e-01,8.334886723633929684e-01
5.078941358495590030e-01,8.614100007201954678e-01
5.156328255262327964e-01,8.567998807573781184e-01
5.149637497058972002e-01,8.572021793008405277e-01
5.159079965637288767e-01,8.566341392345279138e-01
4.378147375625774940e-01,8.990567809142601119e-01
7.318647569073079007e-01,6.814356532611975936e-01
7.509054762787434889e-01,6.604245599327074334e-01
5.606919187817084316e-01,8.280133054173525187e-01
4.745684263668083491e-01,8.802284097418336950e-01
5.919719343394254096e-01,8.059463369006928390e-01
4.119521204316954899e-01,9.111969216669781879e-01
7.471321569228939197e-01,6.646912742525263873e-01
7.527329730434477728e-01,6.583419570625599349e-01
5.131158428581599207e-01,8.583303840227470838e-01
4.138361024142829248e-01,9.103603260835885225e-01
5.164760660516191093e-01,8.562904636741195397e-01
5.155876681952304974e-01,8.568256875483024615e-01
4.107136818905898767e-01,9.117733013139353027e-01
7.527437893724259199e-01,6.583301600925036690e-01
5.237221033190060382e-01,8.519008022813059355e-01
5.130962465037607334e-01,8.583425378069836631e-01
5.293096192694835000e-01,8.484405683845025470e-01
5.083221607233828765e-01,8.611784268042155244e-01
5.651781030079705559e-01,8.249559676639335315e-01
5.220953500999814256e-01,8.528751351212020548e-01
4.983402004899069038e-01,8.669930531941927310e-01
7.632390923795707716e-01,6.460985559155756341e-01
4.322831775595095127e-01,9.017480272593517698e-01
5.059219231465439393e-01,8.625911457553391282e-01
7.508210206567920153e-01,6.605234268688133792e-01
5.126116319584838044e-01,8.586327483053364240e-01
7.511483206343096963e-01,6.601514914963164671e-01
4.221441156891668767e-01,9.065388963482305940e-01
5.348570760464932405e-01,8.449296559112372540e-01
4.254482663986805524e-01,9.049930276641668936e-01
5.906154908067848819e-01,8.069387222299158058e-01
7.516761575364689918e-01,6.595508546159115637e-01
4.341604995520373378e-01,9.008247509622308025e-01
4.113266201400407329e-01,9.114777659610650007e-01
5.234559760434449593e-01,8.520396550871423003e-01
4.717017744120656220e-01,8.817461250487776958e-01
4.197545802424046402e-01,9.076269305887734173e-01
5.113928115710903999e-01,8.593601879267861454e-01
5.090631499495207324e-01,8.607159899762487631e-01
5.730114176881948573e-01,8.195324253545173132e-01
4.111940634303612452e-01,9.115586490994002089e-01
7.143547363099889136e-01,6.998025844966595521e-01
4.834285143876085877e-01,8.753965933939663602e-01
4.667463663569455523e-01,8.844035774992495824e-01
5.147942131796685583e-01,8.573274111330266845e-01
5.165226871797132802e-01,8.562597036174547371e-01
4.908735716541544614e-01,8.712174323931549669e-01
4.461927896540168748e-01,8.949491132253110104e-01
4.909910905013969984e-01,8.711511091672503593e-01
4.162983264027585451e-01,9.092164942790750271e-01
5.140693343399531656e-01,8.577342267181176094e-01
5.141594092955850126e-01,8.577090638676531098e-01
4.500184211961304470e-01,8.930066020457531062e-01
5.149874132957702466e-01,8.572123172547003733e-01
4.931838996503753458e-01,8.699390661985034745e-01
7.504523450462858847e-01,6.609459663370657045e-01
5.160626097402466472e-01,8.565657019842232156e-01
5.181020732555993158e-01,8.553036795754791477e-01
4.299155866476668253e-01,9.028563514685968849e-01
4.101012973106141768e-01,9.120277852759446358e-01
5.117324313468393227e-01,8.591601655072654831e-01
4.688641167427562984e-01,8.832562642028112254e-01
5.197252294160004116e-01,8.543177652600464356e-01
7.492066837336863738e-01,6.623136276697005886e-01
5.565177987812761629e-01,8.308188171390651355e-01
5.105547409490525101e-01,8.598297710326536780e-01
5.133493630110055328e-01,8.581954577741658374e-01
4.277500328063639223e-01,9.038839432814631536e-01
5.158575913675903513e-01,8.566583513186361021e-01
4.109121481663996489e-01,9.116619978937224866e-01
4.587832173469375552e-01,8.885337550904985893e-01
5.131522109722679303e-01,8.583139767432099720e-01
4.822079651050769078e-01,8.760724755238271655e-01
5.118828227916701890e-01,8.590719888673442606e-01
5.278931370913967358e-01,8.493281775952785662e-01
4.196370789212797714e-01,9.077058027902568105e-01
4.377250305521542262e-01,8.990943531874124872e-01
3.843975111582598192e-01,9.231549016935325369e-01
5.311458697374399351e-01,8.472627242453726337e-01
5.143813044280189928e-01,8.575444337601370037e-01
5.164466411341113172e-01,8.563367495446492228e-01
5.056747564979425791e-01,8.627413436440393157e-01
6.553368799722003590e-01,7.553589758613866723e-01
4.309112490051049127e-01,9.024089677607600724e-01
4.291156935451123644e-01,9.032347650304128894e-01
5.139162559290579857e-01,8.578226664628406661e-01
5.756721492015728359e-01,8.177004586977399958e-01
5.104761340475663101e-01,8.599095244697075868e-01
5.276921925129212099e-01,8.494174425658806982e-01
4.781834539538725171e-01,8.782433057537959442e-01
5.137126830790658127e-01,8.579442940958843522e-01
5.655070347668099684e-01,8.247236615158755058e-01
5.278819560942886735e-01,8.493363233781441313e-01
4.347172733882141982e-01,9.005822992259059356e-01
7.514769850207154711e-01,6.597857988641968596e-01
5.135834483279599905e-01,8.580214674171103839e-01
5.283419044726904712e-01,8.490504920283509227e-01
4.106373529754063778e-01,9.118134298229765289e-01
4.133360883128170959e-01,9.105636471638346441e-01
7.515215964138415305e-01,6.597357269779214883e-01
7.498470474495273486e-01,6.615838880569369085e-01
4.799623343498289341e-01,8.773066492959807894e-01
5.498151982214266598e-01,8.353066342254271692e-01
4.123813767240148698e-01,9.110265555250598446e-01
5.126088432524859018e-01,8.586413880076944061e-01
4.206486635542623920e-01,9.072394212501692090e-01
4.103210133418999095e-01,9.119256656171960129e-01
5.142453858836637526e-01,8.576626437683481097e-01
7.502745426738777201e-01,6.611549326160850448e-01
4.122002114516903348e-01,9.111089738483523215e-01
5.184828544332296119e-01,8.551078740936211009e-01
7.511768859615153282e-01,6.600720006455746969e-01
4.134345898862498148e-01,9.105178575983787770e-01
7.587657146008039977e-01,6.513930393386833106e-01
4.179332508087579834e-01,9.084939912769606218e-01
5.391240801274538308e-01,8.422053171071061106e-01
4.939398406657127261e-01,8.695153994561505284e-01
4.348194644142998611e-01,9.005005945607660323e-01
5.150276632563908219e-01,8.571533344405073418e-01
5.224813079262193849e-01,8.526301686131488866e-01
4.314302351368196620e-01,9.021291826121918822e-01
2.669378638647544322e-01,9.637243507393906672e-01
5.133203672824169228e-01,8.582174666285194986e-01
4.266061118308432376e-01,9.044545001500559067e-01
5.146724272710794246e-01,8.574074501293800221e-01
4.389323541143670404e-01,8.985376655234309506e-01
4.225894899151501072e-01,9.063042735063073785e-01
5.173237703020677758e-01,8.558105849285182476e-01
5.353760979747832494e-01,8.446353767458898432e-01
5.055456643741419454e-01,8.628203576685674614e-01
4.129971139412488279e-01,9.107155732135756576e-01
6.984491310647794604e-01,7.156313584892689539e-01
5.161508773261929139e-01,8.565186362538207421e-01
7.519924339662418245e-01,6.591410346215279548e-01
5.985674453360969594e-01,8.010477946501861624e-01
4.173557355634196497e-01,9.087604069021314457e-01
5.039639132616824391e-01,8.637455759928807097e-01
5.031917437610559096e-01,8.641957004764763139e-01
4.135000947775185343e-01,9.104868792663021182e-01
5.162168344715364343e-01,8.564363047202221413e-01
5.091334989947519096e-01,8.607091597669412897e-01
5.068589022154506019e-01,8.620506464587237572e-01
4.933511649975911850e-01,8.698091822079337954e-01
4.880107378919474326e-01,8.728167001130768821e-01
4.242296748772977910e-01,9.055363515125725016e-01
5.187907378846700057e-01,8.548788853687079303e-01
5.175474166372773244e-01,8.556321541426078481e-01
5.155069030404914043e-01,8.569078545839230454e-01
5.090629948358007528e-01,8.607514480043449989e-01
7.500765099941162362e-01,6.613844930940006028e-01
4.258764091430130572e-01,9.047623574341605579e-01
7.094997779677540972e-01,7.046738893715563945e-01
5.106098153702717246e-01,8.598354830770750246e-01
7.512639219241925570e-01,6.600360707178039021e-01
5.121459793756376611e-01,8.589217180187224132e-01
4.154395304124036681e-01,9.096018819019546786e-01
7.572310853972979983e-01,6.531815837353338594e-01
5.009454877176054977e-01,8.655017025431809286e-01
4.145014766527147509e-01,9.100675835886454790e-01
4.814682071288040044e-01,8.764855783099771980e-01
5.173103879571905317e-01,8.557740412481925629e-01
7.669721237084540233e-01,6.416448669392569304e-01
5.263677552937853221e-01,8.502815521928914766e-01
5.315025699580114837e-01,8.470814769439198866e-01
5.057462892090904827e-01,8.626584788763093092e-01
4.749210884158711621e-01,8.800059755672844375e-01
4.116456561467842779e-01,9.113634550681093405e-01
4.835289516459778114e-01,8.753512450127132194e-01
7.601557394608222662e-01,6.497773100413252179e-01
4.303845735539776340e-01,9.026663861981645276e-01
5.064467724977556040e-01,8.622956769820228073e-01
4.282133974531167619e-01,9.036568563575995139e-01
5.129446491602553948e-01,8.584466470487566170e-01
5.079501757892458391e-01,8.613616365073261116e-01
5.075167536838618432e-01,8.616666979630316359e-01
5.182238681865134478e-01,8.552704796613920246e-01
5.171023992284842219e-01,8.559489740190220353e-01
4.284022476554750769e-01,9.035670490396410237e-01
4.798848282832345880e-01,8.773551874495960634e-01
5.793857776582289620e-01,8.150822803948812867e-01
4.216537371700630477e-01,9.067780598924978230e-01
4.299795841081398007e-01,9.028601843052519449e-01
5.091004594662693616e-01,8.607327512030228389e-01
7.509750860401599448e-01,6.602924710549247234e-01
4.538909366870094164e-01,8.910802640349263504e-01
4.967753483867848319e-01,8.679044057302273130e-01
5.094762843467449676e-01,8.605106173857358653e-01
5.940861788759269624e-01,8.044317504081268666e-01
4.280087286452786133e-01,9.037965318015218630e-01
5.163141955910363068e-01,8.563726192096471346e-01
4.277563303747390355e-01,9.039161372902576597e-01
5.145891352804650154e-01,8.574636545632455809e-01
4.989290180109856587e-01,8.666688195013789731e-01
5.546105289355528489e-01,8.320811355857925529e-01
5.196801134426249913e-01,8.543336722176579912e-01
4.353877989070659704e-01,9.002201249711937470e-01
5.107745281270079651e-01,8.596878159933579733e-01
5.765144206878723976e-01,8.170564755833312764e-01
4.186109225500109776e-01,9.081435260101309304e-01
5.164422516400987151e-01,8.562946616128417343e-01
5.205226752741691776e-01,8.538202298995898332e-01
4.671907666918542201e-01,8.841316944172602499e-01
4.132240241212719600e-01,9.106514583987209699e-01
4.123568808626506543e-01,9.110444691936289141e-01
5.138956066037672077e-01,8.578252055453030600e-01
4.139603844060963933e-01,9.102725286846288233e-01
7.494309705919440789e-01,6.620419841780866843e-01
4.134111040547532312e-01,9.105221343266126643e-01
7.606685962778052534e-01,6.491815947855898994e-01
5.161648257755659941e-01,8.564611206777833496e-01
5.242711352547493320e-01,8.515227975134689320e-01
4.114000115565493720e-01,9.114324347625957223e-01
4.387366963337351877e-01,8.985916990348200573e-01
5.130752275033139131e-01,8.583717027391187804e-01
5.155385758921098294e-01,8.568381611074313842e-01
5.139364353226540949e-01,8.578000792232404192e-01
6.400979239338934201e-01,7.682580426167430199e-01
5.575441419366102824e-01,8.301161937611629682e-01
4.453808236189811254e-01,8.953161849254208660e-01
5.100066989104258264e-01,8.601416558836649795e-01
5.257547152590934525e-01,8.506659035074491948e-01
7.570274898281772469e-01,6.533400357218559495e-01
4.118592130806134621e-01,9.112239960572464659e-01
5.165169868388841401e-01,8.563064508900062322e-01
7.512107574792076248e-01,6.601056077314603199e-01
3.874176315370183588e-01,9.219267436697861084e-01
7.524465143449303728e-01,6.586097143337272808e-01
7.473019165294763066e-01,6.645279933833156960e-01
4.201648975396893859e-01,9.074233123624088071e-01
5.190986747646240129e-01,8.547445803431964473e-01
4.169197495570562406e-01,9.089677498118331478e-01
5.079671290828086105e-01,8.614064633630956758e-01
4.837583010719258003e-01,8.752302218057682603e-01
4.561722110905970240e-01,8.898643132222953112e-01
4.778663859745410081e-01,8.784611407583481357e-01
4.517475276057709155e-01,8.921730427013421227e-01
5.170408697059235559e-01,8.559920110349734657e-01
5.119880131569510828e-01,8.590235877989390589e-01
4.275809413857242780e-01,9.040032404197659854e-01
4.303787812555179282e-01,9.026219630530400995e-01
4.902042216334225877e-01,8.715774438660676138e-01
5.105945165522818296e-01,8.597902109060248099e-01
5.131180668928323474e-01,8.583496765680070917e-01
5.175394775440068651e-01,8.556912605209365807e-01
4.551812586533988680e-01,8.903706085556596372e-01
4.382732421921876620e-01,8.988690118367842485e-01
6.305871648254075534e-01,7.760790620879892687e-01
5.091063529344541649e-01,8.606717940751233975e-01
5.026107116115625661e-01,8.645443163457479097e-01
4.683986939440391573e-01,8.835465725785818236e-01
4.109389931125023709e-01,9.116370454988155236e-01
5.144121367118955623e-01,8.575107861566829692e-01
5.093286450361025341e-01,8.606040960519069083e-01
7.486447358853144385e-01,6.629243404396212291e-01
4.173548007843052021e-01,9.087173060187686557e-01
4.120900483607138898e-01,9.111170615854367050e-01
7.495130844763471245e-01,6.620369415057223428e-01
4.169687254921464747e-01,9.089472203587507515e-01
4.206162671628747018e-01,9.072119683591186590e-01
7.561877704353905383e-01,6.543065997753708674e-01
4.462047814753390407e-01,8.949593777115946169e-01
6.286007745064454699e-01,7.777682903350768839e-01
7.485317344248516580e-01,6.630509972837880239e-01
5.246132611697902348e-01,8.513745353854064168e-01
4.539480742658700274e-01,8.909987963205758810e-01
7.589909483216527031e-01,6.511503488874563761e-01
4.350630433637718286e-01,9.003717728859612635e-01
5.169983284781705102e-01,8.560199767182838926e-01
3.033088509161360191e-01,9.529120327820125302e-01
4.294606493465243924e-01,9.031135783657660010e-01
5.059674432281962009e-01,8.625195647243730779e-01
7.708510591896591269e-01,6.369650534198859626e-01
5.502362399629155965e-01,8.350450357532004375e-01
4.644876713932026835e-01,8.856100634976148411e-01
5.119323667246935550e-01,8.590593980895424586e-01
7.494208787439420316e-01,6.620446052331863118e-01
5.574890581352653918e-01,8.301475605194137408e-01
5.064381984372637868e-01,8.623097021954636565e-01
4.220177643681179980e-01,9.065596018142209056e-01
4.216302412817152234e-01,9.067398251989575719e-01
4.179965658816404694e-01,9.084207850015875163e-01
4.292657889940130200e-01,9.032068804647388482e-01
7.518511077742158211e-01,6.592822277971817080e-01
5.137458804237944321e-01,8.579076531296160324e-01
4.860493315158971872e-01,8.738984865936382240e-01
7.584250030704575707e-01,6.517087078631333963e-01
7.501092462360606783e-01,6.612628865758214403e-01
5.145199659477521781e-01,8.574433748453595960e-01
7.510465954184335491e-01,6.603004203916978954e-01
5.001674575002905687e-01,8.659629499347739623e-01
7.603407378870745692e-01,6.494721836219955469e-01
4.976932576306510314e-01,8.673187736830693106e-01
7.480286550462516004e-01,6.636146319385157755e-01
4.561883396742860142e-01,8.898516272890977241e-01
7.771569860544247366e-01,6.293606854632155523e-01
5.105584517519105026e-01,8.598785343831708561e-01
5.158488451370577543e-01,8.567154805456549393e-01
5.149439802882931350e-01,8.571879429334366973e-01
4.429684369742814543e-01,8.965063029183739651e-01
4.932268803000638968e-01,8.699353212829709081e-01
4.117588289337234531e-01,9.112639497952050860e-01
5.271735184364740867e-01,8.497206309861272677e-01
7.502976478552908501e-01,6.610472297592955293e-01
7.530865791808167842e-01,6.578681923121932895e-01
7.492340740741323390e-01,6.622522943257731498e-01
5.240324437526449053e-01,8.517354057683178548e-01
5.098303551079133022e-01,8.603111045168043702e-01
3.316323812517886771e-01,9.399720036206862250e-01
7.504670729111683203e-01,6.608781042129407979e-01
5.023753267338529893e-01,8.648482761695688303e-01
3.544026100264819346e-01,9.330030768082726578e-01
5.740110973763157265e-01,8.174954161621211801e-01
4.617005483862158810e-01,8.875447126726256908e-01
7.484234236415866492e-01,6.630006405312435236e-01
4.121499817392496046e-01,9.111462880930049080e-01
3.484556320155378084e-01,9.349349919773644046e-01
6.952209891844178813e-01,7.159917957131565203e-01
3.513903428735355994e-01,9.339972568895003047e-01
7.035597851352332066e-01,7.080362401862573263e-01
3.747826855334733809e-01,9.260071957392280728e-01
7.179445257889063292e-01,6.939955881616566291e-01
7.650375762359948872e-01,6.453880734617665205e-01
7.025407022095400134e-01,7.090384467414182490e-01
3.661178989862060029e-01,9.290929642756874385e-01
7.654625651373134776e-01,6.449211973845588863e-01
2.940903012237026659e-01,9.493508159778674127e-01
7.201223718659088835e-01,6.918453868104195159e-01
4.937032835664022512e-01,8.699384022795872973e-01
7.307086946553045248e-01,6.812224497344216978e-01
6.656512926339690495e-01,7.432150112859378099e-01
6.697518020635729874e-01,7.395694795588347858e-01
4.833399891529733261e-01,8.758496456900908278e-01
5.424438545074175000e-01,8.394799566699711058e-01
4.836352952737695832e-01,8.756641994665760320e-01
5.723360055875318375e-01,8.186881447305803805e-01
2.991319601442155585e-01,9.482264115790690617e-01
7.150200522142122761e-01,6.968919797282644435e-01
5.504860815589229794e-01,8.340590773543935521e-01
6.574562452343882812e-01,7.505061239899712966e-01
4.803170530001054095e-01,8.775205168467575811e-01
3.464183401079803937e-01,9.355366819760237984e-01
6.086055503759129071e-01,7.912705348861968080e-01
7.621166186542226439e-01,6.485241111141357706e-01
3.391999692105011066e-01,9.377711488150607400e-01
5.206864394640140503e-01,8.536326859564297154e-01
3.291086332902219969e-01,9.406748645421987298e-01
2.943212549995335992e-01,9.492704323497771490e-01
6.033020881653605727e-01,7.953982273854494078e-01
6.585481203715348730e-01,7.495472836475751688e-01
4.433752043253648689e-01,8.967978829906212423e-01
7.225523693192152930e-01,6.894191035181661542e-01
7.661697331692896018e-01,6.441598291044502433e-01
5.331961803580713699e-01,8.456130401515328243e-01
5.374857060046345225e-01,8.427976836176882536e-01
6.978940728226286083e-01,7.134480469400514835e-01
5.698027625147519259e-01,8.205031543755656465e-01
4.711428097593550746e-01,8.825708961155416254e-01
