5.379050105807800186e+00,8.728481268469295173e+00
3.690522190897058685e+00,9.922802101367384608e+00
4.941180058712398626e+00,9.134815124879127168e+00
9.496770206578348805e+00,5.370979666814582387e+00
9.499821172707651584e+00,5.366450489851084527e+00
9.498991342020007167e+00,5.365341010682628031e+00
9.493022127409668443e+00,5.369927649808234449e+00
9.482080744471094391e+00,5.380212630815996100e+00
9.480097983755319646e+00,5.381062196281955146e+00
9.470667401090743454e+00,5.389967394558424552e+00
9.468085711897538559e+00,5.392426773870973911e+00
9.466965369385928142e+00,5.393265091478215645e+00
9.489487719493210349e+00,5.370314119730271507e+00
9.485556916352216206e+00,5.374173267375374152e+00
9.463178363835099915e+00,5.396388707438035226e+00
9.473209239801549941e+00,5.386342419649450264e+00
9.473441064447346349e+00,5.385723016863058987e+00
9.477436928762930535e+00,5.381709729680792975e+00
9.489768358581860852e+00,5.369226136788991077e+00
9.478126174370427037e+00,5.380727559779515445e+00
9.462796457856217813e+00,5.396012667506107974e+00
9.490054377004303987e+00,5.368747755105522046e+00
9.492947161034416936e+00,5.365724262256114763e+00
9.500547504439214919e+00,5.358050424950818069e+00
9.491849306235407013e+00,5.366541820753013781e+00
9.486533270462020440e+00,5.371432842674454200e+00
9.459637992982353083e+00,5.397404836911688264e+00
9.484376587210746834e+00,5.372305064830102950e+00
9.459081430168048144e+00,5.397189001162210786e+00
9.484591646598209635e+00,5.371536070827355402e+00
9.479168054546208921e+00,5.376273202657682937e+00
9.484424049943740442e+00,5.370364494515864173e+00
9.482258735343691569e+00,5.372320099643578928e+00
9.495929330843321026e+00,5.358554333480305409e+00
3.542498545172897639e+00,9.940089371435728793e+00
9.482663937659150832e+00,5.371523590309280394e+00
3.454067285678378063e+00,1.000796188738671333e+01
3.476336183090852572e+00,9.990647877857568915e+00
3.608142474638527553e+00,9.889715637570127171e+00
9.454076665936604229e+00,5.399826484869943322e+00
3.595831446051954927e+00,9.898974030796486190e+00
9.472284193263494245e+00,5.381574422496378851e+00
3.595588418485350157e+00,9.899125405491970398e+00
3.505151342845203466e+00,9.968191978568990308e+00
3.612418295992368300e+00,9.886216110639070465e+00
3.618958845371537336e+00,9.881217003969467783e+00
3.496871207368775547e+00,9.974390335517446360e+00
3.547277200452476187e+00,9.935706833819274664e+00
3.467316564619868036e+00,9.997036787695952498e+00
3.443181912068358219e+00,1.001557923818022111e+01
3.643808514397358866e+00,9.862142889315498095e+00
3.613074947306615048e+00,9.885375608711319373e+00
3.651858449587259248e+00,9.855949128897359302e+00
3.415702907615558281e+00,1.003665978513837587e+01
3.549505966081685671e+00,9.933684504493617951e+00
3.456125783540188845e+00,1.000532315779458159e+01
3.611162907784218667e+00,9.886386058745658900e+00
9.493909996981365396e+00,5.359145477826938730e+00
9.494546571637327403e+00,5.358490045131715007e+00
3.441660919379850636e+00,1.001604731312181151e+01
3.526436836944845332e+00,9.950817718087957786e+00
3.574966949331896959e+00,9.913761306605781698e+00
3.575409899640529243e+00,9.913402164167006703e+00
3.583423540099273108e+00,9.907267181743968365e+00
3.559243455273659151e+00,9.925647257688273939e+00
3.447065325290870508e+00,1.001169562877809227e+01
3.704658891594663217e+00,9.815443116132497536e+00
3.523468067611544186e+00,9.952797332740965786e+00
3.652313319566350192e+00,9.854786702491562522e+00
3.545893409617657532e+00,9.935599495226004052e+00
3.463710298839548507e+00,9.998622522187055495e+00
3.446128295240841855e+00,1.001215108312304558e+01
3.564267808846619978e+00,9.921474409231141323e+00
3.701120603124125275e+00,9.817819641551086107e+00
3.571081211191756921e+00,9.916238739988191497e+00
3.726404445868310766e+00,9.798737976769427149e+00
3.639051205368911024e+00,9.864582968049939282e+00
3.412420716008295329e+00,1.003798338326780559e+01
9.454235963459302283e+00,5.398161835213486803e+00
9.495404689768506046e+00,5.356977518006702965e+00
3.471714929067817756e+00,9.992091638272821541e+00
3.451915380372799547e+00,1.000729269075577932e+01
3.445638431754493247e+00,1.001210410110755156e+01
3.568225558992247137e+00,9.918070590102411543e+00
9.450816601804792327e+00,5.401380910516416556e+00
9.502570355262768942e+00,5.349615198847534892e+00
3.746649188051137003e+00,9.783215222813179679e+00
3.416809361332599604e+00,1.003421690612220907e+01
9.439068066232559673e+00,5.413073185992386627e+00
3.588115042626923934e+00,9.902811718311886224e+00
3.478039947098966689e+00,9.986904833602489262e+00
3.513871936828732334e+00,9.959406088094292286e+00
3.521907142958717429e+00,9.953244052373008799e+00
3.605274695314010014e+00,9.889644752547823714e+00
3.428593190242243960e+00,1.002486896836096442e+01
3.497799787088307077e+00,9.971542897301011621e+00
3.490199388562656768e+00,9.977360789590999701e+00
3.463764034971608563e+00,9.997613128944658811e+00
3.584695937473936667e+00,9.905058349219938663e+00
9.489298843902265190e+00,5.362496532056498566e+00
3.598843397236853647e+00,9.894217040250499196e+00
3.755215658258836520e+00,9.776304512344280440e+00
3.537919488672469637e+00,9.940544338711841732e+00
3.574935668967003544e+00,9.912314244987717515e+00
3.433547393404865034e+00,1.002062034111561850e+01
3.553233247953333951e+00,9.928791222601800470e+00
3.681914734544425638e+00,9.831219946198297421e+00
3.485841764295330769e+00,9.980228558394356853e+00
9.465793285833392190e+00,5.385666003937222612e+00
3.770984527489762428e+00,9.764212630159493145e+00
3.428125868088106820e+00,1.002452020260368748e+01
3.748981759681526249e+00,9.780589672172613547e+00
3.754281909248472715e+00,9.776553955518386019e+00
9.487647803563614701e+00,5.363608604514516820e+00
3.658591029738091027e+00,9.848398583053347366e+00
9.436653094848697521e+00,5.414420153275009362e+00
3.477746905677465250e+00,9.985802001248416104e+00
3.481650270493493071e+00,9.982781833171422647e+00
3.466310820777353641e+00,9.994554792189813242e+00
3.449542710397214940e+00,1.000742717578049046e+01
3.749844137081810747e+00,9.779562100162785043e+00
3.444275311511514559e+00,1.001147395420542452e+01
3.795458401202783882e+00,9.745399829179131501e+00
3.530352730145230655e+00,9.945410120115790065e+00
3.743170558089809585e+00,9.784492987120200880e+00
9.426765691361337574e+00,5.424119065310796906e+00
9.428686256608100891e+00,5.422165934751667749e+00
9.497721764908822806e+00,5.353130155207406204e+00
3.685068587480543112e+00,9.828069086987129666e+00
3.732168933751378148e+00,9.792670000823912702e+00
3.613196346381256419e+00,9.882325605746506980e+00
3.478391029040481364e+00,9.984990467131433789e+00
9.458896687698253203e+00,5.391809926978580414e+00
3.522783845221586940e+00,9.950927593322628439e+00
9.434918804192419017e+00,5.415758564794349361e+00
9.453865333182019270e+00,5.396779676855933516e+00
3.543252156108500639e+00,9.935233417622422181e+00
3.685098655553805891e+00,9.827813057996811708e+00
9.427598040118775558e+00,5.423025255588643567e+00
3.545690449953799561e+00,9.933353219779084142e+00
3.593410263564265517e+00,9.897026067810987371e+00
9.484041050931210748e+00,5.366535277077473687e+00
3.475611706174313920e+00,9.986879822096291548e+00
3.774863932904395369e+00,9.760362694685129625e+00
9.496506381304579136e+00,5.354015655126354467e+00
3.474088021397698345e+00,9.987893410333738231e+00
3.448937485681834225e+00,1.000720637774620414e+01
3.446720097956662343e+00,1.000891308650399125e+01
3.452753485524240329e+00,1.000426639848745403e+01
3.689053590364128610e+00,9.824595317215941037e+00
9.434296253856542691e+00,5.416102198036676363e+00
3.783917539013675224e+00,9.753454756307167628e+00
9.421740909396458363e+00,5.428554124534050729e+00
3.599037435624834469e+00,9.892421342265155459e+00
3.475222711277458298e+00,9.986801740588369114e+00
3.583974900535232599e+00,9.903735214638366813e+00
3.749293882775205589e+00,9.779124477643176050e+00
3.484274121273443381e+00,9.979736592597371114e+00
3.536073375969261523e+00,9.940131391379390280e+00
3.572469383307219637e+00,9.912428716660631522e+00
3.751370340679608617e+00,9.777506459227371494e+00
3.736469421787886436e+00,9.788635175371558361e+00
3.415512125245964370e+00,1.003249638936810406e+01
3.778287400554545705e+00,9.757275246879691721e+00
9.482078034599329186e+00,5.367908730639942227e+00
3.841461037868727502e+00,9.710120749813562213e+00
3.397311428639310904e+00,1.004679404504328488e+01
3.470059564650494810e+00,9.990357235680752623e+00
3.481624482712712965e+00,9.981482780919053610e+00
3.663587357846862513e+00,9.843217828323700402e+00
3.712605308149956151e+00,9.806268167001865876e+00
9.442998848099671605e+00,5.406795683804042518e+00
3.503266398934963721e+00,9.964755058154310063e+00
3.545821617531651704e+00,9.932195477098453296e+00
9.423716313926709276e+00,5.425978333680016696e+00
3.720404344485114478e+00,9.800248991646535401e+00
3.659712265652969254e+00,9.845849787218615035e+00
3.598118379235449638e+00,9.892384134036229071e+00
8.914033773384609560e+00,6.199393615841112037e+00
3.819537729946090199e+00,9.726087903863652073e+00
9.456506363811953975e+00,5.393050641326829542e+00
3.688397072668068155e+00,9.824164532446998166e+00
3.783435202180602808e+00,9.752928605384607152e+00
3.457965246358338351e+00,9.999135193994529658e+00
3.441503757746602332e+00,1.001177810387809153e+01
9.427559704314102618e+00,5.421913133231224258e+00
3.679456588404481643e+00,9.830716910191732438e+00
3.633567765376199965e+00,9.865300531266854023e+00
3.533863945311072285e+00,9.940915415176934999e+00
3.623357476687836698e+00,9.872985970230319097e+00
9.496802689911570283e+00,5.352555723734794491e+00
3.600536627350015006e+00,9.890222004836843439e+00
9.473772633229279094e+00,5.375542944913481058e+00
3.461818198396306556e+00,9.995897655831004869e+00
3.826647452241120018e+00,9.720447938635842888e+00
3.435342977889359162e+00,1.001621424082811451e+01
9.429793395199558503e+00,5.419467076114202087e+00
3.422476787497574779e+00,1.002609900532430132e+01
3.854905188280380202e+00,9.699349981283409861e+00
3.714899722429939821e+00,9.803869275611074130e+00
3.874508044578131027e+00,9.684760248776647984e+00
3.531942668325736889e+00,9.942116766924648630e+00
3.696737332232819639e+00,9.817452946529341418e+00
3.689878486211490394e+00,9.822534144618792595e+00
3.483969695856381055e+00,9.978577788746454402e+00
3.479909479352376600e+00,9.981680999665401899e+00
3.622250930429612215e+00,9.873420627549805317e+00
3.500712326333341728e+00,9.965755139806033114e+00
9.461051576541578356e+00,5.387942562484344222e+00
3.593708511284753548e+00,9.894996789896850942e+00
7.809641825643846680e+00,6.665845083476779287e+00
6.058560934327061887e+00,8.009547186769125915e+00
8.107773602093143239e+00,6.437081552241638249e+00
4.137298158733566211e+00,9.483856757627819434e+00
9.118119679721029769e+00,5.661778073141428891e+00
6.638429386531266019e+00,7.564573129129148477e+00
4.324298970716690782e+00,9.340335736982137149e+00
7.607165895054958327e+00,6.821242129473251481e+00
7.898922575812804325e+00,6.597353511290892314e+00
9.304310410933972264e+00,5.518913233350614789e+00
4.253940226159413918e+00,9.394309152694875209e+00
6.656935189669844988e+00,7.550382259287300002e+00
8.309540647840996996e+00,6.282259505854396409e+00
8.576727106718022853e+00,6.077245378374573015e+00
9.301521568754083091e+00,5.521066360423412256e+00
7.997615617103202013e+00,6.521624616363421723e+00
8.633052525429731006e+00,6.034017379186736640e+00
5.358342506412512307e+00,8.546852398619638080e+00
8.600386530428220766e+00,6.059084470159223024e+00
7.827799234993750410e+00,6.651937104544193957e+00
4.461627962057702845e+00,9.234947478430841628e+00
8.928134986862378497e+00,5.807585003998076090e+00
3.496501620860916315e+00,9.975536429494257007e+00
6.263835961719921741e+00,7.852019566496594827e+00
6.395181513752785207e+00,7.751239465577977050e+00
6.490755656988974387e+00,7.677893420516416434e+00
5.210596939164279462e+00,8.660251201562736867e+00
5.147801764332025520e+00,8.708410763889226303e+00
5.444107401311583772e+00,8.481035737667367513e+00
7.233864534184833772e+00,7.107679279261016170e+00
4.419102218702554374e+00,9.267595062813946072e+00
6.345989288677543527e+00,7.788970879823056137e+00
5.957652764589613348e+00,8.086970077894189757e+00
8.729474338507882791e+00,5.960017414871082053e+00
4.733890817892823399e+00,9.026057502251887854e+00
4.321992671891577764e+00,9.342112882308079236e+00
6.228747640693470977e+00,7.878949692816630268e+00
7.597312777113477189e+00,6.828796157483926876e+00
5.486816455912164159e+00,8.448273959415880441e+00
9.370440969394479680e+00,5.468165177486998374e+00
7.566560521442991849e+00,6.852393061421129694e+00
6.869698210272629169e+00,7.387122901549918019e+00
6.419505403877392880e+00,7.732578031639139482e+00
7.211686808085053357e+00,7.124675625944404622e+00
3.827705486756274311e+00,9.721393308433881941e+00
5.034255120174685239e+00,8.795566891311770163e+00
5.581068195124583298e+00,8.375932989556099884e+00
8.199551840868281261e+00,6.366654578488503802e+00
7.001393205974340006e+00,7.286079816514071439e+00
9.493224688246911569e+00,5.373943816461847156e+00
4.800773951338316081e+00,8.974721117421616157e+00
4.836110598961308682e+00,8.947584510658311174e+00
9.052484148193336466e+00,5.712156694381969935e+00
8.528460294180590040e+00,6.114282188428553866e+00
9.323971722386357186e+00,5.503845569111835978e+00
6.310394196649594889e+00,7.816316907420512550e+00
4.392570963677352225e+00,9.287948045700348487e+00
4.684146848491407056e+00,9.064199947386221368e+00
5.831315366892191321e+00,8.183942859147398607e+00
8.885352359406333278e+00,5.840414167649696786e+00
4.331323153466167142e+00,9.334956621861874027e+00
6.692583439903181386e+00,7.523046427695332383e+00
7.798762646372023433e+00,6.674214897586601580e+00
4.715054873283237136e+00,9.040496821652824977e+00
5.994773390563516102e+00,8.058513186468752920e+00
3.801576309500475315e+00,9.741465526206061654e+00
5.012923485922248013e+00,8.811914124726266451e+00
8.665183445951548435e+00,6.009366761784467492e+00
7.065569794486250998e+00,7.236819495658290080e+00
5.077434543385823673e+00,8.762412113454422169e+00
5.670723206418141871e+00,8.307154285570179653e+00
5.967120238028726931e+00,8.079718274724118743e+00
6.231348421826805151e+00,7.876965620117202249e+00
4.743720816922571970e+00,9.018513241274373371e+00
6.891310487019798536e+00,7.370544870856808650e+00
4.007492103014044460e+00,9.583430944729546042e+00
5.896894425597466238e+00,8.133583398744203663e+00
3.450596891993610082e+00,1.001077929694148949e+01
9.155867408788573414e+00,5.632834289419577978e+00
9.216711295175198160e+00,5.586151053109563946e+00
3.563481364114529093e+00,9.924176226587716698e+00
8.531428252614436047e+00,6.111979036814808808e+00
9.258109623457217552e+00,5.554350014240348798e+00
8.669374157295482775e+00,6.006127125494863606e+00
8.939240259133452327e+00,5.799041506912445243e+00
5.840200604625821690e+00,8.177114910807631531e+00
3.582111934038231471e+00,9.909865781802206897e+00
8.191678646110297279e+00,6.372678777126163041e+00
5.830382559307173196e+00,8.184661692505533992e+00
5.873716864066638621e+00,8.151383410133300700e+00
