6.314613428291733221e-01,3.685386493294371402e-01
4.429732989561789291e-01,5.570267107484748736e-01
2.540562264869291043e-01,7.459439464415441590e-01
1.370245322378349229e-01,8.629752737939038187e-01
1.547647389331800183e-01,8.452355606463640703e-01
6.186624738374723043e-01,3.813371467241373214e-01
3.651444782418765134e-01,6.348550899999844122e-01
3.930728755900828042e-01,6.069266663348210633e-01
5.022512936300830289e-01,4.977491688627633248e-01
5.400819788874775540e-01,4.599175509286153596e-01
2.980495145523456291e-01,7.019499834515845471e-01
4.491776088834302239e-01,5.508218123852632875e-01
4.599499599037760178e-01,5.400494125250890898e-01
1.245167235329999039e-01,8.754839603506482382e-01
1.666426765450880754e-01,8.333581550860448273e-01
2.449036185790649522e-01,7.550974722446335274e-01
3.428353832442022076e-01,6.571634899342527758e-01
6.650022549051048948e-01,3.349989597002696606e-01
3.941695890966886995e-01,6.058291792205631188e-01
4.046901222486873340e-01,5.953086027167161509e-01
1.626346277280328601e-01,8.373640399576548488e-01
2.987098867826613602e-01,7.012914511706258569e-01
1.274592128733705865e-01,8.725394470299826510e-01
3.264060404133857785e-01,6.735953258125414456e-01
2.222184907251394947e-01,7.777829262578423997e-01
2.691111744355501045e-01,7.308902548247184772e-01
1.474945522587042257e-01,8.525069248792442878e-01
1.114645919259878160e-02,9.888550846605663747e-01
2.064314240379819809e-01,7.935701787054514345e-01
5.412016515834625618e-01,4.587967047813897858e-01
1.346018512346579543e-01,8.653965009494470895e-01
5.635641751082152984e-02,9.436419005670227955e-01
2.483541997208024987e-01,7.516475020480963831e-01
5.654731054049708661e-01,4.345251904451580272e-01
1.900432309141141529e-01,8.099548964792427919e-01
2.303533903399419130e-02,9.769665431330322170e-01
1.900850422673574514e-01,8.099168598125752183e-01
5.436698463467199982e-01,4.563320859732612478e-01
6.338213753270912632e-01,3.661766806788708806e-01
4.094706700993324677e-01,5.905313105469262025e-01
2.035542599556882937e-01,7.964437322488706616e-01
6.577537756446116823e-01,3.422440865320391379e-01
5.994365119596395397e-01,4.005656719734356219e-01
4.968352296647269850e-01,5.031624005744657069e-01
3.428357105139882011e-01,6.571666618158364948e-01
2.846862790100491702e-01,7.153161257887401536e-01
7.617537538335509596e-03,9.923800374755235021e-01
5.462304774966258991e-02,9.453745243534851239e-01
6.198012029443513704e-01,3.801962978369362034e-01
5.388980537278852401e-01,4.610994125106060437e-01
2.111587885076911808e-01,7.888437615769099409e-01
4.965852789093527786e-01,5.034174449771003923e-01
5.612466875134474176e-01,4.387560418348148139e-01
1.713216635183870129e-01,8.286754670391190958e-01
3.699030588530051178e-01,6.300940222330808638e-01
3.389402108306379668e-01,6.610567324591174465e-01
5.422714802139275703e-01,4.577254331815919230e-01
6.319667301464725329e-01,3.680364209775834339e-01
3.196564696361371971e-01,6.803467345106938291e-01
1.291697963892075585e-01,8.708335033850567175e-01
3.295117730865907979e-01,6.704915448949387846e-01
4.846777772756899472e-01,5.153255672828438438e-01
1.252957691701545306e-01,8.747008656548290739e-01
4.696069415974902239e-01,5.303896581870304328e-01
4.151305828319472591e-01,5.848660068303955795e-01
5.132061728608846574e-01,4.867972389583311021e-01
1.831003410431989165e-01,8.168962421211201086e-01
1.589417242961780052e-01,8.410548454860071743e-01
4.113058112358852769e-01,5.886906202078873163e-01
4.270564944040354249e-01,5.729470986971983981e-01
4.710306511085695091e-01,5.289656474014438059e-01
3.846386766589701689e-01,6.153650294087510408e-01
2.458245081728406001e-01,7.541792073345560121e-01
2.968018803936330885e-01,7.031943525095112335e-01
7.878363017491715747e-02,9.212125396066821459e-01
6.363543582562297685e-01,3.636494961332706333e-01
3.030660251192641708e-01,6.969301190676030489e-01
5.789002729117378454e-01,4.210958021750195179e-01
2.848081364353586831e-01,7.151958169515382213e-01
1.234529779968074059e-01,8.765430119462271907e-01
1.890609755640596523e-01,8.109348687813221490e-01
2.829504120085830077e-01,7.170454222925749521e-01
2.823314170869694606e-01,7.176643862701840293e-01
2.804785528302880526e-01,7.195171598154486148e-01
4.160211100234658677e-01,5.839745779809072390e-01
4.991588583112525068e-01,5.008368168237449236e-01
3.600316724150277592e-01,6.399726969128490817e-01
2.793805453905823244e-01,7.206238272605012263e-01
5.149818147607369001e-01,4.850138060164097542e-01
4.410926793105193200e-01,5.589029315780708052e-01
6.669173171923211685e-01,3.330870724164241570e-01
6.354442181472289564e-01,3.645513410776605179e-01
3.574029796568588963e-02,9.642552400491548603e-01
1.976908353796533735e-01,8.023136564498780654e-01
4.882037472070448469e-01,5.117916655628731437e-01
5.111358414086604185e-01,4.888594648595512293e-01
4.338889181348423718e-01,5.661158795668522759e-01
2.095735600596472514e-01,7.904216384146690588e-01
4.151799719108897890e-01,5.848248731466630934e-01
1.982206074597040457e-01,8.017842539955830627e-01
3.315766629140002308e-01,6.684283080998871807e-01
5.235166964303316073e-01,4.764883077805767697e-01
6.166840700475394454e-01,3.833210674256937178e-01
4.650687422680137573e-01,5.349364168561969723e-01
6.548156970309424452e-01,3.451790759263584363e-01
7.814192788321212835e-02,9.218528041969961118e-01
1.165828751726244727e-01,8.834118310708015676e-01
1.976673698722774264e-01,8.023273248134500379e-01
9.801576646047183150e-02,9.019789060137973769e-01
5.377038721207078042e-01,4.622907906354506991e-01
5.968640964487720302e-01,4.031412693847530315e-01
5.902332327580767091e-01,4.097613960796002708e-01
3.797919630026890814e-01,6.202025933931294421e-01
6.254656549783061958e-01,3.745398164810168073e-01
6.416309639403477982e-01,3.583634604624164610e-01
1.350608729370794403e-01,8.649334431123077982e-01
3.195452231626959572e-01,6.804490436519099461e-01
4.101244454706024500e-01,5.898697609518136487e-01
5.179141388183893246e-01,4.820800250832293909e-01
2.008205082722672730e-01,7.991735184532477998e-01
4.937226231109391184e-01,5.062713673222867250e-01
2.752127595030057772e-01,7.247933516733842119e-01
5.525719127201961234e-01,4.474344045313153329e-01
5.596827505651287282e-01,4.403237970331142503e-01
6.572934809272160672e-01,3.426999294899890636e-01
6.385001342030953708e-01,3.614931742937329551e-01
1.362677079217504139e-01,8.637389893415370334e-01
2.703913548355454943e-01,7.296154081156338567e-01
4.882257088528921263e-01,5.117675263267862373e-01
4.817892315703820594e-01,5.182175571037842543e-01
6.159368186795898259e-01,3.840700366169189639e-01
2.788093419166109976e-01,7.211975514856077130e-01
4.964417412979071909e-02,9.503489284718552588e-01
5.213505610184663297e-01,4.786425213285734892e-01
1.436687630279046279e-01,8.563242287661630980e-01
1.151665957272727907e-02,9.884763105170166764e-01
1.790740567577900622e-01,8.209330056668515674e-01
3.859604181597129369e-01,6.140325024981868607e-01
3.666781183643441633e-02,9.633393883819759695e-01
2.229079444465130733e-01,7.770994230927847912e-01
4.257067424635255781e-01,5.742857261565440519e-01
8.305303243042135020e-02,9.169393320666618941e-01
1.345669913169864340e-01,8.654253036130169496e-01
1.494530113937388438e-01,8.505547424673157719e-01
6.327269345978525639e-01,3.672652993575549751e-01
3.124255558450186321e-01,6.875822369970923109e-01
4.768196996274844945e-01,5.231724797451754450e-01
1.447624705740010731e-01,8.552454991182705246e-01
1.276768562038881893e-01,8.723311559033013474e-01
3.454565480085312612e-01,6.545516850235301165e-01
1.074102515521811185e-01,8.925815074309144670e-01
2.445932754311310187e-01,7.553984834456142217e-01
5.395821092318372481e-01,4.604096216071545400e-01
3.182455734752338006e-01,6.817627150155817217e-01
5.891656724900913300e-01,4.108426261643961519e-01
4.203454623634326204e-01,5.796462170180435303e-01
6.452073312442359043e-01,3.547842882729960734e-01
4.829085781195691651e-01,5.170999256192914117e-01
3.672529411323555704e-01,6.327556158468755632e-01
1.442339146438651742e-01,8.557747665358582667e-01
2.967398859377070597e-01,7.032514246263639190e-01
6.395635669539115886e-01,3.604276832116216078e-01
4.853966057087433228e-01,5.145945826825742975e-01
4.499486504287177058e-02,9.549962863518648426e-01
3.971081273093642894e-01,6.028830102715483363e-01
3.581994228397969438e-01,6.417916665441519841e-01
3.207951572478976443e-01,6.792138047851300486e-01
4.082705432238967758e-01,5.917204341261912415e-01
1.017853055516888816e-01,8.982237694212470425e-01
9.406527259830642362e-02,9.059255859775957598e-01
3.908814823377854131e-01,6.091276862820919069e-01
3.247217786952923402e-01,6.752689769381982066e-01
3.360122038326265881e-02,9.664080438440547649e-01
5.802203636395250053e-01,4.197703351477241607e-01
1.068454761047988033e-01,8.931451800988667866e-01
1.730233812918404168e-01,8.269672643551326807e-01
2.025617365978636120e-01,7.974476903115982340e-01
2.286072801161502799e-01,7.713832124306131410e-01
3.937821091450954269e-01,6.062274032513699229e-01
1.783112548456144142e-01,8.216983034525602303e-01
1.167178569970924590e-01,8.832725484542333083e-01
2.902275773921247359e-01,7.097628276179402951e-01
1.882399898167108065e-01,8.117696339975226660e-01
6.634032765230629680e-01,3.365870771533014949e-01
5.816995228977971388e-01,4.183101243366506572e-01
4.895006896443587774e-01,5.104895331323565655e-01
5.842592510076763945e-01,4.157308560865530245e-01
1.296819600512936210e-01,8.703081231737109791e-01
9.465815816645978265e-02,9.053318348344874256e-01
4.052051315877177595e-01,5.947848566547386806e-01
5.623478885804754634e-01,4.376420530371091244e-01
5.898950198214958363e-01,4.101150473368195271e-01
3.996422339878069052e-01,6.003678509202723390e-01
8.174348446002974167e-02,9.182464062304636077e-01
4.078846473645517112e-01,5.921254726928104617e-01
2.939566968954608894e-01,7.060534371165526624e-01
5.405798266284954634e-01,4.594303764543675173e-01
8.933326603037779548e-03,9.910769093318695377e-01
2.340736932554134397e-01,7.659365558205679658e-01
2.020645453327599428e-01,7.979251291193216744e-01
5.330195473024526009e-01,4.687528391136453476e-01
6.296895659101162668e-01,3.694494857877477778e-01
1.350256739179790111e-01,8.601525468907573746e-01
5.628334617056002936e-02,9.391909497996691059e-01
2.752538283292590426e-01,7.192288393480515962e-01
2.893431957257714543e-02,9.699894280791891976e-01
3.453829649790370881e-01,6.511698550170182953e-01
5.351573218729217124e-02,9.439830986801348578e-01
4.008644192560936181e-01,5.969472051984716643e-01
1.226103370802422710e-01,8.709782546355869792e-01
6.290940199915113773e-01,3.697163697126766846e-01
1.073435557923148875e-01,8.929726396270543098e-01
3.052371765216048694e-01,6.897104054793573580e-01
3.208145181352790587e-01,6.746943868622297114e-01
4.639987094323053674e-01,5.370179053134502833e-01
2.836957529228806285e-01,7.133957001398840703e-01
1.867273270124855666e-01,8.098817142442593653e-01
3.287320545623189094e-01,6.717996683593975282e-01
2.195662646353654379e-01,7.778281707104407472e-01
4.676022052862619516e-01,5.318810650710973364e-01
2.942644232214448596e-01,7.058045484200704545e-01
2.141883746151811985e-01,7.836639976563009036e-01
6.464211895509733852e-01,3.562888534860961798e-01
3.184072577056431541e-01,6.828312488209157260e-01
1.803507922852023437e-01,8.194802308636288668e-01
9.298692650279520577e-02,9.030153894507259027e-01
4.066734589701637148e-01,5.905483198473888695e-01
3.825230519917123262e-01,6.168543954934330165e-01
2.277259528501433816e-01,7.676699489503104878e-01
1.649494037225169851e-01,8.361007402021574109e-01
2.635645063791115517e-01,7.363571440569197657e-01
2.341099081355057787e-01,7.637009412497499650e-01
1.023312453316179010e-01,8.956790743560719692e-01
5.175717425787912385e-01,4.826393109645051305e-01
5.477493446119543336e-02,9.430484143222945814e-01
3.291683050182975245e-01,6.726755253792573441e-01
3.149607255741185829e-01,6.805765467840907412e-01
3.582913587981481074e-01,6.393486731898434527e-01
3.622018342441918337e-01,6.399274960758936093e-01
2.399575969262209563e-01,7.542129451222040482e-01
6.505046481508567346e-01,3.471200065365889764e-01
3.930668728508507348e-01,6.077422942477357370e-01
5.066031879817864403e-02,9.430397654707282085e-01
4.280983360775324487e-01,5.710485178420837693e-01
4.292158748626433429e-01,5.677387174155257288e-01
3.485744296887802740e-01,6.476027715606017532e-01
6.845290803418196957e-02,9.254283996686237801e-01
4.906628360439867498e-01,5.101137255528276349e-01
2.758291403946182552e-01,7.257422346816952974e-01
1.610102227104676931e-01,8.391511473131711973e-01
1.315147316945644018e-01,8.626848586094334470e-01
4.764258788448131471e-02,9.473050614989459994e-01
5.521232775242242985e-01,4.518823778005789937e-01
9.426551482388283165e-02,8.999320311739094080e-01
5.852551619165188290e-01,4.157529160215597819e-01
5.999554084587276348e-01,3.974514836112663096e-01
3.603870072523400747e-01,6.394991094913674567e-01
5.745843406704991274e-01,4.261308794664525057e-01
5.469088048041343963e-01,4.569866335986065287e-01
7.474862988836017408e-02,9.199684303063900837e-01
5.255947007288852557e-01,4.714054070571691013e-01
9.034326709629621199e-02,9.077504638856590535e-01
4.813772020987128197e-01,5.154189035676967068e-01
1.703177452449763096e-01,8.308328058112841585e-01
1.174384134071313340e-01,8.769284172071130090e-01
2.469960629006350689e-02,9.730822405371110095e-01
5.652302634727192077e-01,4.381332467261913055e-01
2.811323419433322535e-01,7.146621716825348747e-01
4.530514737484748755e-01,5.472008586166814403e-01
6.415587674779746341e-02,9.307889053476580132e-01
2.014192086850550012e-01,7.941627365636346747e-01
4.223318633758659235e-01,5.758625313283943781e-01
4.763301485131286178e-02,9.461616920555508958e-01
2.200061864271866119e-01,7.743588692633823767e-01
1.249873866368594738e-01,8.700869760031868516e-01
1.302090980566498468e-01,8.642306884458769156e-01
4.890319368302370462e-01,5.101509165308878435e-01
3.926241313767908636e-01,6.049401877353450807e-01
4.522785667316860936e-01,5.437637173175138283e-01
1.989919135605547618e-01,7.982776002116883651e-01
5.185889100423475284e-01,4.837506540383827991e-01
4.884392159489946428e-01,5.116606821151274964e-01
4.883498571554641954e-01,5.144878722777316282e-01
4.920327893453460000e-01,5.080187726451157459e-01
1.744986553021399267e-01,8.221981796716212321e-01
5.750640579215159365e-01,4.258797704758794933e-01
3.193802428524769033e-01,6.762821621828409846e-01
8.709801564633555537e-02,9.070789193230114345e-01
6.226712893454919850e-01,3.760744957131996191e-01
1.390223031085758842e-01,8.594074516399200503e-01
3.673909024557324710e-01,6.279642450085965999e-01
1.909778666656716251e-01,8.057861064685887253e-01
1.373640691051646046e-01,8.601131799380457021e-01
5.642872343111620115e-01,4.389638260907396394e-01
5.803947144540797520e-01,4.212155214513759183e-01
1.237014940175674427e-01,8.703253174048994900e-01
5.074505678184823010e-01,4.952441810341383643e-01
4.883595886521060470e-01,5.098746710319789210e-01
4.876245330372874776e-01,5.107318055869914941e-01
1.537920773748597536e-01,8.447088850453042808e-01
6.528342421380599614e-01,3.505333623482474459e-01
2.411156450086128222e-01,7.601934349049622730e-01
6.190412806317796557e-01,3.844817671544447646e-01
4.262368763151308526e-01,5.704532883035096091e-01
6.207073288495370544e-01,3.821055656498401620e-01
7.133292457666259856e-02,9.244660644546212058e-01
1.233227828925676298e-02,9.820078817906642277e-01
5.094482948047548421e-01,4.926115418051135730e-01
9.933606524853325070e-02,8.939053759014390366e-01
4.910388282068313126e-01,5.089487169421993418e-01
1.985456131320099959e-01,7.980729105556347847e-01
5.371723101561063363e-01,4.604436335101659283e-01
3.871494677974604004e-01,6.156560074805494942e-01
5.233118390301663148e-01,4.731623703927171354e-01
3.107864510662636803e-01,6.858449219994771084e-01
2.563605327133006706e-01,7.411351252179068094e-01
6.075257243580080013e-01,3.917850578965857977e-01
1.525698551094667454e-01,8.447342048040037410e-01
4.506255025496264111e-02,9.545024111240281162e-01
5.417021588713994973e-01,4.605589245617738303e-01
4.868410472191384564e-01,5.158743499733967619e-01
6.386113762275771322e-01,3.625633959874233203e-01
2.395013793736189833e-01,7.589561660537283982e-01
3.202482675310227567e-01,6.822128913697247388e-01
4.650093264910294399e-01,5.312869798646829844e-01
2.413711940155709446e-01,7.565046989239453401e-01
3.284174505141532752e-01,6.719559726396276966e-01
3.984636541971070534e-01,6.010763577041899897e-01
6.487444910860316050e-01,3.498409480219125678e-01
2.141771338845642469e-01,7.857796371114837974e-01
2.998912427134091674e-01,6.967599178024512785e-01
5.561666561186346946e-01,4.428654430407948372e-01
6.087586086053294876e-01,3.904141412015074142e-01
4.374704807842032528e-01,5.645776708372985953e-01
5.899418613587565918e-01,4.080065825419565972e-01
4.263697018386589654e-01,5.729289954677864172e-01
1.593722028127779466e-02,9.785732909842710381e-01
1.574561964849270634e-01,8.408025117762586431e-01
1.255738997369543475e-01,8.746534051838444901e-01
1.176405444053651439e-01,8.780702909931397127e-01
5.029923544835627203e-01,4.979529796261835117e-01
1.519839540496876196e-01,8.475981391900383466e-01
5.076992208256966288e-01,4.950982746406025203e-01
6.598479306932528154e-02,9.313843629653674183e-01
3.332544843981846139e-01,6.678447175618532627e-01
3.531140406903102713e-01,6.424010638561096220e-01
2.515515966263959236e-01,7.477843404403019534e-01
5.746215455442834630e-01,4.235007855131811549e-01
2.888230487696868617e-02,9.653600355982059344e-01
6.190533092560399631e-01,3.826062931554802815e-01
1.865439552767657327e-01,8.147397747664999468e-01
3.519846668447055293e-01,6.443359758897129197e-01
6.691301286242986590e-01,3.287188555044046612e-01
6.503451802143970228e-01,3.540737730867405952e-01
1.710626445427367581e-01,8.300420474577117069e-01
3.168944333657021106e-01,6.796769591997179338e-01
1.388984320561735264e-01,8.604312168409102846e-01
1.853534861122097810e-01,8.088447108805766339e-01
2.295625435904112555e-01,7.707324433999870328e-01
9.551706753876514078e-02,9.005712242254078070e-01
3.467174745329476560e-02,9.647166754477417561e-01
1.568399509209689180e-01,8.372971527987554952e-01
2.002087404561043726e-01,7.957838854970462616e-01
3.316953899280997708e-01,6.669608594908265076e-01
2.863401288004758793e-01,7.086564383683598978e-01
4.342916338938104248e-01,5.640800172443475313e-01
9.049930019153594463e-02,9.041444599726295994e-01
8.211348802073253905e-02,9.156413852779409224e-01
5.689455987711079521e-01,4.320722056747191009e-01
5.276205553166138928e-01,4.749862107880823414e-01
3.970897035056168978e-01,6.033607026399108175e-01
2.954158777538781200e-01,7.066062874247333037e-01
2.682444012663811120e-02,9.681098334719988596e-01
6.424988166082555574e-02,9.356786828995341532e-01
5.054377856433003302e-01,4.971157325206294053e-01
4.090394970353709025e-01,5.888281571958940974e-01
3.556641026343233536e-01,6.396404873756162957e-01
3.311434301463781482e-01,6.688199833260030092e-01
3.340056200491993144e-01,6.662561715985251265e-01
6.314599171861121629e-01,3.678643984441840598e-01
5.093570125220697742e-01,4.902706073108083484e-01
6.140536106018209539e-01,3.843035211572835008e-01
6.282821946368194466e-01,3.743570975328059935e-01
1.214825703943546720e-01,8.784320449954561294e-01
4.193183360070708299e-02,9.551686303703370573e-01
6.681298330766699545e-01,3.320247563139854807e-01
6.649566669049022938e-01,3.355850369985075021e-01
2.886145457213761256e-01,7.060240321711062084e-01
5.844261766074431153e-01,4.153655496515978873e-01
1.799794240139906965e-01,8.140025824442679303e-01
2.106684148954581504e-01,7.867848340171244015e-01
3.215451614683220161e-01,6.808516268463060683e-01
5.430218041041597887e-01,4.568266845910798346e-01
5.063973503786342034e-01,4.975023614343265788e-01
5.240235156815021833e-01,4.730965627719499467e-01
6.234917849487422309e-02,9.349723986665899877e-01
7.650718592246498473e-02,9.208928309437265369e-01
3.201354941074676663e-01,6.799558543395906041e-01
4.213056822876704022e-01,5.796308137853080078e-01
3.139787803520154297e-01,6.850344159606135408e-01
5.828201129895146382e-01,4.184239021951301485e-01
5.235416568383364222e-01,4.803055288284620028e-01
2.846232480395559650e-01,7.150017160451701548e-01
6.822566725931203391e-02,9.300426017413118140e-01
6.653492101072012721e-01,3.377071004399098131e-01
4.060423792488144779e-01,5.937214256903345921e-01
1.513877533380873219e-01,8.470212186504363361e-01
4.755720971488293092e-01,5.210623923059974905e-01
3.926793125277902030e-01,6.078736400020192665e-01
5.720965805963811046e-02,9.391639872991928151e-01
3.025183832904485559e-01,6.982846169500345201e-01
3.890292885556155822e-01,6.103355866208294289e-01
5.449099961452755908e-02,9.402784830321633258e-01
6.692787265324852131e-01,3.336576525514952096e-01
8.324311362123226754e-02,9.108387386842842215e-01
1.145518429349871303e-01,8.835136036820192551e-01
6.654401024000821119e-01,3.346731785138861159e-01
1.109379262593511786e-02,9.870313111047631649e-01
4.856395236710249197e-01,5.116617002078873711e-01
4.443847306111451401e-01,5.538617610637265321e-01
3.715778784142930169e-01,6.241204652280777365e-01
1.426738324998494956e-01,8.511094963699445959e-01
1.975604504119109761e-01,8.038280210443276008e-01
5.920940923525307431e-01,4.053325980387313399e-01
4.849548274641076739e-01,5.115514242828429481e-01
1.010380524233941701e-01,8.929451475292162765e-01
4.615011516540769021e-01,5.345370832683141726e-01
3.154371574590995042e-01,6.851925105200304955e-01
2.865438826660721139e-01,7.122530519807244165e-01
6.122726630447813262e-02,9.369455006276707909e-01
2.973220985956955831e-01,7.029998217374159308e-01
3.319599537156474600e-01,6.688715152200048752e-01
4.604524714029399890e-01,5.391803006189780367e-01
3.307775047398811008e-01,6.654086897219126939e-01
5.974947426189242822e-02,9.405939242075104234e-01
5.264538547279647984e-01,4.746643095509235910e-01
3.191198050919541451e-01,6.832164747075888389e-01
6.379327457961823100e-01,3.621040608916078485e-01
5.337024022515326482e-01,4.695442772688550592e-01
5.947404954255764986e-01,4.060570433146342140e-01
9.023832177805475585e-02,9.043852081772708607e-01
5.654125403117221671e-01,4.345624930447187784e-01
3.813880656301975591e-01,6.211066873219396323e-01
3.873309029090165057e-01,6.155431503278254723e-01
1.583652453194776266e-01,8.418095178296403081e-01
5.777780437975837263e-02,9.388127533098282740e-01
6.543880846839479348e-01,3.443730488190852035e-01
4.251075467623838255e-01,5.734522789253376773e-01
2.370804532078041316e-01,7.624712684966949983e-01
3.626531267740487063e-01,6.382118842365472888e-01
2.071904584959057272e-01,7.878249368987801926e-01
5.993177334796673250e-01,4.024253283977287099e-01
6.520817786286270401e-01,3.493932075126619519e-01
6.886894851992647615e-02,9.268726079641610438e-01
3.602789002818620467e-01,6.389398564254376023e-01
3.529272226126424217e-01,6.425189357185245864e-01
4.072995766753078062e-01,5.948985044117320875e-01
3.454811438976753690e-01,6.510501332771591043e-01
2.907521616933185227e-01,7.054553800918569317e-01
3.191061839150459434e-02,9.607639488632049307e-01
6.613890779868016878e-01,3.406251471737076209e-01
4.293009767670764587e-01,5.672257306451876646e-01
5.586070348880366465e-01,4.381401112913085871e-01
6.413296871077332761e-02,9.363590283935044889e-01
1.812656649731585745e-01,8.134787726554516540e-01
3.641418117924728470e-01,6.373813090279913940e-01
5.588289662655655521e-01,4.406273705692137499e-01
6.070544057644148284e-01,3.907718462342822940e-01
2.616513242801546957e-01,7.365857574141372321e-01
9.898499028278192127e-03,9.857413873238898283e-01
3.646072023578358356e-01,6.340678331623680331e-01
3.117815862148427125e-02,9.687845599260030971e-01
3.570405775233271850e-01,6.441479749545290234e-01
5.879432679644480686e-02,9.372155195845225384e-01
1.256378761187660342e-01,8.721263234844198742e-01
5.868506992659745514e-01,4.119717367531972041e-01
1.452206560083982023e-01,8.530960986637589061e-01
1.469094340473529603e-01,8.498189385368537518e-01
3.694548931128571745e-01,6.312133070884384800e-01
5.821202441195399979e-01,4.200127538101702251e-01
5.747114361983074460e-01,4.224114966990521469e-01
1.952304954597284814e-01,8.032019330563078263e-01
6.595381415783635459e-01,3.415780510348294663e-01
4.523653540936873885e-01,5.507539429282065635e-01
2.403305898763864190e-01,7.578362691402897866e-01
5.631743538569508045e-01,4.388409140411755893e-01
3.703113000519501208e-01,6.317113998696696209e-01
1.013441062139454341e-01,8.936374055462041888e-01
1.457487973230837952e-01,8.487464929281836046e-01
6.457151545601214071e-01,3.578915606318031628e-01
8.887441424348191399e-02,9.078760900014005708e-01
2.201955563452991649e-01,7.803140690668963764e-01
6.615126480429301958e-01,3.372474325174878440e-01
6.388431651035101355e-01,3.617607882869048885e-01
5.683149987542630566e-01,4.298218688038730195e-01
1.792043375895976398e-01,8.153357612327598591e-01
4.224231054689666642e-01,5.756120113658879101e-01
5.648523928603260691e-01,4.350939715634784544e-01
1.135386724710225476e-01,8.808896803766342876e-01
4.560712358040557024e-02,9.473970558986333224e-01
6.486528810866777350e-01,3.552842991168619902e-01
5.124791004995230548e-01,4.891300359940466969e-01
1.915211825444651794e-01,8.024702183846650350e-01
6.079857335600022950e-01,3.924943916043273640e-01
3.235137704559359895e-01,6.715716304804156822e-01
1.550354675198633847e-01,8.424933655316595438e-01
5.520909488984423463e-01,4.506380459814718353e-01
2.478916474363674904e-01,7.521850471205133726e-01
4.440715116695119757e-01,5.524729862150218329e-01
2.572518529500498197e-01,7.437120156022146711e-01
6.581709858818695080e-01,3.447464670139794296e-01
4.386968689709315194e-01,5.578048491717949586e-01
4.397773406943885632e-01,5.574387775770303088e-01
2.551626668200971393e-01,7.432494096971531405e-01
4.546688679606180061e-01,5.419555243634431863e-01
1.158513893801937644e-01,8.816504080301548196e-01
6.271445696954728311e-01,3.709745619672505934e-01
3.866515380980126149e-02,9.554790233939965960e-01
4.950404280331331952e-01,5.061517638649027928e-01
4.156994032388258153e-01,5.818387989892160883e-01
4.214999493378797091e-01,5.775609328563198197e-01
2.103395507976557333e-01,7.857971644870768158e-01
7.200285825748341251e-02,9.216439495676469473e-01
5.641260635935725354e-01,4.359545591948201793e-01
8.308413454383047417e-03,9.848606934304438010e-01
3.441798908171522786e-01,6.535485178029220021e-01
1.254303675833031706e-01,8.747731864956062031e-01
1.011935785159585877e-01,8.919741272242059926e-01
1.656986878039384825e-01,8.301482809131860430e-01
4.087613962782266075e-01,5.926925173778657685e-01
6.049678226082307875e-01,3.924384150431197149e-01
2.836202963929731480e-01,7.151143438767784133e-01
5.233638875525804535e-01,4.735270192701998004e-01
6.093787853515408859e-01,3.908916987805186039e-01
3.660219990382693744e-01,6.347386839496367283e-01
4.123744508608242487e-01,5.875373063989874911e-01
3.359934350139165415e-01,6.604358485284748115e-01
5.411335190738260081e-01,4.608647589284607382e-01
3.573817513153340064e-01,6.452170605017102378e-01
5.725880342351168384e-01,4.285034032200702447e-01
9.324947830396965176e-02,9.002250097167225906e-01
3.361992992319778883e-01,6.594905281934854147e-01
3.509232086137102913e-01,6.491057597943935553e-01
3.479594194178408095e-01,6.509975899795206189e-01
2.172575938979918464e-01,7.815865141217681611e-01
1.571235595247734707e-01,8.398821013889778975e-01
6.504041018714219469e-01,3.469483532976682105e-01
2.783117094850625639e-01,7.194922960099111586e-01
2.756202512395459214e-01,7.206624215659640509e-01
4.000413823072686004e-01,5.975631288945434383e-01
5.662338486687558126e-01,4.363430287603560220e-01
5.437476869831031623e-01,4.540732670315144048e-01
1.597116960547999565e-01,8.338580003558958564e-01
4.378955434092479670e-01,5.614951441913246244e-01
1.162953960259966585e-02,9.881145738861611960e-01
1.118720687789409932e-02,9.855051732882529336e-01
3.394870817925450535e-01,6.612521356610088219e-01
5.975604472795172928e-01,4.004474467356748391e-01
2.267433849695804637e-01,7.702511627857182575e-01
4.955240105106952647e-02,9.477646773003927105e-01
2.858558248104758892e-01,7.145515316934046846e-01
1.889567881650487391e-01,8.113429047812320549e-01
6.120074111234450470e-02,9.362754032288120865e-01
6.641596125145546869e-01,3.356425551075087332e-01
3.836379339816308187e-01,6.188220028130025918e-01
3.373156600525789584e-01,6.585284396435217014e-01
4.407041070900008517e-01,5.605862069510110235e-01
3.422042252100110371e-02,9.657157146557997507e-01
6.533059150653992841e-02,9.318886414375240346e-01
2.569104274114620834e-01,7.407936708500113543e-01
6.000697867097859461e-01,3.978995849893120496e-01
4.114826329582677023e-01,5.912730745097586338e-01
4.615919441797379230e-01,5.409681841049202022e-01
3.867777462820791712e-01,6.153572506694270361e-01
3.831259799426021129e-01,6.159928208382526860e-01
5.697604060617861288e-01,4.324809244830146726e-01
4.920751109834772818e-02,9.473912059508293737e-01
2.489734690802361261e-01,7.461649520182079831e-01
3.538815100546550685e-01,6.452516052577903505e-01
2.303937925436050083e-01,7.680733438688210901e-01
5.180518557727071816e-01,4.826562714528592202e-01
3.679090632537219963e-02,9.573702682709192002e-01
4.885538568576111018e-01,5.104696034976708985e-01
5.770795833353495885e-01,4.210615817256234683e-01
5.187797585979405657e-01,4.832672112672624642e-01
1.217202409732917739e-01,8.733075374829551984e-01
3.403449947478386362e-01,6.546080223402732656e-01
3.324394683023504937e-01,6.654859920656317485e-01
6.271563837763419191e-02,9.310671569741323372e-01
3.345920643088118318e-01,6.668736482224967288e-01
5.148659620166397000e-01,4.845278743733629767e-01
1.481813054883832359e-01,8.523905916850672559e-01
5.427579920859765261e-01,4.607982032621231738e-01
4.742816178066932009e-01,5.216786933527038927e-01
5.683978673116490965e-01,4.324263125353152160e-01
2.660077061861475245e-02,9.669133134437443156e-01
3.728057136453037934e-01,6.262954556801784145e-01
2.065352573987353502e-01,7.891739440243702441e-01
5.666316875130050779e-01,4.352944775418249868e-01
1.834220741407354416e-01,8.179922389374184588e-01
4.526982271924079315e-01,5.492726107540766289e-01
3.604652624978846864e-01,6.391333099306433230e-01
4.594369533174317288e-01,5.381508502392653437e-01
4.507255547434599885e-01,5.475753329197143859e-01
6.197490473594731430e-02,9.366452268504908973e-01
2.069425420104521046e-02,9.742705686686138344e-01
6.267518508789380327e-01,3.759490865918408420e-01
4.710018094770244135e-01,5.317142239348638943e-01
1.373702831320904039e-02,9.861920082485460259e-01
3.523553617764586532e-01,6.476904800351823699e-01
5.371660580334163271e-01,4.633512105437067596e-01
2.333367229844800217e-01,7.645526463041396603e-01
1.971122294661067920e-01,8.008325099488116106e-01
2.737879033944053964e-01,7.264156827826915297e-01
5.203016770555856513e-02,9.427293347195412343e-01
4.585708790281443070e-01,5.400988892139899633e-01
5.476717483951577536e-01,4.555663891210278149e-01
3.281120206007274165e-01,6.673290664527846694e-01
6.651411592949842966e-01,3.368531331093271297e-01
4.663276500556978732e-01,5.356931009752939898e-01
3.252127194878539074e-01,6.733206689922887067e-01
5.972045737783353569e-01,4.003132963368666863e-01
7.130107221535499085e-02,9.251394165146253901e-01
4.431117152916150270e-02,9.492514767617943328e-01
5.912017305669232670e-01,4.074211154715284833e-01
4.755241960328975281e-01,5.212477666566672774e-01
2.422543806471839922e-01,7.524689935304098576e-01
3.663744557210469877e-01,6.360494726853974656e-01
5.223684967593548167e-01,4.768784823601374678e-01
9.880659113865734866e-02,8.954423406649132389e-01
7.168212913344437776e-02,9.249030336700631016e-01
1.420469925122608557e-01,8.578319933678165699e-01
1.101916118259605448e-01,8.902719609464219142e-01
3.621683603073626578e-01,6.398322228890966912e-01
5.846960193146898410e-01,4.156023546161861648e-01
3.100912319265400896e-01,6.852287829896335225e-01
2.354064934292647848e-01,7.607388611516442412e-01
6.519152809741158849e-01,3.493505077088810973e-01
1.462950833181671517e-01,8.519773748096347576e-01
6.582371297899766160e-01,3.419518279762531199e-01
1.640158604941683307e-01,8.323929014348955269e-01
3.846107692766970176e-01,6.125406613405082190e-01
3.576258966060048561e-01,6.386785969277347652e-01
5.917861273000664113e-01,4.057025523114559107e-01
1.913675785764224202e-01,8.094916926546351643e-01
6.167500449562924869e-01,3.828949500083205781e-01
4.187404728921915176e-01,5.813796683404512944e-01
1.849599589634667862e-02,9.793107445106286058e-01
1.862607617761937590e-02,9.811468785038310880e-01
3.769368499014625895e-01,6.244480649605608225e-01
2.075298203647937267e-01,7.869600038816415566e-01
9.144809292228034403e-02,9.040632403304520448e-01
5.173730887947500801e-01,4.851030269747475532e-01
1.754898404107647913e-01,8.214119080920340155e-01
6.345138054910942627e-01,3.687765654449512986e-01
2.721935687616932054e-01,7.253428213329223828e-01
5.438217788563698418e-01,4.564242140324016317e-01
5.044027473447388887e-01,4.984476878973406189e-01
3.291977833850048274e-01,6.719222940098033003e-01
1.671674987505543386e-01,8.286148336053547059e-01
2.825509347630494883e-01,7.123522396105710364e-01
2.576207331755434593e-01,7.427049094576118060e-01
9.740476888194628258e-02,9.007077655443741504e-01
5.366030994274507693e-01,4.630245893766052889e-01
1.345302975149258173e-01,8.588697423639511941e-01
4.019677371028717028e-01,5.952795442157640116e-01
2.384203071261780937e-01,7.622149712163929225e-01
1.641670794557270052e-01,8.360289626185239964e-01
4.728897586154059418e-01,5.260283780632213357e-01
5.677608723494962373e-01,4.364430781433032980e-01
2.428389763742353769e-01,7.560248250488668109e-01
5.992357180749343509e-02,9.382577053768541564e-01
6.024024746187679469e-01,3.978620807253375191e-01
3.003620439061565062e-01,6.984252330050184643e-01
5.444253764241657745e-01,4.530711406652975226e-01
1.582256625476517742e-01,8.367850036226177624e-01
4.817138372789927514e-01,5.162388664335612054e-01
5.403633759827110028e-01,4.582336437748224522e-01
6.905419948270005714e-02,9.269661959266006779e-01
3.971925306625935237e-01,6.024976989947450345e-01
1.052531901733071984e-01,8.903078472566599011e-01
5.149939475706355463e-01,4.816154259177631847e-01
1.963201582375012355e-01,8.023138202081934178e-01
7.734016048366416929e-02,9.165014984251683705e-01
3.220586985041811179e-01,6.778235922449125095e-01
2.191238932162269115e-01,7.797944413684219089e-01
3.280163763750385542e-01,6.705266244835670353e-01
2.086937408468880067e-02,9.751620627441982547e-01
6.144692280188283062e-01,3.897500680234960990e-01
1.877818710218886189e-01,8.085246564286883153e-01
3.491401965055112022e-01,6.471897748567018160e-01
1.807767330793559057e-01,8.185405547777674373e-01
5.349790200990910405e-01,4.630157647808060273e-01
8.064617959172183659e-02,9.183929420180310110e-01
3.897772109165339449e-01,6.072725273034602633e-01
4.929914608490892913e-01,5.101774767624197571e-01
3.691761823430632361e-02,9.606981765689681652e-01
3.642431536021033534e-01,6.383383525832171390e-01
6.541713736570082816e-01,3.485442642374237954e-01
6.481860001928426707e-01,3.559776896703975568e-01
4.043253173334960815e-01,5.936891381942679402e-01
4.017074997140966941e-01,5.997778532657606076e-01
3.233281326954802193e-01,6.783433009275292580e-01
4.501702712102656490e-01,5.525503479662662309e-01
1.432037900626758065e-01,8.549266873886480766e-01
5.403121380277248198e-01,4.624049244830209515e-01
4.664597269097106036e-01,5.319842552794072921e-01
3.358322358958549803e-01,6.608784594790078071e-01
5.756680728696017546e-01,4.223003424046373189e-01
6.182762289730089345e-01,3.827911119128108997e-01
4.773128058683295816e-01,5.200630901397662598e-01
2.733109401565950725e-01,7.264213245378484674e-01
5.478533726598067144e-01,4.521096293183326509e-01
4.563005020483519303e-01,5.415778463105473950e-01
5.826622037608285565e-01,4.175530297876607344e-01
3.758915881589953711e-01,6.269817389126579599e-01
3.708860951936741035e-01,6.300601367949028031e-01
2.006419154298705043e-01,7.993815955843026622e-01
3.992924672994169200e-01,6.021742223511949987e-01
4.305960206408130375e-01,5.653818380601834948e-01
2.520217188090063676e-01,7.433895713663047911e-01
5.524983323064417418e-01,4.458242989199147632e-01
2.034708695100087561e-02,9.745901338873320663e-01
8.041722454513018647e-02,9.199887281055034727e-01
6.127627929357855052e-01,3.870799612195128248e-01
2.940723788817005691e-01,7.022354438631279727e-01
1.344536411756835637e-01,8.654476107674953234e-01
4.916662361348215216e-01,5.090633110072515510e-01
5.457882703778205169e-02,9.429078002530604241e-01
4.773940055522812864e-01,5.189816520123675669e-01
9.621584137766554801e-02,8.981041168688345122e-01
1.494928687270598855e-01,8.465340247922997774e-01
1.674758937530433645e-01,8.318845957789274825e-01
3.415132806048509773e-01,6.536122039830877251e-01
2.538678417625470640e-01,7.468996610151023008e-01
1.697368368311827913e-01,8.291993081004414012e-01
8.459957374176131639e-02,9.120505155343762160e-01
1.276076254091995654e-01,8.656699476113466352e-01
3.734373461901326907e-01,6.228818757308267617e-01
1.613258912056188266e-01,8.370439467598150829e-01
4.008837824806555927e-01,6.001160046855813501e-01
2.734091145848630555e-01,7.279673513660952500e-01
2.604832212635685984e-01,7.366853057610842637e-01
2.420439004414973519e-02,9.697117803961794458e-01
1.980436651581809482e-01,7.968223915848644534e-01
4.309267557370968782e-02,9.501346740662347523e-01
5.383012458133125122e-01,4.597108614027209939e-01
4.629833096149715832e-01,5.366107151779708762e-01
1.123285557469292234e-01,8.884872208013394612e-01
5.715717872504038066e-01,4.286053554130372922e-01
6.383593683879806857e-01,3.608761059592335840e-01
3.671682159914203547e-01,6.307085100183663640e-01
2.076094178474710214e-02,9.784996953352187443e-01
1.353876109963099428e-01,8.630478714154895536e-01
1.829444868382006650e-01,8.131833892296763677e-01
4.354349449445856779e-01,5.674387640155584833e-01
2.674301483411593017e-01,7.311942428035966834e-01
1.327797234428489126e-01,8.680049607685245139e-01
5.632776699422327171e-01,4.407988745112003115e-01
7.504933405360804388e-02,9.197249766537433091e-01
3.832729500146901946e-01,6.185332120482047724e-01
3.762952314324942149e-01,6.214561915890955968e-01
4.816682285210983627e-01,5.178641197571981492e-01
3.670539823752139164e-01,6.309182932763830465e-01
2.289636062323641141e-01,7.695659780090733371e-01
3.600859499547950371e-01,6.352332068571706625e-01
1.693645527103092019e-01,8.289776312194001573e-01
6.378465612631256665e-02,9.313075159412078641e-01
5.662151960990412514e-01,4.359177805863760358e-01
4.063174644513426470e-01,5.917664561676611035e-01
2.825298337591931538e-02,9.683727806681139416e-01
6.496342597988657985e-01,3.524188044456859625e-01
2.174096591475507545e-01,7.811959175032533453e-01
4.760687731225327068e-01,5.250460563667166403e-01
5.375584144961945698e-01,4.649727967810670659e-01
6.785147695172868976e-02,9.290564093805880885e-01
3.575018703778538587e-01,6.423634220949064888e-01
4.159028841018160838e-01,5.867869930915607934e-01
4.973531996923696852e-01,5.040547010318963128e-01
5.787867638459217590e-01,4.207180798788400233e-01
3.485825049673008103e-01,6.497054569219335995e-01
5.499692877366249011e-01,4.478540867575929174e-01
3.564956485289506594e-01,6.441416197533854637e-01
6.490424051415051299e-01,3.519697532075822810e-01
5.429361898989718688e-02,9.450056725492436138e-01
1.885837729837595012e-01,8.062780642777966911e-01
2.583563859087621983e-01,7.364899176330319541e-01
1.544434338195364298e-01,8.443523231521062877e-01
3.511289875927152693e-01,6.496295381423310422e-01
5.995867662408420617e-01,3.978484798648515564e-01
2.908725914399462251e-02,9.705034599690774977e-01
1.410951250646642896e-01,8.576755985359483248e-01
5.242630777041290546e-01,4.721274940760697980e-01
3.143585976336149557e-01,6.808801466091906063e-01
2.146049189767936516e-01,7.813234015486324457e-01
6.145256626657983334e-01,3.844661101571523742e-01
1.971311941166838111e-01,7.987455526199888078e-01
2.318853480443513193e-01,7.682075261365653995e-01
4.640742392470229571e-01,5.369790003357940433e-01
6.157994000226456599e-01,3.856566422023407492e-01
5.265016275650760136e-01,4.772770808310847768e-01
1.449431560530493601e-01,8.542632370762723859e-01
8.136498541052353262e-02,9.185170128198072437e-01
5.769102358939400821e-01,4.219611764655489816e-01
1.806809567356662816e-01,8.170678415592815824e-01
5.334671697364464782e-01,4.665411825293395154e-01
3.268889242705983467e-01,6.712018126372787385e-01
1.371279416846149513e-01,8.623417595201318120e-01
2.781620864660815373e-01,7.180282683933428833e-01
2.284396384953349401e-01,7.691729257140780263e-01
5.193540433369260301e-01,4.829012459036026161e-01
2.446910106811162056e-02,9.753688563253196664e-01
2.136752142958624756e-01,7.849418613831640190e-01
3.791488473164186246e-01,6.195994643593493167e-01
1.890552070635909132e-01,8.086071486662110841e-01
3.271624975914668720e-01,6.722461499130335527e-01
9.328775443646290799e-02,9.072563159646996889e-01
1.387674364489424259e-02,9.831045768866918388e-01
2.099940118522349852e-01,7.886902738545399361e-01
4.376933271507214007e-01,5.598590381165194918e-01
6.635674307608290245e-01,3.353549751747878505e-01
5.728018745169785042e-01,4.268962834172261855e-01
3.858239102869851500e-01,6.154379692283536984e-01
6.465283807445285635e-01,3.547868932226232452e-01
3.093372064083380057e-02,9.661719231365921701e-01
1.819369694774200796e-01,8.186189119023182803e-01
1.558857724907941888e-01,8.437342779284122685e-01
3.675322527484793378e-01,6.349235254624714386e-01
5.032673376790465225e-01,4.973551814620598699e-01
6.607623413846530624e-01,3.422123436717171008e-01
8.424096487339097217e-02,9.098889305877753131e-01
1.215960949559241056e-01,8.791379099732700153e-01
1.635588190491409077e-01,8.341044344971236812e-01
5.376483691574356349e-01,4.636357384204135568e-01
2.355927096468559689e-01,7.617547727057137896e-01
1.483573753162198972e-01,8.514915051860246775e-01
3.290845158326666242e-01,6.693033994086020622e-01
1.197681781130687517e-01,8.802185378910047930e-01
5.581576661621056451e-02,9.417865332719773663e-01
6.034726787597513020e-01,3.985379106878537137e-01
9.199204140769524918e-02,9.067460014891149944e-01
6.607634697909257060e-01,3.423729658776681894e-01
6.297744953544465174e-01,3.675569614810412222e-01
2.676619579109519309e-01,7.272711768975139712e-01
2.703497491664509367e-01,7.252328796116263021e-01
4.439518624624584353e-01,5.584096080984826127e-01
2.510918211387425103e-01,7.506149966901470849e-01
2.239060304225987397e-01,7.777925531502982714e-01
3.985109470055674397e-01,5.985122915487690598e-01
3.613000759922778693e-01,6.390714214826489492e-01
2.864146251615264926e-01,7.107264881780028798e-01
4.815709191516898136e-01,5.220233267882303796e-01
3.085277993365042049e-01,6.873086361577720460e-01
2.074809943971796800e-01,7.925348267961159765e-01
2.028018775878503155e-01,7.939239307934223833e-01
7.445394346305217459e-02,9.260872983198429331e-01
1.093935253156523568e-01,8.862673439159536315e-01
7.914716432738211349e-02,9.145503036809122799e-01
2.343109133182079140e-01,7.633267166898883849e-01
4.795529708376747857e-01,5.234040254627725375e-01
2.807565699497950318e-01,7.168965712091095455e-01
6.687695414014703799e-01,3.294097192813543740e-01
2.094777241058120576e-01,7.855091882196563180e-01
6.598608770512696120e-01,3.389085789540005611e-01
4.330049464075299559e-01,5.670885027570380377e-01
2.596999739497310999e-01,7.422503218571564476e-01
2.000855673858586981e-01,7.968481760840282480e-01
1.019568087231642189e-01,8.926745350690099556e-01
5.049505223099027829e-01,4.925628875756165037e-01
5.727993985674088018e-01,4.244317454498302555e-01
6.315190353568059245e-02,9.323670687235561250e-01
5.615508614508453178e-01,4.367075413489480695e-01
1.356360466078614102e-02,9.796474643570326490e-01
6.560868364173368938e-01,3.453212820463442134e-01
3.609437297070067219e-01,6.384056775293964758e-01
3.589011253959565328e-01,6.394638015288948152e-01
5.351526777759915143e-01,4.663677634593090260e-01
4.753091284724282328e-01,5.264780252548253436e-01
2.502457138291649397e-01,7.444621743881466580e-01
4.451198648664342894e-01,5.549249641049672777e-01
5.729108048120014063e-01,4.248289719878368675e-01
5.559499417869447901e-01,4.407437811549873019e-01
2.952947748820702323e-01,7.060682912160773927e-01
4.056177989422030117e-02,9.597215672321575131e-01
2.790551622569172885e-01,7.168478925659249601e-01
6.376412276182842342e-01,3.653639639142749473e-01
2.194581499954050691e-02,9.756464260758891394e-01
3.999461580832627122e-02,9.588664691444075405e-01
1.557140820057914543e-01,8.420601502397279114e-01
3.141878031079651246e-01,6.810456907595887621e-01
9.285194558509894669e-02,9.014285888689956838e-01
3.451114791533750337e-01,6.513368115797388835e-01
4.282371227491075238e-01,5.723510520846669669e-01
3.179358014372940522e-01,6.777173424923726985e-01
3.696442532969006489e-01,6.314913390847710639e-01
3.992596331399519277e-02,9.565048790952787039e-01
4.439568846774235578e-01,5.586551810946216445e-01
3.065181367850422500e-01,6.931135751633190623e-01
4.080552156825527632e-01,5.908714304243277704e-01
3.578136569522700761e-01,6.444954903800024226e-01
4.215334419392882115e-01,5.809140703963775465e-01
1.622806082479188450e-01,8.328310004602152983e-01
1.307128090156154943e-01,8.633111386246005159e-01
4.180076173486250157e-01,5.797577344189112081e-01
3.035674290907120279e-02,9.675918414348161356e-01
4.969715129861109748e-01,5.005390300383822932e-01
3.672207372896747479e-01,6.352507365180311005e-01
6.513356068174305236e-01,3.480014723308899049e-01
5.947228579556966821e-01,4.080365666186294704e-01
5.615081104645299609e-02,9.424214188039679030e-01
3.883294282964127042e-01,6.106764576253551624e-01
2.954646008391994538e-01,7.009111698633396781e-01
3.389959575305651063e-01,6.572912350690258698e-01
5.530075234124528505e-01,4.439849825372759740e-01
1.092062748776252840e-01,8.877788472134775510e-01
6.419686421206515226e-01,3.629506911917498302e-01
5.206716428891237092e-01,4.823702228898286148e-01
3.228433624513736833e-01,6.741885152256115177e-01
3.538432725579641058e-01,6.413988357061043422e-01
1.551222188423188042e-01,8.414493223185227633e-01
5.844831016872032992e-01,4.142908429516196644e-01
4.310899677713160294e-01,5.668256314287482001e-01
4.197544549184514251e-01,5.760377470625540619e-01
4.093956803381691989e-01,5.879256730634926376e-01
3.569567891120377645e-01,6.405853162877456208e-01
2.273371305806974607e-01,7.701345062507228834e-01
6.168919453504568828e-01,3.861560019275538380e-01
1.685876577133897103e-01,8.277342813438670621e-01
4.029853830939421622e-01,5.942606591107664205e-01
1.763611621931475137e-01,8.175370296061703623e-01
3.009548885116151151e-01,6.983864699688063782e-01
4.239130083436700724e-01,5.734089209288941724e-01
4.492240966118205003e-01,5.471503193371068940e-01
6.887066715643366810e-02,9.253986694099787247e-01
2.151964999634657649e-02,9.715993645846917603e-01
3.244868059116171599e-01,6.738326601125859128e-01
1.515408872952813957e-01,8.479082086591979150e-01
4.870074443927132624e-01,5.146837091341472936e-01
2.806761191093047891e-01,7.207373390442739503e-01
5.106065906817730538e-01,4.927867185966323116e-01
2.514556094965473276e-01,7.478473945719216198e-01
2.663583675435783338e-01,7.304668590324833177e-01
3.716904398792351960e-02,9.627364162394967950e-01
2.111717548121275767e-01,7.896741265490674344e-01
4.235525840600761205e-01,5.721088789567840838e-01
3.871433642393973251e-01,6.145282657674471238e-01
3.199530799287254590e-01,6.794852208743153987e-01
6.574612761972586927e-01,3.455241405763480600e-01
9.011270201413425912e-03,9.863450021878137353e-01
2.339267478875874384e-01,7.626251132248408338e-01
3.221583276303624510e-02,9.665894266760143294e-01
2.454031926105941230e-01,7.520807866255337926e-01
4.956790224674795242e-01,5.029423327057978010e-01
3.384048204123495385e-01,6.610592467785324500e-01
6.586965794789673145e-01,3.408998032467160377e-01
5.370833215364481106e-01,4.623056285533953536e-01
3.812612509097792479e-01,6.174775786975631453e-01
3.751468590419383409e-01,6.256180691537704952e-01
3.677521136605128582e-01,6.334693850474786281e-01
2.652810156903745442e-01,7.296194029553856319e-01
5.497760126074173748e-01,4.467895346025431702e-01
6.713748806222148702e-02,9.285852554112907775e-01
3.927776648400508330e-01,6.065220013470284943e-01
1.912646150265121525e-01,8.045124755074034573e-01
5.093330584271381634e-01,4.925758165482870821e-01
3.766939946681028273e-01,6.189131103667866451e-01
3.662695304144698571e-01,6.350620979940101440e-01
6.047752317003351336e-02,9.355881680045133875e-01
3.231341874447936080e-01,6.786868496093375613e-01
5.064830552330039648e-01,4.928961126751612021e-01
6.360715979658612129e-01,3.672074553870779412e-01
5.445356749634711058e-01,4.584888833314142431e-01
4.009244900820621016e-01,5.979242379456188861e-01
2.364124139657332035e-01,7.644627429740624702e-01
2.935358278713469105e-01,7.024223758277470253e-01
3.150067910172987817e-01,6.824880076225116055e-01
7.187513255170820126e-02,9.278634847893669768e-01
1.378989194121206241e-01,8.599337251448073705e-01
5.710271892922578196e-01,4.271168150374747841e-01
1.247433686901093866e-02,9.847942455431475395e-01
2.806948400992806958e-01,7.168884519960574409e-01
3.762814008617367673e-02,9.607492381041928819e-01
1.665493643062182505e-01,8.323909980639833117e-01
2.196307884736965199e-01,7.814164984505591605e-01
1.836432419759982670e-01,8.151313964398617662e-01
1.756358290721815318e-01,8.234933978646548081e-01
2.615021372344916370e-02,9.678320093971080063e-01
3.763612409791455837e-01,6.233656270340214300e-01
3.178446671324115513e-01,6.811964449561651591e-01
5.740029419632268759e-01,4.283495964935105094e-01
6.442235072586606492e-02,9.315531830875767305e-01
4.951508804056560242e-01,5.056434280293130579e-01
6.580942092828757639e-01,3.433473403353199394e-01
1.020022890178378799e-01,8.915635222578687236e-01
4.156958488875465152e-01,5.831164347441524232e-01
5.058380834545123106e-01,4.951362883141808280e-01
2.729492351595196320e-01,7.274082877334377972e-01
2.986931595317712240e-01,7.001309307853221808e-01
4.131377936940281437e-01,5.823543980753798088e-01
4.613411648619096805e-01,5.392080405101772334e-01
