7.304284014451764007e-01,2.695716007344759468e-01
7.588901107879144625e-01,2.411098829425139534e-01
6.876186892201117118e-01,3.123812997497001920e-01
7.675494757453891204e-01,2.324505366322029976e-01
8.800598754801043366e-01,1.199401403866794252e-01
8.482884079634639418e-01,1.517115757047143576e-01
7.255167724181987854e-01,2.744832452283753055e-01
6.403547867779769698e-01,3.596451933123656075e-01
8.768584406193250524e-01,1.231415796766412718e-01
7.471020383294728617e-01,2.528979406603326097e-01
8.923213423087901219e-01,1.076786356470705586e-01
8.998709636861629280e-01,1.001290592287736453e-01
7.646616425184468158e-01,2.353383811152778005e-01
8.550761944917586455e-01,1.449237817107308091e-01
7.799474070978366091e-01,2.200526180995354131e-01
7.300626253589810322e-01,2.699373482799071744e-01
8.227805525048784707e-01,1.772194743573689002e-01
6.588577673741164986e-01,3.411422624559273253e-01
8.518772716616966889e-01,1.481226983165402911e-01
7.966582835257647321e-01,2.033417470722162224e-01
8.291634029587364729e-01,1.708365661634200783e-01
8.446323713201323580e-01,1.553675976601695818e-01
7.969879343838470742e-01,2.030121013887874748e-01
9.010027058087312080e-01,9.899733080696648813e-02
8.599894579223001934e-01,1.400105817472204750e-01
9.064721665522117444e-01,9.352779372690793458e-02
6.690626224398016353e-01,3.309373339734062447e-01
9.079589606154276904e-01,9.204108737604162205e-02
8.013339887361214942e-01,1.986659608504726116e-01
6.403933234831779009e-01,3.596066242038414851e-01
6.763800780436334259e-01,3.236198686793226864e-01
8.100580595156542385e-01,1.899419937852800666e-01
8.938735661644270358e-01,1.061263786553252875e-01
6.397007519968495037e-01,3.602991924076182628e-01
8.662426000476252108e-01,1.337574565960478468e-01
6.839363714325589205e-01,3.160635708777908004e-01
7.605754693690269796e-01,2.394244720355834521e-01
7.043024156328053786e-01,2.956976444956340155e-01
6.887210773372649530e-01,3.112789834290736191e-01
8.178303382617577721e-01,1.821695997844179071e-01
7.168577901937793762e-01,2.831422733671586922e-01
7.884260287968072323e-01,2.115740354092865427e-01
6.882375337650910030e-01,3.117624019966523941e-01
7.197851334101563747e-01,2.802149311384298791e-01
6.565335514447839804e-01,3.434663836404862058e-01
8.376033583128303928e-01,1.623965756949544148e-01
6.922060920773528414e-01,3.077938414759675556e-01
6.674208879313365816e-01,3.325791789014736488e-01
6.969714483967234253e-01,3.030284846797198228e-01
8.281857431045277496e-01,1.718143269131958695e-01
8.345694425779734971e-01,1.654304867980622429e-01
7.058914771786575226e-01,2.941085936838884751e-01
6.512919524540105032e-01,3.487079744579259510e-01
6.602295445280131903e-01,3.397703813808178874e-01
7.137166897675518706e-01,2.862833853732070777e-01
9.018944276603984012e-01,9.810564932186446874e-02
8.768948039438029252e-01,1.231051178885325392e-01
8.504434464086623180e-01,1.495564746879014806e-01
7.977230780926565235e-01,2.022770009956267045e-01
6.539193410294436015e-01,3.460807395968477640e-01
7.845929297259567337e-01,2.154142690019150153e-01
6.562817978376704886e-01,3.437439704785737460e-01
8.529056647785701051e-01,1.471252824823258143e-01
7.522725494086359710e-01,2.477182464459895261e-01
8.486298621440165890e-01,1.513892732543297426e-01
8.998556687239530616e-01,1.001405999627590776e-01
8.029805526750830591e-01,1.970379493637813284e-01
7.761806843567166103e-01,2.238291625519156225e-01
6.942348829316993264e-01,3.057662276430717085e-01
7.857478437154447048e-01,2.142827460427063624e-01
8.697372519409293234e-01,1.302738176475568554e-01
8.223676637031634984e-01,1.776510496943037587e-01
7.792578883743113138e-01,2.207402621107389940e-01
8.694744414752488826e-01,1.305541131343840866e-01
6.560144847191168305e-01,3.439865612402628892e-01
8.489950972243578420e-01,1.510107784752160454e-01
6.958189721915343240e-01,3.041839533158479103e-01
8.422083056505256238e-01,1.577983195816400064e-01
7.639487347427176278e-01,2.360436086890604634e-01
7.512079812008374269e-01,2.488061495728473849e-01
8.021505049731630921e-01,1.978524338711692143e-01
6.622147850254594958e-01,3.377869627386095863e-01
6.555863127634053988e-01,3.444150751054691484e-01
7.450472443836072545e-01,2.549573417554848453e-01
7.408895054357163001e-01,2.591348891584542846e-01
8.260465831337233666e-01,1.739870950136498395e-01
8.445596565691245727e-01,1.554758869252743925e-01
8.589132381661835902e-01,1.410965781608631842e-01
8.412226687838918471e-01,1.587828523639831513e-01
6.756487819439237485e-01,3.243448443722684593e-01
8.743475645958664888e-01,1.256527269597433327e-01
6.754753315346057052e-01,3.245488081289703564e-01
7.708401727730760378e-01,2.291822773575268590e-01
7.714092562279458720e-01,2.285864150374894987e-01
6.621267483293088452e-01,3.378758528572588515e-01
7.079953013713617960e-01,2.920189938079923997e-01
8.855305429121862471e-01,1.144729624360298764e-01
8.121436505409398432e-01,1.878591340290416134e-01
7.899725934842947161e-01,2.100494854989301552e-01
7.786947925470579790e-01,2.213173143963998446e-01
7.637196642323512696e-01,2.362918034520171962e-01
7.782456257802259358e-01,2.217527672225746704e-01
6.840024633857992864e-01,3.160002571784457648e-01
8.295545535260135939e-01,1.704802396668824715e-01
9.041366747546414340e-01,9.589762384395784933e-02
8.371789432202741965e-01,1.628498401706078569e-01
7.316073076901539185e-01,2.683851863502974000e-01
8.720050277412056960e-01,1.280204462996871184e-01
6.758321491755767685e-01,3.241885580735374139e-01
7.842330302298161637e-01,2.157831362615370285e-01
8.984344853927135333e-01,1.015840186372553994e-01
7.415866654867121488e-01,2.584059755917069157e-01
7.446250802433512783e-01,2.554051063006036459e-01
6.664098151577083629e-01,3.335803579844831557e-01
7.211045841937608891e-01,2.788984513631079243e-01
7.702352928490785455e-01,2.297720607023566453e-01
8.606340402311754012e-01,1.393828893178075401e-01
7.887854674523064880e-01,2.112340018604162983e-01
8.474856751636121732e-01,1.525432977910974597e-01
8.144351363190467374e-01,1.855772545796213757e-01
7.934161045007031010e-01,2.066002405271487874e-01
6.628393463450983347e-01,3.371474826871415642e-01
7.086565844471169884e-01,2.913593445341589594e-01
8.722050682258724041e-01,1.278044280315174253e-01
8.968929684706902217e-01,1.031187158337789900e-01
8.865092624552766143e-01,1.134917237484043828e-01
8.497490164158570947e-01,1.502742777109765671e-01
7.013110798244066579e-01,2.987026001076668602e-01
7.924137110095865744e-01,2.076091175954986323e-01
8.455907138700289316e-01,1.544061100280736676e-01
7.194100233047855397e-01,2.805839061261335421e-01
7.580207000976478815e-01,2.419905320698635676e-01
8.897750840185498777e-01,1.102508465593067394e-01
8.331950083213524039e-01,1.668193682231908226e-01
8.508246211213412735e-01,1.491925852007558728e-01
8.765023447055029227e-01,1.234940841033155406e-01
8.540608770289818130e-01,1.459456604554310866e-01
6.698726811443113105e-01,3.301496607009195006e-01
7.282521739448304388e-01,2.717788602837452050e-01
7.606866487127247334e-01,2.393160699030061345e-01
8.689297484595479570e-01,1.310712029346579599e-01
7.464591996893940040e-01,2.535480108183073011e-01
7.776337312917527278e-01,2.223671724911206737e-01
7.311096637009535382e-01,2.688861848242993791e-01
8.973376176329149745e-01,1.026834966485404427e-01
8.559548962574924369e-01,1.440671120512644066e-01
7.799732340629467187e-01,2.200507185791349962e-01
8.248024410514165350e-01,1.752262107612930220e-01
8.018403407830545504e-01,1.981765492433616438e-01
6.917305003502643990e-01,3.082685570708410538e-01
8.745502075421676125e-01,1.254443839980314279e-01
7.899048794210804525e-01,2.101114739900971640e-01
7.954470332473324579e-01,2.045529474715559459e-01
8.303778170413577131e-01,1.696483926639412720e-01
6.972020597962031996e-01,3.028161306680177134e-01
8.551609823581934888e-01,1.448332428677423234e-01
8.111365019349345840e-01,1.888913541260714979e-01
8.567421353860508182e-01,1.432834449785113928e-01
7.353678555803586647e-01,2.646328711412400114e-01
8.100754734647637179e-01,1.899422270817252845e-01
7.822178242685020599e-01,2.177920516831152176e-01
8.964814633022643031e-01,1.035516605650545763e-01
6.450351339135508288e-01,3.549504926701892993e-01
7.233876007508166506e-01,2.766406982249047797e-01
6.493994328604083544e-01,3.506161624469891769e-01
6.681851416039406022e-01,3.318278259824331555e-01
7.057920071659962158e-01,2.942376888882812236e-01
7.504007892480397679e-01,2.496235514526004562e-01
6.415660799184457197e-01,3.584216632127092406e-01
7.062998949892019818e-01,2.937040191879944362e-01
8.013050735887767839e-01,1.986915828223027869e-01
6.752057144912720910e-01,3.247817685060021553e-01
8.217258046086207690e-01,1.783059119503369871e-01
7.678688145687895261e-01,2.321394309145847490e-01
6.664744170432086445e-01,3.335531359348211100e-01
8.478776807576104968e-01,1.521315792475471940e-01
8.926027435782105668e-01,1.074182662488083612e-01
7.256183938173751402e-01,2.744100723688832066e-01
8.236853617677366568e-01,1.763121804798582493e-01
9.001288282433062005e-01,9.987909377242790154e-02
8.063036620668764254e-01,1.936993173211890018e-01
6.667376019178454793e-01,3.332758820927680943e-01
7.078499399145000703e-01,2.921520480785279594e-01
9.057635539670968461e-01,9.427354978053634205e-02
6.629656734944425756e-01,3.370240200563236477e-01
7.360229619455248562e-01,2.639809115599943690e-01
6.807633978330722702e-01,3.192357957223832532e-01
7.368645522474819298e-01,2.631568758545852482e-01
7.913939713124643616e-01,2.086264880252723108e-01
6.473215642946983372e-01,3.526845807166341662e-01
7.681326290093786202e-01,2.318644353484076714e-01
8.166431410209059605e-01,1.833905958806201220e-01
8.449204032454031843e-01,1.550843934504573529e-01
8.519008020378593393e-01,1.480991520983819254e-01
7.916509242163977111e-01,2.083505353060863818e-01
8.135506550910688306e-01,1.864656251814706400e-01
8.958008524773649617e-01,1.042347718644538040e-01
6.403934668782130801e-01,3.595928933163924923e-01
6.562408729989802625e-01,3.437793334941234846e-01
6.727301784786574590e-01,3.272916979355888767e-01
