3.652033333752122690e-01,6.347965309195718886e-01
2.666577099589826361e-01,7.333421007876573805e-01
3.707002710873944507e-01,6.293000205052954321e-01
3.830387239937320110e-01,6.169615999782247506e-01
8.837422603947793498e-02,9.116261532201010986e-01
5.623278665112443342e-01,4.376716220946314517e-01
5.751578152371461528e-01,4.248413265952274420e-01
1.317910009471203181e-01,8.682081109989732148e-01
1.676110906447869642e-01,8.323878880745411157e-01
2.004462412959152062e-01,7.995521512184470270e-01
1.948909002129880774e-01,8.051107377046433644e-01
3.375677102504820448e-01,6.624340129405186239e-01
3.617248958145694582e-01,6.382729663409093535e-01
4.235653277388641835e-01,5.764325111261031642e-01
1.326650163148074824e-01,8.673375733559414158e-01
2.083161932722345511e-01,7.916864175843587592e-01
4.795204814363236978e-01,5.204824081426607796e-01
9.391541005535716802e-02,9.060815747242956242e-01
5.417731473094915540e-01,4.582299549084646872e-01
3.876279758314179480e-01,6.123688964871956131e-01
1.206102306666647361e-01,8.793862786183094249e-01
3.206206099206471150e-01,6.793757407357428058e-01
1.297460119237394127e-01,8.702503133704164728e-01
2.288691075186329305e-01,7.711345990194165001e-01
5.285013234644309055e-01,4.714949586557748429e-01
1.711247418216507998e-01,8.288791283557759293e-01
3.775764998716268361e-01,6.224274613741040962e-01
1.303884665265980791e-01,8.696155687280946456e-01
3.714689440591550373e-01,6.285354468084285440e-01
5.278621518458515016e-01,4.721424256236507744e-01
3.652053400537053629e-01,6.376577287432672048e-01
5.319814844348226268e-01,4.703082363662626220e-01
3.708465116603335554e-01,6.276578555631777689e-01
3.891390438952944120e-01,6.085783536150883855e-01
5.303145024323361323e-01,4.672347650924594253e-01
4.474179288122850373e-01,5.526962484102976303e-01
2.849094044763104128e-01,7.130833018708236937e-01
1.446324440646727660e-01,8.516588132341219586e-01
1.854376815041188786e-01,8.137210154561538289e-01
4.700664743115499644e-01,5.336462575868453628e-01
4.491593673170874434e-01,5.513546043750812142e-01
3.738757301734285665e-01,6.237088012267825166e-01
4.092652434911404069e-01,5.899903545769239477e-01
2.280495817613218679e-01,7.697073002596992453e-01
3.421381645596207610e-01,6.576211501544830806e-01
9.747784649308580129e-02,8.961701221095000891e-01
3.766455562712265892e-01,6.230933918003868088e-01
4.061834877505020591e-01,5.932041321034521308e-01
3.539733991070684316e-01,6.441189302388449223e-01
4.677591470586857647e-01,5.352852524491499286e-01
4.080585593859823446e-01,5.884149690969897595e-01
2.054261346655999465e-01,7.929493344809118716e-01
4.663656756158588435e-01,5.362571119047269130e-01
5.250374501477055311e-01,4.729718437477841153e-01
2.639352254477568271e-01,7.356708987728256544e-01
5.685896256674703997e-01,4.278342198402048657e-01
2.093067301159335092e-01,7.891028282515707426e-01
3.800794683908709226e-01,6.152046369912995694e-01
3.414405825271102368e-01,6.595622942445444892e-01
3.660287463925477880e-01,6.300133311090626576e-01
4.115443956227597955e-01,5.887908955460801064e-01
5.146468829909224274e-01,4.882665415128961128e-01
2.230709383724775730e-01,7.785769910685979012e-01
1.973032770648206202e-01,8.039228201271994001e-01
5.403085561601852493e-01,4.622959699533999434e-01
1.224971990234099972e-01,8.777036292955965324e-01
5.677907876183765357e-01,4.330690723405505316e-01
1.052778663440415985e-01,8.885878656104393425e-01
4.806338567823537633e-01,5.187895063352029323e-01
1.125162428398343156e-01,8.841694671262808614e-01
5.303632493574899076e-01,4.690701506223994288e-01
2.145139869848851355e-01,7.859760668908694070e-01
3.384599219521742253e-01,6.572057179422357009e-01
2.925379559769911153e-01,7.033732829723275959e-01
1.033479555854169840e-01,8.949055297816371768e-01
2.321095195940298117e-01,7.652226730619224870e-01
3.594753447789695855e-01,6.391031938779127008e-01
3.316572935975790060e-01,6.701288038767624355e-01
5.664988570097522214e-01,4.321171333459241648e-01
1.993127461151801005e-01,7.994007817153665485e-01
3.367551498689808076e-01,6.609075955279896109e-01
1.579623241008634715e-01,8.410313480070797931e-01
2.017454404035044502e-01,7.972618585388917545e-01
1.627235743226934095e-01,8.374218527463530570e-01
3.955783916417568991e-01,6.031839222276563772e-01
3.263488410042915122e-01,6.727651242994969749e-01
2.478503970301176307e-01,7.476703258303423194e-01
4.337142283269433962e-01,5.652940457865821555e-01
4.796704623680508317e-01,5.182945174673656563e-01
2.317255579368326934e-01,7.700704195427657828e-01
2.229302099383910218e-01,7.725974858975080961e-01
4.860748556104154683e-01,5.137392347949625293e-01
4.071663873074781725e-01,5.929945178172255638e-01
1.702006538304856043e-01,8.228839734870662115e-01
1.499682463202508809e-01,8.475132359001676940e-01
2.679626805549572000e-01,7.308082077703825785e-01
3.436267292544128438e-01,6.541680674298405718e-01
1.743021965206946189e-01,8.234732177982130308e-01
3.482114346809252470e-01,6.479312026213943643e-01
5.648336743264528170e-01,4.318832796699621501e-01
4.422016667791380251e-01,5.534378257290761827e-01
3.515744533067667321e-01,6.440836763978384782e-01
2.674966044949278476e-01,7.290559646968893803e-01
3.462603812749434629e-01,6.486902841899490069e-01
4.023795592541199451e-01,6.001021091618273795e-01
4.169888023514594644e-01,5.806570883654713633e-01
5.356584534562902622e-01,4.627515671257001473e-01
5.584751901781646044e-01,4.457559099908968148e-01
1.056981495618899980e-01,8.869816129203124122e-01
5.078586435359238038e-01,4.894708184973639020e-01
9.530375058479184647e-02,9.034478651625611478e-01
1.148532845596422769e-01,8.860392798369985945e-01
1.428219276788013081e-01,8.569697336916017871e-01
1.193337467406572067e-01,8.784061481074643130e-01
2.317920973820146724e-01,7.696376658200430043e-01
4.018631799337395449e-01,5.990750873446214486e-01
3.471855618523618237e-01,6.523328957116260041e-01
5.362823432111794020e-01,4.662445573051013370e-01
3.827829411887471167e-01,6.194080799222082545e-01
2.313296831582254409e-01,7.655057798817956893e-01
2.843056567618842401e-01,7.136038919227302157e-01
3.887164624219400233e-01,6.067299500865005468e-01
4.923818156684388048e-01,5.095587671633842186e-01
1.659232931677906420e-01,8.349829781486327596e-01
4.539533207317070218e-01,5.451082801359962149e-01
5.534814442031273929e-01,4.506467348485166391e-01
3.471639351468027712e-01,6.484092385712143525e-01
5.207035134687738598e-01,4.768777043201631871e-01
1.912890227354420158e-01,8.083452564923515604e-01
2.862472029752033409e-01,7.127363882803565698e-01
5.430344101038038218e-01,4.552687749532248196e-01
1.975836319338291625e-01,8.001227046768522033e-01
4.572551389759001994e-01,5.453633180079794363e-01
4.774913830294872930e-01,5.213100680185613900e-01
3.420584049647759084e-01,6.600180357003624376e-01
1.276377681516584484e-01,8.695130312517144189e-01
5.723334257349694809e-01,4.249575870880688555e-01
3.972364778815991038e-01,6.052378291314893799e-01
5.658159691243747069e-01,4.373816100810787866e-01
5.571324475959593681e-01,4.468153350899295440e-01
2.667042984179580634e-01,7.347803840622011418e-01
4.922773488212031645e-01,5.079869970960388947e-01
5.482069564451872434e-01,4.491686451962896287e-01
2.160448207424346123e-01,7.780430465520171701e-01
4.529626809948972821e-01,5.506910797585801154e-01
4.526265387233529003e-01,5.458003037870118312e-01
4.095911321615948730e-01,5.872161002370991367e-01
2.380134603387401016e-01,7.630223771202648830e-01
1.702447311075485636e-01,8.230835503111157969e-01
3.825002097315275407e-01,6.126213785995204830e-01
3.192879008387659034e-01,6.755900007309370014e-01
5.773851955003710401e-01,4.229674236160003709e-01
5.312942283254795672e-01,4.650868346837624956e-01
3.696074319315224010e-01,6.271150530972237069e-01
2.017303489837062591e-01,7.992377362967647558e-01
9.745686092755076468e-02,9.005679112161616429e-01
3.262410664184604014e-01,6.726932047021696448e-01
2.157993252194890244e-01,7.842713031540311519e-01
3.692205824374366618e-01,6.272726144284712646e-01
5.592989036945554826e-01,4.413603711663314777e-01
2.128088240692122823e-01,7.888331476880036108e-01
2.776968672003509719e-01,7.224366916237106029e-01
4.813427673819938857e-01,5.206447255048668454e-01
8.972466666448543349e-02,9.067760735974005337e-01
3.504897912822845241e-01,6.464145192221822933e-01
2.400528131855919067e-01,7.586034773371624906e-01
5.503552092174892607e-01,4.536739107759160117e-01
2.816941476799837418e-01,7.193929530058559285e-01
2.394113898750409586e-01,7.565794817591459109e-01
2.052396074487870259e-01,7.955647632297280225e-01
1.987530502236437568e-01,8.017473563840752382e-01
1.760726283523650904e-01,8.212526780816011840e-01
2.968795311933005721e-01,7.049595091945872749e-01
4.516410287834817239e-01,5.500787908244533231e-01
1.001642896035037644e-01,8.991528299764885990e-01
2.540242092415244679e-01,7.409794972759952136e-01
4.075178337128984585e-01,5.955132105591914859e-01
1.121523161002305480e-01,8.847498328527335643e-01
2.787327589046307841e-01,7.169221578828153252e-01
2.366950740098488215e-01,7.586502729394605238e-01
2.148192591889819536e-01,7.836181053402484498e-01
3.936490756309782291e-01,6.075995205598385684e-01
3.976479155171117053e-01,6.002413680295785037e-01
4.356585672924097041e-01,5.670625557288501151e-01
3.391104116786055611e-01,6.626486419151959018e-01
4.872377616098940156e-01,5.141046942527077723e-01
2.920347094864848003e-01,7.066580757546911951e-01
4.439603296844423785e-01,5.586078233039143415e-01
1.183336352690413928e-01,8.744646226025646341e-01
3.845966562141556189e-01,6.107720320188492202e-01
4.650306084993791611e-01,5.387567855824703100e-01
4.260497614389141541e-01,5.704492482634964112e-01
2.098837653957896787e-01,7.918180540773359644e-01
4.274573702736602643e-01,5.695293049313531197e-01
2.878652023884482603e-01,7.136942999335247340e-01
2.650686736834820811e-01,7.370071884329896239e-01
4.416188868688389335e-01,5.553103440091746723e-01
4.844377800631355369e-01,5.167690874467866236e-01
5.544727563613156551e-01,4.469424997116648868e-01
1.682473247368998781e-01,8.282595477294290021e-01
3.541584238233946857e-01,6.479941308000208844e-01
4.986769265029529219e-01,5.004995580998204963e-01
4.155664629055855208e-01,5.875693672123190048e-01
5.101194308449488179e-01,4.881318605144657763e-01
2.523107524536791213e-01,7.422974155112087580e-01
1.959235754590057388e-01,8.026220883416324003e-01
1.824501318052532683e-01,8.156404732203850205e-01
1.012549436475239373e-01,8.977044284028444787e-01
1.217399650529726596e-01,8.787398816041557259e-01
5.239207340278784208e-01,4.788233372548651445e-01
3.289824457215352327e-01,6.711519884709673534e-01
9.288995000278520153e-02,9.009145093411403682e-01
5.396307403677724768e-01,4.610691483061717943e-01
2.612630962972727344e-01,7.384164921352367461e-01
4.412342826024577280e-01,5.558927854384088096e-01
5.738428295825710457e-01,4.271913294883809553e-01
1.806642627927229350e-01,8.127654351746327333e-01
9.462449751972176748e-02,9.006050613787337511e-01
4.029116415117394712e-01,5.998638399188274128e-01
3.848044519065547120e-01,6.171179654807797954e-01
5.191484485809160221e-01,4.778611659941522372e-01
3.326903858017374871e-01,6.670474240019810264e-01
3.126318461763829548e-01,6.828684927624960599e-01
4.884493455005273210e-01,5.091051909605199821e-01
3.320813615042433886e-01,6.657060989039405019e-01
4.363112903648635466e-01,5.620003508957087668e-01
5.085535435492298806e-01,4.937717250258631396e-01
1.203345229055582388e-01,8.779057587371018601e-01
2.124476268355499908e-01,7.872737355470880161e-01
2.553234562432425414e-01,7.426625498926866520e-01
2.490516325753962534e-01,7.516123280800034445e-01
4.638714309524539781e-01,5.362586547160050898e-01
1.620208887743826986e-01,8.342741112792051439e-01
1.843082317336218745e-01,8.140685997270110663e-01
2.970837808518896894e-01,7.007724593939219648e-01
3.825620688363309263e-01,6.164637879140064669e-01
2.401233211479689988e-01,7.564395127774391492e-01
1.175071411973867552e-01,8.789806772831244563e-01
5.045791041969580615e-01,4.993482614380007623e-01
9.643359030860357284e-02,9.024176129796644963e-01
2.486490535067743812e-01,7.525561130626814421e-01
2.867872183963470212e-01,7.143824138344668784e-01
3.449787327712761642e-01,6.517552217623483468e-01
4.718204991313026953e-01,5.255459989354454020e-01
5.590211133256531850e-01,4.434428441550662403e-01
3.461343651003390698e-01,6.490475964631045036e-01
2.022305794598165951e-01,7.927209910464980691e-01
3.571181113491920800e-01,6.391736788207267317e-01
4.936481828581444908e-01,5.067469618800248821e-01
3.893279337646340932e-01,6.075291928954207332e-01
3.912439491892676924e-01,6.050208511203272188e-01
3.516204530685764218e-01,6.433521844049543414e-01
5.492907402014761686e-01,4.535361647599375212e-01
2.632099559001794264e-01,7.378082419226584809e-01
2.759084048903489572e-01,7.194817528820822705e-01
1.380014974966532471e-01,8.596357220172089475e-01
5.450657712534716648e-01,4.594020016547383789e-01
3.399626762993717133e-01,6.607423056370953507e-01
8.931396195538829352e-02,9.098240871973706234e-01
4.866643013414986285e-01,5.139139352902994951e-01
5.093146249477623622e-01,4.882281094957152678e-01
2.699806526472486867e-01,7.297551057204567648e-01
4.123881927095107702e-01,5.843010791699391193e-01
1.089478321368080316e-01,8.911839169620601186e-01
1.758412537077779225e-01,8.179182093054216951e-01
1.854136825600808669e-01,8.119504093673879375e-01
2.589660783263123545e-01,7.419958242823965211e-01
5.620759227453129281e-01,4.343759279043787891e-01
1.118012269836620304e-01,8.878696184868153374e-01
1.774815640688962581e-01,8.177196959343643323e-01
2.373189561954244520e-01,7.584518547510746833e-01
2.737029599640229405e-01,7.242578618123265422e-01
1.946143627818959221e-01,8.032286193410573816e-01
9.908503910865731901e-02,8.975084895100674531e-01
4.308353593475182652e-01,5.646942261434078070e-01
3.608039546964771915e-01,6.392323651481732760e-01
1.485486629271706438e-01,8.485185797172927202e-01
1.357779302422200962e-01,8.619858093580932135e-01
5.588512548475949027e-01,4.445801475838984662e-01
1.574224095952599933e-01,8.409873121105936322e-01
4.450885467150751396e-01,5.576122589971631571e-01
1.646234723695599311e-01,8.312769054086998066e-01
4.576251570885767062e-01,5.408303257523108254e-01
2.077993825723937760e-01,7.884798646222969110e-01
1.244330090792982180e-01,8.715603174454497060e-01
4.166233751921787354e-01,5.802154897763128760e-01
3.184069864492188318e-01,6.800712381700959597e-01
2.980192633178414541e-01,7.027630837641231087e-01
1.838138235220554695e-01,8.103703839195249836e-01
1.916842546654228541e-01,8.023916475395896919e-01
1.867642530420216551e-01,8.133623929878219805e-01
1.498804226396353301e-01,8.498494936898892682e-01
5.660633194774129517e-01,4.343692650992164728e-01
1.164843016175825530e-01,8.838282524974585552e-01
1.142993928752879529e-01,8.836015869214476348e-01
4.192647351414472423e-01,5.789576522335633246e-01
2.904548305944845699e-01,7.110974261109901384e-01
2.191364428605471204e-01,7.792143443969503647e-01
1.381072544269115188e-01,8.598449430949651751e-01
2.629233044225733895e-01,7.348867157984910747e-01
