8.154539605215104237e-01,1.845460388127981022e-01
6.745840401265601471e-01,3.254159587215314509e-01
8.363174755369988667e-01,1.636825229887568234e-01
6.390652307757300754e-01,3.609347674334860701e-01
9.013772427561327349e-01,9.862275942411537211e-02
6.605279387261959734e-01,3.394720583815684645e-01
5.842018808035013278e-01,4.157981221038914987e-01
5.109050435578061933e-01,4.890949535306903240e-01
8.589498111695184068e-01,1.410501919925316872e-01
5.118160696076577976e-01,4.881839335732579555e-01
5.612758700565372294e-01,4.387241332880043587e-01
5.091341726306297666e-01,4.908658308095489864e-01
8.519744035122323034e-01,1.480256002609304511e-01
8.229455460264218924e-01,1.770544499601680033e-01
5.493708241813035631e-01,4.506291714981677243e-01
6.440186219058863237e-01,3.559813829328188350e-01
8.137776887479282184e-01,1.862223063305399884e-01
5.613813446611161107e-01,4.386186503720042040e-01
7.869800988348309989e-01,2.130198956908362640e-01
9.307138257608233989e-01,6.928616869104084475e-02
9.180763283401613961e-01,8.192367733623774628e-02
5.893972551668587023e-01,4.106027510541974679e-01
5.856378640594124274e-01,4.143621422485144201e-01
9.556428817240572027e-01,4.435711140474905140e-02
8.584273260064995137e-01,1.415726667133937189e-01
6.771846961602152604e-01,3.228153125253618860e-01
7.929321527733387276e-01,2.070678382280221608e-01
7.619132990718187060e-01,2.380866915724280108e-01
8.704564106669525625e-01,1.295435797590852034e-01
8.085921825174040567e-01,1.914078076636030745e-01
9.536259302860772280e-01,4.637405973758668837e-02
7.228355468385887495e-01,2.771644631837985040e-01
9.614204488659237047e-01,3.857956150365170200e-02
8.995429868226242354e-01,1.004570026080769674e-01
5.952930498365237577e-01,4.047069395932795244e-01
9.823942015428475116e-01,1.760578780866590975e-02
8.000936326049636893e-01,1.999063566117241786e-01
7.581686656775152855e-01,2.418313455278811863e-01
7.971827537904974115e-01,2.028172579427812428e-01
6.426765660529061286e-01,3.573234220162923025e-01
9.207779035353189645e-01,7.922210916110926371e-02
9.688205032608878664e-01,3.117950950950027986e-02
5.605385220582952410e-01,4.394614908454904656e-01
8.230685413680527418e-01,1.769314715398812299e-01
7.227496022336982184e-01,2.772503845217626495e-01
9.138066911145057425e-01,8.619329464061786794e-02
5.668839076927101317e-01,4.331161067086049532e-01
5.255747650846458452e-01,4.744252500834088560e-01
6.809208444216681144e-01,3.190791403558774220e-01
8.606899673404002638e-01,1.393100479999248853e-01
7.251451513728057741e-01,2.748548327042906192e-01
5.506259216964041192e-01,4.493740942415502260e-01
5.119507768699885775e-01,4.880492070966679363e-01
7.475240332822090661e-01,2.524759506612312410e-01
9.326158876308766610e-01,6.738412842929357438e-02
8.936538307502115419e-01,1.063461527295532227e-01
8.164331707534431271e-01,1.835668126994695060e-01
6.671952927546731527e-01,3.328046906164881524e-01
8.336589711479278630e-01,1.663410119785746211e-01
5.768631977807988642e-01,4.231367853087567021e-01
6.819242271306711345e-01,3.180757553438148255e-01
7.144068089703559110e-01,2.855932085860178882e-01
6.339036595029186039e-01,3.660963582067726096e-01
6.638171356909720044e-01,3.361828841156857539e-01
6.779147022413271051e-01,3.220852774938307572e-01
5.264983342793815302e-01,4.735016453686627380e-01
6.852241234364281341e-01,3.147758560099606084e-01
5.228903300820925137e-01,4.771096905489952134e-01
6.132675560615559185e-01,3.867324228622939231e-01
6.923416998299400937e-01,3.076583213209012069e-01
9.498486640981916862e-01,5.015135770784394376e-02
8.173896194256408121e-01,1.826104038260782936e-01
8.470778124541813447e-01,1.529222109057634393e-01
5.489317297542856133e-01,4.510682937973242157e-01
8.208922239456162284e-01,1.791077997535684974e-01
7.497193125892528398e-01,2.502806635572924487e-01
6.024292386897707186e-01,3.975707852120267116e-01
5.500958213713104117e-01,4.499042029990650282e-01
6.288734776135732618e-01,3.711264964199520455e-01
7.221012797949588613e-01,2.778986936615250869e-01
9.761094596088608633e-01,2.389051266669707865e-02
7.610496718172093944e-01,2.389503561234419260e-01
5.983595831082284544e-01,4.016403887828898234e-01
9.185815343094168028e-01,8.141849451490391909e-02
7.438853571105099594e-01,2.561146718911441189e-01
9.326055963839753327e-01,6.739443265237241021e-02
7.037612764622731554e-01,2.962386943238901060e-01
5.832529866505924421e-01,4.167469841055382318e-01
7.800269243875037617e-01,2.199731050197943349e-01
7.215658418163058974e-01,2.784341285215934381e-01
7.301129732486493218e-01,2.698870564527573457e-01
8.375273600119059747e-01,1.624726100213809699e-01
7.803874068639602424e-01,2.196126231547744778e-01
9.010412783058636688e-01,9.895869124926702509e-02
9.477295825137898033e-01,5.227038701728600051e-02
6.066211406992282340e-01,3.933788912699123785e-01
8.216020194651670883e-01,1.783980125803914518e-01
5.327698641857567807e-01,4.672301682813448376e-01
5.124929499151482659e-01,4.875070827455169065e-01
5.703996482569569926e-01,4.296003186959993503e-01
9.760763686191531452e-01,2.392359790919272589e-02
8.609789663846789676e-01,1.390209991120751887e-01
6.687190923466831416e-01,3.312809431293879392e-01
9.135401344809250812e-01,8.645990165204549271e-02
8.555997259969008173e-01,1.444002373852470711e-01
5.973041848857103542e-01,4.026958517906748525e-01
8.705421985582817435e-01,1.294577646489376843e-01
9.546774112476956731e-01,4.532255014646479480e-02
7.201397307735939446e-01,2.798603078744323347e-01
6.092670579271189935e-01,3.907329024286115837e-01
5.574713886822361131e-01,4.425285716480333864e-01
8.078623749310360758e-01,1.921376650934565056e-01
7.365488853818379367e-01,2.634511546792572267e-01
8.789896184707113314e-01,1.210103412414519214e-01
6.184356051644176455e-01,3.815643543747732624e-01
5.468407975306909252e-01,4.531591619477752797e-01
6.649449326735503707e-01,3.350550266470266880e-01
7.476763999731093069e-01,2.523236407468981146e-01
6.695666067084269368e-01,3.304333523516001514e-01
5.402310855121086330e-01,4.597688727326980640e-01
5.982942130178114937e-01,4.017058289657532977e-01
5.647865611969838939e-01,4.352133966437041757e-01
5.366173667730805841e-01,4.633826759675517826e-01
6.377408424351367344e-01,3.622592013114303566e-01
8.693189344568688082e-01,1.306810217089576509e-01
5.258628669730915917e-01,4.741370889590613147e-01
6.729957764188586600e-01,3.270041794945353075e-01
9.131730147772225692e-01,8.682694070234028838e-02
7.776331821691992996e-01,2.223667732915616257e-01
9.349324246143014827e-01,6.506752957062146570e-02
7.850243991257548348e-01,2.149755549771010243e-01
8.354244219177318076e-01,1.645755319949438744e-01
9.768879166822428406e-01,2.311203717780538000e-02
8.640480505960765889e-01,1.359519961550902656e-01
7.959682212589160866e-01,2.040318268538953150e-01
8.880407255053035520e-01,1.119593236055315133e-01
6.047949929913738476e-01,3.952050563353822210e-01
6.733033540667349159e-01,3.266966953810773733e-01
5.916336719851773562e-01,4.083663776052298688e-01
5.905214842805961428e-01,4.094784657936830774e-01
8.224722570436996394e-01,1.775276929532648706e-01
9.509687090855205582e-01,4.903134154437627928e-02
6.072082415082552531e-01,3.927917076084670445e-01
6.681984941203691353e-01,3.318015568074767496e-01
5.869677311671421815e-01,4.130323204460104036e-01
5.550697984265594576e-01,4.449301499118732961e-01
6.511330597904785300e-01,3.488669923761096303e-01
7.226534206137851246e-01,2.773466316337225845e-01
7.853909562425318569e-01,2.146090961558593802e-01
8.254570966961745082e-01,1.745429558744738541e-01
7.486443778075229094e-01,2.513556748986978118e-01
8.234293620700254834e-01,1.765706908326309388e-01
7.231305786259200064e-01,2.768693682031484471e-01
5.095464375522539280e-01,4.904536159085948754e-01
9.193480000352924897e-01,8.065205370069362945e-02
8.580253611197882213e-01,1.419745849723678122e-01
7.772716647572903703e-01,2.227283892154958145e-01
7.032218571251340755e-01,2.967780882268542531e-01
6.738866750640275516e-01,3.261132698850817691e-01
6.877340908424958155e-01,3.122659644281765567e-01
6.275710501221578586e-01,3.724290054999243038e-01
6.875111705302285880e-01,3.124887738398164361e-01
9.310962273522243038e-01,6.890371694833492822e-02
8.209869620030405546e-01,1.790130940657964076e-01
5.736414187677399967e-01,4.263585251429345413e-01
5.276285294700153727e-01,4.723715266579241456e-01
8.176539249372343221e-01,1.823461312581155791e-01
6.916507953075783366e-01,3.083492619288384917e-01
5.684109783127548887e-01,4.315890796414957875e-01
8.383775137479856365e-01,1.616224278999246478e-01
8.775418934817722505e-01,1.224580479646782266e-01
6.979813171877535805e-01,3.020187417717141720e-01
6.944573150354539370e-01,3.055427440219155577e-01
6.612658709626453302e-01,3.387340699262380017e-01
8.727395350106299521e-01,1.272605244525481516e-01
5.443505771791872228e-01,4.556493631113859855e-01
5.115297676464983789e-01,4.884701725599794875e-01
8.979592752249174747e-01,1.020407848883185947e-01
6.624130123670701753e-01,3.375870478110872264e-01
8.506192378096317785e-01,1.493808227378033704e-01
5.529109586047133984e-01,4.470891019720972803e-01
8.213876628697103222e-01,1.786122761074163956e-01
9.626407485768748717e-01,3.735918776143253017e-02
5.223662037397261981e-01,4.776338603147435857e-01
5.403478027941189810e-01,4.596521323844779405e-01
7.222741148240698905e-01,2.777259501131518760e-01
6.481214932870373868e-01,3.518785727328109791e-01
9.637163947971673084e-01,3.628353907970981868e-02
6.319095246788328790e-01,3.680905415870593944e-01
8.841342330671002614e-01,1.158657001601342412e-01
8.527236663612998147e-01,1.472764007510032336e-01
5.087773037725865644e-01,4.912226290792799932e-01
5.695735954892705566e-01,4.304264718860539296e-01
7.190020981222323693e-01,2.809978344171301656e-01
7.939080188716139963e-01,2.060920500014909729e-01
5.388041306943245345e-01,4.611959386127728044e-01
8.793051105198196327e-01,1.206948194938571584e-01
6.743714040676420662e-01,3.256285258134546390e-01
5.064524470186928529e-01,4.935476231860979612e-01
7.379934914707200200e-01,2.620065792988970910e-01
7.701899642441160099e-01,2.298101069627706550e-01
6.555906552245052143e-01,3.444092727378637586e-01
5.952057397326290245e-01,4.047943324767386275e-01
7.404533736047584913e-01,2.595465537516919441e-01
7.134890369527948639e-01,2.865110357072139236e-01
5.585996988034666044e-01,4.414002278384272504e-01
8.127247969890406543e-01,1.872752764333445452e-01
8.219023268097532808e-01,1.780977467357259258e-01
8.661187087376716054e-01,1.338813648363002540e-01
7.363334805456045462e-01,2.636665933619293245e-01
6.060063205553745114e-01,3.939936051113782645e-01
6.050601974573157626e-01,3.949397280029670054e-01
9.639176253978756215e-01,3.608244922003427113e-02
5.656610083890319940e-01,4.343390665384323501e-01
6.390082571215865981e-01,3.609918178289787671e-01
7.285802619472332431e-01,2.714196629584567644e-01
9.321369466275064575e-01,6.786312865917287773e-02
5.159745801398950560e-01,4.840254953753015954e-01
7.955127007154196850e-01,2.044873750357145137e-01
8.475478311077158100e-01,1.524520925496299084e-01
7.570771557975830568e-01,2.429227675422915012e-01
5.405435499678595823e-01,4.594565267595436264e-01
5.610755231313937497e-01,4.389245540044197091e-01
5.858534254942191488e-01,4.141466519545216052e-01
8.870477967082577297e-01,1.129521257081701896e-01
8.505743906835883106e-01,1.494255316164387892e-01
9.284873897236076701e-01,7.151268870413213241e-02
6.244953966027660952e-01,3.755045236996188973e-01
8.136347133781077767e-01,1.863652068287802166e-01
9.499244547378680181e-01,5.007562560668255697e-02
7.752685890852437645e-01,2.247313299046078128e-01
8.592863571734454808e-01,1.407137241356984092e-01
9.519230935492920542e-01,4.807698780234091057e-02
9.724500705947675128e-01,2.754984779380100293e-02
5.687849938065456801e-01,4.312150878582960423e-01
8.535586644748875962e-01,1.464412537693099703e-01
9.180467898898055923e-01,8.195329230789388797e-02
6.217493530197122364e-01,3.782505644658930022e-01
6.881785678428304909e-01,3.118215148285481964e-01
5.410446552644680995e-01,4.589552619948443768e-01
9.383499960766973347e-01,6.165008699661788522e-02
5.926544370239635873e-01,4.073454798839649671e-01
7.097178530608891922e-01,2.902820635664323801e-01
6.641335266960755046e-01,3.358665570928224819e-01
7.889003665813902888e-01,2.110997174103777241e-01
8.069374668145337104e-01,1.930624489091176121e-01
8.251799494260991796e-01,1.748201349525912995e-01
6.246139414857809768e-01,3.753859730290398655e-01
6.982474309595041451e-01,3.017524835534563521e-01
6.309259850772958034e-01,3.690739294236821122e-01
9.141126606062339732e-01,8.588725360212230708e-02
9.107662754036678354e-01,8.923381066215230195e-02
9.043180642841512906e-01,9.568184946500327137e-02
7.999876754376499255e-01,2.000122381963761742e-01
5.285368371909349161e-01,4.714630762174741863e-01
7.513722963339966032e-01,2.486277903870848238e-01
8.364351835392414003e-01,1.635649033335344893e-01
7.028404384505817504e-01,2.971594743717322351e-01
5.562826490542008839e-01,4.437174386808249160e-01
8.661420791053398016e-01,1.338578329674000866e-01
8.229705145941519362e-01,1.770295736941668585e-01
7.850947006534114703e-01,2.149053878391984362e-01
9.111174465806564093e-01,8.888246422646189915e-02
5.532125541130147317e-01,4.467875355958323969e-01
7.342095567332498351e-01,2.657905330653569931e-01
5.383017179946452124e-01,4.616981919160266234e-01
5.870791090617737407e-01,4.129209816191890536e-01
5.361656659326698993e-01,4.638342431746807493e-01
6.762540618950942939e-01,3.237460292413316676e-01
8.330865132136293649e-01,1.669135783232287562e-01
8.070237752807646325e-01,1.929761328826193889e-01
8.515839929715552925e-01,1.484159147893522046e-01
6.485850884002110073e-01,3.514148193545401089e-01
7.244484628185412500e-01,2.755516297029406703e-01
5.164238194236531188e-01,4.835760878181304956e-01
8.396275764164083943e-01,1.603725163617544525e-01
5.811963689294394886e-01,4.188037240440076192e-01
6.783529912962699138e-01,3.216471018716546282e-01
8.160506750388359931e-01,1.839492315863558436e-01
8.460277323283003081e-01,1.539723611174992068e-01
9.789432748418778196e-01,2.105663144933638334e-02
5.559412785368081922e-01,4.440588152131058619e-01
9.482746468024785269e-01,5.172544735904898577e-02
9.403125640313887423e-01,5.968753016975285319e-02
8.639247479205854896e-01,1.360753462816499393e-01
8.986366404926158236e-01,1.013634543642564778e-01
5.334879390321818349e-01,4.665121559510073124e-01
7.369286597821395057e-01,2.630712451241060124e-01
7.864113890907212800e-01,2.135885157307114146e-01
9.532720912674661484e-01,4.672781345754563331e-02
6.286735470540623094e-01,3.713265487320330793e-01
7.863026205902532428e-01,2.136972835812475380e-01
6.703159688832784902e-01,3.296839352230680475e-01
7.745233041484460568e-01,2.254765998121412707e-01
6.963680728306411716e-01,3.036318309296298645e-01
5.400093401697690920e-01,4.599907570908475241e-01
9.841880176173118944e-01,1.581207972846514556e-02
8.350229858039170949e-01,1.649771128832067668e-01
8.458396294874966914e-01,1.541604692667947474e-01
7.536104046647886801e-01,2.463894965749583998e-01
9.480925576261289844e-01,5.194515975697086563e-02
6.364820275710723063e-01,3.635145186336422585e-01
9.789720992046969661e-01,2.105212894057100978e-02
5.704200128497620703e-01,4.295818388808510524e-01
7.758458667254464203e-01,2.241467350288798011e-01
8.995630831585876841e-01,1.004570764329851124e-01
5.323249985999235490e-01,4.676782551852551317e-01
8.784601531139002439e-01,1.215736631931440687e-01
7.532172918404864692e-01,2.468134222387114995e-01
9.726266926459514739e-01,2.738567753465255897e-02
6.561254269292794428e-01,3.438892319967976063e-01
6.566323484086784568e-01,3.433923952272303071e-01
6.399222257162990868e-01,3.600692722740290730e-01
7.452447771421017997e-01,2.547691215281111532e-01
7.731716422486973883e-01,2.268362685228401954e-01
8.434834083953385298e-01,1.565165324880562203e-01
5.169195015531173887e-01,4.830986374753321044e-01
9.427867187319215470e-01,5.721333550735745177e-02
9.229003981606804796e-01,7.711365986648602289e-02
8.352396484680268962e-01,1.647617307809807474e-01
7.022195590043998070e-01,2.977861689060843364e-01
7.912250660591308993e-01,2.088046286382159999e-01
9.617780692816246813e-01,3.822579496072695676e-02
7.525433964692123112e-01,2.474551982126709793e-01
7.601574164896003349e-01,2.398497639284510874e-01
6.145738911474625255e-01,3.854102160774001140e-01
7.825740243051879652e-01,2.174186708152683611e-01
9.251013591344672271e-01,7.489596931595612905e-02
7.354852783222229906e-01,2.645157721101379922e-01
7.737690856988403976e-01,2.262268677440525400e-01
5.097040666504333295e-01,4.903129710917146777e-01
5.225357464099665838e-01,4.774787779168503943e-01
8.204621173681247992e-01,1.795617640404323645e-01
9.343150865373515135e-01,6.570190244607122809e-02
9.383085577171050851e-01,6.169871157023054664e-02
8.620080284911844082e-01,1.380265653766050149e-01
5.759263272813691659e-01,4.240786994914615415e-01
5.640259410546073493e-01,4.359667759812401178e-01
6.217888422452108044e-01,3.782220600357927287e-01
9.240364413685069334e-01,7.596386182570624701e-02
8.390802361574618562e-01,1.609225894608102003e-01
7.467914894730736108e-01,2.532108079688924485e-01
5.412106132218416077e-01,4.587921177396582229e-01
8.934285993500425960e-01,1.066099703253569342e-01
6.853698845690605612e-01,3.146502428834569431e-01
7.906263482556039612e-01,2.093799575877627883e-01
8.368297322317848064e-01,1.631982930962548317e-01
8.010414581004989820e-01,1.989866908624807751e-01
8.584595695505325974e-01,1.415436446342814847e-01
8.794825149432634603e-01,1.205554036271695439e-01
8.965551970148200045e-01,1.034782585367350211e-01
7.865490410082756068e-01,2.134649411626456383e-01
7.635905676251935059e-01,2.364414307189014741e-01
7.964134452570028611e-01,2.036163867207256561e-01
9.394347348003255771e-01,6.060358421165295412e-02
8.960993393872977997e-01,1.039283111604313997e-01
5.873899563597871909e-01,4.126241187389297904e-01
7.919750146705977212e-01,2.080276047301829467e-01
8.628728670706037329e-01,1.371607860742605212e-01
7.430845221595947514e-01,2.569304791602520233e-01
8.714410532455796332e-01,1.285591383440889135e-01
9.627007451573660335e-01,3.730769273232235894e-02
9.379516127471840825e-01,6.205834839410073051e-02
6.412290269911962159e-01,3.587786940060423424e-01
5.840617181280559622e-01,4.159540127745543492e-01
7.332139428986759189e-01,2.667810021725150471e-01
5.514340593201270124e-01,4.485719344035226097e-01
9.719043682271468754e-01,2.809967674793386813e-02
7.187714189501421824e-01,2.812223028145131032e-01
9.804576872956412004e-01,1.956384852625387208e-02
8.733027829701012212e-01,1.267060296044464907e-01
9.525609830843024817e-01,4.747647038026976685e-02
9.761635593728474891e-01,2.384944687943686692e-02
5.941782867319191919e-01,4.058328378592482855e-01
7.079049182838025311e-01,2.921124591897655276e-01
9.505930088124924238e-01,4.944070307703590100e-02
6.267521642220862388e-01,3.732498901080856246e-01
8.517366459095769837e-01,1.482654020456090349e-01
9.548909458951666540e-01,4.513293440960387121e-02
7.851797984691116783e-01,2.148494481630147668e-01
7.855608624690866293e-01,2.144552305471321696e-01
5.402043809968231081e-01,4.598042131352689799e-01
9.117375018776483486e-01,8.828066061585183866e-02
7.064220270464693918e-01,2.935891727540921314e-01
9.810583442981961610e-01,1.897376277681422918e-02
8.821676283560964116e-01,1.178365835452293980e-01
7.394709140130842906e-01,2.605220088373969012e-01
7.204724899567972463e-01,2.795414743585449835e-01
5.821456114602356902e-01,4.178621573724853877e-01
6.100685212568061067e-01,3.899162082760419534e-01
5.339068309450454297e-01,4.661039886940944177e-01
9.738771048981387235e-01,2.612599489364734670e-02
8.698576290240684905e-01,1.301579248997316030e-01
8.739166279294385831e-01,1.260833620497633645e-01
9.244485866683271880e-01,7.557311068592398318e-02
8.045961287283673880e-01,1.954157279816469694e-01
5.126333044916365766e-01,4.873519378020309545e-01
8.894988373401659931e-01,1.105181287525665579e-01
5.245062442885027876e-01,4.755074132456555969e-01
8.094217888754071666e-01,1.906030497829117321e-01
5.451015511270026481e-01,4.549114616913659259e-01
6.078550185344530066e-01,3.921435341917363093e-01
5.686727562977962336e-01,4.313191039115494840e-01
5.684958770802341910e-01,4.314955921195351429e-01
5.570006689420295976e-01,4.429824901044086549e-01
7.850406807275414067e-01,2.149860504088260682e-01
8.026245166059925440e-01,1.973846874436631649e-01
8.388102433351580789e-01,1.611951149484231738e-01
8.546458567493251390e-01,1.453634240642424635e-01
7.691418027495091625e-01,2.308514473674493361e-01
5.553717327908591628e-01,4.446423322967926750e-01
5.966857131554608173e-01,4.033069933130811746e-01
6.432108199134760618e-01,3.567975594156692631e-01
8.783217857102738613e-01,1.217015921768924147e-01
6.149533281493633208e-01,3.850661651018246201e-01
8.644058812732886565e-01,1.356130021170989797e-01
9.521323240102945729e-01,4.787813169232156552e-02
7.033497836564261974e-01,2.966662447307208961e-01
7.542909027274816713e-01,2.457060277359932876e-01
9.634758095255950838e-01,3.652920857917602709e-02
7.599089091095769799e-01,2.400956614697853375e-01
7.783869985015594573e-01,2.216422686721771784e-01
6.232438751298676749e-01,3.767403108396309430e-01
5.235155095217158827e-01,4.764964381285368145e-01
7.021130615586340662e-01,2.978912621033205643e-01
5.659290374678739299e-01,4.340722146596440179e-01
6.975467266849163517e-01,3.024530352272452038e-01
7.587716126233829961e-01,2.412517429969918414e-01
8.388614043696133171e-01,1.611719942158350294e-01
5.118775924575205138e-01,4.881068890970854390e-01
7.659617198389099268e-01,2.340688470802473609e-01
5.252861717097785377e-01,4.747015793030093245e-01
9.332200046076012390e-01,6.681823954266929988e-02
8.677863466844024654e-01,1.322436715277334751e-01
9.415316609253165936e-01,5.848887193278112101e-02
8.573748169669066499e-01,1.426459946635206255e-01
8.816515363322006138e-01,1.183573627217814339e-01
7.356047724934564602e-01,2.644147284854285185e-01
9.586438386795810285e-01,4.135540617549789827e-02
6.756775451556888967e-01,3.243213347358528398e-01
8.850823249184276431e-01,1.149451026219120015e-01
8.263691474623462430e-01,1.736310310357062625e-01
5.878207911748755121e-01,4.122038660841581548e-01
5.537667691806381631e-01,4.462317225836018308e-01
9.728407407316015387e-01,2.718530637773694872e-02
6.451178403291096819e-01,3.548844837401944341e-01
7.396150631549088805e-01,2.603944549489854432e-01
8.503929482448249200e-01,1.496425163417914872e-01
7.991471720726226469e-01,2.008642287555874872e-01
5.315021385182036040e-01,4.685037842805152564e-01
5.324024238022014854e-01,4.675964378377127639e-01
6.350675897987585472e-01,3.649486564490169171e-01
9.129534599589461674e-01,8.705019515545749098e-02
9.572003786096072719e-01,4.281609322553544400e-02
9.407475269764662418e-01,5.926616318895317620e-02
5.405440510326333658e-01,4.594705753029770245e-01
6.638299794344852955e-01,3.361620037341324085e-01
7.798054558085585342e-01,2.202066393603875627e-01
9.304273976624140019e-01,6.960510568648596574e-02
7.681938706090443159e-01,2.318035230047772177e-01
6.298583473599541627e-01,3.701281787208011154e-01
9.677781341299891427e-01,3.222816559371292217e-02
6.193627163002988212e-01,3.806281411105894574e-01
7.075256900095374668e-01,2.925027901609918435e-01
5.242832332376975435e-01,4.757024615981519933e-01
6.859379703115304761e-01,3.140803774727546904e-01
6.305132050460249271e-01,3.694913083219501515e-01
7.177449507487165814e-01,2.822775439744400483e-01
8.964221148177736742e-01,1.036101760157420032e-01
5.882857679751766211e-01,4.116977491842155334e-01
7.197885611798737759e-01,2.802081872895114123e-01
9.829080246305312851e-01,1.710008422910302972e-02
6.966288898762486026e-01,3.033937841544832592e-01
9.734706468651850297e-01,2.655720754506120732e-02
5.392971013374698863e-01,4.607244020975475030e-01
9.454282110983811549e-01,5.458206998476617527e-02
7.329216761605492625e-01,2.671097934856071499e-01
7.138397265870933817e-01,2.861552865783291710e-01
9.795080629477754819e-01,2.051305216992619848e-02
7.636289112310722382e-01,2.363686123083896251e-01
7.915379387100478503e-01,2.084737019652058987e-01
7.726868112663527466e-01,2.273366466423389909e-01
5.998543160219881321e-01,4.001489299267498301e-01
9.155373155325556844e-01,8.446369931224737004e-02
8.547381680050670782e-01,1.452951898229645766e-01
6.002390345626351653e-01,3.997795977522141109e-01
7.225274534685305339e-01,2.774707105045883804e-01
7.082000544031650247e-01,2.917918482497882660e-01
5.995598563482814614e-01,4.004452848264963283e-01
5.454222377513814335e-01,4.545719298080687087e-01
9.801903096008313110e-01,1.982784640464574019e-02
6.470228872138402698e-01,3.530050294009302592e-01
9.390873254079932231e-01,6.093606901293195655e-02
7.755410508268667513e-01,2.244677405966614414e-01
8.490220986022734007e-01,1.509816863442181578e-01
9.673602727868508833e-01,3.265117201890285759e-02
5.909924864674370726e-01,4.090267727831130573e-01
6.512226615091354365e-01,3.487873749067881279e-01
9.507352230661293424e-01,4.928245701848791432e-02
5.175899978323839079e-01,4.824244084639628394e-01
5.671438355003748377e-01,4.328785854018988299e-01
7.695909191076464317e-01,2.304152408394243012e-01
7.240705747587760088e-01,2.759419536843702447e-01
6.370785093106738906e-01,3.629399050981252373e-01
8.126623608399439203e-01,1.873435173128682463e-01
7.134724545201206469e-01,2.865411868888876890e-01
5.536078939250509423e-01,4.463881427305636529e-01
9.598323505190775595e-01,4.020464994312238777e-02
5.528696047980132811e-01,4.471427122768168450e-01
6.262867962170979297e-01,3.736978146645875132e-01
8.261385461514172412e-01,1.738858441707590019e-01
5.796834696437158652e-01,4.203023713072221446e-01
9.709526570329758410e-01,2.906429473392966797e-02
5.473403385949250355e-01,4.526647982810870219e-01
8.046911953752229341e-01,1.953057767720601801e-01
6.544054909046388424e-01,3.455957598358915805e-01
5.477147666639156087e-01,4.522675459982538615e-01
8.253228358205935145e-01,1.746912702695051223e-01
7.336446564465484155e-01,2.663772125487618436e-01
5.152135195793898781e-01,4.848086452788396561e-01
7.867156298238389134e-01,2.132851380278981412e-01
9.199356416185229257e-01,8.008123485770160532e-02
7.505086795691121582e-01,2.495173014046436488e-01
8.640584540536043745e-01,1.359410268931795229e-01
5.600029940618403979e-01,4.399887885983082003e-01
8.573811587044601890e-01,1.426463956713130421e-01
8.448050344401623057e-01,1.551931385761097515e-01
6.540093157453819028e-01,3.460048138036592169e-01
8.087157159685272045e-01,1.912782511200340485e-01
5.519407296444587274e-01,4.480764259260998639e-01
6.092649671663452615e-01,3.907500824557801899e-01
9.448810591985933316e-01,5.511908790008626657e-02
9.735696195327454561e-01,2.645814557701214875e-02
7.035950856981019186e-01,2.964027035433211554e-01
8.372817408143431450e-01,1.627257837638192151e-01
9.576144114435078958e-01,4.240932756853900421e-02
7.354036791004414653e-01,2.645930196320316341e-01
9.040593865029086240e-01,9.597382748771146610e-02
6.648076594338827583e-01,3.351819186874641643e-01
7.854793361997477463e-01,2.145169321183253985e-01
8.997554438690229528e-01,1.002469239974795728e-01
8.752298049603928209e-01,1.247736131685242972e-01
9.238226436572960498e-01,7.620158759650266789e-02
5.346407191281857818e-01,4.653796934566706289e-01
7.289574386230588399e-01,2.710657017562552173e-01
8.223716196518844335e-01,1.776337880901498745e-01
9.684287143699097378e-01,3.159092559093356484e-02
6.332097980738243814e-01,3.667885877486770640e-01
7.798130763827777479e-01,2.201835615361967813e-01
8.825127831464616435e-01,1.175248191507705098e-01
5.240387284287113534e-01,4.759798302500931055e-01
6.086091186158808508e-01,3.913920834224800527e-01
5.514629691869149530e-01,4.485436076841997077e-01
7.661644622548249295e-01,2.338412322195962401e-01
6.903417119441994654e-01,3.096529969944104566e-01
8.537007076374876213e-01,1.463299435691530204e-01
8.523780149598814138e-01,1.476227590392639732e-01
9.163902351387465117e-01,8.361150648804425989e-02
9.329290394931637476e-01,6.709430648947431464e-02
8.809876648422347856e-01,1.190255865154844217e-01
7.916177019275271176e-01,2.083833098786351257e-01
6.733345120163702902e-01,3.266767500912968747e-01
6.501901700750231106e-01,3.497970986202793564e-01
7.084028633942213160e-01,2.916271948069658615e-01
7.481520166534951777e-01,2.518482363360203258e-01
5.828811755448857213e-01,4.171298175890276183e-01
8.536134776784966016e-01,1.464214806564081706e-01
9.271029226178126859e-01,7.292626009770311613e-02
6.676042213882186216e-01,3.324024792749880053e-01
5.428106356812587574e-01,4.572020764916899793e-01
5.429219338375189663e-01,4.570856663746367676e-01
5.466488551180962441e-01,4.533666656600210398e-01
6.769023339224302660e-01,3.230911132372772387e-01
9.534905871630703356e-01,4.650783551500804747e-02
5.504420751150597146e-01,4.495556227485490441e-01
9.475414658683367630e-01,5.246670151842635493e-02
8.267532629354326090e-01,1.732577705344698626e-01
6.442378248088912462e-01,3.557510829314347034e-01
6.493744954093250144e-01,3.506475100251001953e-01
7.816280173291223488e-01,2.183641028269606155e-01
8.856771632133332295e-01,1.143604770770494522e-01
7.951132394652037361e-01,2.049039861582418465e-01
6.260660432835140066e-01,3.739519754612599667e-01
8.766038053049340917e-01,1.234001889948848768e-01
9.056805772452634073e-01,9.435704407763306767e-02
8.386399093585374942e-01,1.613581509547219184e-01
7.431127102968717590e-01,2.568800217608406267e-01
6.272017638061799794e-01,3.727863932008131376e-01
6.422988214200122670e-01,3.577273516565724343e-01
6.087465316199708321e-01,3.912393714304552850e-01
6.256471563927341606e-01,3.743742666672696950e-01
5.965850910175037880e-01,4.034083622989625417e-01
9.740582278172527086e-01,2.596813383852452153e-02
6.144005953972331291e-01,3.855905370511734098e-01
9.634234794920273348e-01,3.660886414264038352e-02
6.382297103689958950e-01,3.617700667776797552e-01
6.317853797653466552e-01,3.682270319954596971e-01
5.608149572899238100e-01,4.392071925179525382e-01
8.475717799358415405e-01,1.524238876104127560e-01
5.896836453743614648e-01,4.103185702504485999e-01
9.267331793088258163e-01,7.327554422440336890e-02
6.149159294499764172e-01,3.851000119678780753e-01
8.138700520745463241e-01,1.861330838785722752e-01
5.227548190608816148e-01,4.772599536137528409e-01
9.320297624851252571e-01,6.799925769346397419e-02
7.365508429242678679e-01,2.634393009762976412e-01
5.414427445804882444e-01,4.585562121918753120e-01
6.974228576651354539e-01,3.025996203779826033e-01
9.393393962717349055e-01,6.067191300011542249e-02
7.106997344530744387e-01,2.893171591207471249e-01
7.511095652285653124e-01,2.488908183830536580e-01
6.281991100871435751e-01,3.718278514218353314e-01
6.444412354380081309e-01,3.555790904515566675e-01
8.277190321556167074e-01,1.723066962470359009e-01
6.809391427103140826e-01,3.190604675366159326e-01
5.200013986941848243e-01,4.800028873656583817e-01
8.546335794674836395e-01,1.453666503242829755e-01
8.245085240384538716e-01,1.755198612224167787e-01
6.967308495851779471e-01,3.032853798213185348e-01
7.826656312639299617e-01,2.173572097632420486e-01
8.391620158932903140e-01,1.608532561153272755e-01
8.113373199695508298e-01,1.886843533457322752e-01
5.413845044825543740e-01,4.586035435554826623e-01
7.931949840062532120e-01,2.068095421196085859e-01
9.505678655743579064e-01,4.945276599536806150e-02
5.909302420332074313e-01,4.090528270969353564e-01
5.624775020086960620e-01,4.375394311210769049e-01
5.990099633307957028e-01,4.009859975162189394e-01
8.603281398192547114e-01,1.397065018586647334e-01
7.383213713684957380e-01,2.617078885679391953e-01
7.096243310950440808e-01,2.903967578290731488e-01
6.763370044047641860e-01,3.236682645347727649e-01
6.511499289315355599e-01,3.488368182196387446e-01
8.960855198081982831e-01,1.039104267353778976e-01
9.114831627954982363e-01,8.852024386959139735e-02
9.719869938166560974e-01,2.801228775639554025e-02
5.925269890217290669e-01,4.074901941576179465e-01
6.955542694551761773e-01,3.044740264610469316e-01
5.272045505492028994e-01,4.728036729836184171e-01
6.592488545875716532e-01,3.407482634531121546e-01
9.295489104091281263e-01,7.045538961206823658e-02
9.049465800208860156e-01,9.508280275119898595e-02
6.282789334668194003e-01,3.717142931859526156e-01
5.768718255756293267e-01,4.231282722016233566e-01
7.225869266513624822e-01,2.774203448995672394e-01
7.487068443572335585e-01,2.513056817334057835e-01
7.159905735816940453e-01,2.840324036168589417e-01
8.681853815121541862e-01,1.318159567132475285e-01
8.528806749189921099e-01,1.471474933786646733e-01
6.500700048301161216e-01,3.499566667223590888e-01
7.433966104110237838e-01,2.566080883856894368e-01
9.519804272829739400e-01,4.803259468646604857e-02
9.779268422243213577e-01,2.207736113362665856e-02
8.508356637762449770e-01,1.491639812696960998e-01
9.272015355634215528e-01,7.280868389206206215e-02
7.314343505818756697e-01,2.685955121336439655e-01
5.662005108323587832e-01,4.337874429779916552e-01
5.716551824976761065e-01,4.283527780384461803e-01
5.540990716577134378e-01,4.458988927315210571e-01
7.010420649533644077e-01,2.989761512184461734e-01
5.492742878185139510e-01,4.507493643142844730e-01
8.046817828864694100e-01,1.953392360840636721e-01
6.257187663352763440e-01,3.742654976305218595e-01
8.026573712112297088e-01,1.973571976484229384e-01
7.807838795848807134e-01,2.192125546918559376e-01
8.517890325043341315e-01,1.482087156675855888e-01
7.902133565707903928e-01,2.098135066621229228e-01
5.228388434223849579e-01,4.771451615256944168e-01
5.545683515090598092e-01,4.454423969907539416e-01
5.467287833103131600e-01,4.532525365282563112e-01
9.752505505302505595e-01,2.475665420581593668e-02
6.189491178544708205e-01,3.810532863722300156e-01
5.638716050833612048e-01,4.361217319896702471e-01
8.394891127915028450e-01,1.605270074672501823e-01
8.032550582120863147e-01,1.967540929530745830e-01
8.212015680792947858e-01,1.788265833301129204e-01
5.394456383421936119e-01,4.605553971375581090e-01
5.704522260144133661e-01,4.295517619854113955e-01
9.793571304232944197e-01,2.064809126976841283e-02
7.804402447764420270e-01,2.195681580152168688e-01
8.638370354212785429e-01,1.361681230051831337e-01
7.882806211964340504e-01,2.117231707764959947e-01
6.752994604676411106e-01,3.247004256357802210e-01
6.340149779895551951e-01,3.660073974107995176e-01
5.590169513580582894e-01,4.410050042870249376e-01
5.184604907150744957e-01,4.815343540030806446e-01
6.604771838677941931e-01,3.395502718877361770e-01
9.126121223676897376e-01,8.740740688782809575e-02
6.556475995071501250e-01,3.443697464424076982e-01
8.729340586132278146e-01,1.270622967606180043e-01
9.348596574529204339e-01,6.515700392467774216e-02
5.833125091110749061e-01,4.166840899991866576e-01
5.227305180614311153e-01,4.772583272875915439e-01
6.109966752284072822e-01,3.889941308713747992e-01
6.999762802684688090e-01,3.000488241280526713e-01
6.280507408836758509e-01,3.719592013533164487e-01
7.262486480069401118e-01,2.737400406287354149e-01
6.982218101255222020e-01,3.018026005262025024e-01
9.726218987556487505e-01,2.739235019013550390e-02
5.490489849657045340e-01,4.509461169721988849e-01
6.485576292778715279e-01,3.514454653769599757e-01
5.887330209730898822e-01,4.112588889074768606e-01
8.064542738082953743e-01,1.935528599313861009e-01
8.087136259283396189e-01,1.913165345029053110e-01
6.556925085609489612e-01,3.443281213728685008e-01
7.114143857726541453e-01,2.885736821899943516e-01
8.259410124983590507e-01,1.740688075504263632e-01
6.736176613830910931e-01,3.263825708903175804e-01
7.761342229013422633e-01,2.238841940699986544e-01
5.257388842162215026e-01,4.742562394358719180e-01
5.473668248629811606e-01,4.526298989300528430e-01
5.609211620895259154e-01,4.390958655812529088e-01
8.636869570390298678e-01,1.363306799399839064e-01
7.255641461632689193e-01,2.744574388359364292e-01
8.022360636288059510e-01,1.977765927908770316e-01
6.605933024062144998e-01,3.394305794590916636e-01
9.757050595307330543e-01,2.431804316332992350e-02
7.545168854441172135e-01,2.454949071635796343e-01
8.123101355008659485e-01,1.877196398868128668e-01
8.385662618721421158e-01,1.614499021307425342e-01
9.052807199433743346e-01,9.475631399073843053e-02
9.663749554373219919e-01,3.364226798169084320e-02
7.276862960178667183e-01,2.723078166798791888e-01
5.598496278341739130e-01,4.401632800388148303e-01
6.240463530688650229e-01,3.759720984215249584e-01
9.681043878953357051e-01,3.193401979979292732e-02
9.775725297442162676e-01,2.243540286058111691e-02
8.394939085380257460e-01,1.605300163696794791e-01
5.607656128720118760e-01,4.392493916235707951e-01
8.760515400132860009e-01,1.239618367242147495e-01
8.017859362402470769e-01,1.982172256982565328e-01
9.069581414001377517e-01,9.307881210059112953e-02
5.867101892435367949e-01,4.132941022783008234e-01
6.772587569240503536e-01,3.227307414337751146e-01
5.219214457841697685e-01,4.781009725309022795e-01
5.285609294611310904e-01,4.714249627753819283e-01
7.079873400455974908e-01,2.920138095323746019e-01
7.719380705889709038e-01,2.280599618228028036e-01
7.396781284327742512e-01,2.603270880847375346e-01
5.640773845571995793e-01,4.359267130342041607e-01
7.147920493533372888e-01,2.851977812553402880e-01
9.151216419315233441e-01,8.489961983757826625e-02
6.808275287250082908e-01,3.191791222749990609e-01
6.343733850880154401e-01,3.656312561327578758e-01
6.388851410338500791e-01,3.611185041790624939e-01
5.241563159481538170e-01,4.758535913215589108e-01
9.765168303270004291e-01,2.350238712270373218e-02
8.717464993411006002e-01,1.282627535821961595e-01
7.275606333017392569e-01,2.724417667888584527e-01
7.307850232584994776e-01,2.692115583125930800e-01
7.817522285593332398e-01,2.182604955810459324e-01
7.249236849410651828e-01,2.750804048468286633e-01
7.339312366724352055e-01,2.660851254984861192e-01
6.799982857187465424e-01,3.200029893338173781e-01
6.773277946323161824e-01,3.226664903865618106e-01
7.390369067688254967e-01,2.609578186022578072e-01
7.399929803127827110e-01,2.600000112261124374e-01
6.824637050326965992e-01,3.175597929369897154e-01
5.219434860485592242e-01,4.780756920477106653e-01
7.513087593127600883e-01,2.487120483418260308e-01
7.732358485871582143e-01,2.267895799457823047e-01
8.012396077040672138e-01,1.987655414640834839e-01
5.451276783915821600e-01,4.548945317787135845e-01
6.706204595066218577e-01,3.293793537763718970e-01
5.553378984759871351e-01,4.446760953250974979e-01
7.055723402943518963e-01,2.944316291540966524e-01
6.071718682851807714e-01,3.928423291864857059e-01
8.697285400006384837e-01,1.302886763656644353e-01
8.356850319887525469e-01,1.643217487244263142e-01
7.598536659526751169e-01,2.401394929204014317e-01
6.545921709116672149e-01,3.454227570577730888e-01
6.213094185338834397e-01,3.786780487982090437e-01
9.243826551805867098e-01,7.562725896659734659e-02
7.837811178894815711e-01,2.162407199757495346e-01
9.064964336621752494e-01,9.351212565997972515e-02
6.474065212022109828e-01,3.526015523803320284e-01
8.185514663837125671e-01,1.814716073787752126e-01
6.676244419516743633e-01,3.324012059994626567e-01
7.190186873079641439e-01,2.809957542171779288e-01
5.321125117267211380e-01,4.679018712607002639e-01
5.964933130885960999e-01,4.034981183486153200e-01
9.645651684510382351e-01,3.545212197057981407e-02
9.625516077595124287e-01,3.745792297248203701e-02
9.537713924901810580e-01,4.624857911020926332e-02
7.336799214887940179e-01,2.663348267249061041e-01
8.317107912576877649e-01,1.682882774684993088e-01
9.550336334927936877e-01,4.499092479822661139e-02
7.989943993840649128e-01,2.009999438190653298e-01
6.960356938416342176e-01,3.039608971720650366e-01
9.466334342973443672e-01,5.338535024274265739e-02
8.848789153746525749e-01,1.151354948583801080e-01
6.660383112710467346e-01,3.339718450861045573e-01
7.072345752797870588e-01,2.927617701135381001e-01
6.884801309830764771e-01,3.115328260182475550e-01
9.327343141664350412e-01,6.729787224615413344e-02
9.761025693981353335e-01,2.390091548990874032e-02
8.521649025793851528e-01,1.478672122721915727e-01
9.748641159796191946e-01,2.515073758848201599e-02
6.135098354774031204e-01,3.864834650064705723e-01
8.120925331607959929e-01,1.879363887519696630e-01
5.730512655712618475e-01,4.269677259722973184e-01
7.691318844678367572e-01,2.308824136768082846e-01
9.107105738829779362e-01,8.932464933500423865e-02
8.348579249310977834e-01,1.651624116841585166e-01
7.027415959367667719e-01,2.972768287372092311e-01
8.888349704040788835e-01,1.112024303732285641e-01
6.727420422146450640e-01,3.272467635577532286e-01
5.380029760956109852e-01,4.619823627309507796e-01
5.435745800565020547e-01,4.564386127873842902e-01
5.987542667696130749e-01,4.012505532833899324e-01
6.635956283633216435e-01,3.364156562117746607e-01
8.406631163418771813e-01,1.593573939982519672e-01
6.958134010376615386e-01,3.042061196085898978e-01
6.654583094422614753e-01,3.345452311883528873e-01
6.327660687405851636e-01,3.672425124185694223e-01
6.856829901079372069e-01,3.143226475296470590e-01
8.710265279131281790e-01,1.289754040170071614e-01
9.775888099416976118e-01,2.243941250789318817e-02
6.426875051879927803e-01,3.573076574381845449e-01
7.465974923748078806e-01,2.533920449678717657e-01
7.613138994730925813e-01,2.387032504714344805e-01
8.160769738624246150e-01,1.839176090478419068e-01
5.371057486221344490e-01,4.629040917650844023e-01
7.492316639900349351e-01,2.507752893190589583e-01
8.553646527064935334e-01,1.446612585724130207e-01
7.654259826139311329e-01,2.345884763216579405e-01
8.847144186051987269e-01,1.153129648991371575e-01
8.434472609271825849e-01,1.565542413144198897e-01
6.517707032808274237e-01,3.482502503439336428e-01
5.824536684469867609e-01,4.175434850516374641e-01
5.587135340513557091e-01,4.413000859692121636e-01
8.293951353633186585e-01,1.706300377937828017e-01
6.052421683639946925e-01,3.947743698656859812e-01
6.683336522648444245e-01,3.316934200807836186e-01
8.202896075616195048e-01,1.797412058889387987e-01
6.738864080193215367e-01,3.261401405616050631e-01
5.964479299095193365e-01,4.035380513821203996e-01
9.211352740761249436e-01,7.886243824303668104e-02
7.433523929084321358e-01,2.566375441755183728e-01
6.718935571978836840e-01,3.281216012795674097e-01
7.010666904919558018e-01,2.989341490565178283e-01
8.603541324462171680e-01,1.396622872069999133e-01
8.013951441509147289e-01,1.986004274151257076e-01
7.659793910939083350e-01,2.340124968359128532e-01
5.965411107030222926e-01,4.034528785705525644e-01
5.288512338198885221e-01,4.711480833723110662e-01
9.308339650888683980e-01,6.917916592809880694e-02
9.306104125624601320e-01,6.940945773928279550e-02
5.832875414467673103e-01,4.167059724223728945e-01
7.571151540590537188e-01,2.428880648861222735e-01
7.469884554365699980e-01,2.530175354349414318e-01
7.092803251255186403e-01,2.907140409188261332e-01
6.791235713404430996e-01,3.208718003751812042e-01
7.921530440168819132e-01,2.078452913076396791e-01
5.259123292923578719e-01,4.740909685696142462e-01
8.775799961994281695e-01,1.224473494636610649e-01
9.014846701257900330e-01,9.855074559512033705e-02
7.798729280555746213e-01,2.201526528909530100e-01
5.970623825898807580e-01,4.029401014565638928e-01
6.777652390890439582e-01,3.222331628810591875e-01
5.681624848027961860e-01,4.318568584861383064e-01
8.530504463603765242e-01,1.469746018147395361e-01
6.004056632843352004e-01,3.995918535327648846e-01
8.826203169421398265e-01,1.173838361624322535e-01
9.829627316804345760e-01,1.706828418014356280e-02
8.237359579343879190e-01,1.762722378307843563e-01
7.051769047562906900e-01,2.948109599980393014e-01
7.594026348656425229e-01,2.406055385979435912e-01
7.307572366600526559e-01,2.692539461329281902e-01
8.353595642788438358e-01,1.646663233882555144e-01
7.141079837319225243e-01,2.858866107123712585e-01
5.759896622648551512e-01,4.240022587774807117e-01
7.389825464383497078e-01,2.610309044566283543e-01
6.523553068972887115e-01,3.476665343692619259e-01
9.715150597901224261e-01,2.852304367678021660e-02
6.748240051555945973e-01,3.251729854843592449e-01
8.455913261595450203e-01,1.544194674880539908e-01
5.946253400707519621e-01,4.053668795060691998e-01
8.804777034668287428e-01,1.195429563440755655e-01
7.389428628482668238e-01,2.610712743321161877e-01
7.122003727367478554e-01,2.878066023234058801e-01
7.920340804483581021e-01,2.079920133345392885e-01
6.751944702177969937e-01,3.248111246103608796e-01
5.903743004990773535e-01,4.096401893694355811e-01
9.630408679090940449e-01,3.696717611270303183e-02
7.927080657757361593e-01,2.073054396985256898e-01
7.248804739618339710e-01,2.751467453007293562e-01
7.574807563690553192e-01,2.425410145695234831e-01
8.065612760662634884e-01,1.934699337097896821e-01
6.513073118536845119e-01,3.486942450963605999e-01
7.548785426960609168e-01,2.451191808728009625e-01
6.161592402067007646e-01,3.838553505738133143e-01
6.017579410534565909e-01,3.982486514251866172e-01
7.216632864122347613e-01,2.783308167518003806e-01
5.567964605226771724e-01,4.432109185293787168e-01
8.532629441948581528e-01,1.467673728582434001e-01
9.569295008761211641e-01,4.311077412333394476e-02
8.236976401270191817e-01,1.763114580807831899e-01
5.664266955802259584e-01,4.335560310446947563e-01
9.058247769639711233e-01,9.420042330386223239e-02
6.470641184064654938e-01,3.529470687313197574e-01
7.823278961115716079e-01,2.176643724043758055e-01
6.297208186603784341e-01,3.702694462957906718e-01
8.164778570937556434e-01,1.835195665967614687e-01
8.355684853251947874e-01,1.644492131797422874e-01
7.049087680363473885e-01,2.950861280180269719e-01
7.039976535079820463e-01,2.959924765102811550e-01
8.909380773340893622e-01,1.090936599524060385e-01
5.893705376624098768e-01,4.106352077266451350e-01
6.261076936259929449e-01,3.738810694272431956e-01
8.860556641834814728e-01,1.139705948418934384e-01
6.383790116722708463e-01,3.616324928513588999e-01
9.228400966766873159e-01,7.718375448383824056e-02
6.238637760624885509e-01,3.761521162432216459e-01
8.570569080366993164e-01,1.429784462043273974e-01
8.059899627853748250e-01,1.940167932181239840e-01
9.336937237642410903e-01,6.633405938245323652e-02
6.771509903658029517e-01,3.228637135627468457e-01
8.966140152770973870e-01,1.034068257276360286e-01
9.628571851366294343e-01,3.714672434664458012e-02
8.331310530638824652e-01,1.668916107483705280e-01
6.062824236939560185e-01,3.937181804320031286e-01
6.435078702171288523e-01,3.565111466566109333e-01
7.473659957671514587e-01,2.526492906174021003e-01
7.556324741645428222e-01,2.443794439854130862e-01
7.912075775034310698e-01,2.087937428813801399e-01
6.595124828469302036e-01,3.404738085708673423e-01
6.267835483218302528e-01,3.732266499303549812e-01
9.634579435885517462e-01,3.654413556976847388e-02
7.328534354662074035e-01,2.671507003950108761e-01
6.678367647781250360e-01,3.321520284074466201e-01
7.525712020944006486e-01,2.474430725328643776e-01
8.078177213634855081e-01,1.922094918985495227e-01
6.996829026418058817e-01,3.003390822812574967e-01
6.461002079834341494e-01,3.539026031196258471e-01
8.055213613342125933e-01,1.944872096651760196e-01
7.816758230948497310e-01,2.183377987284028376e-01
7.112023732955818911e-01,2.888215520945869863e-01
5.675209075710628825e-01,4.324638819963094738e-01
5.150259441135059957e-01,4.849792382096848598e-01
5.989282633987305093e-01,4.010910373237083770e-01
8.645684653738412440e-01,1.354400633070179383e-01
9.407218091482696387e-01,5.928237037777198126e-02
6.487926655498180706e-01,3.512017453250204646e-01
5.678746594520704960e-01,4.321470189532740092e-01
5.558967721571698162e-01,4.440859241567997051e-01
6.022016245277850288e-01,3.978089373622942793e-01
5.997019532525841301e-01,4.002969477889598005e-01
8.049778329154954060e-01,1.950155664113066567e-01
5.442927452856526349e-01,4.556948684978130437e-01
8.801960794554264389e-01,1.198197934591830743e-01
9.238928819433752659e-01,7.610789658255334711e-02
8.250083999155198855e-01,1.749996741156278901e-01
8.970577550596121608e-01,1.029392297700163911e-01
6.199109030415479449e-01,3.801098542840529171e-01
5.406204448741428470e-01,4.593767787454939855e-01
8.641485863498956643e-01,1.358604381559859187e-01
7.757387679461618113e-01,2.242854760061747665e-01
5.847941878725906317e-01,4.151911268802775390e-01
8.793121126055316594e-01,1.207139591036927861e-01
8.246338087774874870e-01,1.753758046109759050e-01
5.938869176135382899e-01,4.061107619481484354e-01
6.693172871219796871e-01,3.306989199330023776e-01
5.204286367508257349e-01,4.795930096912260354e-01
8.531954311217015974e-01,1.468037711000360346e-01
7.586707043378255744e-01,2.413295322671287768e-01
9.399294291510658095e-01,6.008894032863686119e-02
5.096835131235690763e-01,4.903358669021788963e-01
5.264194247254513348e-01,4.735707176053291501e-01
9.406057487457319954e-01,5.942998263513679658e-02
8.229463061267511259e-01,1.770590910826323472e-01
6.778753559307120202e-01,3.221523358737294340e-01
7.384575032618927448e-01,2.615683286403910346e-01
6.217862245314467184e-01,3.782245166193518582e-01
5.800506395838695983e-01,4.199681464433208111e-01
9.020232696735543954e-01,9.800922730884722989e-02
7.770921037040030566e-01,2.229336188251683781e-01
9.488069459364276703e-01,5.122667106298757489e-02
7.351496870311874376e-01,2.648772204911772343e-01
7.478913326669820449e-01,2.521213765607911439e-01
8.473942601148634068e-01,1.526284379621000165e-01
8.364414846951629956e-01,1.635836954054925851e-01
9.127472941727110545e-01,8.726329556364403883e-02
6.774911752254882957e-01,3.225249524375862209e-01
7.207123205534727850e-01,2.792876285292203997e-01
8.635541390531831230e-01,1.364633185559853135e-01
9.201394698260541016e-01,7.987246388515754913e-02
8.052281739913187408e-01,1.947757423017530964e-01
8.430271028263730537e-01,1.569717991694535020e-01
7.390561108671523938e-01,2.609549635218736952e-01
5.609722683857261138e-01,4.390352778731690941e-01
6.876818494858785158e-01,3.123150328301899648e-01
5.366990678007222959e-01,4.632892992198641147e-01
7.616897798522617169e-01,2.383380377012940810e-01
7.000040094942031610e-01,2.999985058419209483e-01
8.103013210748584161e-01,1.897217147007162208e-01
8.020947824623589906e-01,1.979198786071105498e-01
8.875013408367858903e-01,1.125325778299602342e-01
7.195182533844438622e-01,2.805098385766015556e-01
5.544836038787641641e-01,4.455279604633809454e-01
