4.405214101924921910e-01,5.594785768348078392e-01
4.075007325235024958e-02,9.592498612901784183e-01
4.048870439818834099e-01,5.951130631827370454e-01
4.691026286310336912e-01,5.308975383859769748e-01
2.063372530286500528e-01,7.936625416971707647e-01
6.904315287380664856e-02,9.309570821495953830e-01
2.019914253121552206e-01,7.980082929039385986e-01
2.581392934884074175e-01,7.418610235608380510e-01
1.723277095830563210e-01,8.276719568421175843e-01
3.265670449403664244e-01,6.734325534932663615e-01
3.939516967963482830e-01,6.060487361822118890e-01
2.819589625291250568e-01,7.180414714965199785e-01
3.851432850138343245e-01,6.148562197080424951e-01
2.023930949193723239e-01,7.976063469243637183e-01
3.254123373416712983e-01,6.745882439546979636e-01
1.699255955173004096e-01,8.300738219617924685e-01
2.297167955026586592e-02,9.770289232104644173e-01
3.346258080143400537e-01,6.653748270877590798e-01
6.436778278286410249e-01,3.563228274089002001e-01
1.651132586038135397e-01,8.348874223197434441e-01
6.577003594332608838e-02,9.342292309072099954e-01
2.055275432607785446e-01,7.944717138486875330e-01
2.774146563323292014e-01,7.225860972289831485e-01
1.217536893161091233e-01,8.782470803710864526e-01
3.801468463326558300e-01,6.198539944126093548e-01
1.761316748749650607e-01,8.238674664909902967e-01
6.258967808305132552e-01,3.741023504772774677e-01
4.255374971790051863e-01,5.744633715320490719e-01
2.625514405518720173e-01,7.374494613057240855e-01
2.234383536082245880e-01,7.765607276276569326e-01
4.886865781708863987e-01,5.113144074661979399e-01
2.529134103612163398e-01,7.470855089581327491e-01
2.856883653171294335e-01,7.143128441694014397e-01
3.193669519369369270e-01,6.806318256296405300e-01
3.656588731758925181e-01,6.343398806556777014e-01
2.952406518507968286e-02,9.704771841866687287e-01
2.505209044080917713e-01,7.494803671063996475e-01
3.862388442498333047e-02,9.613747961319075719e-01
1.796412632064313397e-01,8.203574087646418045e-01
3.501998165751291081e-01,6.498015374620729201e-01
5.119982606507411660e-01,4.880031428872054766e-01
6.297830105528239297e-01,3.702184138298900140e-01
3.978900403993250734e-01,6.021085215427818271e-01
5.179105980403924114e-01,4.820879628041590537e-01
1.352571187439961242e-01,8.647443478820795448e-01
3.876966500909534430e-02,9.612287623046484875e-01
2.714368507897969851e-02,9.728579710754733378e-01
2.684053214853535096e-01,7.315929844346901190e-01
5.007799528119226684e-01,4.992183409320809506e-01
4.351228408353525201e-01,5.648788654213886540e-01
1.988291063861664654e-01,8.011691737770691990e-01
2.636860120776819416e-01,7.363121888414435601e-01
2.887225984554288583e-01,7.112792423401020914e-01
2.763261293592663148e-01,7.236758048426711332e-01
3.889768995898721382e-01,6.110250783704209709e-01
5.822917959347719830e-01,4.177102012224141458e-01
6.145735257924795913e-01,3.854284868219486349e-01
5.416553570026244602e-01,4.583426302141511144e-01
5.490653406405562320e-01,4.509326034155274332e-01
3.575129019365262395e-01,6.424850280725855622e-01
3.731819207125935955e-01,6.268159355564023594e-01
2.329946573768360008e-01,7.670031623990681835e-01
3.142031058258236142e-01,6.857990788577893460e-01
4.443425527130052122e-01,5.556552529282592356e-01
2.828029936958694965e-02,9.717219143325028785e-01
2.832682043075994693e-01,7.167340184066702813e-01
6.190304389229424054e-01,3.809672869028208342e-01
5.516592512169495865e-01,4.483430384186428141e-01
2.694769578906571206e-01,7.305253431601453906e-01
6.306954258862081941e-01,3.693069011242302579e-01
4.465282134149453630e-01,5.534694495692094041e-01
4.477435448493174985e-01,5.522588020319656454e-01
1.928773299519027928e-01,8.071250562174070442e-01
4.942309574882939316e-01,5.057715462363696624e-01
1.017024812720669913e-01,8.982949886006206253e-01
2.840139754815766970e-01,7.159834433144820487e-01
5.340569422571579405e-01,4.659404684677500574e-01
1.612233625537076442e-01,8.387792816907695403e-01
3.685319676161063485e-01,6.314706809018262312e-01
4.296125424964492012e-02,9.570414024594930957e-01
2.020304425514576063e-01,7.979668743409731313e-01
4.890426358891212244e-01,5.109546778601463668e-01
2.637990143779939123e-01,7.361982430936847566e-01
4.659139728248686274e-01,5.340888217738420929e-01
1.567819482649030760e-01,8.432152085758158888e-01
2.554793101582841230e-01,7.445235565705388137e-01
1.791984613369821677e-01,8.208044112946198956e-01
5.461622464125309717e-01,4.538348697273849597e-01
1.732116964253422875e-01,8.267853423337691021e-01
2.474743123620294916e-01,7.525286634759280613e-01
5.427678880735942180e-02,9.457262024011507950e-01
5.157948624621387923e-01,4.842081638312077385e-01
5.951467987906768897e-01,4.048501479768228939e-01
1.130052937819834014e-01,8.869977607052331736e-01
6.402518079265602235e-01,3.597450938442082746e-01
1.910960404901078935e-01,8.089008311100033266e-01
3.002865528145638452e-01,6.997103165075335696e-01
6.506114913176266334e-01,3.493916421035293540e-01
5.480906980945462470e-01,4.519124452141035087e-01
1.423092443961486708e-01,8.576939577301899709e-01
7.187929242420462717e-02,9.281239210434318876e-01
4.885034294952176892e-01,5.114933315602875341e-01
6.137229033854938454e-01,3.862803806886793145e-01
1.992438126686481015e-01,8.007528848279454881e-01
1.016369194261677739e-01,8.983597397144572616e-01
5.749424736475730047e-01,4.250608934772132641e-01
3.652107799018384227e-01,6.347858142015923022e-01
3.468192934892226353e-01,6.531841271824009310e-01
3.108444730097760789e-01,6.891589483031830277e-01
1.540485750109990837e-01,8.459549071621457195e-01
3.078848285083130021e-01,6.921116332732314413e-01
3.313649856702138852e-01,6.686385633227307501e-01
4.211760482844648101e-02,9.578788308374939220e-01
6.487793293947033968e-01,3.512242647049683142e-01
3.587184011821401564e-01,6.412852176354276734e-01
1.183877237462771376e-01,8.816158951171292335e-01
6.559366041534152592e-01,3.440671042716764161e-01
3.284216182762004776e-01,6.715820954466300563e-01
4.621813092925898259e-01,5.378149573343474765e-01
2.240712263702618334e-01,7.759325348047109161e-01
3.325963841821963363e-01,6.673998370775334754e-01
3.229102511016495036e-01,6.770859499445628371e-01
5.596243932112840991e-01,4.403794982124638602e-01
4.264919163487849718e-01,5.735041857046531133e-01
2.497003733698208716e-01,7.502957153687178637e-01
4.743035200345591118e-01,5.257004051841095427e-01
5.683458182281896365e-01,4.316502104272906259e-01
4.268405746558646685e-01,5.731634183297725782e-01
3.223489117699432915e-01,6.776550871951608768e-01
4.281273420686999565e-01,5.718686392123244477e-01
4.717185223203270161e-01,5.257668165230227064e-01
4.608560484943214353e-01,5.418018837008163890e-01
2.171169331487492471e-01,7.789195779438029543e-01
4.278956679078357861e-01,5.709184961520834545e-01
5.010909570872400520e-01,4.988919586418485985e-01
5.574014641423116756e-02,9.409503444297251384e-01
6.097167113298156416e-01,3.893771806199777807e-01
1.644321562279984217e-01,8.307997455088050875e-01
6.251406343720401493e-01,3.747047012594609816e-01
4.955932101003669432e-01,5.008120642031048675e-01
2.206078186207887371e-01,7.788669389812803434e-01
5.447976949388091406e-01,4.531033444577761138e-01
4.886229124390824574e-01,5.105699793387747931e-01
3.508763596565716014e-01,6.503577450318405173e-01
1.342018470684855080e-01,8.621038618040901547e-01
6.254101730700576400e-01,3.732505629828940519e-01
7.449344794718346097e-02,9.245407098954939729e-01
5.849963800541221337e-01,4.183940000107294610e-01
3.903238654841899302e-02,9.603459637751972089e-01
3.292982446998458101e-01,6.660856112442994359e-01
2.373301312232343196e-01,7.592274560794015636e-01
4.966521314816083055e-01,5.048266518385446933e-01
4.801575395795398271e-01,5.161511282492368125e-01
3.132090966217599970e-01,6.829544129411417863e-01
3.657942257737492042e-01,6.366370898053347327e-01
4.194502455394191753e-01,5.827172221271871289e-01
5.059197021509007630e-01,4.960776693212373689e-01
4.002215861829915289e-01,5.969458066598456458e-01
4.742731784252569027e-01,5.274471602285308869e-01
5.524523720738916399e-01,4.498540579811031170e-01
3.515038455384122962e-01,6.487741867736711576e-01
1.631662110737304439e-01,8.312316276389508651e-01
5.412281646596188711e-01,4.624784477225659662e-01
3.331504219896891383e-01,6.685165796008677441e-01
3.260340957552013141e-01,6.727249313172677381e-01
3.866567380602912996e-02,9.551666917379038058e-01
2.044947359644372908e-01,7.934396763560809251e-01
4.572084071764031532e-01,5.422141355231142601e-01
4.577422815154194025e-01,5.443920667932317103e-01
1.150969655606054187e-01,8.788476603225052752e-01
4.460877955281301599e-01,5.515694724659094828e-01
5.087308168410412668e-01,4.879886691293452428e-01
1.089125484827236645e-01,8.872922575667673284e-01
3.931011670049948670e-01,6.073150715081544471e-01
4.978468198203471196e-01,4.998983721743197606e-01
3.947710318970241161e-01,6.061707046157905898e-01
4.742626003488058517e-01,5.227321347492258630e-01
4.353952951772993019e-01,5.626752096157792149e-01
4.731844565173582984e-01,5.267347174743821636e-01
4.424872006096616239e-01,5.552561323795167647e-01
4.769413018559805484e-01,5.264611326815229475e-01
3.521754454831715897e-01,6.445052173021432740e-01
4.716146926608152379e-01,5.273676283037724843e-01
1.964106317861348538e-01,7.997377826395869471e-01
4.367204998864017140e-01,5.638066358568314396e-01
5.974529408334576797e-01,4.022871866153910347e-01
3.816653609443099726e-01,6.202340224333441343e-01
1.716269491708386774e-01,8.228427134909731544e-01
3.199974854971857074e-01,6.797672369509537571e-01
4.643504634752135263e-01,5.361043334790864812e-01
1.147043169784635053e-01,8.796057112446805659e-01
3.717997772946214918e-01,6.299280948793782864e-01
3.176228585116680492e-01,6.831920413821386262e-01
4.717176478362842817e-01,5.259584318062909825e-01
3.923115829952890654e-01,6.084353461103859662e-01
5.553577962145627156e-01,4.430918845364319458e-01
5.874383595858179152e-01,4.108708495830313834e-01
1.441422821634250340e-01,8.507424619645249653e-01
4.292042463012121778e-01,5.666572629572708131e-01
5.709689751887218057e-01,4.306243488367620387e-01
1.989867129996789052e-01,8.009712090792974193e-01
8.126136505271044919e-02,9.147726359147702047e-01
4.882171528348501210e-01,5.104704848329133515e-01
4.992353579792677132e-01,5.015639981561150762e-01
2.464069692565980518e-01,7.483632325782964001e-01
8.722746980553461316e-02,9.094322092365403343e-01
1.127010615317996789e-01,8.861087207270468280e-01
5.172109847607284649e-01,4.809519992544825095e-01
2.075244598448280908e-01,7.931610389648134918e-01
3.184174985739711694e-01,6.813446208001106008e-01
2.486546109343340250e-01,7.498035014982025181e-01
3.603279018372226306e-01,6.396158175167904192e-01
4.093418964746569633e-01,5.866061846833208193e-01
4.302816885791164170e-01,5.666629657188464453e-01
4.661278258996778834e-01,5.321759192587870446e-01
5.392998615615228752e-01,4.604420290038505059e-01
5.938362031607857805e-01,4.087165697960346566e-01
5.852152324532555738e-01,4.147348069542145521e-01
9.136719125247885764e-02,9.025872148829234831e-01
9.313030379507214462e-02,9.004401957468319839e-01
3.523957460267754249e-01,6.433048367875957574e-01
4.738316645799440785e-01,5.234963684319449140e-01
1.598085977035481331e-01,8.377307588060536325e-01
4.173314433353835784e-01,5.817943226598172313e-01
2.706668758832609378e-01,7.277799853892855664e-01
5.908669789954432150e-02,9.346484438746833767e-01
4.764693536490263726e-01,5.238731741754655280e-01
2.001023169089461151e-01,7.954069373559315981e-01
5.411310955318594518e-01,4.619697916270120164e-01
3.036729609375644623e-01,6.938315047124959944e-01
2.944295744667687620e-01,7.021015701810817689e-01
1.371586845083034856e-01,8.572155956641841490e-01
2.472626183697957947e-01,7.496106776405930816e-01
1.351703596188385537e-01,8.632112848726409826e-01
8.819483213038228908e-02,9.097540091437880116e-01
3.052319723173663180e-01,6.944612949415014391e-01
3.702250679669641387e-01,6.292129072943504209e-01
2.640628160458834417e-01,7.318581685589019559e-01
1.113548128368783974e-01,8.839717372518492988e-01
5.383978535367911489e-01,4.593719784435682518e-01
3.303660012053477590e-01,6.695987440913734323e-01
3.400796952523727490e-01,6.616748392827125347e-01
6.370449375722644358e-01,3.621004930217366358e-01
5.674815525357670420e-01,4.363625760165921741e-01
5.419758292041038789e-02,9.390385709616024812e-01
1.259594634219368681e-01,8.702692307137038785e-01
1.967058237438363277e-01,7.988615059064239077e-01
1.318249041671532840e-01,8.644909451386323385e-01
2.556230160295273612e-01,7.437592090791754762e-01
2.827437048500476280e-01,7.141553025578256664e-01
3.940827744733023663e-01,6.039754332123357106e-01
2.700662112607418175e-01,7.299573316459971872e-01
5.115824472991258309e-01,4.895752579085464462e-01
1.569455479533502784e-01,8.407126333956739250e-01
4.928072141707167675e-01,5.043730980551683896e-01
4.110544980230126377e-01,5.899268326809757879e-01
6.467047493361050003e-01,3.561445647318411400e-01
1.492693468596760498e-01,8.504165576393448722e-01
4.218041914267843806e-01,5.806972625722389703e-01
5.094399974961938415e-01,4.884829533607205065e-01
3.164620813773784680e-01,6.833388132266683401e-01
2.187709745137357553e-01,7.755703924123804605e-01
5.302661419492813444e-01,4.667471470438637748e-01
1.537003262308641038e-01,8.434826664655132866e-01
2.814418245670899932e-01,7.161532478239401867e-01
3.096127874712629180e-01,6.887852710561664926e-01
2.772643747059787556e-01,7.242252063855599831e-01
5.360938039303123626e-01,4.613632397130205676e-01
4.802756419720017877e-01,5.176634425522268490e-01
3.500267747028736887e-01,6.455128990610858875e-01
6.479868113744152724e-01,3.509255224277914587e-01
4.583467996966553160e-02,9.524531887771904293e-01
3.162469662803461534e-01,6.817825604024003727e-01
2.096971845753004549e-01,7.903739277124940399e-01
4.763237267468887759e-01,5.261624773844717495e-01
4.614708992287709366e-01,5.364481953671190739e-01
3.377765932848780794e-02,9.636873092245499262e-01
3.743243206858141714e-01,6.236845590493742542e-01
6.534170522255000613e-01,3.500925655189574548e-01
4.478549222643188887e-01,5.512569821433295214e-01
1.169362018330335762e-01,8.818328377415726171e-01
1.000123915855086476e-01,9.002245041092156175e-01
5.443225835844633931e-01,4.533314433417747202e-01
5.904101943303773359e-01,4.083812797670646200e-01
5.861351056691823519e-02,9.388673503185538394e-01
4.509143554900481021e-01,5.477602808848579530e-01
4.845169006139058432e-01,5.161009828395555221e-01
1.443705302137249513e-01,8.530219067304345426e-01
2.850302314123334679e-01,7.109374065315121616e-01
5.786332516648536872e-01,4.185396077624647937e-01
2.675831142664672480e-01,7.321866557968589317e-01
3.435457301705978073e-01,6.550657587579512553e-01
3.392455925126048877e-01,6.601948774072412540e-01
6.437907525523521857e-01,3.573772091777974169e-01
2.549914805165099385e-01,7.433798245548467465e-01
2.650547683644609021e-01,7.346431258323643521e-01
3.394583967958862414e-01,6.562034728935084438e-01
5.061982475446146212e-01,4.910425090174504459e-01
2.074279142421301680e-01,7.869006539125783517e-01
2.521325060014602271e-02,9.739042590434235924e-01
9.853991235519951597e-02,9.007677970432766967e-01
1.433633105647278971e-01,8.553326002901038283e-01
5.238429005623275181e-01,4.777927808738497428e-01
3.527065280565334082e-01,6.475033091210902203e-01
2.397127659851804593e-01,7.617113361341767419e-01
4.230493899293377713e-01,5.729721851434904645e-01
5.869064406610647877e-01,4.123983309158679722e-01
4.082768370466553498e-01,5.893280598506944745e-01
5.034061721616112095e-01,4.972983137375527884e-01
3.746586074745018036e-01,6.256275130516567584e-01
5.807926597511360312e-01,4.221346158835599938e-01
1.343485200047195294e-01,8.655331135066977044e-01
1.361612105498212766e-01,8.621900105724826791e-01
9.493538253510550029e-02,9.035417567921856241e-01
3.191262501095900594e-01,6.812581829621511265e-01
5.914229877450831729e-01,4.114959740060599724e-01
4.751817601427696380e-01,5.251646518479994308e-01
2.659275738361515096e-01,7.311770331064904038e-01
3.860616213967854593e-01,6.107409982499212298e-01
3.486905768122451899e-01,6.512483184534981762e-01
4.902219714657708727e-02,9.473812709971026758e-01
1.424224006920660757e-01,8.576964336671878408e-01
7.048349261457462211e-02,9.264425265360890505e-01
6.162372397805577773e-01,3.819211320199251136e-01
4.038200878589566778e-01,5.986844830404935980e-01
6.293725432752391713e-01,3.687767717978294169e-01
3.120642371372641111e-01,6.857102448497416347e-01
6.082726388729972067e-01,3.910019961941215150e-01
4.517641413958234375e-01,5.455467390164501218e-01
2.163156919989699667e-01,7.804590178641729326e-01
2.996205340323614963e-01,6.977685164377812610e-01
6.256101488506444763e-01,3.784482172252885968e-01
3.445488198260095863e-02,9.616740653423559992e-01
2.529987461918467018e-01,7.421897579748558682e-01
5.093846119980829368e-01,4.905467157371910525e-01
3.018867031956350977e-01,6.944454719288920552e-01
4.749051069052130924e-01,5.268648833426132772e-01
3.484401591952733246e-01,6.472442874348058872e-01
9.647898608747407234e-02,9.019640295579145484e-01
9.758195629567884000e-02,8.969689096385843330e-01
5.188471883756559100e-01,4.843953387971559055e-01
6.153611427024866520e-01,3.847139379437639062e-01
3.633111267570818814e-01,6.361651681445149586e-01
5.721864878876106175e-01,4.261475795992725746e-01
4.016302520224548367e-01,5.945974090377649235e-01
5.107454215714531953e-01,4.918708848613345674e-01
1.973205644994765195e-01,8.015053801111037268e-01
1.811388497489810900e-01,8.178463453320676813e-01
1.836282819800335586e-01,8.169526915982422421e-01
6.551865990699884401e-01,3.460573151862462726e-01
6.311235679644188190e-01,3.721714571338077260e-01
1.456069050579939239e-01,8.524324672439381745e-01
2.591016533947978484e-01,7.363896202315898254e-01
5.302850062913395668e-01,4.727496148741150428e-01
2.418781170518552737e-01,7.562488366853139521e-01
4.594683345281020959e-01,5.384992041489066184e-01
4.534148875783550747e-01,5.486411674696236584e-01
3.938404074724733556e-02,9.592932249412466916e-01
2.918115282786859499e-01,7.046220460260861351e-01
6.424718582537916056e-01,3.551125861455506905e-01
3.953854566805247162e-01,6.014698805742909604e-01
1.052860113355810756e-01,8.906487301849069782e-01
2.729117864656308012e-01,7.259490865338205090e-01
8.601307591567133870e-02,9.095571080217900173e-01
5.347785653479453227e-01,4.634960019784865048e-01
4.826222189605335888e-01,5.201221932370510004e-01
4.116331819498703082e-01,5.903689385603202444e-01
2.395645137677371861e-01,7.572551201420206768e-01
6.284433045184725231e-01,3.720986121773702804e-01
5.941260986050658222e-01,4.030451619696900356e-01
6.582728313194968761e-01,3.446055816683714634e-01
8.080437756645422742e-02,9.133062916548198018e-01
5.514255406208744548e-01,4.501059966256624745e-01
2.623108231678568103e-01,7.369111616929657771e-01
3.407072321495504541e-01,6.568246368725816353e-01
5.022129786652258510e-01,4.976312354888507428e-01
9.713972200842085902e-02,8.970514020239347408e-01
5.721104420720442979e-02,9.379849919441503037e-01
3.954802467870601745e-01,6.051747978160464392e-01
3.087097126431772587e-01,6.871403303901725268e-01
4.365377210263597652e-02,9.509972289528149103e-01
3.838714137684774430e-01,6.132675393453835833e-01
2.859145042915212098e-01,7.112898572836179323e-01
4.398987246617944713e-01,5.616204863611169440e-01
4.343346795646845226e-01,5.628917094683957290e-01
3.464745027489196105e-01,6.505137561912643918e-01
2.623279477366493584e-01,7.370428849370164182e-01
3.918344536844314274e-01,6.107343395523315843e-01
4.030376572170077387e-01,5.946102660370476967e-01
3.419831176170549658e-01,6.601020041057927834e-01
1.439738528735661216e-01,8.565944677271817298e-01
3.546481951307752789e-01,6.468803518514859574e-01
2.948852821082842968e-01,7.054222440794998272e-01
3.068709824590588053e-01,6.928521881884192046e-01
4.959069171315536040e-01,5.036774879792023096e-01
6.195705261102604222e-01,3.785273592365261952e-01
4.312303891288569724e-01,5.655087401970304573e-01
2.579586176570651812e-01,7.434282841323814894e-01
6.165504728260832179e-01,3.813117693062894609e-01
2.534715328794213129e-01,7.457308392005259634e-01
1.038671629319306289e-01,8.911853804422043002e-01
5.799434960266253158e-01,4.202662406599909084e-01
5.907437093717827770e-01,4.117656986851190859e-01
5.620840876901064265e-01,4.364261235274323192e-01
5.455565721042791028e-01,4.532749358581867338e-01
4.074253088530340738e-01,5.908789661234760127e-01
3.422584789723053800e-01,6.544541133140765465e-01
6.108181219565937958e-01,3.867566602835417755e-01
1.189210717296818043e-01,8.768249482794513439e-01
2.366417837474490693e-01,7.637954910472498637e-01
4.147018521880010966e-01,5.823401436262974906e-01
2.330348473913756990e-01,7.629625243360816933e-01
3.802967149227154953e-01,6.154154881912454744e-01
3.277114069501186333e-01,6.746673211877126652e-01
5.352839749771203248e-01,4.647007102846786308e-01
5.633365848248047536e-01,4.373373317066509558e-01
4.498754635090551623e-02,9.486865740327091734e-01
3.392826521237745641e-01,6.604405091663363425e-01
3.410878380473638671e-01,6.544252734023815465e-01
1.084991167346524288e-01,8.882215364485979148e-01
1.327899565965394713e-01,8.679935437587698033e-01
4.074621462268657179e-01,5.892785494214678454e-01
5.232921728955779450e-01,4.754465103537907633e-01
6.704941678722184384e-02,9.322058498366898593e-01
2.687294753337117204e-01,7.321968998547433438e-01
5.057805958263618118e-01,4.943885176936357873e-01
4.167583944744371327e-01,5.862401398033513233e-01
9.574262499599775489e-02,9.038670366905717790e-01
2.036694034565953160e-01,7.928622002065087715e-01
2.521945689409428315e-01,7.478414275184201987e-01
4.183418324297648594e-01,5.808033091592762487e-01
4.532054513415066377e-01,5.496694128328448725e-01
6.230949283642717162e-01,3.769194985771383566e-01
3.336033325907751257e-01,6.660120209969533356e-01
2.651154687421579115e-01,7.345317982516528232e-01
4.411180009095497789e-01,5.605366595339159597e-01
6.216995947788752641e-01,3.771759256114939340e-01
5.053210029993746577e-01,4.953263289091427435e-01
1.607431025353907028e-01,8.374113162709352354e-01
4.142655929482929045e-01,5.860411339953631726e-01
3.167058816789095621e-01,6.826949494054809220e-01
4.945985012116141388e-01,5.035222817040810872e-01
6.357064321634829929e-01,3.626670832643763553e-01
9.567598070754798623e-02,9.032855842547664604e-01
1.363902676859163055e-01,8.618115438784127447e-01
2.129979378271168455e-01,7.825962967414438198e-01
2.943388526466114152e-01,7.024227188827546486e-01
4.085364102534485425e-02,9.588821216830079042e-01
3.200843156853128701e-01,6.759150012907115812e-01
5.803683541651420974e-01,4.195667653760961069e-01
3.788456155516447543e-01,6.210304292136112903e-01
4.990354974458747206e-01,5.023082989078639926e-01
5.829624257472978410e-01,4.199512058440603157e-01
5.322027511784825915e-01,4.681040379045640076e-01
4.920972681329008891e-01,5.074997312678313222e-01
1.282803940589445912e-01,8.676268838345716494e-01
6.833349616321163222e-02,9.272052667909600476e-01
3.571996863657783683e-01,6.437785266035186416e-01
4.912565429819696350e-01,5.058581109203889037e-01
6.315904624225922026e-01,3.721029493501957774e-01
2.040453500731423120e-01,7.919159504694481821e-01
1.510660071948733973e-01,8.455803798170307140e-01
5.507125224979175782e-01,4.504479694415672864e-01
6.119980569599606790e-01,3.893628296819068857e-01
4.123864062872957814e-01,5.852759577310960859e-01
3.512095745812892078e-01,6.510713631923964462e-01
5.807715535545776575e-01,4.194758581687084709e-01
1.688240748975760319e-01,8.299886094053746666e-01
6.422750500900011872e-01,3.562156561891566264e-01
2.155395242092123798e-01,7.796313745027333431e-01
2.504377159570544964e-01,7.443290711446177710e-01
6.426230962737859986e-01,3.586384505087257257e-01
2.476660345479350378e-01,7.476383644332043055e-01
2.442803242048879886e-01,7.532575169753510380e-01
3.748329547875623446e-01,6.270211263413976166e-01
4.623052446070095023e-01,5.403557435053476521e-01
1.782603751697059147e-01,8.171629680622516378e-01
3.825786357198229237e-01,6.151585072774841123e-01
5.907778727653901774e-01,4.127149734559676930e-01
2.255544760746054089e-01,7.745626643917216114e-01
1.930287846745372127e-01,8.036824388124399476e-01
1.731805000083864732e-01,8.228719820635577165e-01
5.223910989076039346e-01,4.800967781719701621e-01
3.389256279234799107e-01,6.612754118973118711e-01
3.511398811013805576e-01,6.511430759915162181e-01
1.934597276383779318e-01,8.074298657296199444e-01
1.062618157725838119e-01,8.875555217735558999e-01
9.522296895765972047e-02,9.023331808489529759e-01
2.866410987462568727e-01,7.101781847125422376e-01
3.757633774300453422e-01,6.238396515461768210e-01
7.342982668876381347e-02,9.248398347220261329e-01
2.031542046074270857e-01,7.916855485935437864e-01
3.125068471488674504e-01,6.897544489199356477e-01
4.575374604094528119e-01,5.441042402579910897e-01
6.046446239665824729e-01,3.972326296676615964e-01
5.823557589042385185e-01,4.165197634205950461e-01
2.539991064099201834e-01,7.477192493384284822e-01
4.392827596163170756e-02,9.543106324160196552e-01
4.272110931838191683e-01,5.716751168134430738e-01
5.037715270561019532e-01,4.943729875603476431e-01
4.680046439783921430e-01,5.338507416091442526e-01
1.996271903482580989e-01,7.990011195854512804e-01
2.474415099384038585e-01,7.525738988589064649e-01
5.206562620690964316e-01,4.769947262604737337e-01
3.473099469763982206e-02,9.633881918312380277e-01
2.460312617670120383e-01,7.517383211050713276e-01
7.821022823930540158e-02,9.214923320920282990e-01
3.586641448870452331e-01,6.431483562532279707e-01
2.807839632302387978e-01,7.156786948684510374e-01
2.798232687658213647e-01,7.196942626007984956e-01
3.959880761905366087e-01,6.047174038240997751e-01
7.233323924115692138e-02,9.215761983780074162e-01
3.038920488404823761e-01,6.916040701580289385e-01
4.274996315790743351e-01,5.730417311997186847e-01
4.812957070160170381e-01,5.164161748954929632e-01
6.008730287042063356e-01,3.980723131268141812e-01
2.005333138981968133e-01,7.981535358560497562e-01
2.283846674738484184e-01,7.661478183660457297e-01
5.285426015472318717e-01,4.700750418137754072e-01
2.425533527827266611e-01,7.549604509769174410e-01
2.209079218374100095e-01,7.788851432801664476e-01
6.541696594685543209e-01,3.441906274261808951e-01
4.784618392163731970e-01,5.185615301387757059e-01
1.864936856462951487e-01,8.114970627929992686e-01
5.678865905314207929e-02,9.365955362293095776e-01
4.966977693925455073e-01,5.010352544450680234e-01
2.702112735809707456e-01,7.276682221279282547e-01
5.113220812698816564e-01,4.875801482189572877e-01
5.011306344059466289e-01,4.990968216994673967e-01
2.556550421436758549e-02,9.692189949008367389e-01
3.048395045664822889e-01,6.951433924380108209e-01
1.596092324587659872e-01,8.388027917760043639e-01
3.866572171048743289e-01,6.118448646886374132e-01
2.535235301492609339e-01,7.413871881937933450e-01
4.977709576376223022e-01,5.027802706153581269e-01
5.326534016480931610e-01,4.670338392749582290e-01
6.030781531573337073e-02,9.368954759278371736e-01
1.665123813997375357e-01,8.290185521806018309e-01
6.534631137901990572e-01,3.477535430930565608e-01
1.927565508561850938e-01,8.059853535884728970e-01
1.054003529342577017e-01,8.927554742738070814e-01
1.504571401833504907e-01,8.464112930586663586e-01
5.620505561835844599e-01,4.360710339690297976e-01
4.505631266769665744e-01,5.460652367652282235e-01
3.406672390025046182e-01,6.554521204465317830e-01
1.493660719393793690e-01,8.502511032796544743e-01
4.794437264610146299e-01,5.183671232147629704e-01
1.420548603555020772e-01,8.571520806534906889e-01
1.491760720206472546e-01,8.463503291299045994e-01
3.203377196324014853e-01,6.808294901276583655e-01
5.422674774838992517e-01,4.554955679343969943e-01
4.785528483504647990e-01,5.221534573219500652e-01
4.160763832315663713e-01,5.806143452865698551e-01
6.499654356337954964e-01,3.480044740807975434e-01
1.340041870943926294e-01,8.634359047995223690e-01
5.629870887191911200e-01,4.399435855629236225e-01
2.285878482259761924e-01,7.668103902569549657e-01
5.401011289543763416e-01,4.603056742988063665e-01
2.247370509681412554e-01,7.727933752536182421e-01
6.777677116104244281e-02,9.324406619774175953e-01
1.087536795492693165e-01,8.876617497272686341e-01
1.023483724796415695e-01,8.926660010780439469e-01
1.590981979959742720e-01,8.365585179197785326e-01
3.406327753075898968e-01,6.618262976594453395e-01
5.477863529581117330e-01,4.525773148036372207e-01
7.116070467290358526e-02,9.225641573051320821e-01
2.938831561952671700e-01,7.025158181385692258e-01
2.895462549083066550e-01,7.060675115771880561e-01
4.213964292050117466e-01,5.814608032597500253e-01
6.326094650448179646e-01,3.685329741971543616e-01
6.197120851232559291e-01,3.794934763015795909e-01
3.756150695921807725e-01,6.229895550872716070e-01
2.211202486253059929e-01,7.778804521759999924e-01
6.227565757311966932e-01,3.764944746417286936e-01
2.534614427846168527e-01,7.440317895589867447e-01
1.625211809655784656e-01,8.333545745279556938e-01
1.171768311815379326e-01,8.795038841767047755e-01
2.479124542235737194e-01,7.480277695127540705e-01
6.395681403690465228e-01,3.643235599192075069e-01
6.436898793686197662e-01,3.583344511582918779e-01
6.208913068694942305e-01,3.805410576662737188e-01
1.131693002705053130e-01,8.858605182909332632e-01
3.975268868668012101e-01,5.986501338238585657e-01
2.846410520298950919e-01,7.133739414539503887e-01
1.817416820008874445e-01,8.157060239344785524e-01
5.994188446722878982e-01,4.010059689250226600e-01
1.132024893381516628e-01,8.818203593129666507e-01
5.211220093331714320e-01,4.811240582005102406e-01
1.347742650898355876e-01,8.605921796563341664e-01
3.976972732775033714e-01,6.015641160567337664e-01
2.045918618187961835e-01,7.964946832508629226e-01
4.273417651556184471e-01,5.699680099306367875e-01
3.783040467753361891e-01,6.234135223362181621e-01
1.121815501548431848e-01,8.823027336536328757e-01
3.781715860956657432e-02,9.568987952347574044e-01
1.100007916113513728e-01,8.876362173942491385e-01
4.123538828546387258e-02,9.519599193297777484e-01
4.919714467606969288e-01,5.077531067790153063e-01
5.111411917306302177e-01,4.914938448902403390e-01
2.023632500902053932e-01,7.954623458977939654e-01
6.415224530326681940e-01,3.579982110729548195e-01
1.156313997236045610e-01,8.799792292026306084e-01
2.247243146577640738e-01,7.740401135288762502e-01
5.877542623095144414e-01,4.149388466103864914e-01
6.350823274272771046e-01,3.670211750398705841e-01
5.796861308242102773e-01,4.244761527633245102e-01
1.771704978343436876e-01,8.227161933506234037e-01
3.592295829210215841e-01,6.389658797617070451e-01
3.429463196659058855e-01,6.532372084002463497e-01
4.096378933241244247e-01,5.916776697835511856e-01
6.317563383526316745e-01,3.660519467630920509e-01
6.581298780542204074e-01,3.440094585695670504e-01
5.680284958672559004e-01,4.338196483277385607e-01
6.300399721751861470e-01,3.726776850344394876e-01
6.089255817291788775e-01,3.910423607683047864e-01
3.746223799788995223e-01,6.244860667618811201e-01
5.128050042677918530e-01,4.878686363773852563e-01
2.986404295917824414e-01,6.987412591633561654e-01
3.036636475444715599e-01,6.958250550698549253e-01
4.945665562599412257e-01,5.087771692305176341e-01
1.084207366426767072e-01,8.886845563010346005e-01
2.607486952795052271e-01,7.361560856354523175e-01
5.966650204712218297e-01,4.041667336858955628e-01
2.871323253759950345e-01,7.093633377549219965e-01
6.081036583252154015e-01,3.901442805420701210e-01
5.401694797702956130e-01,4.577723038021832558e-01
5.439293900865921350e-01,4.590287148713810828e-01
8.167035932091691597e-02,9.149478658611293058e-01
4.095000382870883082e-01,5.883874079319890704e-01
2.380485989848791228e-01,7.575550925549305870e-01
4.880773062034060583e-01,5.117765201479591575e-01
6.331708770524957508e-01,3.669684413358973996e-01
3.038491166651254294e-01,6.954781173461567212e-01
4.421946344948272101e-01,5.579404152067384270e-01
4.356786798904865865e-01,5.662506485489522401e-01
1.541506529245884605e-01,8.423370852894013217e-01
6.163520330327342672e-02,9.329738736254939990e-01
3.891722990132728266e-01,6.115575743989025703e-01
3.390689048680010087e-01,6.599473539316678128e-01
1.883071005118181762e-01,8.060243251296340672e-01
6.125678662236606620e-01,3.887914439086724294e-01
3.154553649325794185e-01,6.802101004081568814e-01
6.824561211488117118e-02,9.261699205806398494e-01
5.617295986753360060e-01,4.373390664970343011e-01
4.579604550340111158e-01,5.426151824656169076e-01
5.680444798163218900e-01,4.295125505049146031e-01
3.897057240284020896e-01,6.099205247849251998e-01
1.094032971513567432e-01,8.903082613487740549e-01
6.471058670212825881e-01,3.515638589680349368e-01
6.154413839765163763e-01,3.865854705730203955e-01
5.847290243204640303e-01,4.185849146730521442e-01
1.417458733721241038e-01,8.582605807875156589e-01
3.689643557798423235e-01,6.322034966844556347e-01
2.528095585626374264e-01,7.462109276822070925e-01
2.160476668238067721e-01,7.840565772683580903e-01
6.251960832196100382e-02,9.341187812810022306e-01
4.640997144227265725e-01,5.362237413008817954e-01
1.572256384134280705e-01,8.374096420192784773e-01
5.951172444723441535e-01,4.053712276995284358e-01
3.231181165282625417e-02,9.667250674295488899e-01
5.131057788757165117e-01,4.847682449200217403e-01
3.288249160005178306e-01,6.692810970796342351e-01
5.641753618550031657e-01,4.342310844816046900e-01
1.573173174313804157e-01,8.399480413378236365e-01
2.678461471939175276e-01,7.313916162209841421e-01
3.559318210778970593e-01,6.460655231447138824e-01
2.181503407555493435e-01,7.832122783857895509e-01
6.319039424928609705e-01,3.684504358019876635e-01
2.972600006581161206e-02,9.668988200060401050e-01
4.966165533967142887e-01,5.019396639898354717e-01
2.108640082309778951e-01,7.871797690210973197e-01
2.535616393925284595e-01,7.479072539498499150e-01
5.769892940667532555e-01,4.232741947791017201e-01
4.333637057897197775e-01,5.673036632304360172e-01
1.392740411980928628e-01,8.562975146217844946e-01
2.819901344943966104e-02,9.710592106407994750e-01
5.474787880559817133e-01,4.550669790427282480e-01
4.887057038490545957e-01,5.112019314007226756e-01
5.444323966553785143e-02,9.393201504438145610e-01
5.862374774034859737e-01,4.163269428803239580e-01
6.204865776966402846e-01,3.816431826316159515e-01
6.548790412039334763e-01,3.461069618823531813e-01
4.028651298468570174e-01,5.938855612660803862e-01
5.584571560814098889e-01,4.417004643398295682e-01
1.034194836544575224e-01,8.972655203469916962e-01
8.094368701256791920e-02,9.191273434312045021e-01
4.672088235017579638e-01,5.322824677969180129e-01
2.825967051157863841e-01,7.154375553604096494e-01
5.881839233406320755e-01,4.134905435768137516e-01
2.528310341108034875e-01,7.419228881486913396e-01
2.794805251814856950e-01,7.184197444014343015e-01
6.373235392130662813e-01,3.625146647398300170e-01
2.640626503095500066e-01,7.327745772936451463e-01
4.998693929946538272e-01,5.029407879103291457e-01
4.335716419552087530e-01,5.647905073038511636e-01
4.636297569851165479e-01,5.393928478108221958e-01
5.704103977047695340e-01,4.288633852043869377e-01
4.779746601895629166e-01,5.218357572875982342e-01
1.414938845728554717e-01,8.541569042074858009e-01
1.276684213232294196e-01,8.703039747657446146e-01
5.787784763419928646e-01,4.228084217448785931e-01
1.362483380384006126e-01,8.583867219960895634e-01
2.665604283982403455e-01,7.345893761344153283e-01
3.606462805263396243e-01,6.407024038553228440e-01
2.662519426314605142e-01,7.331826488003364561e-01
4.366021204815900836e-01,5.663626577066821488e-01
2.504118384072240855e-01,7.510784085813179134e-01
5.509383681257734588e-01,4.473171465078162323e-01
5.395680101305388998e-01,4.582783854374442578e-01
5.006587982235695122e-01,4.994098547708832880e-01
3.104310910219722497e-01,6.851875798417016439e-01
5.062933488494453238e-02,9.439807327340403731e-01
1.074095448415001708e-01,8.922052831078075563e-01
5.787287793764613886e-01,4.205197946207827608e-01
4.724724654466377904e-01,5.259956271112240511e-01
1.079282453289211463e-01,8.903940672871950568e-01
2.842797479601280597e-01,7.159078203077023916e-01
3.699465760301295925e-01,6.322294032018449528e-01
5.836601107334385974e-01,4.173667894217354957e-01
4.447927631210627508e-01,5.538669544857444116e-01
4.346989972500065469e-01,5.657733920741477851e-01
3.858159659863948376e-01,6.149136159989689876e-01
8.975242769353930505e-02,9.053160997621715333e-01
5.967050527747351785e-01,4.041789737583088016e-01
4.749744950768863272e-01,5.250727282011606878e-01
4.850579096796497347e-01,5.154160082757137662e-01
3.063666422804739997e-01,6.912676774963227855e-01
3.238157652232263595e-01,6.750632904092530584e-01
1.439217853540191716e-01,8.565623170310201484e-01
1.373514220289392962e-01,8.581472737615508661e-01
1.025124166272578796e-01,8.930276660850636761e-01
4.529760650468466765e-01,5.436505950094813189e-01
4.412188949462917953e-01,5.585807712067242248e-01
2.415471298348099982e-01,7.556076625808506586e-01
2.508230697418599164e-01,7.453797156287591541e-01
3.830871654978770247e-01,6.150321523508862631e-01
2.834027681360580253e-01,7.118771187136503364e-01
5.450875570618319843e-01,4.550190494497275973e-01
5.515284100870977424e-01,4.498735723882714699e-01
6.101318732886629181e-01,3.907142595080633218e-01
4.310745127054256276e-01,5.687255406932313351e-01
5.702605639089481926e-01,4.320680301110313981e-01
3.794967945620980054e-01,6.167343685985926527e-01
9.137543265449218910e-02,9.061601433449554266e-01
1.368973304264854418e-01,8.605471952058654228e-01
1.738015975451638051e-01,8.219326524430274894e-01
1.123818007298243993e-01,8.879681143734009519e-01
4.873669040470300362e-01,5.141731907982547423e-01
1.831477175348997788e-01,8.181579348662303408e-01
4.023562432222625995e-01,5.941086343715541451e-01
5.131862356825250826e-01,4.895362257042208953e-01
6.206960618758808890e-01,3.809844836421775738e-01
1.549418017415249427e-01,8.403339447842264054e-01
2.156608726552412814e-01,7.842098571404707563e-01
4.349689662482075780e-02,9.550822107399354888e-01
3.477847636805606601e-01,6.528592923646956425e-01
4.880912204607527893e-02,9.474806965122724023e-01
5.981034769027595566e-01,3.994249713211658892e-01
1.995920336395928252e-01,8.008194361076147461e-01
1.796375273910718884e-01,8.189089499778929859e-01
2.468696950494240760e-01,7.535923707701099872e-01
4.332247663649373415e-01,5.649057810062534379e-01
4.526955158458443318e-01,5.440132504617150033e-01
2.677998232435579995e-01,7.328330296897984653e-01
6.100665636542589310e-01,3.930022346161176072e-01
6.392084131719402151e-01,3.597235486201309507e-01
1.293620600438421808e-01,8.659506995116121875e-01
3.082474884254015612e-01,6.899544366080113678e-01
6.560637388981961360e-01,3.473353352492039581e-01
2.318526938990912722e-01,7.682263994835893950e-01
2.150995296802050982e-01,7.821604273840480070e-01
6.006741078035509052e-01,3.997036740889273188e-01
2.113537131753232268e-01,7.891340808128157747e-01
1.032823899043065208e-01,8.972218356286693064e-01
4.070903885351740970e-01,5.947827712477159467e-01
5.794345621359760223e-02,9.412965221946023586e-01
4.982606391394449608e-01,5.045810302133114655e-01
3.472998158623840648e-01,6.511344338836080325e-01
4.772858121111790419e-01,5.231391235612635748e-01
3.951478613654549332e-01,6.047271053684141195e-01
3.349998362133151386e-01,6.663267978872965402e-01
1.012600380234879027e-01,8.949997836121175165e-01
1.314485291524178090e-01,8.640895795950696012e-01
6.042964030465028946e-01,3.951948853117279170e-01
2.139875594429935524e-01,7.824449295370828894e-01
3.827602726173584546e-01,6.142047262821658249e-01
3.795769235336421410e-01,6.171678115207724913e-01
4.964159163364270100e-01,5.011379231984425253e-01
4.889356502874036559e-01,5.127001502855141890e-01
9.718297325352975857e-02,9.010329346733176870e-01
4.279974666325657151e-01,5.707350534285947630e-01
3.387756675862785283e-01,6.576753830757412489e-01
4.910731605851749171e-01,5.074338847344939118e-01
2.582204683374411669e-01,7.417409454324778162e-01
2.820575668619079157e-01,7.189095450178708546e-01
2.419788352994637348e-01,7.593437281716273191e-01
9.953977944725700411e-02,8.998510389628670003e-01
6.993333259027340043e-02,9.254106621100869345e-01
7.345944422685229958e-02,9.261289347628568480e-01
5.489660408121997681e-02,9.424082337194291670e-01
2.994591352469493373e-01,6.960637129412055035e-01
2.989461468810048483e-01,6.962269489317830518e-01
9.633175852059658317e-02,9.013882061327864736e-01
5.825528158592730987e-01,4.152678738832021876e-01
4.392847460008494909e-02,9.542511303388110377e-01
5.376882296536521499e-01,4.649003743174104364e-01
7.395459104587895349e-02,9.262589276541201011e-01
5.000810116516416493e-01,5.020688006971053552e-01
4.852515338283623358e-01,5.172947269839677231e-01
5.585584717228995189e-01,4.444349993228214890e-01
1.277670848599508358e-01,8.677900864208528686e-01
5.768624195005919164e-01,4.259963317871259258e-01
3.345337118871047899e-01,6.611557745211729120e-01
1.077634309982377636e-01,8.900172637122971686e-01
3.071342704547267433e-01,6.948582163209776619e-01
5.359520226573450952e-01,4.626517143146100519e-01
3.975718728874398367e-01,5.985012609691457985e-01
1.070555433537160872e-01,8.896933324703392154e-01
5.902001406348322821e-01,4.116283552568889559e-01
7.655755735599895084e-02,9.189239502762834855e-01
4.946015326393127937e-02,9.443641503482139710e-01
6.251054036336095576e-01,3.732166770616382467e-01
1.170739496369290478e-01,8.785392249799882647e-01
3.396248444335147609e-01,6.606207727906767690e-01
2.051490256554459601e-01,7.927890935876276135e-01
2.441820505530115371e-01,7.552523045215113751e-01
3.245374783929504403e-01,6.749729410226122939e-01
4.391063601861844856e-01,5.599056866179246139e-01
5.363350682643841516e-01,4.670658364288229891e-01
1.516419621392178507e-01,8.494533710890376232e-01
3.041263934426292614e-01,6.955218222255241667e-01
2.315302096267053134e-01,7.636952127480731711e-01
5.161837507128749225e-01,4.872258260917723960e-01
2.954314310183925318e-01,7.023496869463016212e-01
5.594496306754995762e-01,4.414225342782826522e-01
5.102337380638529707e-01,4.893142953791263516e-01
2.213727299850618280e-01,7.748678975202405450e-01
2.718751138786095756e-01,7.265705620488744909e-01
2.747931834344798929e-01,7.245857363915065852e-01
9.331528886681125790e-02,9.059155463275659903e-01
4.163023122100614759e-01,5.847276434313198878e-01
4.251958030588811055e-01,5.723943588412271355e-01
3.134309245008544131e-01,6.855489521571020983e-01
1.696221564559162176e-01,8.274233805037763956e-01
6.217929621966882259e-01,3.773691973632260499e-01
7.912377781786425479e-02,9.147965530425196112e-01
1.447530542741548576e-01,8.523858654814591151e-01
4.888654732870752473e-01,5.137872730230188534e-01
2.849857839638418877e-01,7.113130376688300283e-01
4.706691465589565859e-01,5.302169543068333546e-01
4.175832890356775962e-02,9.532947909059112934e-01
2.870938759274624941e-01,7.093123004508310459e-01
3.186638266014102938e-01,6.793287008201254196e-01
4.970632250151141296e-01,5.061376291051141729e-01
4.566849899970689686e-01,5.404568355134070634e-01
1.851662498143810121e-01,8.092135616516578089e-01
6.437133219125016348e-01,3.541902345606340874e-01
5.578337403811213235e-01,4.430608588741527520e-01
5.911650793356730826e-01,4.131288413815629168e-01
2.334612124067206029e-01,7.673626278926701794e-01
9.841755115855754799e-02,8.993701152457729275e-01
5.448317402477743654e-01,4.559238061382213103e-01
8.920606768705269252e-02,9.084192155818944237e-01
3.987255936840506942e-01,6.019558254617853876e-01
4.189155205044270414e-01,5.837401985684167460e-01
5.114235324017015749e-01,4.864613713898425229e-01
3.024906636378720259e-01,6.941713638061127734e-01
6.739879458591292727e-02,9.310165669170255009e-01
2.815321355665518221e-01,7.164142665034544111e-01
1.412362421626744691e-01,8.526171431719578031e-01
3.555737024381132039e-01,6.410335108285202255e-01
4.527034833408266068e-01,5.505300874063079331e-01
1.876079037451981735e-01,8.132354713020202297e-01
4.207608597920057258e-01,5.795905522296834755e-01
4.336769925488750399e-01,5.683012246670227086e-01
8.932392762747201620e-02,9.093515390726608638e-01
3.068168066324946097e-01,6.946843614821008872e-01
1.015228761920098366e-01,8.990166777220213179e-01
1.376899223903577107e-01,8.589494029378189621e-01
2.626447526933659363e-02,9.711713323009233401e-01
1.633063943565770670e-01,8.332329859256575322e-01
1.875713864723562996e-01,8.124239821871213074e-01
3.213277569950652168e-01,6.757799070596908209e-01
5.170540343972180874e-01,4.855798669938489187e-01
2.980141950176198873e-01,6.996339776338779126e-01
2.678586386530259489e-01,7.278227903528758924e-01
3.950549864997571770e-01,6.074043697102117223e-01
2.518248017041942455e-01,7.499106517174546349e-01
5.019917161375600512e-02,9.486220713757623768e-01
5.067384319288054106e-01,4.914722849147064587e-01
8.093441153686115053e-02,9.185928841024454394e-01
2.459465377425535948e-01,7.555726862317161396e-01
9.998188806098798342e-02,8.966507959957086271e-01
2.849277140163006261e-02,9.656203274757032551e-01
5.087252767147389942e-01,4.897844625572135291e-01
8.172990883207228996e-02,9.159742905091275977e-01
5.176227983276637801e-01,4.806913149603980751e-01
1.583857637246927352e-01,8.381885223185985279e-01
4.404447524996383256e-01,5.588148565235294685e-01
8.666713847599205600e-02,9.091197353412194815e-01
4.364151766638901253e-01,5.596561135834374756e-01
6.490040810252851733e-01,3.499354996842671262e-01
1.272324700394731056e-01,8.666112231245193254e-01
3.688930812280037386e-01,6.323577495634191692e-01
5.472147369292962304e-01,4.515656530724195816e-01
2.541838261733174176e-01,7.464795978973881585e-01
3.623976953480531060e-01,6.330354782229726807e-01
1.013956959215771281e-01,8.956899896207359824e-01
1.484345623113864643e-01,8.470887511327389596e-01
1.411380931795222504e-01,8.535988069242573806e-01
5.067243609162564999e-01,4.901776418956750314e-01
5.467657962053388276e-01,4.506526155764514208e-01
5.033883192343816537e-01,4.933328123483015082e-01
6.183804891552306948e-01,3.855770247885193514e-01
6.356947113029957075e-01,3.655129375738147002e-01
3.294338032928843529e-01,6.711408463891690435e-01
1.817222196292420655e-01,8.176337253527292681e-01
1.316772437479789559e-01,8.643157757615217429e-01
5.642648374344497730e-01,4.337082786042205096e-01
2.344710661871249602e-01,7.614849125461624624e-01
5.012071680765874948e-01,5.024283347649685094e-01
6.528013754521783119e-01,3.481223256828960277e-01
2.974267338289874330e-01,7.029281389711584671e-01
1.925027434524569092e-01,8.086237104301221557e-01
7.875874805696511660e-02,9.179297331439317809e-01
5.397888216899593417e-01,4.570672270777769719e-01
5.443101750357990376e-01,4.582621158329703293e-01
3.901699747407886276e-01,6.058124059990762644e-01
2.084240143663378120e-01,7.917459705403631087e-01
2.569070124415608336e-01,7.448827290286464953e-01
1.986098830672412552e-01,7.972903793318554255e-01
6.296388076235985842e-01,3.691995445985044588e-01
6.431097252586910340e-01,3.572739663509486019e-01
9.197808915384278472e-02,9.030960029619787832e-01
3.244410891389445939e-01,6.710150323481053336e-01
2.212093398862584603e-01,7.772009643079530461e-01
5.832636513511020304e-01,4.206610264917428621e-01
2.989826426510323043e-01,6.964327715993844370e-01
6.402566453094520327e-01,3.642348436124411282e-01
5.464141407761505809e-01,4.548563139739609240e-01
2.037438987682855529e-01,7.949053142151168982e-01
4.530016042086354999e-01,5.498759449076772166e-01
3.074653715829227529e-01,6.920605570901577908e-01
1.888036396153192353e-01,8.115273996404285262e-01
4.911903885101231992e-02,9.479112833418551487e-01
3.715739072920570263e-01,6.309939074366499590e-01
3.354985529958199320e-01,6.634023219646637548e-01
2.624661098432389261e-01,7.322493103817884208e-01
2.770451241304723866e-01,7.214689281767959761e-01
4.299191553333000515e-01,5.707358941542638453e-01
2.991245345125085886e-01,7.012565515118525106e-01
4.093959007540999284e-01,5.901198110678266273e-01
6.010980370030158948e-01,4.032099837061395298e-01
2.780757307246086718e-01,7.219767311698367385e-01
2.020076402255432668e-01,7.986213992601461920e-01
3.496418571689807187e-01,6.494470130511283967e-01
6.550727843604468026e-01,3.441504792145765323e-01
5.985162002557973260e-01,4.021699949824104614e-01
5.214418154565599872e-01,4.772207531762887589e-01
1.581460460946226276e-01,8.424308695643247802e-01
1.615765415603379884e-01,8.384787836078534395e-01
3.599280710703255393e-01,6.358614323261359003e-01
3.051069193100934829e-01,6.923088453765967598e-01
5.746321243362481068e-01,4.278469247884409410e-01
4.294523698930383104e-01,5.688508670845995319e-01
3.631216438582163253e-01,6.367626148976250899e-01
1.211453998864575610e-01,8.736520132653301518e-01
3.064517415904711994e-02,9.643563087680152579e-01
5.733004261489318409e-01,4.286362681082437898e-01
3.079809784209821544e-01,6.886667559532084759e-01
4.687335554841516316e-01,5.333060528476856188e-01
2.167373034027470224e-01,7.825889940774104492e-01
5.709163880267045243e-01,4.302218953106313193e-01
2.221365476412090201e-01,7.793423232862146666e-01
5.078294275130017521e-01,4.952827646376968262e-01
2.781760407041455330e-01,7.233663340601438341e-01
4.826834705874996079e-01,5.163883888614938522e-01
4.375417015183872271e-01,5.609005081918796431e-01
1.315068649037852699e-01,8.660260142136884109e-01
2.877850490890632162e-01,7.078525128820771783e-01
5.819826745579900207e-01,4.166754392727896605e-01
6.578542821467531221e-01,3.402748337474271190e-01
1.552428622471420383e-01,8.386950459479158848e-01
4.665844171159097553e-02,9.494834376911409635e-01
6.173780755872891879e-01,3.829777158247781310e-01
2.767920222172572386e-01,7.225904733055434903e-01
2.442058089302671098e-01,7.529379475344796235e-01
4.328508598562840204e-01,5.653546074589637094e-01
6.138154746158943631e-01,3.873045567645630460e-01
5.835378502125703193e-01,4.139907918624206040e-01
2.912681830813243500e-01,7.081735886341764541e-01
5.366297694249511085e-01,4.616026863190476615e-01
5.320371706505019338e-01,4.711779048357538358e-01
1.488281133058661498e-01,8.469831491759005626e-01
5.457436737204640620e-01,4.562028357826605762e-01
6.007692039060849032e-01,4.027793835535954381e-01
5.973542706653138801e-01,4.032986914792840993e-01
2.523646938551780128e-01,7.451317445801179939e-01
5.405816151101113798e-01,4.573925817424465134e-01
1.091894428056423283e-01,8.858057242286786481e-01
5.459199030530127450e-01,4.534660804105071219e-01
1.017314148440056909e-01,8.959239673739068932e-01
4.760124622895998692e-01,5.214525008682433516e-01
3.333417179573257005e-01,6.629554481289229306e-01
6.335695978132475092e-01,3.644248603299477529e-01
2.513485466330516171e-01,7.478201034218870946e-01
6.521378604354718389e-01,3.476549437340509252e-01
2.096981662855072759e-01,7.863019154914273612e-01
4.851337475652265363e-01,5.115651922770212412e-01
4.289057987535552785e-01,5.739044481765882555e-01
4.867955408200400624e-01,5.101719719436902389e-01
2.804986322517812880e-01,7.162256661998983587e-01
1.253615978015168719e-01,8.690770229780423461e-01
4.351536999056980770e-01,5.621696946211999224e-01
2.653098475985566362e-01,7.335660321103083525e-01
2.212053996283023793e-01,7.733695745587478854e-01
4.470896325422533679e-01,5.507626687040659830e-01
3.777563591186658964e-01,6.177735530290753285e-01
4.633122062667995034e-02,9.503383598029467860e-01
4.515448704851417472e-01,5.457371622641126185e-01
6.454828229967542186e-02,9.352895863777515029e-01
2.333101396283566997e-01,7.666674157517653354e-01
5.587373892561593447e-01,4.415510135308656769e-01
2.119793824717213226e-01,7.883838907005658037e-01
5.214439054796343731e-01,4.787504547121927412e-01
1.841305259743064027e-01,8.113118172935811501e-01
5.507343163373485950e-01,4.517528016067108854e-01
1.646827000478451597e-01,8.349387500887623936e-01
5.821024102795645527e-01,4.186267390920081488e-01
7.623168183080988869e-02,9.186656502466707952e-01
4.982087047106753541e-01,5.023746915969979909e-01
4.482327245090952372e-01,5.486558612009367897e-01
3.389794493032822209e-01,6.587525968742400373e-01
1.115594829883583550e-01,8.869865519095272433e-01
6.100537506648082697e-01,3.924546953213469691e-01
9.738058898918253159e-02,9.011801841630300292e-01
3.893228193921604574e-01,6.092306888114503716e-01
4.592049572107839150e-01,5.416708747354541664e-01
5.785076836024475311e-01,4.229322552403889102e-01
3.799555391007085337e-02,9.594592622975095519e-01
9.126364936913441972e-02,9.070961320183564824e-01
2.186090571633114987e-01,7.787246292795693137e-01
1.809785023588999509e-01,8.203224009811969086e-01
4.139085268788056382e-01,5.873892046270730027e-01
2.292689229581911237e-01,7.723755327775496671e-01
5.024098587041742059e-01,4.987075100482268319e-01
6.493048018730953608e-01,3.542546383608665139e-01
2.701373507818843889e-01,7.315058932211210285e-01
4.403213242716101927e-01,5.613828904788413787e-01
6.379435996539457587e-01,3.621311485502124450e-01
2.507690919434599902e-02,9.678804374175322689e-01
6.397317782735847391e-01,3.598492504491336841e-01
6.275728427237616813e-01,3.739433604690670099e-01
3.621783372795291389e-01,6.335932835113184947e-01
2.645305159757773694e-01,7.345228274263568835e-01
5.390529739726740432e-01,4.643608800343688725e-01
4.748934404986177027e-01,5.255857147153859543e-01
5.296921549646903538e-01,4.741042400497473830e-01
4.686868916796910201e-02,9.527016982303656567e-01
5.443324132347429067e-01,4.550125458348347474e-01
1.533683036595412941e-01,8.465135359168821649e-01
1.526644619292536198e-01,8.446474160417563048e-01
6.284699290819396600e-01,3.692861957587591504e-01
3.809582902595746723e-01,6.214059066954772392e-01
3.712573161846767222e-01,6.307738035276664323e-01
9.570616539866222405e-02,8.984439287805391361e-01
5.367951129850799807e-01,4.630434788917820454e-01
6.389205724748503457e-01,3.648721463890141625e-01
3.705220703978421293e-01,6.272762136987277692e-01
6.539142999052366401e-01,3.494862745663752657e-01
6.501745962257131639e-01,3.504992362096611136e-01
6.511992029050445163e-01,3.504577262433569707e-01
5.115259473325374229e-01,4.891695784146434245e-01
3.463744452708937271e-01,6.537930043045722117e-01
3.986309835473048624e-01,5.994183454749989481e-01
2.873645304572743919e-01,7.144258257239265442e-01
4.652132083545824637e-01,5.369402114245820368e-01
4.400241157031842265e-01,5.581918726200093550e-01
6.435480198762059123e-01,3.542974025808374172e-01
6.631816693901912418e-02,9.286237729809705410e-01
6.394009634736466663e-02,9.312129893850400464e-01
3.979525813403513024e-02,9.584411317190983937e-01
3.908867323933512550e-01,6.093232739460240355e-01
4.338749153676708659e-01,5.645738715123659324e-01
1.403543883608572851e-01,8.590836926916249894e-01
5.561221682264950728e-01,4.445918270867411648e-01
2.010590883045925981e-01,7.936777962311855061e-01
5.627341891809427565e-01,4.343008546128022673e-01
3.846279637561810238e-01,6.166994152730430612e-01
4.198040954543631464e-01,5.804980656573491826e-01
2.513040802335558821e-01,7.459897939430919500e-01
3.851235714378347663e-01,6.116667113900183805e-01
5.273795359685078399e-01,4.725784076123457633e-01
1.322564036353725547e-01,8.681177935570743021e-01
3.986627814609245424e-01,6.013148328967325984e-01
1.239315700510020268e-01,8.750057326417189918e-01
6.083572685570277638e-01,3.943508070558179868e-01
4.707393942159866507e-01,5.284920564217705508e-01
5.468543700531115492e-01,4.560657614134561721e-01
5.082205860699395839e-01,4.928078168958880401e-01
3.296575985769449879e-01,6.660896172256988157e-01
3.186041650844540496e-01,6.808148532060176450e-01
1.894269609324794879e-01,8.102670603401280758e-01
4.435288714723281123e-01,5.574235978718098394e-01
1.656771945389501899e-01,8.297093356753019178e-01
5.223183519784614370e-01,4.766357240991244137e-01
2.996733593611444757e-01,6.968673193168581914e-01
5.867656719441034507e-01,4.139693151002293292e-01
4.199192883371478946e-02,9.548261341284393078e-01
4.459082659814604943e-01,5.516217532609029028e-01
1.945584726633341199e-01,8.050090080858683939e-01
6.438726541452665098e-01,3.604312097470005472e-01
2.686027187765276936e-01,7.321009365373715161e-01
5.120168743583314308e-01,4.882555542190036846e-01
4.737806056754963469e-01,5.279710034352553816e-01
1.374971454591295272e-01,8.571702412017953021e-01
5.583433632434975369e-01,4.398235995818071120e-01
1.580668071092539706e-01,8.402260147505034027e-01
5.969816454518118709e-01,4.060056707072762228e-01
6.174292153059663946e-01,3.801875984693987021e-01
6.378130950269798871e-02,9.307687610427836100e-01
3.853387823972444504e-01,6.123666234907226835e-01
5.826686105411506000e-01,4.183125678129130387e-01
5.781957623536669866e-01,4.204986850679507948e-01
1.644332181247081803e-01,8.310701794999900693e-01
5.485705309262635110e-01,4.508726677275443628e-01
6.028563890261485758e-01,3.988869981793430886e-01
4.746181328185412052e-01,5.244660083238625869e-01
3.210473613134716131e-01,6.784546179622948925e-01
7.241109831382992745e-02,9.227887239664581687e-01
6.076657268886952457e-01,3.949751777398231023e-01
3.586274403549824519e-01,6.406203482687368167e-01
2.199740292270147279e-01,7.751820917365368491e-01
3.717418915216860187e-01,6.263422907472828705e-01
3.535155795999484485e-01,6.468061027022062870e-01
5.430386965331268634e-01,4.543503750816306197e-01
4.041157863057325828e-01,5.961991330817105750e-01
3.545715660423549020e-01,6.409754177834011690e-01
6.416893106731754726e-01,3.564342329994763525e-01
2.382821344600489777e-01,7.618748155633681129e-01
4.876648612660809956e-01,5.135367445667069486e-01
5.212786291141474626e-01,4.762397847405853701e-01
2.098023424443069829e-01,7.884952355438188398e-01
4.485755572315213713e-01,5.502999300716588937e-01
4.179926621074229742e-01,5.799424223649606303e-01
3.261310783828509363e-01,6.761480194980027392e-01
2.525657300184918075e-01,7.488624885254486774e-01
6.527282309715149999e-01,3.460286632151926001e-01
5.697061477699304488e-01,4.315931044023630370e-01
5.900887230652870352e-01,4.141708199867664697e-01
1.385869720438711594e-01,8.571080467962359783e-01
5.326910443211233526e-01,4.689404570345055423e-01
1.033532389834228293e-01,8.943952297516239991e-01
3.581863807608385297e-01,6.412108790381669809e-01
1.976433297608988504e-01,8.002991530112750773e-01
6.513085835016468872e-01,3.479389654261728637e-01
3.953219384302318617e-02,9.568287536096580226e-01
5.648070989786054819e-01,4.323338546156616502e-01
4.316701424179382740e-01,5.653443517497164228e-01
2.986749891814944879e-01,6.975367458279202459e-01
3.992484026619475546e-01,5.982063525740887178e-01
3.458036432068604116e-01,6.537652132338634958e-01
5.885801591666189880e-01,4.092703910042271298e-01
3.201555382113888681e-01,6.778585326074272333e-01
3.572544386489912016e-01,6.402347931568400652e-01
9.667417033549877137e-02,9.020755624027941844e-01
4.400013576236122548e-01,5.568029942307344271e-01
3.155866097265814796e-01,6.864668912577731597e-01
4.318975934010896300e-01,5.657685438231770947e-01
3.236353078251378301e-01,6.715785098128886910e-01
8.215635130875076353e-02,9.178268065952992494e-01
2.593127280145044455e-01,7.392704607639584147e-01
5.007336089965022108e-01,5.026693173867972098e-01
5.428894099970348330e-01,4.581019488169248421e-01
3.830158853827438925e-01,6.183257349531373626e-01
6.570945672129846482e-01,3.430435228432868744e-01
4.541191396106243894e-01,5.426306724724050401e-01
4.607393265074872790e-01,5.366158671610588016e-01
4.784995329632266148e-01,5.181776521940366642e-01
4.342790817843793227e-02,9.522029281319817073e-01
4.519073237151738920e-01,5.476143326498277286e-01
4.149217938086353641e-01,5.875896907071421760e-01
5.141432534747556460e-01,4.885198627941316207e-01
6.450399744879571351e-01,3.560345525014552148e-01
4.488854325932954970e-01,5.489199988764692506e-01
2.174118712263374831e-01,7.828100305703200590e-01
5.600211553673263287e-01,4.372842709784100501e-01
4.106321747768737485e-01,5.886621049837788000e-01
1.845221844245989729e-01,8.100208998450169062e-01
4.588202547841930823e-01,5.438750823592667372e-01
5.459517182584210371e-01,4.526407298579923633e-01
5.488643747420320906e-01,4.547879140526951414e-01
2.914817296575538119e-01,7.080002213657473620e-01
4.636610034677742798e-01,5.380597767591317471e-01
4.064183497035806641e-02,9.556613498980417454e-01
5.406309704389457294e-02,9.461568197925244172e-01
4.925744322299913658e-01,5.080184349684091494e-01
3.414935578911240111e-01,6.609508468153522109e-01
4.033999035533336608e-01,5.955781155583228514e-01
5.011954105577912655e-01,4.994078756794295693e-01
5.332972868032598290e-01,4.647813134301699844e-01
4.250648635994420943e-02,9.577137873887647812e-01
3.049481010254493918e-01,6.942556504796413286e-01
1.796142006481507569e-01,8.215202231033411628e-01
4.323422698495172356e-01,5.691377244128464907e-01
6.298551545514096128e-01,3.742601573119774816e-01
4.183288428901223432e-01,5.786298014681154900e-01
3.479030310001339499e-02,9.613972906852474853e-01
6.047031870163410705e-01,3.983928688109440452e-01
2.424454748216727795e-01,7.540315818078006105e-01
1.301428810958775717e-01,8.642036200218952136e-01
6.334900812404989923e-01,3.646160659273954829e-01
5.326118091111199382e-01,4.687599707364505930e-01
4.565045052022760896e-01,5.429280384165620088e-01
1.589795697366581662e-01,8.351113047962213098e-01
2.938214889338371938e-01,7.032805365453016488e-01
5.339661711945840050e-01,4.649004881971059988e-01
4.464082649633971389e-01,5.538933664602132545e-01
5.804306729971582257e-01,4.186220115051438317e-01
2.490588319622896729e-01,7.460018662341837414e-01
2.850844613651050685e-01,7.163184867907774755e-01
8.401541271270471234e-02,9.096888110395235927e-01
2.629969747830393501e-01,7.348247647633607826e-01
5.309325770795858546e-01,4.724079428969285011e-01
5.780607612142522056e-01,4.206133950993787285e-01
9.693815984956025145e-02,8.979189400136667887e-01
6.153336116669402278e-01,3.830310921457201201e-01
6.384997346887150149e-01,3.618094916391147442e-01
3.376969669515055283e-01,6.599449684803337934e-01
2.932771289911010881e-01,7.076103271676461581e-01
1.760264699021191759e-01,8.182719472798284377e-01
3.226812810779494667e-01,6.774742678470082602e-01
2.189768348610388327e-01,7.760966386810569384e-01
4.561158414054379273e-01,5.456533614041984004e-01
2.007196200624971338e-01,7.955975874991875196e-01
3.399329983439859648e-02,9.653537313171063339e-01
4.191829159581657027e-01,5.795090488479721635e-01
1.115626153839860135e-01,8.881377945931527851e-01
6.290772739888299547e-01,3.698924333587338409e-01
3.837323306476315699e-01,6.167232365870034538e-01
1.091514265789872984e-01,8.885503696079506408e-01
5.775578137639806320e-01,4.208371966102730788e-01
6.515839448882132512e-01,3.527140308091374910e-01
5.714083309735336069e-01,4.307647246888040016e-01
5.211301051348121716e-01,4.757078312769366657e-01
2.005252623299074444e-01,7.952323392980722438e-01
2.260987265636406895e-01,7.742463693748429243e-01
1.847466380776454087e-01,8.121740200640801266e-01
3.448082578328535153e-01,6.574129010816323060e-01
1.975242192853167156e-01,8.029366519080812781e-01
4.535309357902468641e-02,9.505502557492347959e-01
2.739863610274156924e-01,7.267957758002385749e-01
2.143498528579583506e-01,7.847192589058551437e-01
6.439623022461617163e-02,9.325651756002277804e-01
4.023601173251056817e-01,5.978130478353771426e-01
2.968721797115090322e-01,7.038808224210207909e-01
4.523841744373310325e-01,5.485753956543150123e-01
6.122501782765547018e-01,3.856150268060843933e-01
1.077465227575155893e-01,8.887376618616161794e-01
5.156779939232642995e-01,4.880483441301847192e-01
1.637431853755612066e-01,8.374255738574256647e-01
3.161057796267497388e-01,6.799285853535141921e-01
6.923580767574318007e-02,9.266469423791081628e-01
6.021178630463990267e-01,3.962347246519669630e-01
1.759997408346945791e-01,8.233692762555078204e-01
6.778502052895209185e-02,9.309688089688444856e-01
3.532375842695898438e-01,6.461823071782321071e-01
4.958257837367348597e-01,5.051404063980774461e-01
5.676592423206168192e-01,4.326954433904661168e-01
2.532816033489133228e-02,9.734218119192004082e-01
2.404769148191075179e-01,7.579224945814397874e-01
4.705793106267898707e-01,5.263649020277756385e-01
6.337845592291401209e-01,3.672974212217385293e-01
5.693870937001873633e-01,4.298042890636729063e-01
4.425791468796457240e-01,5.544788740224647627e-01
2.448257988870827795e-01,7.502438345151538623e-01
1.894091599939809745e-01,8.061431927809824538e-01
5.043164609316898028e-01,4.953026999350207960e-01
5.976602201159000316e-01,3.996272472799841657e-01
5.083337567301119408e-01,4.923749935416945611e-01
2.625229469255411785e-01,7.336391147986819350e-01
3.328270282335151209e-01,6.671692280728819258e-01
4.314554792970784480e-01,5.711174042535424045e-01
1.049730500854353377e-01,8.897041285181959136e-01
1.297914682524135832e-01,8.689734393443580007e-01
3.186648728926076979e-01,6.813167588409342335e-01
2.863202001712379374e-01,7.108560555504549461e-01
9.811910018462419170e-02,8.975390161844875037e-01
4.560657240931090262e-01,5.401721285544009987e-01
6.062944746948618624e-01,3.965768206896153059e-01
2.664185149759511900e-02,9.670878942073108941e-01
3.620274849889144608e-01,6.389216555718923995e-01
3.893214096316778283e-01,6.093644906682522677e-01
5.181452143593451298e-01,4.842744962162160438e-01
4.433592206439265770e-01,5.568289776124033530e-01
4.745495185251993320e-01,5.246226340448820746e-01
3.156253506974759371e-01,6.809778640988457532e-01
1.986060560956079135e-01,7.996484682024032065e-01
5.406286777570711299e-01,4.610822471478733808e-01
3.021006090240059283e-01,6.999000218079863833e-01
