4.725044354630409948e+00,9.191291085648765957e+00
9.624150475707804020e+00,5.396701051063688581e+00
9.914573696181033569e+00,5.048794390405147325e+00
9.914443590122342442e+00,5.048860281921480286e+00
9.914903764764787297e+00,5.048235755767399802e+00
9.915394624193252682e+00,5.047460297498918891e+00
9.913484833893404513e+00,5.049225914754448930e+00
9.913031174730784656e+00,5.049362964189004543e+00
9.910702022809797285e+00,5.051578572918479004e+00
9.910850132175720972e+00,5.051327106008931089e+00
9.909442118455894288e+00,5.052658026585533868e+00
9.908558781343533184e+00,5.053430268900504174e+00
9.911810354090826891e+00,5.050007718711944094e+00
9.911659809078194883e+00,5.050155909549559397e+00
9.910033393560155446e+00,5.051743193302787205e+00
9.908716748584183165e+00,5.053008999009789726e+00
9.915161378389404589e+00,5.046441557055854510e+00
9.911010541661241291e+00,5.050569972857301693e+00
9.915749694074015963e+00,5.045817577863659587e+00
9.915159484105803500e+00,5.046343433980466031e+00
9.911222507156125516e+00,5.050232878747226373e+00
9.908865094243811455e+00,5.052556040768487300e+00
9.909408124644967231e+00,5.052005488503564123e+00
9.913367427646328167e+00,5.048010176457643716e+00
9.913906010654301326e+00,5.047429083295118524e+00
9.915099228777656037e+00,5.046226107335374245e+00
9.906430028744832583e+00,5.054817529989163560e+00
9.905442691332307703e+00,5.055744129037582191e+00
9.912286780876534920e+00,5.048860881945230084e+00
9.905344379749635664e+00,5.055800847453588709e+00
9.912947146535184828e+00,5.048123205088173471e+00
9.915378175821505380e+00,5.045684740545410385e+00
9.912891902636090435e+00,5.048168627641515194e+00
9.911775086929432987e+00,5.049267876875451755e+00
9.914568537402871584e+00,5.046458613620804279e+00
9.907938845385505289e+00,5.053078083516236774e+00
9.905616295282932526e+00,5.055368041687419378e+00
9.911514245861699379e+00,5.049439752217432797e+00
9.907216712256007085e+00,5.053726680465225662e+00
9.907407570869017022e+00,5.053528254106260498e+00
9.904230283014268110e+00,5.056693316382261827e+00
9.909973508409393617e+00,5.050937680459299806e+00
9.915664341264150750e+00,5.045136733666172546e+00
9.905931717688527982e+00,5.054854631295317979e+00
9.910965691297413116e+00,5.049735893908049000e+00
9.906729383936664135e+00,5.053957027170103977e+00
9.904510307242970768e+00,5.056095539263702143e+00
9.912141349951298253e+00,5.048375780905867138e+00
9.909432301050291159e+00,5.051078246547259454e+00
9.914894583890713875e+00,5.045587325427584702e+00
9.907269266397948471e+00,5.053191311807740504e+00
9.907144163758335509e+00,5.053287203083711709e+00
9.913716362717032382e+00,5.046660827143256256e+00
9.909156417156079755e+00,5.051179391352066617e+00
9.915666805564729458e+00,5.044663235069126728e+00
9.902330311835179089e+00,5.057968451719712988e+00
9.914003656702758960e+00,5.046277489662812421e+00
9.902096366458746246e+00,5.058153112377700822e+00
9.915346711419440240e+00,5.044898401447642122e+00
9.903293267951665868e+00,5.056932071092533398e+00
9.903061054371583793e+00,5.057146557144356791e+00
9.901913984165354066e+00,5.058291826861937679e+00
9.908750369029338145e+00,5.051425411875096749e+00
9.899115084046803403e+00,5.061033777362780484e+00
4.531760032368816304e+00,9.311287020568849826e+00
4.526105524160445093e+00,9.315766913142844885e+00
4.534501321656850159e+00,9.309084655815563991e+00
4.543319643615946646e+00,9.302115842680841240e+00
4.539602684643536001e+00,9.305044594399682012e+00
4.524242830957166284e+00,9.317239453653359149e+00
4.549036058446546349e+00,9.297574406657362900e+00
4.550077405704259448e+00,9.296753259525633695e+00
9.901363269285187840e+00,5.058720633410150214e+00
4.553010159058121786e+00,9.294431758863789028e+00
4.545563179757114547e+00,9.300260015578977857e+00
9.908249702148268057e+00,5.051813884007901656e+00
4.557156318295533026e+00,9.291170690544307220e+00
4.554885711864226749e+00,9.292940608407796788e+00
9.914356478552850405e+00,5.045696994794989010e+00
4.526569306854877794e+00,9.315274576812178964e+00
4.558987756430863847e+00,9.289723264109486678e+00
4.548728010137032207e+00,9.297734206873123242e+00
4.520238665049937765e+00,9.320302573358452136e+00
4.517544743015776021e+00,9.322443601436432914e+00
4.556483400718264853e+00,9.291627456860020118e+00
4.563814944041715727e+00,9.285899969238474938e+00
4.515345956556321205e+00,9.324166050339995238e+00
4.527859199009633073e+00,9.314151264986119116e+00
4.526592870271013425e+00,9.315154786288937672e+00
4.558623551961630049e+00,9.289925537426899638e+00
4.538399692427518062e+00,9.305786778088640077e+00
4.523757274820448870e+00,9.317409546530564413e+00
4.533445678456866190e+00,9.309700036205581952e+00
4.512198075898650629e+00,9.326679820385381348e+00
4.512527008118259353e+00,9.326410420061112205e+00
4.545159493382515237e+00,9.300449308346637523e+00
4.542849151985801193e+00,9.302255947526621327e+00
9.914438243446870302e+00,5.045526249648944805e+00
4.560409912977151592e+00,9.288496207735509103e+00
4.544844939323979816e+00,9.300671178777935921e+00
9.905518094054551526e+00,5.054440684764897718e+00
4.522163740467015636e+00,9.318641375055831233e+00
4.545844999174541989e+00,9.299881478531247581e+00
9.901407710467033496e+00,5.058547960764594897e+00
4.504566109013852682e+00,9.332788070220498611e+00
4.552982884245227346e+00,9.294254576556879144e+00
4.516901026966801957e+00,9.322813496638922004e+00
4.516676105155620569e+00,9.322990065809806381e+00
4.526165445888180372e+00,9.315387296506600023e+00
9.913667240108793521e+00,5.046251350509203704e+00
4.506833148121332400e+00,9.330913869821641171e+00
4.527446890106303634e+00,9.314360890522440428e+00
4.545160154000595476e+00,9.300352682821589667e+00
9.914971900456674092e+00,5.044935643368841482e+00
4.520186169983396951e+00,9.320141254474879844e+00
4.543317148613983392e+00,9.301788686176209353e+00
4.566633462127862586e+00,9.283561060453791924e+00
4.559940945940303969e+00,9.288758022109321999e+00
4.568529937940986940e+00,9.282073552235793557e+00
4.573828008742794715e+00,9.277970677014604206e+00
4.572241422062839789e+00,9.279195426639326172e+00
9.906345697840041709e+00,5.053517877864425856e+00
9.908169548638579016e+00,5.051691937059330506e+00
4.532637378696049879e+00,9.310151446121295749e+00
4.561621665198854814e+00,9.287406653001289314e+00
4.563070422264088322e+00,9.286267086703755780e+00
4.533514387330750850e+00,9.309433102618344336e+00
4.531165919753773252e+00,9.311293990541981813e+00
4.506423575034432361e+00,9.331110757986474269e+00
4.526517634471272977e+00,9.314982899061662991e+00
8.331225582643771332e+00,6.302616180391277467e+00
8.640664962720517650e+00,6.057576181723891118e+00
7.016226809502809303e+00,7.343958166737114546e+00
8.434617117443885093e+00,6.220739595373031783e+00
7.344844376782321049e+00,7.083762975009035401e+00
7.459592426930145237e+00,6.992859242095093464e+00
4.737428587824024540e+00,9.148583976140404417e+00
4.678938545221067002e+00,9.194879065171669197e+00
9.373147129417741752e+00,5.477507898094124528e+00
5.387503374332030859e+00,8.633746897509865903e+00
8.513083453982867255e+00,6.158603966436728250e+00
8.744857939717375572e+00,5.975071008695802099e+00
6.149811511034607214e+00,8.030077009289904311e+00
5.866184043799291814e+00,8.254682102723727155e+00
9.665180778999033606e+00,5.246272255428683806e+00
6.772843194625061791e+00,7.536731813977834982e+00
8.015880576025399051e+00,6.552340281598737270e+00
8.637000697108019764e+00,6.060494172394643719e+00
8.796478595727913685e+00,5.934204838256382786e+00
9.621322677320026884e+00,5.280999919001271969e+00
6.741968190574322506e+00,7.561179313816056791e+00
7.559555035598332751e+00,6.913729131050782684e+00
6.294575526412650390e+00,7.915456521412580493e+00
7.118415411194837006e+00,7.263034917811917346e+00
5.964739054030316012e+00,8.176667698645092131e+00
5.806279285120419686e+00,8.302130605220346737e+00
6.656534825066925620e+00,7.628826837757141988e+00
4.985559600232980948e+00,8.952057612804017239e+00
8.186815239528627330e+00,6.416974280644335060e+00
6.375221507696858581e+00,7.851600511002612137e+00
5.226174067344655505e+00,8.761509829618701062e+00
8.082738645288852553e+00,6.499398241524319886e+00
8.335387257042812692e+00,6.299348915800535131e+00
5.956020530944182489e+00,8.183553635501221279e+00
5.961752227395667347e+00,8.178998050013559507e+00
7.964925134514219351e+00,6.592690153221848703e+00
5.107432598944368074e+00,8.855576578332135185e+00
5.967669947815204878e+00,8.174326399280200661e+00
5.332282544209125064e+00,8.677510177849031336e+00
7.512036768763658223e+00,6.951349975756149213e+00
4.657475385256399036e+00,9.211898264947222970e+00
7.923891122235479756e+00,6.625205263144261281e+00
9.401645990197646796e+00,5.454936698876086787e+00
4.688603058182891914e+00,9.187212000536186807e+00
7.879267111273238200e+00,6.660516510954909819e+00
5.320928551125039263e+00,8.686486008381287149e+00
8.196924318781636742e+00,6.408995570574261613e+00
4.871569259017213938e+00,9.042344390806379195e+00
5.764575592749546118e+00,8.335169646977657720e+00
9.391365680703497532e+00,5.463108057580818411e+00
7.942684984892977695e+00,6.610304914689199229e+00
9.403269830218665248e+00,5.453680715492303044e+00
9.876806725652929941e+00,5.078676688886766044e+00
4.740892155109239781e+00,9.145806552497861119e+00
7.498021138793661500e+00,6.962443021505698937e+00
7.691019238654239309e+00,6.809599173216388301e+00
8.119964080372980675e+00,6.469915435964708195e+00
6.196316474578370759e+00,7.993286353190254268e+00
5.174852795258582994e+00,8.802151337642309059e+00
4.626205018837581839e+00,9.236636128747095498e+00
6.701573143871138782e+00,7.593133360903555840e+00
6.333898089523716912e+00,7.884330505475391604e+00
5.622308848182765217e+00,8.447837911594154647e+00
7.447009041112856664e+00,7.002835471098181941e+00
7.976703180390561698e+00,6.583391278107370681e+00
8.935161021028235950e+00,5.824386015976711128e+00
8.679944818364958792e+00,6.026478014007527584e+00
8.246602850810420549e+00,6.369643685026737501e+00
9.869475773966311039e+00,5.084475458173303153e+00
5.804833666342563703e+00,8.303302817082668597e+00
7.743927643439812769e+00,6.767688828858687167e+00
5.968500924617532455e+00,8.173686208312830104e+00
4.941883285929969283e+00,8.986643816990827816e+00
6.880148846076054703e+00,7.451735193884672981e+00
8.499315900148669556e+00,6.169500568252745509e+00
6.332955994604120065e+00,7.885041998611302283e+00
7.401122539512450693e+00,7.039161378906156230e+00
6.755501149756089063e+00,7.550437233964532702e+00
8.824019997669056536e+00,5.912378402591349946e+00
6.491516461322539122e+00,7.759502350143132610e+00
4.631215899443017925e+00,9.232654028167473825e+00
8.868616455368522722e+00,5.877043912017082761e+00
9.617071906423035443e+00,5.284346001536509796e+00
6.604305735821083267e+00,7.670169690065156587e+00
7.080562665466134220e+00,7.293013696405454382e+00
8.170902158082366640e+00,6.429606610433769909e+00
8.552758024852771257e+00,6.127187768675325330e+00
5.787590784296586577e+00,8.316936208283580712e+00
4.997359066566090746e+00,8.942729134502490851e+00
9.609884281410156603e+00,5.290057137081625172e+00
8.634722023707926297e+00,6.062304357270988042e+00
6.797098462031429200e+00,7.517507397888167908e+00
7.247989916893743612e+00,7.160440605552354398e+00
6.532014998786132232e+00,7.727417843941259967e+00
7.756131517753258819e+00,6.758048517155740953e+00
9.283687950191186644e+00,5.548363593878136157e+00
8.393863973862126571e+00,6.253008086204882687e+00
5.545948962060711196e+00,8.508310648027650913e+00
8.395991110231927124e+00,6.251344965506041795e+00
5.982388832764533149e+00,8.162660291080856112e+00
8.451785894007599609e+00,6.207167440976586015e+00
6.315780607855479012e+00,7.898677152230583864e+00
7.227911382519221384e+00,7.176335335289985018e+00
9.120403932284586901e+00,5.677680904244096105e+00
4.781142616998119266e+00,9.113928295235810495e+00
7.850011162161782963e+00,6.683684080157513918e+00
6.305654843006903931e+00,7.906674139732896123e+00
6.463087519605336340e+00,7.782028130620433082e+00
5.643820174494139863e+00,8.430801424660739229e+00
9.739235485868633191e+00,5.187596215882489759e+00
6.046718256205931397e+00,8.111728818276350950e+00
8.551277602730214866e+00,6.128363800389099225e+00
7.941209988558085797e+00,6.611482251824537748e+00
7.111065393250603606e+00,7.268876965636959397e+00
6.650707679711652887e+00,7.633442530946254578e+00
5.808885705473962879e+00,8.300057201779798888e+00
7.194807170001875640e+00,7.202538979438416256e+00
5.761996597956358990e+00,8.337204544103737902e+00
7.261938403139616582e+00,7.149414160262619333e+00
8.239984816875001172e+00,6.374886894089567768e+00
7.068397973421415514e+00,7.302663790206540995e+00
9.290052942256842528e+00,5.543328916558921016e+00
4.939830845693562900e+00,8.988293563233069605e+00
9.018720485803211062e+00,5.758197428855786448e+00
7.270099229019703735e+00,7.142914028486085698e+00
8.853400131477139112e+00,5.889119111009297747e+00
7.627663368217287854e+00,6.859786802362569880e+00
6.400283997846181627e+00,7.831754709080154697e+00
9.658029343752815521e+00,5.251936970278814343e+00
7.275307851649191804e+00,7.138810727570090719e+00
9.115728359340389275e+00,5.681390529425734748e+00
9.851503955181442507e+00,5.098702059064878611e+00
7.676710690593337993e+00,6.820915789688355879e+00
9.322592321739138654e+00,5.517542207860120840e+00
9.261111664292574375e+00,5.566261680436099368e+00
7.791554481131729659e+00,6.729987376895204321e+00
4.843281613477099512e+00,9.064738219637550998e+00
7.412984306116335631e+00,7.029785953079302097e+00
9.586644094600256238e+00,5.308463941622124871e+00
6.978812627457772422e+00,7.373608623987134791e+00
7.789494542949092271e+00,6.731604686565352047e+00
9.012096560788052102e+00,5.763440417391312742e+00
5.360970343327733367e+00,8.654759914812080623e+00
9.546339634668147056e+00,5.340390551277261366e+00
7.493768460094608841e+00,6.965819658602642406e+00
9.505590281617163129e+00,5.372635160450739633e+00
6.415985109152908095e+00,7.819314252782106678e+00
5.274842626564686832e+00,8.722996811144597018e+00
5.500390380344712504e+00,8.544389625814499567e+00
7.193375102290144874e+00,7.203696168260259824e+00
7.934772150183046158e+00,6.616564133188058250e+00
6.526414256637439237e+00,7.731862027408553217e+00
7.710841592271202138e+00,6.793918638917165076e+00
6.213121900227095651e+00,7.979975764133679483e+00
5.395108732739932300e+00,8.627737255967113938e+00
4.762870786937418721e+00,9.128429711179773420e+00
9.884250338559080973e+00,5.072764575913573992e+00
6.833044268804763455e+00,7.489044467113304293e+00
5.881642443513593221e+00,8.242443915977913704e+00
7.921324876733645048e+00,6.627239796873613642e+00
5.108988341336345940e+00,8.854303944674922988e+00
7.693215455571236205e+00,6.807864457957327531e+00
5.964547488590670632e+00,8.176825373413194598e+00
6.062974367725218805e+00,8.098862396007266540e+00
6.600932612517246945e+00,7.672839901925771144e+00
9.329922106783001823e+00,5.511747737202222552e+00
9.387904455118693647e+00,5.465817317421624466e+00
5.370722923276420424e+00,8.647074645904162082e+00
5.238553699130156005e+00,8.751712736165437434e+00
7.432288080032783739e+00,7.014507514809050548e+00
6.862229834551017760e+00,7.465918684102486047e+00
8.515412362603893115e+00,6.156788405577946044e+00
5.618394826526134977e+00,8.450920071084645713e+00
7.819364932420482361e+00,6.707987613465920873e+00
5.631670449050526273e+00,8.440428960165665018e+00
7.839851559168307560e+00,6.691742411712690242e+00
8.150152978686293181e+00,6.445999825525942306e+00
6.092421734950775658e+00,8.075555278495579969e+00
8.150357885537777847e+00,6.445843314590176121e+00
5.902250256321371680e+00,8.226134343927805403e+00
8.189884004656494909e+00,6.414533856291405378e+00
7.406792395699377529e+00,7.034706140820190079e+00
5.883781357255766231e+00,8.240784087039084937e+00
9.868820238602150852e+00,5.084982967873652449e+00
8.435373208434832293e+00,6.220152407047632614e+00
9.115917488567255589e+00,5.681219531486612517e+00
8.947242086754954471e+00,5.814795119438464610e+00
7.483914292825861736e+00,6.973602803579173504e+00
8.248467636752565113e+00,6.368143717566303152e+00
6.241365125456507457e+00,7.957577177454985495e+00
5.574223562433166634e+00,8.485905404199684199e+00
5.755686070665180232e+00,8.342216175393470934e+00
6.666437040951903370e+00,7.620987339152982543e+00
6.986963239474301091e+00,7.367154992092871169e+00
8.416958670519090191e+00,6.234712729363384831e+00
6.964706315942126302e+00,7.384789252202418552e+00
7.007295421179678740e+00,7.351033567505242949e+00
6.025403980431404349e+00,8.128617283351143641e+00
6.949038172227054666e+00,7.397181861464448893e+00
5.219081065306096612e+00,8.767121510651623595e+00
6.301976429485214304e+00,7.909591909524525732e+00
5.414909355466744678e+00,8.612077407641862692e+00
8.944218577600512532e+00,5.817181904081709654e+00
8.706436409143446298e+00,6.005475181552274222e+00
8.653762201698670609e+00,6.047227947367456835e+00
6.309030150662983338e+00,7.904023619185877259e+00
7.428676836376121528e+00,7.017373489033529310e+00
6.329916449486311159e+00,7.887485042249008593e+00
7.451346360715874972e+00,6.999407908525386190e+00
8.995158925057129551e+00,5.776855757033569461e+00
5.115436566566537557e+00,8.849234774814222604e+00
9.465885255348235106e+00,5.404072475401810571e+00
6.323440976750169362e+00,7.892603129460272982e+00
9.291617071879866074e+00,5.542098812809364006e+00
9.605562002188534620e+00,5.293480050734679310e+00
5.969271345283654107e+00,8.173074901680710269e+00
6.326881789582762039e+00,7.889881728310678355e+00
6.813810663755963226e+00,7.504284753149485176e+00
9.613674453933615638e+00,5.287067061227318732e+00
8.031317399264739976e+00,6.540107790217776440e+00
5.921292200163239983e+00,8.211048796186977583e+00
7.128715894652078333e+00,7.254883910220166321e+00
9.200262489837378155e+00,5.614436876986450109e+00
8.954513187980840172e+00,5.809034373862446365e+00
6.720474747429012297e+00,7.578185845321002923e+00
8.851395238569132573e+00,5.890701085760998268e+00
5.121833896832973743e+00,8.844172479620555194e+00
8.716095416312400701e+00,5.997825719731236127e+00
7.529020702844965385e+00,6.937889919532516991e+00
4.725378945461005564e+00,9.158086478654343665e+00
5.299351192031301672e+00,8.703572512875824785e+00
7.474121711886910546e+00,6.981360743333233643e+00
8.749453920000203055e+00,5.971439463066579911e+00
5.871843907379720839e+00,8.250203845811240555e+00
6.268078225337752940e+00,7.936417034072279719e+00
7.873382285918121504e+00,6.665189437419410723e+00
9.134667871475986800e+00,5.666355596189371902e+00
7.535641579483504771e+00,6.932657962454465306e+00
9.391198617998886888e+00,5.463216549883493478e+00
6.437768317297982712e+00,7.802044454521263717e+00
5.603615076879172818e+00,8.462609259275849283e+00
5.296348372742242461e+00,8.705967933794759972e+00
8.491248793009402718e+00,6.175917252773819754e+00
4.732418853964038163e+00,9.152509738803610517e+00
8.016138687012311692e+00,6.552124429839730979e+00
6.474768032326505107e+00,7.772773559087126749e+00
5.020776124160741816e+00,8.924186524001616050e+00
4.887716324034867554e+00,9.029542172207930761e+00
8.010498964643597120e+00,6.556620360534538783e+00
6.858205075570166898e+00,7.469127479463233854e+00
9.822161264939669678e+00,5.121940329459951258e+00
6.744610545366391818e+00,7.559081938921799804e+00
8.589317737532137897e+00,6.098236233869552159e+00
8.018197924423818179e+00,6.550526886404676397e+00
7.768017961610302002e+00,6.748638111440065757e+00
7.157433110617720473e+00,7.232133451607845487e+00
6.927771757986061374e+00,7.414014378722909804e+00
5.283782089139768878e+00,8.715921174155266016e+00
9.677570932726073494e+00,5.236452839499309952e+00
7.230619361909042198e+00,7.174186720973070308e+00
6.459633640658942078e+00,7.784751148311949365e+00
7.620524074503723710e+00,6.865424508546110083e+00
6.395826244881781975e+00,7.835252759541294409e+00
7.810434979491486018e+00,6.715032169918774052e+00
6.310674745777365757e+00,7.902716880729867555e+00
8.388945225702020281e+00,6.256913975726826393e+00
7.559596141731050878e+00,6.913681175056878736e+00
6.694939875490274694e+00,7.598401125246470045e+00
5.560089520268955532e+00,8.497085097012970323e+00
6.207735969263472597e+00,7.984203654210488388e+00
5.636419079590565318e+00,8.436652938003174285e+00
9.356015379466924742e+00,5.491106251790933257e+00
6.342364781389732364e+00,7.877593038238053680e+00
7.946058492539195939e+00,6.607625703461587285e+00
8.664899550193680966e+00,6.038407629714911629e+00
6.157581136511879549e+00,8.023947595069097716e+00
8.804534769907895964e+00,5.927790537609169519e+00
4.826887957247518735e+00,9.077729569134564969e+00
6.539673120431736209e+00,7.721350888534459500e+00
9.745474980130204301e+00,5.182674895768536238e+00
5.246981233752359586e+00,8.745050743803199467e+00
4.992562995890624578e+00,8.946528350872036128e+00
5.972579033967976514e+00,8.170437420501723835e+00
6.994948061542324069e+00,7.360843964601477829e+00
6.971724469686327197e+00,7.379205909362157811e+00
7.554136559944506502e+00,6.917990652927469952e+00
8.346504253183038458e+00,6.290511521591088062e+00
5.348227529841252270e+00,8.664875682684593627e+00
4.776973641007248972e+00,9.117266355684744639e+00
5.131024284871367414e+00,8.836881535373651175e+00
7.397496848490646926e+00,7.042067400017271162e+00
6.217067403893738131e+00,7.976816048520366742e+00
7.707783241157025067e+00,6.796331046085270167e+00
9.648777187251294407e+00,5.259251247456882439e+00
8.755389433190917003e+00,5.966730068931502373e+00
7.779079897412248812e+00,6.739890636749150232e+00
4.673340860167416011e+00,9.199331205662756972e+00
6.431984709037057435e+00,7.806660886676779931e+00
9.210250551479123970e+00,5.606513039423663081e+00
8.898734449634105204e+00,5.853231405008918031e+00
6.508995740949170994e+00,7.745666268574109559e+00
6.232327928909056070e+00,7.964756161183732530e+00
6.257190146257687324e+00,7.945074405564463760e+00
9.702252036912128119e+00,5.216905238257000477e+00
9.429228305126432730e+00,5.433115654763780888e+00
9.398493989368798651e+00,5.457438451075608654e+00
7.373858669248306796e+00,7.060759895413988296e+00
6.518038040228525176e+00,7.738497299282172115e+00
5.322841463463815259e+00,8.684983154564134722e+00
9.057145110348233885e+00,5.727748903613240294e+00
4.680720967419444101e+00,9.193483889623591310e+00
4.540532335236032502e+00,9.304491593488556589e+00
6.385698148612218183e+00,7.843306174444391488e+00
9.346246127289704830e+00,5.498839035904514283e+00
8.312577617503979610e+00,6.317385767793520124e+00
5.235511343085605951e+00,8.754113969197225842e+00
6.360752973590058090e+00,7.863052161919939387e+00
5.114878814105408011e+00,8.849672898690945644e+00
9.414968328031445566e+00,5.444400537856833644e+00
9.156484236607656868e+00,5.649098801137517611e+00
4.585176745336061899e+00,9.269114613340651232e+00
6.753867486328935854e+00,7.551748859556936644e+00
5.708112930209446212e+00,8.379883544827748665e+00
9.435444250264119148e+00,5.428211381116327949e+00
5.905685066721020782e+00,8.223412683229694764e+00
4.636013623906157122e+00,9.228858629590803275e+00
5.630018838593534802e+00,8.441727298536013890e+00
8.219003606373238568e+00,6.391490031796006832e+00
5.968572598507827287e+00,8.173629480085278232e+00
9.020590303929022724e+00,5.756716058756095933e+00
8.956779925063257153e+00,5.807225337035986534e+00
6.881577683529840783e+00,7.450623141534336469e+00
5.025692292820329143e+00,8.920281617299886889e+00
8.223039170693594357e+00,6.388286443561542072e+00
6.501808208764830788e+00,7.751364227345141522e+00
7.891166346667993992e+00,6.651115386976122146e+00
8.380609969638040724e+00,6.263516507575692671e+00
7.420791666193652603e+00,7.023582228173751218e+00
7.597314644847353193e+00,6.883804324302237987e+00
8.400458440751163991e+00,6.247785051392893862e+00
8.717010077444685479e+00,5.997113268459979274e+00
8.093547821772055784e+00,6.490829734926429673e+00
6.316112818949939367e+00,7.898408051354911308e+00
7.631894424161728807e+00,6.856423998018019716e+00
9.272758876969545483e+00,5.557042017475818163e+00
7.353944044001382352e+00,7.076556296925422984e+00
8.646734183487598813e+00,6.052760841480255394e+00
5.338053175401913819e+00,8.672915584407965284e+00
6.473459395990186493e+00,7.773790362096319129e+00
6.179716483820104855e+00,8.006431598184263976e+00
7.074606012569384816e+00,7.297738110877556750e+00
7.234182900854870368e+00,7.171362655992584934e+00
4.672527292342228300e+00,9.199961544910339128e+00
7.873020892614022159e+00,6.665464775886491111e+00
9.090448329465662169e+00,5.701404372504896401e+00
5.247091958415328605e+00,8.744963960037688722e+00
7.051204674487237867e+00,7.316256379883279592e+00
6.069076511032414523e+00,8.094010740907862100e+00
6.554525262210123771e+00,7.709592190114335608e+00
7.856887988604794870e+00,6.678271101446844327e+00
7.988199471098946347e+00,6.574272287874962650e+00
8.601864745404052215e+00,6.088312790549935016e+00
9.813226880967214072e+00,5.129031652881027803e+00
6.849066182910867440e+00,7.476368388347805372e+00
5.149932710516076817e+00,8.821898770299773318e+00
5.054805509033600153e+00,8.897226781137083762e+00
7.122629032495481738e+00,7.259719849568903705e+00
6.538258294899524259e+00,7.722464607822419502e+00
6.287798677382964385e+00,7.920830311022748482e+00
8.941933684769979962e+00,5.819010688522502583e+00
9.286786350402060464e+00,5.545932412555914404e+00
4.848725102178987889e+00,9.060444553664529721e+00
5.131199676965990442e+00,8.836749429493639951e+00
9.096191849769848403e+00,5.696825258726717855e+00
6.855954822845255592e+00,7.470881745668111584e+00
7.910422883234481617e+00,6.635840526970673281e+00
7.938270039022801150e+00,6.613805906842773474e+00
6.398258475384057675e+00,7.833342276198196785e+00
8.299508276275208374e+00,6.327748760356644908e+00
5.708137157227339387e+00,8.379874944887719224e+00
5.722677364385123866e+00,8.368334422122226002e+00
8.573429641290118752e+00,6.110843457250815902e+00
5.585453016993698228e+00,8.476999642214329000e+00
7.413095146255204604e+00,7.029677606959928937e+00
8.493743413633627171e+00,6.173940565668528002e+00
4.542305773332783403e+00,9.303096593794151659e+00
8.570463079644323301e+00,6.113163192316232397e+00
7.616547253377500937e+00,6.868576016032178266e+00
7.738059324542602369e+00,6.772360621572044437e+00
8.756479111678185490e+00,5.965861040674393934e+00
8.319344187199082086e+00,6.312033732370107231e+00
7.177596405023793480e+00,7.216169134230709936e+00
7.506517214644137681e+00,6.955693658609357399e+00
5.479839224944281106e+00,8.560664700544768024e+00
9.704553531611752604e+00,5.215069947622672508e+00
5.721396835397206004e+00,8.369368529182832361e+00
5.108360506160639858e+00,8.854834397650600764e+00
9.752110766931330943e+00,5.177410228404411008e+00
8.474451213980030317e+00,6.189204582685811751e+00
6.381829480683337330e+00,7.846377233483940117e+00
5.424868341696238438e+00,8.604185622385982057e+00
8.725600148186437366e+00,5.990324044916566670e+00
6.530640043200315326e+00,7.728516601653625528e+00
5.387071521629285265e+00,8.634089162214541702e+00
7.347503606550104038e+00,7.081630751828218884e+00
6.180125773287029389e+00,8.006070800826808664e+00
7.561898534144843254e+00,6.911836440087363087e+00
7.747201590735927290e+00,6.765114423307045932e+00
6.720179927669306608e+00,7.578418222960352502e+00
6.650286991027826389e+00,7.633779692827621588e+00
6.777660716467556412e+00,7.532900620510123879e+00
5.614406568206454118e+00,8.454061376809223205e+00
6.860966262019644546e+00,7.466935638351432480e+00
8.780896079866359116e+00,5.946548123331104385e+00
5.136418482761759385e+00,8.832591150891541787e+00
9.893962018370853428e+00,5.065087568848576360e+00
7.926297012279341025e+00,6.623286407508952145e+00
5.168968300078948808e+00,8.806841123643023295e+00
5.535920118562621894e+00,8.516252551549928995e+00
8.323723460613665637e+00,6.308557049517840909e+00
6.785208128983358122e+00,7.526940830314248210e+00
6.485127943637675862e+00,7.764568076590663281e+00
6.450148581555946947e+00,7.792235882779000811e+00
8.238750825231468511e+00,6.375837644352311706e+00
5.768755098228562694e+00,8.331840471118530544e+00
8.640405036760235191e+00,6.057769368650071762e+00
9.597415950470374213e+00,5.299921203812295367e+00
8.589554039566619892e+00,6.098068010080838874e+00
6.288384985139388483e+00,7.920376121872406472e+00
7.912691139270854990e+00,6.634052752651753870e+00
5.690929589242887054e+00,8.393502324679424476e+00
6.113629553211675116e+00,8.058756469926530386e+00
7.971315634417757146e+00,6.587645453364008752e+00
7.064315291246808570e+00,7.305875693569744200e+00
7.357844835409679263e+00,7.073454673154038197e+00
8.058602741378912526e+00,6.518503992903842637e+00
4.774568109049694975e+00,9.119141854439551054e+00
5.978236836525599784e+00,8.165946702631892151e+00
4.747756944788442013e+00,9.140365454241825560e+00
7.054855227043308474e+00,7.313387431560904872e+00
9.785957809575830169e+00,5.150610038884205544e+00
9.717934593584260483e+00,5.204497762544833428e+00
9.169687716696017787e+00,5.638630089530733080e+00
9.698749813909827822e+00,5.219660043909256864e+00
6.120995383158229330e+00,8.052894992307916056e+00
5.816359953318922749e+00,8.294167462465056317e+00
9.556903338315555274e+00,5.332004206883869557e+00
6.983879410527919163e+00,7.369592478340445396e+00
7.764241755997172589e+00,6.751599893001454689e+00
6.182383196212782650e+00,8.004279437437601175e+00
8.534191301681090636e+00,6.141888613334460345e+00
7.017514336499536931e+00,7.342939156955413438e+00
6.597128657675639829e+00,7.675866444774986697e+00
6.512699721744391823e+00,7.742700462142778406e+00
8.927980372522142716e+00,5.830034442202657985e+00
7.196116580572269328e+00,7.201503715695712238e+00
9.024374697072534701e+00,5.753728503003023853e+00
9.300555407431716048e+00,5.534995072055773235e+00
7.642217110405898239e+00,6.848273274047389947e+00
4.911061787351925112e+00,9.011070152826954782e+00
7.946492645780906194e+00,6.607302319147794201e+00
6.542336697093213971e+00,7.719241054807629787e+00
8.275717781233506543e+00,6.346593107663254685e+00
9.386821999081357504e+00,5.466698721276538109e+00
8.395351596724971444e+00,6.251856189863162605e+00
9.587959682550762253e+00,5.307422581393307581e+00
7.348221917485097343e+00,7.081050917256512811e+00
9.011937828271678441e+00,5.763570792652799035e+00
5.692473102816756558e+00,8.392247896910852489e+00
7.096164948155617935e+00,7.280690328642933196e+00
7.202398111501754130e+00,7.196550736422546279e+00
7.931428690311459917e+00,6.619211003960901785e+00
7.527611868561328023e+00,6.939020545427350584e+00
8.212808847518138222e+00,6.396383196312597441e+00
5.115032020692382275e+00,8.849517113831312898e+00
5.218019280115679948e+00,8.767993772317584700e+00
8.431866146412627216e+00,6.222912207667427253e+00
8.195541798941167855e+00,6.410094692785523129e+00
9.138473303260315816e+00,5.663369838585571969e+00
5.289355120878404648e+00,8.711505151901242527e+00
5.701752685821912081e+00,8.384910055406352924e+00
8.823008015592359143e+00,5.913196682297211737e+00
6.470519552304124566e+00,7.776133523847909679e+00
8.765308439265737661e+00,5.958880141256191365e+00
5.032548592328241810e+00,8.914874039145921358e+00
4.852036562166058609e+00,9.057794494663944818e+00
7.469860300033060341e+00,6.984721319897688296e+00
5.978571523924619768e+00,8.165702150493446609e+00
8.092777117952131505e+00,6.491453622902450427e+00
4.692792326665165881e+00,9.183891529800380482e+00
9.381186886904670175e+00,5.471151200364539946e+00
7.760729848417668109e+00,6.754392943174426733e+00
9.392649651310495784e+00,5.462089739327218751e+00
9.563201143335735566e+00,5.327020221512232645e+00
9.046808345098737547e+00,5.735972696673012905e+00
6.278474141686897880e+00,7.928203274107615606e+00
8.769133285478234896e+00,5.955828843621867819e+00
9.593599682906694071e+00,5.302935983064395842e+00
9.778009199042230648e+00,5.156901119401895883e+00
9.555020033295727799e+00,5.333498352692914501e+00
7.648780739191908040e+00,6.843057632834326220e+00
4.534023584280554964e+00,9.309637531347277672e+00
9.710096309662302971e+00,5.210697387145374115e+00
7.906466080831481058e+00,6.638980377391398235e+00
9.055441728508576205e+00,5.729129410234504505e+00
8.545377783382829051e+00,6.133033180133330653e+00
9.271653011992579962e+00,5.557913133692578889e+00
8.270032935735134316e+00,6.351096437563083619e+00
6.106132278270058222e+00,8.064695958766973760e+00
7.953041869326892943e+00,6.602090451184364106e+00
9.788737985788880991e+00,5.148399958232868556e+00
6.114083269641115592e+00,8.058401494199008752e+00
4.649948891502719839e+00,9.217835588888064535e+00
6.789414623895134504e+00,7.523589762285878280e+00
5.583537576074289355e+00,8.478547082608143270e+00
8.651250401325572881e+00,6.049187879569429604e+00
5.566326497291877118e+00,8.492164291695564415e+00
5.364815079904715844e+00,8.651737129157865525e+00
9.455971012332724968e+00,5.411940560976368886e+00
6.243591319979453047e+00,7.955847372488937808e+00
7.213475309600999807e+00,7.187753861258645571e+00
8.896996262916616161e+00,5.854570131163247204e+00
8.929108798448350370e+00,5.829178896990774739e+00
5.280976256417699410e+00,8.718111031747529438e+00
6.806316589183167842e+00,7.510204072958041266e+00
8.805949194136545088e+00,5.926690357371340312e+00
7.644237149882057381e+00,6.846638708751842550e+00
6.029573873420624786e+00,8.125330378716617119e+00
6.427689689005853246e+00,7.810061175107349207e+00
6.289547207109059457e+00,7.919446706536192870e+00
9.442693476871154346e+00,5.422446122918269218e+00
6.451488003163567519e+00,7.791184122904680542e+00
5.441659555706184648e+00,8.590861551594199952e+00
8.434907118354310285e+00,6.220531962771429946e+00
9.317746675286254998e+00,5.521384357585861657e+00
4.738258085234424932e+00,9.147913416970158806e+00
5.192484788886188696e+00,8.788220025721264150e+00
8.719995802750478475e+00,5.994741163258952454e+00
8.706907698646656257e+00,6.005106932774695316e+00
8.781201634378238197e+00,5.946306029867853837e+00
9.464241439020938174e+00,5.405404228930924759e+00
7.198914089015325146e+00,7.199297358233502031e+00
4.599233438764949611e+00,9.258001545997966986e+00
6.042524987015456261e+00,8.115070974130848214e+00
7.558961699354986408e+00,6.914198185884039560e+00
5.969176833195654730e+00,8.173151204166250849e+00
6.335876422328135860e+00,7.882738173766059120e+00
4.957929586079173667e+00,8.973963113168421657e+00
9.318797180314021489e+00,5.520576255516703057e+00
6.047755435230339316e+00,8.110931512610918048e+00
9.572123278519478973e+00,5.319965317222206558e+00
7.363562051826894717e+00,7.068924980608477959e+00
6.506364497659143709e+00,7.747718845283269928e+00
7.845540491568167241e+00,6.687233022178061148e+00
9.546056426706019948e+00,5.340610071099285427e+00
8.951418195458657578e+00,5.811483251124689886e+00
5.866482295084618492e+00,8.254459376024994910e+00
8.456303149650313600e+00,6.203569075706864666e+00
7.331003499289394654e+00,7.094703292517678506e+00
9.186525130512098514e+00,5.625290490367017782e+00
9.023501178696081482e+00,5.754401748584646370e+00
6.847489906329007781e+00,7.477608727479987394e+00
5.100562599733532210e+00,8.860981706269267733e+00
6.295901613185768575e+00,7.914402386155716229e+00
8.324421211618954430e+00,6.308025044830737116e+00
6.134235202126028241e+00,8.042408961105554255e+00
9.804400783739303904e+00,5.136020606543403311e+00
9.617536632535268026e+00,5.283990529733001651e+00
8.822324833101642838e+00,5.913723812304952254e+00
5.928570586897919270e+00,8.205288275176096491e+00
8.617226601833234412e+00,6.076126979726116595e+00
7.919552430940534293e+00,6.628643921290570340e+00
5.888851564267910454e+00,8.236732818246322196e+00
7.906264124994633491e+00,6.639150381176444959e+00
7.191842578922178930e+00,7.204919939001750429e+00
8.928692670356001670e+00,5.829505370471765424e+00
9.894600077729805321e+00,5.064574509244980760e+00
7.047626744387629039e+00,7.319098851848393039e+00
5.228333491943180533e+00,8.759802630786817090e+00
5.357207394729244676e+00,8.657740355946419442e+00
9.170517279096760177e+00,5.637983178334297740e+00
6.358961441965996997e+00,7.864481243600933702e+00
8.730467939297360758e+00,5.986471332566610570e+00
4.641344036784868621e+00,9.224662297285703971e+00
7.136937734641410458e+00,7.248368001851600795e+00
6.469882766233681970e+00,7.776608426282354714e+00
9.467823451683809566e+00,5.402532754030134221e+00
5.188932302530072427e+00,8.790997361738064342e+00
5.830348767586325920e+00,8.283055443551154085e+00
8.895563924004228795e+00,5.855723841123946727e+00
6.107682974280977284e+00,8.063458728912653584e+00
5.377590407570658648e+00,8.641629572646895241e+00
7.722802454664297933e+00,6.784447154488283616e+00
6.429511564209771102e+00,7.808577870223495587e+00
9.195579781338686587e+00,5.618141030818801340e+00
8.244379751105823217e+00,6.371401490928572109e+00
6.678971782636429211e+00,7.611049569806953130e+00
9.517855198741735023e+00,5.362946114183972490e+00
6.427611985199099820e+00,7.810105804047617895e+00
5.385303726609960151e+00,8.635498600353903598e+00
9.841059630613333553e+00,5.106972105800255513e+00
8.863169065937388069e+00,5.881367792735582967e+00
5.250182055456082963e+00,8.742529257807536425e+00
9.568637664530957210e+00,5.322735610897248115e+00
8.438633615669971277e+00,6.217588117665878933e+00
7.342570899839376608e+00,7.085549552948982921e+00
7.222784956559346270e+00,7.180411983449974223e+00
6.665991621705996906e+00,7.621330265176210261e+00
8.937523809014564335e+00,5.822494783618624048e+00
5.007318085791961693e+00,8.934826662549728127e+00
6.383874070611733842e+00,7.844727680916731671e+00
6.377563940922565955e+00,7.849734866980984549e+00
5.332570052685697171e+00,8.677286420722445826e+00
5.374961082084944053e+00,8.643679903695307587e+00
8.157306864002906721e+00,6.440363338121271042e+00
5.602206028329926646e+00,8.463745171994752070e+00
7.996050064337627994e+00,6.568064378161829531e+00
5.853700070587786186e+00,8.264588758730200269e+00
9.635036050573955180e+00,5.270138167988566380e+00
6.581891064402506153e+00,7.687936855069255948e+00
7.147512492468043988e+00,7.240015997290856653e+00
8.967845596946983022e+00,5.798479803140326183e+00
5.761977675659700537e+00,8.337232432577788899e+00
7.970367669373775499e+00,6.588393561709182222e+00
9.831327124228133485e+00,5.114669935117035493e+00
8.544542362495771926e+00,6.133695607804797056e+00
9.826201712628032325e+00,5.118762373237587759e+00
8.103676060746261456e+00,6.482817981299558774e+00
8.669940333286501044e+00,6.034414324504290938e+00
5.727122230695252725e+00,8.364836519678256366e+00
5.618665057021205556e+00,8.450728449823079913e+00
9.021973382695362531e+00,5.755637873266378435e+00
6.698391750834714387e+00,7.595684399551517529e+00
8.172488092029954743e+00,6.428340313272940421e+00
7.290489288284465630e+00,7.126768705020701589e+00
9.785641129014333472e+00,5.150879305220815496e+00
9.715087579684258401e+00,5.206742828543897694e+00
5.092392126798911178e+00,8.867479386850327217e+00
9.429615493820524108e+00,5.432789465935374373e+00
6.004205286985375700e+00,8.145389582528590466e+00
5.569478438029802803e+00,8.489642903123099771e+00
6.430580349735954826e+00,7.807769824843872719e+00
8.199204448937058132e+00,6.407194284459231781e+00
9.314444757491493476e+00,5.523997719346652069e+00
6.147448220860512791e+00,8.031959183684984183e+00
9.796264522026573829e+00,5.142440621678685098e+00
9.103488753385047261e+00,5.691087251912841261e+00
8.869206445239107950e+00,5.876604251317411709e+00
7.162489968014297048e+00,7.228162374874294471e+00
6.820946249449693966e+00,7.498623276766466006e+00
4.560160064307877903e+00,9.288930131923992306e+00
7.637550527667942291e+00,6.851928694962333033e+00
6.175890501898183338e+00,8.009459280166735695e+00
7.636217129997474373e+00,6.852999700046933818e+00
9.430022642276696843e+00,5.432472860584659280e+00
6.677709416470131387e+00,7.612041435050631577e+00
6.982655129460846766e+00,7.370556454999284135e+00
9.456780370315307493e+00,5.411302826218307160e+00
9.669740573980170950e+00,5.242670116132733149e+00
8.812848724493196784e+00,5.921218393082577691e+00
7.791046882896118575e+00,6.730402483823790583e+00
6.291913652755339648e+00,7.917557108728735749e+00
5.603424993243046437e+00,8.462770973222928816e+00
4.992316270974791692e+00,8.946729811322700954e+00
8.144682087042241392e+00,6.450348853923318693e+00
8.551263733222562280e+00,6.128390031197135990e+00
8.843949949659418053e+00,5.896596659820050768e+00
9.014320054113357017e+00,5.761685530567630664e+00
6.491514095638184934e+00,7.759506925996457305e+00
5.390059437616892879e+00,8.631738034158141559e+00
9.095987073903355480e+00,5.697021082603076714e+00
5.403953704788649226e+00,8.620744592190080269e+00
5.847578045332865848e+00,8.269437679536135732e+00
8.422202917605575934e+00,6.230585391473122847e+00
5.642785189282433223e+00,8.431600561130650817e+00
8.787497357367307416e+00,5.941315240942846465e+00
9.889596061994229359e+00,5.068555143727103030e+00
6.270740287077157582e+00,7.934337403355986140e+00
5.001718419018475359e+00,8.939257389239212870e+00
8.606684926696669180e+00,6.084496121102527688e+00
8.838592957838928399e+00,5.900833375869349418e+00
7.596462883270810096e+00,6.884483894235754242e+00
9.366835335539603236e+00,5.482543413866566517e+00
6.804364397770640949e+00,7.511757208509913575e+00
5.695828166799858039e+00,8.389607923021628721e+00
8.836090821285649710e+00,5.902838418180906821e+00
4.514567977667912402e+00,9.325053312583811760e+00
9.541883889022850340e+00,5.343883645611214206e+00
9.153328035273606389e+00,5.651584958546066240e+00
5.063299903078806175e+00,8.890519812879327688e+00
6.525023384402079074e+00,7.732951860132765809e+00
6.020706752259402883e+00,8.132351386412382865e+00
8.790328621160163891e+00,5.939044936179298517e+00
7.455303795657944654e+00,6.996259138466296434e+00
5.854329668719683966e+00,8.264081499267833308e+00
8.842209410598226071e+00,5.897961569740897581e+00
9.708003138929203857e+00,5.212352763795069954e+00
6.749448707370734546e+00,7.555223928859724936e+00
6.006101999857659912e+00,8.143886386692456014e+00
5.327921465350763164e+00,8.680972150526276465e+00
4.827742529304124730e+00,9.077063919695559591e+00
7.647953256278015921e+00,6.843708225303609005e+00
6.991737311025255863e+00,7.363374739467685615e+00
7.674994966062539170e+00,6.822298044549898854e+00
8.004194253809163939e+00,6.561585992892015717e+00
6.231448347815834232e+00,7.965443426315491848e+00
7.083341444115131225e+00,7.290844340447405258e+00
6.059821278852351334e+00,8.101345478502677722e+00
8.076636332550844344e+00,6.504232980953077892e+00
9.329526374529597987e+00,5.512048534198159544e+00
9.882324773095358950e+00,5.074312194530983255e+00
6.356836861474475242e+00,7.866159920691658591e+00
8.768696915601331909e+00,5.956207960595358841e+00
4.956089263298869341e+00,8.975388334048384209e+00
6.081202098769522557e+00,8.084408178217033836e+00
6.969288727174394182e+00,7.381138584521506729e+00
7.251182464863727972e+00,7.157906201054279549e+00
8.293120402492295540e+00,6.332809441849488685e+00
6.983904827160860584e+00,7.369575939549478427e+00
7.046322022488187287e+00,7.320157726830794687e+00
6.063825210081553507e+00,8.098195562918972357e+00
6.401770438934691221e+00,7.830554496526717756e+00
4.828654075136032731e+00,9.076315031723238391e+00
6.838743514821040925e+00,7.484511115897327649e+00
5.785294919399440516e+00,8.318748302165545283e+00
6.921773776052670968e+00,7.418771280460290996e+00
6.266674662235015347e+00,7.937562820712565248e+00
8.671844933479194495e+00,6.032886008383422372e+00
6.952112254218952181e+00,7.394741376590154402e+00
5.533274985401348545e+00,8.518309429627503704e+00
4.527642514286782216e+00,9.314714214490567912e+00
9.730841466770632664e+00,5.194266216796601832e+00
8.220739397426060080e+00,6.390133849500153396e+00
9.351058470590333016e+00,5.495003180473328364e+00
6.135717955083313413e+00,8.041273501648657174e+00
4.817482325504790275e+00,9.085179677188900627e+00
7.932611980586401046e+00,6.618274206028717188e+00
7.706805992475068479e+00,6.797113603020306094e+00
6.134360419088444871e+00,8.042345657368434431e+00
6.370243254255574250e+00,7.855542610472064702e+00
7.259248337874581125e+00,7.151530540094406696e+00
7.129968688840667923e+00,7.253909855991829581e+00
8.065038686093018327e+00,6.513413625652625605e+00
6.108092561821950817e+00,8.063113613388457779e+00
9.108193674169770659e+00,5.687334512126837716e+00
4.676527475406320633e+00,9.196804222516048455e+00
7.414786243867519389e+00,7.028337352985388087e+00
9.311247384226296830e+00,5.526543897365153946e+00
7.135842242426628346e+00,7.249264439295097340e+00
9.587169016425296064e+00,5.308028062395887758e+00
8.742460683527790266e+00,5.976969885227036983e+00
9.588053379850322244e+00,5.307337314898296299e+00
6.486112598566856846e+00,7.763777218235497379e+00
5.096145737956100596e+00,8.864504358394642125e+00
5.578178033805524905e+00,8.482774415272947621e+00
8.655993424326741348e+00,6.045432641196843981e+00
5.659155206300633623e+00,8.418660712888188513e+00
6.485747241126896157e+00,7.764060862636775973e+00
4.810155505933924935e+00,9.090985774264300545e+00
6.052220855993702742e+00,8.107393186790693207e+00
8.252000058538619953e+00,6.365345986954824120e+00
5.530558222136360058e+00,8.520478495809447494e+00
6.045847028115341359e+00,8.112418630250136431e+00
5.271476834125959243e+00,8.725663259494494284e+00
6.140327187882805404e+00,8.037622075673933608e+00
5.092490094061673744e+00,8.867383921886910159e+00
8.976624389004806304e+00,5.791530146244489252e+00
5.165207712580375699e+00,8.809797561095333407e+00
5.783318818229498781e+00,8.320332404079616495e+00
8.595678710681347923e+00,6.093194346938136441e+00
7.945018258980313774e+00,6.608479363406889462e+00
9.186689350574575030e+00,5.625201194354678691e+00
7.157477338502772568e+00,7.232115448117436785e+00
7.644829760729905388e+00,6.846193798966748290e+00
6.202416811231858063e+00,7.988437134421542574e+00
7.316202710396504827e+00,7.106408759174711598e+00
7.235247725998002366e+00,7.170534400329564129e+00
6.700476982098400924e+00,7.594032537101826463e+00
5.473333413174828799e+00,8.565807057767022670e+00
5.243527907409362143e+00,8.747786665299541298e+00
9.044965295114590020e+00,5.737392272715850616e+00
6.559430454593629278e+00,7.705711228740335095e+00
5.736558164104835988e+00,8.357364732134028529e+00
6.971983241216824112e+00,7.379012022794504411e+00
7.582636011296269629e+00,6.895456255988033689e+00
9.200404349817226546e+00,5.614311522902631246e+00
6.483644061596550046e+00,7.765729910349489451e+00
5.885384415399698810e+00,8.239485975718368493e+00
4.816241212340336197e+00,9.086141450177343870e+00
5.773768118510767877e+00,8.327904836480387374e+00
9.825831043695055556e+00,5.119020902361341108e+00
5.714444428824597466e+00,8.374880489054323363e+00
6.983904808212944459e+00,7.369593790059482785e+00
6.738673769327817809e+00,7.563790444333928775e+00
6.207544097874761135e+00,7.984388163764610802e+00
9.590577837054226507e+00,5.305357010974719678e+00
8.472109286104112513e+00,6.191078603383521894e+00
6.126330158071217724e+00,8.048695891418779169e+00
9.718747685042144369e+00,5.203838484897637784e+00
9.519353793490692439e+00,5.361736078810051431e+00
8.937612261715830897e+00,5.822406783480786885e+00
9.702503572187623604e+00,5.216701379126349458e+00
5.702251890794337363e+00,8.384522099483808333e+00
6.698381971885278396e+00,7.595672125753506698e+00
9.230677234041277046e+00,5.590356835241959033e+00
8.152642878837005114e+00,6.444033906472286688e+00
5.584769986548127285e+00,8.477542170760408169e+00
7.369633823824294439e+00,7.064109288208100246e+00
9.016718297470326604e+00,5.759762450060280869e+00
8.504542925527662334e+00,6.165372282399880888e+00
9.737194522562965915e+00,5.189246357210919314e+00
9.603829064750602384e+00,5.294839368030503479e+00
6.381708456595338141e+00,7.846440266166704092e+00
8.508037321523294949e+00,6.162595233768045411e+00
5.974806317791312438e+00,8.168678916653512090e+00
9.496198896298274406e+00,5.380076945944305855e+00
4.565213112540091878e+00,9.284937042168957433e+00
4.905644803274308074e+00,9.015344221579017159e+00
7.799100908090579765e+00,6.724024151656389670e+00
4.888664773586085310e+00,9.028779987311949640e+00
6.041161713237859665e+00,8.116123250055018445e+00
6.212644854586187648e+00,7.980348873736563320e+00
9.245340536949672838e+00,5.578755348334532904e+00
8.021353473815125312e+00,6.548022066531618002e+00
9.275507353889219431e+00,5.554863619819873755e+00
5.553748438621854966e+00,8.502135082894630713e+00
7.932812910315270472e+00,6.618115444839877348e+00
8.826346450691701762e+00,5.910522821886375233e+00
8.589855976644116708e+00,6.097820027113185049e+00
9.361538209772877650e+00,5.486709629754952466e+00
9.382372635264271565e+00,5.470198632706310349e+00
5.390244658240717079e+00,8.631584387809601466e+00
8.517047979568152627e+00,6.155451243344117529e+00
5.012882934071152263e+00,8.930451113461481683e+00
7.545635714170527031e+00,6.924744345113525767e+00
8.231723989187251789e+00,6.381434438407647569e+00
7.003277394190442706e+00,7.354238194270410034e+00
5.902913408061380096e+00,8.225602137294274030e+00
4.945635805783147099e+00,8.983663218471768630e+00
9.167205568496649803e+00,5.640599144425462619e+00
6.239198714034403181e+00,7.959294739313496514e+00
5.445258967240182102e+00,8.588042670465947381e+00
4.845969148097705848e+00,9.062615825232713362e+00
8.955682055440806977e+00,5.808112613884980568e+00
9.181168916798943869e+00,5.629536724186357866e+00
5.664234045601929779e+00,8.414624715804905009e+00
4.917239109521944762e+00,9.006165123879865675e+00
7.870164816555194953e+00,6.667740788159514764e+00
6.028477463583143070e+00,8.126173025168595743e+00
7.126740906084999772e+00,7.256455021349106360e+00
6.236402138904233894e+00,7.961503893618894878e+00
5.109803313564558636e+00,8.853677407694778623e+00
7.823462975866092961e+00,6.704719827247375363e+00
6.479650694035791858e+00,7.768899412110505054e+00
6.255734411532237971e+00,7.946205221494397009e+00
5.689144930595350758e+00,8.394909012380217916e+00
8.854681321369092473e+00,5.888077545386147804e+00
9.619288978501028708e+00,5.282599844458164995e+00
9.301473132809713107e+00,5.534262021250700769e+00
4.982711791423906078e+00,8.954326367265114328e+00
9.666584595458530771e+00,5.245144705480162983e+00
9.436547872767544476e+00,5.427322323744419030e+00
9.662051852891032411e+00,5.248743685663907144e+00
5.104813791539401180e+00,8.857631402318792979e+00
8.399077747153132378e+00,6.248893259884790830e+00
5.130095960717475201e+00,8.837605994798888531e+00
5.020692718090201012e+00,8.924228459261035695e+00
7.109755970560675209e+00,7.269930491439269282e+00
8.528649201926420176e+00,6.146296140453507029e+00
8.689375631204034889e+00,6.019020601913678270e+00
9.408100142303389646e+00,5.449829352450417552e+00
5.212320973127685164e+00,8.772476315946203584e+00
5.131545077586757486e+00,8.836450794390367847e+00
9.532908548161460160e+00,5.351028453755978020e+00
5.540264832447099330e+00,8.512814869068439094e+00
6.223870919762605425e+00,7.971423997511936754e+00
8.300962144380736873e+00,6.326585701359666025e+00
8.703391056727152630e+00,6.007889463154732823e+00
7.611964619300634283e+00,6.872219758404761514e+00
9.236441733693624201e+00,5.585797398817906156e+00
8.725165028071399931e+00,5.990665772250318710e+00
8.839405621927395984e+00,5.900204660639044363e+00
7.434674099846333206e+00,7.012621087201077685e+00
7.974377102792738370e+00,6.585193216258741877e+00
8.226343031885782864e+00,6.385685624543273597e+00
5.879194195552747360e+00,8.244386651652101605e+00
6.201332100720920337e+00,7.989282246396461673e+00
9.861680161517632826e+00,5.090632235207245060e+00
6.038906680288733675e+00,8.117921372483902331e+00
5.728122559350949494e+00,8.364046327458249053e+00
9.118996477124998279e+00,5.678800939478411358e+00
9.312673753594555848e+00,5.525407272832272731e+00
9.758290790678438853e+00,5.172538139239230226e+00
9.268517526565585030e+00,5.560382508829279757e+00
4.513490897687301384e+00,9.325909471620784430e+00
6.716603150708134962e+00,7.581238482096716247e+00
7.307733897333918094e+00,7.113145243392344774e+00
8.440306037718162457e+00,6.216252325283254443e+00
6.551428128832901265e+00,7.712034304635430715e+00
5.333717329923689299e+00,8.676370844900040069e+00
9.723615652089742767e+00,5.199991533918635334e+00
9.308912236385420869e+00,5.528412270359980063e+00
8.603067868361797821e+00,6.087336232463544050e+00
7.925952110250140237e+00,6.623575127773614568e+00
9.073555259375156723e+00,5.714767636924628746e+00
7.955520068022748248e+00,6.600168529614714785e+00
4.898764256483426394e+00,9.020807424934144336e+00
8.517287804339936486e+00,6.155294239114825317e+00
7.121797594921954300e+00,7.260353096409756901e+00
7.896551553518468936e+00,6.646852879797005009e+00
6.824635328736289530e+00,7.495715768289691106e+00
5.323999532996539941e+00,8.684077792928272643e+00
7.036039219925720900e+00,7.328293052362798932e+00
8.640711161346615654e+00,6.057542144167217479e+00
7.015616136226135779e+00,7.344462283829956029e+00
8.285245070499140496e+00,6.339035431436341739e+00
4.614523234172153821e+00,9.245906283865483744e+00
9.167444949357182793e+00,5.640408965973147559e+00
5.427086265849991875e+00,8.602415312002175796e+00
8.450202309555763236e+00,6.208387628221314181e+00
9.188194494208900664e+00,5.623981449349549244e+00
5.958705106414399211e+00,8.181449800155208507e+00
9.095035229214470718e+00,5.697775202990672305e+00
8.232011124155445003e+00,6.381202719954917058e+00
5.124521057576240324e+00,8.842024651197416318e+00
6.857860973447477804e+00,7.469382843347067258e+00
5.559772192188702888e+00,8.497335000590195975e+00
5.294793099777903578e+00,8.707168606584652082e+00
9.172176310700837831e+00,5.636662961190016752e+00
9.824974780778347849e+00,5.119736481620537738e+00
8.229718290041017070e+00,6.383005537336572388e+00
9.542427624895013949e+00,5.343454840423552454e+00
6.851353601622357736e+00,7.474529605541076371e+00
4.889844892693812284e+00,9.027847688631691625e+00
4.592154679930895433e+00,9.263585887403431585e+00
8.638081342895924664e+00,6.059627915539205212e+00
8.321610811283440157e+00,6.310220193892698504e+00
5.370014540511665047e+00,8.647614602942661932e+00
7.032430964083435043e+00,7.331146865958919179e+00
4.872545536242924413e+00,9.041574555412358549e+00
7.315545283706454072e+00,7.106945112388563857e+00
8.980020529869548795e+00,5.788838153409748166e+00
9.136274041891077502e+00,5.665094148360741322e+00
8.127485880032756072e+00,6.463947889112420242e+00
6.474773621723096007e+00,7.772753929250285410e+00
8.495020299148354326e+00,6.172931536036080580e+00
5.625185774912421444e+00,8.445552092113270959e+00
5.993852881445887348e+00,8.153576757610123238e+00
4.564297071504635817e+00,9.285648985439097558e+00
5.671501333337353401e+00,8.408860730389324800e+00
5.131764669071438689e+00,8.836301492133586066e+00
5.104080675238325426e+00,8.858193766463880792e+00
8.140062199082169769e+00,6.454015635829818187e+00
6.555479716634988741e+00,7.708853034228891232e+00
6.048129881971448185e+00,8.110605370671981618e+00
6.512024759013784525e+00,7.743269845257406025e+00
8.334138422628786458e+00,6.300314119171425808e+00
7.543300836813902954e+00,6.926587731440458917e+00
8.717396623885390383e+00,5.996828016336454681e+00
8.640589947738728682e+00,6.057659505424573432e+00
8.579201859946488540e+00,6.106247295269073838e+00
5.471890309582445155e+00,8.566946164862187629e+00
9.836728262220717056e+00,5.110418086928199877e+00
8.185578750438143203e+00,6.417959226537549355e+00
4.593747326981739043e+00,9.262335971949271496e+00
8.553905656727806672e+00,6.126284361052525718e+00
5.374534869385323432e+00,8.644024274217866122e+00
5.664352074268112602e+00,8.414522665576017246e+00
8.642005773428232729e+00,6.056533677256154213e+00
9.861860285299997031e+00,5.090509331952588923e+00
4.881299661730194472e+00,9.034631645509513476e+00
5.672073712326348272e+00,8.408430764619263087e+00
8.098758568264724289e+00,6.486737228039595848e+00
5.125424242445575373e+00,8.841294186518334541e+00
6.566398647870625105e+00,7.700203680195336631e+00
6.309193750702712933e+00,7.903865267593066513e+00
6.353344882324620357e+00,7.868900583097775403e+00
7.730634913536132302e+00,6.778236282997887940e+00
6.018195450024378168e+00,8.134332486405654095e+00
9.080078692910671379e+00,5.709614772482144218e+00
8.581728827415421534e+00,6.104271374527315608e+00
9.628781989551708165e+00,5.275066154597073620e+00
6.114827985164430935e+00,8.057775670572446813e+00
4.630914324785985414e+00,9.232895386841807550e+00
7.680801439925285301e+00,6.817703606384152515e+00
7.749730905724550922e+00,6.763126858356322657e+00
8.441604619707677060e+00,6.215215772965047236e+00
5.574767161546373195e+00,8.485491356874033997e+00
6.957147588775521641e+00,7.390741660649940314e+00
9.837524211769418159e+00,5.109800354808190725e+00
8.756621801181662335e+00,5.965764843118641636e+00
7.938918376394381582e+00,6.613282059413289282e+00
8.475359464381243768e+00,6.188502637015792729e+00
7.185805176277226813e+00,7.209673352422358406e+00
8.982672058271024440e+00,5.786761700119430252e+00
8.328867603641853634e+00,6.304498695382456219e+00
6.489578881677117828e+00,7.761021293858713754e+00
6.255892718203980962e+00,7.946085590535791887e+00
5.915833687137929786e+00,8.215373215051483768e+00
9.617820887966537668e+00,5.283780033602361037e+00
5.849708733595829102e+00,8.267739096221214723e+00
7.755514156784305335e+00,6.758516073984050188e+00
6.862223539002561878e+00,7.465918605638760752e+00
4.930529421089413056e+00,8.995628806076712891e+00
4.544068186062939496e+00,9.301699596461748598e+00
6.039577761998062400e+00,8.117370001617583597e+00
8.518371349001846227e+00,6.154439997443827082e+00
5.971193478824721623e+00,8.171538167354594151e+00
8.654931781640527788e+00,6.046283096470901341e+00
7.003106235371635790e+00,7.354355455154592214e+00
8.641471303327108444e+00,6.056927710611568649e+00
7.310851896115586612e+00,7.110665998681938937e+00
7.958986149529247101e+00,6.597385597523361511e+00
7.590450228522858112e+00,6.889240030084073041e+00
8.549154429993070181e+00,6.130050432815623118e+00
6.017830027368063384e+00,8.134589906114317870e+00
7.556600359995489846e+00,6.916036263915300353e+00
9.771592424700262569e+00,5.162009066320268680e+00
7.341871904274221983e+00,7.086077604046771228e+00
9.707653963830377819e+00,5.212628379948864854e+00
6.255826390464216402e+00,7.946123258471389228e+00
6.828621773972053610e+00,7.492562631677932572e+00
6.574359904049364545e+00,7.693879251485090442e+00
5.653519004161430495e+00,8.423125167398657354e+00
9.882384779374071115e+00,5.074243955351467328e+00
7.459371533673820664e+00,6.993041363178347680e+00
9.912501844188353672e+00,5.050422979998996809e+00
8.245331306898327384e+00,6.370642941656545766e+00
6.379289489756327924e+00,7.848362249467498941e+00
7.747348175375904589e+00,6.765004014291388756e+00
5.656374519662169753e+00,8.420869176861593530e+00
8.459764894932664703e+00,6.200835076112768185e+00
8.623011990766698887e+00,6.071570300132720810e+00
5.499953563015298030e+00,8.544705048895455235e+00
7.603130203561954126e+00,6.879195300238447608e+00
4.510259541694676244e+00,9.328459155395943725e+00
5.666512221523860582e+00,8.412802591350423853e+00
7.890998849748184441e+00,6.651239780554471182e+00
6.284086982303115576e+00,7.923764476059168338e+00
4.611620900759836772e+00,9.248186029301104227e+00
8.593041686069344820e+00,6.095272041949972852e+00
7.979204987664938464e+00,6.581406756848828365e+00
6.584840266744571124e+00,7.685575799452205814e+00
4.524769813869520263e+00,9.316987173591757099e+00
5.423924865364576853e+00,8.604941235854671078e+00
9.200177870983194950e+00,5.614480960754666405e+00
7.959958882585269180e+00,6.596613232559304763e+00
7.956821201367278995e+00,6.599132083533009840e+00
6.557001375412583322e+00,7.707644182673766053e+00
9.752645127075016518e+00,5.177000025591827814e+00
5.127024199585803466e+00,8.840058825255306729e+00
8.779765863677768678e+00,5.947403151256065890e+00
7.817920773339021245e+00,6.709097384094249605e+00
8.123087860813937411e+00,6.467443428078402334e+00
6.359539705798245457e+00,7.863994252797199103e+00
5.102130416479107033e+00,8.859765654354271547e+00
9.216120711934697951e+00,5.601881280706842325e+00
7.444315670221206105e+00,7.004956215542222253e+00
5.347791508866089671e+00,8.665213007558008940e+00
6.413864730116192625e+00,7.821002646747086118e+00
5.597703447167382329e+00,8.467327367035743180e+00
8.431198189732537429e+00,6.223472701020131836e+00
6.265014705167502918e+00,7.938852792623870336e+00
9.568308772386121319e+00,5.322990610834270164e+00
5.948584461736363238e+00,8.189450097398879080e+00
8.618113482760218602e+00,6.075456179426294234e+00
4.936679549647031706e+00,8.990782963036396680e+00
8.023385232129529143e+00,6.546419306209561917e+00
8.485673838245210376e+00,6.180311299655214086e+00
8.324530548628230164e+00,6.307944375011052429e+00
7.785440295426328206e+00,6.734837379772590893e+00
5.872153247519068309e+00,8.249953171883884551e+00
5.691233329087522996e+00,8.393253490236750380e+00
8.864621382516681081e+00,5.880216761909961676e+00
8.382686292076526158e+00,6.261854019159593499e+00
6.151493593366372359e+00,8.028782029172589318e+00
9.303524218402717594e+00,5.532666554818304938e+00
8.339713055970902289e+00,6.295893941415489081e+00
6.929812996561935279e+00,7.412424711882016126e+00
9.498167781800557208e+00,5.378509520855017989e+00
9.899625090793701787e+00,5.060617423196412723e+00
6.364081064884226535e+00,7.860398188046710644e+00
8.745898112135840563e+00,5.974243378881332944e+00
9.553405687439877170e+00,5.334786809058697621e+00
6.862630973480793095e+00,7.465607900167157140e+00
7.697107973742533638e+00,6.804797824835415732e+00
5.073699805458328882e+00,8.882269379297664358e+00
4.513163258117865340e+00,9.326140180132165725e+00
6.281599181103167062e+00,7.925716392378268971e+00
6.550125058773756948e+00,7.713090702180427805e+00
4.577715637212560473e+00,9.275061885544131357e+00
9.570854128529317606e+00,5.320952284415386480e+00
8.108530600405305933e+00,6.478981425563010710e+00
4.600625146009300614e+00,9.256887247034743638e+00
7.934220253614730822e+00,6.616993419013426525e+00
9.170320671755211706e+00,5.638140443709510841e+00
7.409887816453055720e+00,7.032233515992557749e+00
7.021787551245733283e+00,7.339559849478257014e+00
8.521788875696508114e+00,6.151732925131332408e+00
9.509904182220736857e+00,5.369238246884429522e+00
6.712263890840830527e+00,7.584672520182867750e+00
4.510657607748622233e+00,9.328128309767343751e+00
4.867142233371780868e+00,9.045842337225545648e+00
6.606057011023137804e+00,7.668804572694615906e+00
6.925785062508111878e+00,7.415596056264888603e+00
8.101664139579458634e+00,6.484406305424415429e+00
7.831918301715319330e+00,6.698042875627069570e+00
6.350055625491437539e+00,7.871526732175506247e+00
5.218912620653650691e+00,8.767276682121716291e+00
5.866480649744802101e+00,8.254447409773241873e+00
9.396142854139162282e+00,5.459332132965545092e+00
9.734230413677135374e+00,5.191561221270069915e+00
9.454914094331577701e+00,5.412787304010269196e+00
4.809178126909689155e+00,9.091741089421709887e+00
5.775200268847668461e+00,8.326745107510200583e+00
9.215572146390274000e+00,5.602317212123459456e+00
5.372836171730800636e+00,8.645385789683952993e+00
6.539136597345637014e+00,7.721767222836230182e+00
8.518379695579199051e+00,6.154396523864300583e+00
8.253598908767669329e+00,6.364103356883391349e+00
7.008500599094007910e+00,7.350090977824690341e+00
5.607929228918243858e+00,8.459204372181712728e+00
8.584149394889498907e+00,6.102346273829243550e+00
5.664340253563611149e+00,8.414519323212108048e+00
9.494599566696681592e+00,5.381334858368565399e+00
5.428282651367400291e+00,8.601461566616588783e+00
8.866208717851051802e+00,5.878983514448185232e+00
7.737889938502040543e+00,6.772478049441514436e+00
8.380126858591454564e+00,6.263918240013982341e+00
4.548995814545462757e+00,9.297801076036279255e+00
8.234642528643149717e+00,6.379112016697765064e+00
6.588131994134455383e+00,7.682967546318164587e+00
9.066885254057350352e+00,5.720064316358209666e+00
6.989665989578508487e+00,7.364995538554339305e+00
6.198816693686319823e+00,7.991273954333116158e+00
9.074705369538097699e+00,5.713848740488641553e+00
9.837810871885160680e+00,5.109557265205725507e+00
6.125641703024049534e+00,8.049220314222909067e+00
7.645962996625941699e+00,6.845271019629092457e+00
7.414080397610858242e+00,7.028919922810231036e+00
5.244401446675324152e+00,8.747088977962988565e+00
9.016978856182884527e+00,5.759595096014516358e+00
5.804198736758372945e+00,8.303784398183911009e+00
8.138014273200266047e+00,6.455646914639128653e+00
8.943992596491776581e+00,5.817360418289611701e+00
7.397829587328369705e+00,7.041805545539524758e+00
9.733998159445334863e+00,5.191754277401445350e+00
7.715911923497268177e+00,6.789880012556611888e+00
5.497514945355477245e+00,8.546640785640303051e+00
8.225430313775166979e+00,6.386391913890194338e+00
8.505437265529351976e+00,6.164671607304111234e+00
7.257493474934253896e+00,7.152911160132683577e+00
5.489280731640772792e+00,8.553169769656367549e+00
9.740395454442897005e+00,5.186703981172053446e+00
5.680382569456556396e+00,8.401832502750618659e+00
9.679211495294287815e+00,5.235142104776962846e+00
5.915128427441359804e+00,8.215949569744834591e+00
8.308208990765679758e+00,6.320840899070762298e+00
9.563279510803308625e+00,5.326940851901001750e+00
6.309971546214838689e+00,7.903267542582657512e+00
5.056622000735836231e+00,8.895780642971541141e+00
8.417271610555816963e+00,6.234486439597881180e+00
9.890080107925374620e+00,5.068183140146892640e+00
8.767918137661052214e+00,5.956796770680226949e+00
8.641631300544210248e+00,6.056807067436551506e+00
7.519518843459551682e+00,6.945421160033468766e+00
5.269014768283593497e+00,8.727579936920417225e+00
5.393009943006311424e+00,8.629406291281711106e+00
5.429269087968075169e+00,8.600684710166589753e+00
7.852977097453006650e+00,6.681352348422761267e+00
