5.070940122922532600e-01,8.618907559880489844e-01
4.431104814316260132e-01,8.964670230317618449e-01
4.818497928529803520e-01,8.762538176530083600e-01
5.224633736496981928e-01,8.526617564793049775e-01
7.524495492050031764e-01,6.586498308584566308e-01
4.108267267799761147e-01,9.117134806651185919e-01
5.172886083479930619e-01,8.558110732437661516e-01
5.111761701821139203e-01,8.594760230694320491e-01
5.285194715832344237e-01,8.489212475927416790e-01
5.179364016776676349e-01,8.554192037200386567e-01
5.381438079769450544e-01,8.428531182965239843e-01
4.847212134005862705e-01,8.746686222416070189e-01
7.564315150534294263e-01,6.540730360611389793e-01
4.550875772196783520e-01,8.904467689294656152e-01
6.079555971893155775e-01,7.939711460297835810e-01
4.351768881004185463e-01,9.003450699595700879e-01
5.199115897119571672e-01,8.542201961033569768e-01
4.295957993253850526e-01,9.030213884206277353e-01
4.167550250114461230e-01,9.090187392574528014e-01
7.538111099402988735e-01,6.570909915079614638e-01
4.141139895258900694e-01,9.102249202801854233e-01
5.195312175355546458e-01,8.544513318406745661e-01
7.555115431835284223e-01,6.551351252239555611e-01
4.108400107371412147e-01,9.117073416266243679e-01
5.224693866219201066e-01,8.526578888167404280e-01
5.068431498210391739e-01,8.620381411081995404e-01
5.417532198921053421e-01,8.405377687661046426e-01
4.600670377950597523e-01,8.878840329522348362e-01
4.911249484290528544e-01,8.710892974230094454e-01
5.111464614125780237e-01,8.594934590322941270e-01
5.175342055324957391e-01,8.556626957449405824e-01
5.237701328452943894e-01,8.518598223895953447e-01
5.489611629766609768e-01,8.358476622623876029e-01
7.560554477312838584e-01,6.545078431601843993e-01
4.125917141945832922e-01,9.109159126705325127e-01
4.521251118414947312e-01,8.919543597272555635e-01
5.250696962041172533e-01,8.510594343878411516e-01
5.187474704216181731e-01,8.549273155637090449e-01
5.270531146164085801e-01,8.498325591361957088e-01
4.140773815235327393e-01,9.102418561577726441e-01
5.303016446235193637e-01,8.478092707574338416e-01
5.194001790062372503e-01,8.545313820797904025e-01
3.790770438649674334e-01,9.253649307761127041e-01
4.112614631851068125e-01,9.115176241657866330e-01
5.171555588562812833e-01,8.558911651178131574e-01
5.119337478151754217e-01,8.590251899425883630e-01
5.185219711776014595e-01,8.550640447680614153e-01
4.296473735519278914e-01,9.029965266044960304e-01
7.295429985051835597e-01,6.839345578298323680e-01
4.839520866829019052e-01,8.750947756211031603e-01
4.760236590918766053e-01,8.794321821842229214e-01
7.562391493843625412e-01,6.542948414708331661e-01
5.993112981054647959e-01,8.005156755171765059e-01
7.530185546095153892e-01,6.579987941340685875e-01
4.353615273480138104e-01,9.002559966167312799e-01
5.201528750336789075e-01,8.540728292082616635e-01
4.277546057330744445e-01,9.038952037966252462e-01
7.542145237005923875e-01,6.566275638030326656e-01
5.188362713509263591e-01,8.548732607070752554e-01
5.185681171797279498e-01,8.550366905363663284e-01
5.193037606959309826e-01,8.545893552901098200e-01
5.190436877890280964e-01,8.547473212158135381e-01
4.230832920410769749e-01,9.060904753617878837e-01
4.561693292654501741e-01,8.898933436068290348e-01
7.648153060459093044e-01,6.442489827710142780e-01
4.105074107994753363e-01,9.118576019597783855e-01
4.260096307427428952e-01,9.047182631472076020e-01
5.158220940539552934e-01,8.566961864978714924e-01
4.949933236539364456e-01,8.688963339024583510e-01
4.506854577953534058e-01,8.926824147434389012e-01
4.370335029319860065e-01,8.994448320427069765e-01
5.336016757304308245e-01,8.457354334909669147e-01
5.150174722100032687e-01,8.571801570472825649e-01
4.711196058231550410e-01,8.820688975740750282e-01
4.840583159940874958e-01,8.750352832282460858e-01
5.179136257716738800e-01,8.554324234853740716e-01
5.339461323694527639e-01,8.455190085830427416e-01
5.200107732392065252e-01,8.541591999091059373e-01
5.248644478777843014e-01,8.511863395725380865e-01
5.208563419564840036e-01,8.536438356905183822e-01
5.176616773449203013e-01,8.555848939171267764e-01
4.107962882460611254e-01,9.117275662857698970e-01
4.231451555703398815e-01,9.060614841980151324e-01
5.223728217213530201e-01,8.527166846004166079e-01
7.176537240327816036e-01,6.963993842298322745e-01
5.080269955099534496e-01,8.613416893086557335e-01
7.504748245250268956e-01,6.608982228572507500e-01
5.232447032499603079e-01,8.521830550354804190e-01
5.344371924587247857e-01,8.452087851796180606e-01
5.189185545766223928e-01,8.548231030742843295e-01
3.812053708024917831e-01,9.244899420382096666e-01
5.140887699097073105e-01,8.577375966577661659e-01
7.654814047601528060e-01,6.434571053454882783e-01
4.523548912484234297e-01,8.918374751806816825e-01
5.171078754090313589e-01,8.559208612324697985e-01
5.183766131182954151e-01,8.551518031680317433e-01
3.570702463914075531e-01,9.340770979870784974e-01
4.110252370085952789e-01,9.116234565354166541e-01
5.234068864052116021e-01,8.520822292737109116e-01
4.098197060170488681e-01,9.121660265177151672e-01
4.991315216626602824e-01,8.665255883710404339e-01
5.612138488366222866e-01,8.276701039047766884e-01
5.056562271234085193e-01,8.627357276105456219e-01
5.066259461761277727e-01,8.621666376375832774e-01
4.752532590302177562e-01,8.798484080947032160e-01
7.558009561938070497e-01,6.548024470578343026e-01
5.031769870874049921e-01,8.641826972656080352e-01
5.345866301278195953e-01,8.451129525656045915e-01
4.261869240399681624e-01,9.046357070738141326e-01
4.131815682203212048e-01,9.106492347940879917e-01
5.241368231513144904e-01,8.516333287133973640e-01
4.269013056717534393e-01,9.042988304392618470e-01
4.128033943787259297e-01,9.108195667890378600e-01
5.225191454717585948e-01,8.526267975052337356e-01
4.209603765564070010e-01,9.070796369123367286e-01
7.263376705756240392e-01,6.873369893580663081e-01
5.187766453426035929e-01,8.549090480213723531e-01
5.235697671885078952e-01,8.519835824466625018e-01
4.107010769002688022e-01,9.117706650123172940e-01
5.194360835297852086e-01,8.545085233419442705e-01
3.350270783292189636e-01,9.422090076693480087e-01
4.186691445868876427e-01,9.081394800639865927e-01
5.416896279136366177e-01,8.405794126878514128e-01
5.199456929354004942e-01,8.541985120304657064e-01
4.611761945112953787e-01,8.873093096014927905e-01
5.513171877690301592e-01,8.342948488884713854e-01
5.199799560268349996e-01,8.541792909900454145e-01
5.089703804597744963e-01,8.607848494446593834e-01
7.561581391819702791e-01,6.543901510047598347e-01
5.240976907539720564e-01,8.516572995389710687e-01
4.105769048737921700e-01,9.118252939407027746e-01
4.880042884286311944e-01,8.728420407837117478e-01
4.590476958420897091e-01,8.884108546781491755e-01
5.202943737048293382e-01,8.539861084332841523e-01
7.872913604253600761e-01,6.165798155802548752e-01
4.513168395934269439e-01,8.923630106226068115e-01
5.195223990024899763e-01,8.544559445586762392e-01
4.158244314725623725e-01,9.094441959959913557e-01
5.192966654140775962e-01,8.545931394618992982e-01
7.612135113562132904e-01,6.485000184861773320e-01
7.589382829693888111e-01,6.511612407903138999e-01
4.215225709312382385e-01,9.068171731700759297e-01
4.172965078775917602e-01,9.087696504981032097e-01
4.747319569069734513e-01,8.801312772927644135e-01
5.149159903547292361e-01,8.572415930523091809e-01
4.143477091097026443e-01,9.101194269602114195e-01
5.215083276628725839e-01,8.532471585536167691e-01
5.495776130398084547e-01,8.354436951507862030e-01
5.208418249285684531e-01,8.536522246600747321e-01
5.211000998577770549e-01,8.534965537997516449e-01
5.367644669572280147e-01,8.437311102673423768e-01
4.104405594087299769e-01,9.118865430443339193e-01
5.228834188132571725e-01,8.524052479573956953e-01
5.211544314381210130e-01,8.534634339986585383e-01
4.148331933412910955e-01,9.098983104418644219e-01
7.744806304016802478e-01,6.325960661038558808e-01
5.208379746203350980e-01,8.536566060245563969e-01
3.908082636350856398e-01,9.204729002775645652e-01
4.457560048165420952e-01,8.951554118423770134e-01
5.212753763081446889e-01,8.533874444740101595e-01
4.335767581984888430e-01,9.011157229816939562e-01
5.219625440424675578e-01,8.529695258713744233e-01
5.164042249569065213e-01,8.563438325564278752e-01
7.565946340760821842e-01,6.538825585409052676e-01
4.865875408521415091e-01,8.736328942755490212e-01
4.679205219385692560e-01,8.837695112856115420e-01
4.564692489857088420e-01,8.897402050501891368e-01
5.109003885354793661e-01,8.596387707569352887e-01
5.045317294993830748e-01,8.633920147563429737e-01
5.192448579510176021e-01,8.546266896037568728e-01
7.571452891644414596e-01,6.532448013220428784e-01
4.169013633194572077e-01,9.089526869172841472e-01
5.208315746340117514e-01,8.536606539487846534e-01
5.142282455916353801e-01,8.576521902328652081e-01
4.189561461226256611e-01,9.080054796416249241e-01
4.152207817690609093e-01,9.097196882719523758e-01
4.521852567700898051e-01,8.919229659017352541e-01
7.564237092398549134e-01,6.540837363825603434e-01
5.172607896776635350e-01,8.558290755429558416e-01
4.242143386095255653e-01,9.055628456538283855e-01
3.156780794904588960e-01,9.488655695858517758e-01
4.941774016617168641e-01,8.693623125406162444e-01
4.842675236949261497e-01,8.749211797976681471e-01
4.188478571325585653e-01,9.080574791750145591e-01
3.968979770384610806e-01,9.178617238649895427e-01
4.095316785548430150e-01,9.122948510028309199e-01
4.102846090710567384e-01,9.119585815713042720e-01
5.187689745545741582e-01,8.549131378097259981e-01
4.145947051226710478e-01,9.100051038551009164e-01
4.139400205604463201e-01,9.103052344266481244e-01
3.917279943378587648e-01,9.200820920436633132e-01
4.970258854563790463e-01,8.677370214317972064e-01
4.220452804484590703e-01,9.065736373510273616e-01
4.097418527995566606e-01,9.122026052091962711e-01
3.965276906409728741e-01,9.180217083229346153e-01
4.133008484642015645e-01,9.105956355935993507e-01
5.074495081452583545e-01,8.616801346997786659e-01
7.399103247898973779e-01,6.727035306990072350e-01
5.211529699139874072e-01,8.534646862849183391e-01
4.151673087012666685e-01,9.097439521259504946e-01
5.134705841722300157e-01,8.581058034241260124e-01
5.129472556118490623e-01,8.584215180584446880e-01
5.189105584802109483e-01,8.548299582750092940e-01
5.119219785589605998e-01,8.590333520497818176e-01
5.236062863706274495e-01,8.519589121266710752e-01
5.522285928790382492e-01,8.336911950620916611e-01
7.534832234341171109e-01,6.574650224559640543e-01
7.636043218884296380e-01,6.456823251252187257e-01
5.274133724166323312e-01,8.496103009409790019e-01
4.120129169131928615e-01,9.111791711828353124e-01
7.562803373819734221e-01,6.542455495035772728e-01
7.648414294552534631e-01,6.442163984947388844e-01
5.198427086362182870e-01,8.542605071745766887e-01
5.204081965962159551e-01,8.539161242856212475e-01
7.567236377026546057e-01,6.537327006976930699e-01
4.894980006947379780e-01,8.720058515588716697e-01
7.565131031305791787e-01,6.539807527309964286e-01
5.172931135171208172e-01,8.558067765490464662e-01
4.151960404486357836e-01,9.097332027050138992e-01
5.234125857494003053e-01,8.520809475983890380e-01
5.212841289747621731e-01,8.533816183367002317e-01
5.149645262298228054e-01,8.572099382387018407e-01
4.482576496002913524e-01,8.939057620665530335e-01
7.570011704340577907e-01,6.534112141151554587e-01
5.676374712826870450e-01,8.232768892398281135e-01
4.102000072246817508e-01,9.119968467713273075e-01
5.247084861117321530e-01,8.512835867090086106e-01
4.346271029104940564e-01,9.006118381689992569e-01
4.077235678293541499e-01,9.131041583318073585e-01
7.548680508588396787e-01,6.558743511506848201e-01
5.187930102328315307e-01,8.549014935827397021e-01
3.352187137457733890e-01,9.421392948047221383e-01
4.186897256836299985e-01,9.081280403256548617e-01
5.226889778579769663e-01,8.525218141358630319e-01
7.204547019117438778e-01,6.935042727130010798e-01
5.202130543478006297e-01,8.540381638549252585e-01
3.375420239580294579e-01,9.413093899411336674e-01
4.929109789479831916e-01,8.700781814539494396e-01
4.911664338689225584e-01,8.710673095568851609e-01
5.002971424618711804e-01,8.658521826436023083e-01
5.204803413922428623e-01,8.538719672626690071e-01
5.062858559178690099e-01,8.623640789053225175e-01
4.187430641757894367e-01,9.081033905184596744e-01
5.162387820198937050e-01,8.564429924937103644e-01
5.351842921045318890e-01,8.447335569119184262e-01
5.160297153341282250e-01,8.565724042209799105e-01
5.224378159162086366e-01,8.526756238025634538e-01
4.129043286187328854e-01,9.107757991944893661e-01
7.610833633180580371e-01,6.486515018647849296e-01
5.142766143762171893e-01,8.576226301209570746e-01
5.079176236623414997e-01,8.614073696788681067e-01
4.110556164635807974e-01,9.116088689531466338e-01
5.386797703526601255e-01,8.425124363715953413e-01
5.196491370941658250e-01,8.543815447758686954e-01
4.210192337813102315e-01,9.070531566755692943e-01
4.093105911667550001e-01,9.123937031797598740e-01
7.473247526360726756e-01,6.644615517723923004e-01
4.123279704699915893e-01,9.110340447743653369e-01
7.649165752744986335e-01,6.441266981272292247e-01
4.100646309257330313e-01,9.120579015082446173e-01
4.396074120739744684e-01,8.981884874962379195e-01
5.918312934154670302e-01,8.060639424006108555e-01
4.116617893809631501e-01,9.113381500453203721e-01
5.146652286370498874e-01,8.573893986346158291e-01
5.228484027965452086e-01,8.524238275299899081e-01
5.354026116332664120e-01,8.445988838744171723e-01
4.142392623784073580e-01,9.101695063511328065e-01
5.150276118705572337e-01,8.571717410174152230e-01
7.499111413572788765e-01,6.615412603216946907e-01
5.027646210554842510e-01,8.644251643182793154e-01
5.053148542209157101e-01,8.629368729663423609e-01
5.200097917726504981e-01,8.541584134482913537e-01
5.352006023868013385e-01,8.447269389196584433e-01
7.044004617958323777e-01,7.098053620404288777e-01
5.191433944972662085e-01,8.546890670488012098e-01
7.646068111300889925e-01,6.444998535677702867e-01
5.493142114568274614e-01,8.356179383974260411e-01
5.174231305896760391e-01,8.557316323860496565e-01
4.500417162909756130e-01,8.930058314319000434e-01
4.364685162402198171e-01,8.997178767630988894e-01
4.520429938178821549e-01,8.919978658230247603e-01
5.232037296777187763e-01,8.522056475634457451e-01
5.096880301028694493e-01,8.603612351484284382e-01
7.555561452681212042e-01,6.550810128807921240e-01
4.103428070974797226e-01,9.119297801383083879e-01
4.094452745985516229e-01,9.123331023695603337e-01
4.011855330612562609e-01,9.159983762438632660e-01
4.112010614610455694e-01,9.115462710686697001e-01
5.179916498572516570e-01,8.553836476031860814e-01
5.265818050127790695e-01,8.501224023135692809e-01
4.684344112754254552e-01,8.835001130868623820e-01
7.567452169684742991e-01,6.537069602875414942e-01
5.203563652287747088e-01,8.539512547065685188e-01
4.177852795728266289e-01,9.085474378829508924e-01
4.112909337097564455e-01,9.115057459378039795e-01
4.127392428758300813e-01,9.108508606996543744e-01
4.143995069814668808e-01,9.100934348951306152e-01
4.157333501527240016e-01,9.094848908799689768e-01
4.390107181511803680e-01,8.984800712606924034e-01
4.623601973591893177e-01,8.866903410422523057e-01
4.576710779749232905e-01,8.891234160147269971e-01
7.553190988244442572e-01,6.553541570167857877e-01
5.125194268664717834e-01,8.586735639266400710e-01
5.031022485781909692e-01,8.642289295608313049e-01
5.038684978191786401e-01,8.637783320134250209e-01
3.826935582935731550e-01,9.238737856367325030e-01
5.201442558095317192e-01,8.540805427197699640e-01
5.384446455263078857e-01,8.426586852015779394e-01
5.205364711104180087e-01,8.538415618177004340e-01
5.200883230892894282e-01,8.541146184768980687e-01
7.488573996198512051e-01,6.627280845101737317e-01
6.557316270483596332e-01,7.549967711450468189e-01
4.395512669679086382e-01,8.982156807428371970e-01
5.190530006371903982e-01,8.547399032112235062e-01
4.013379978166001227e-01,9.159283537133772191e-01
4.189741666749072779e-01,9.079998997052680654e-01
5.175707887604314994e-01,8.556425573425774367e-01
5.053012322452172800e-01,8.629408960628547343e-01
7.564602610760773338e-01,6.540364601833675851e-01
4.809443255459410205e-01,8.767531767624814343e-01
7.526345976392301296e-01,6.584352324619523467e-01
4.156224700681100392e-01,9.095354330127655151e-01
7.715846341808786368e-01,6.361300108225576011e-01
7.560642394779919506e-01,6.544941401239617873e-01
5.222984451761103486e-01,8.527650318866307755e-01
5.093086022228732190e-01,8.605817445756164252e-01
7.532839513511195850e-01,6.576921385230686257e-01
5.191914487831762459e-01,8.546556899070064661e-01
5.862164674945196108e-01,8.101518904624497308e-01
7.572290751289841859e-01,6.531527167907645870e-01
4.154526545840406260e-01,9.096166383366676156e-01
4.095773870365085334e-01,9.122771894617348609e-01
5.070410802626463820e-01,8.619241358219258409e-01
5.292496808186495372e-01,8.484637795598544141e-01
5.198089168736217403e-01,8.542802480285870415e-01
4.795177213039418795e-01,8.775343280358037790e-01
5.204225620745395187e-01,8.539065411074798773e-01
5.096474634743093368e-01,8.603856065860867597e-01
4.125601283980101508e-01,9.109322443027466631e-01
4.952532966333195730e-01,8.687508776176225966e-01
4.150991305077803006e-01,9.097780778051344219e-01
5.942284392417769290e-01,8.042990213423683032e-01
4.482401102037779084e-01,8.939152408266506367e-01
4.774388529621581001e-01,8.786627989610541478e-01
5.315284019693065076e-01,8.470380437330375933e-01
4.239389339321870676e-01,9.056927144627060500e-01
6.680317665771473568e-01,7.441296875448293324e-01
7.864946849527538753e-01,6.175933798522386109e-01
4.954143637731273087e-01,8.686544737007636519e-01
7.538866126613419372e-01,6.570010114650144395e-01
7.562350146135511375e-01,6.543036347527994012e-01
5.177520001996149812e-01,8.555331813710658206e-01
5.117022761216434290e-01,8.591652519881605166e-01
7.590843627791701298e-01,6.509958514936784457e-01
7.569364703347015721e-01,6.534920693088133170e-01
7.544882134578312360e-01,6.563172037963003191e-01
6.608112837215934787e-01,7.505552788380103202e-01
7.616533665193980784e-01,6.479883774853290035e-01
4.099467306897487950e-01,9.121074762899897825e-01
5.066334500965194998e-01,8.621640213479291326e-01
4.113401431634804428e-01,9.114839299748013213e-01
5.171119627203987212e-01,8.559203016677849885e-01
5.170212147974636574e-01,8.559751235433777916e-01
4.432154148067135035e-01,8.964173137567057470e-01
4.229863613255788746e-01,9.061381280505074187e-01
3.806920625903981170e-01,9.246999938574093081e-01
5.170372093207731279e-01,8.559603696139130857e-01
7.575900636668558841e-01,6.527268895046406394e-01
7.733141724023666619e-01,6.340191833467093696e-01
5.224541000624574050e-01,8.526700083006587549e-01
5.162024435852399229e-01,8.564691797795596084e-01
4.216014951980499581e-01,9.067790953689820466e-01
5.197128928817038584e-01,8.543383602029274160e-01
5.836936425720318233e-01,8.119769170518643664e-01
4.491265164218138373e-01,8.934659018767103777e-01
4.775716272788701477e-01,8.785952353133815729e-01
7.521660462836080585e-01,6.589774515188969728e-01
4.365510762865016936e-01,8.996816989495906025e-01
5.579802140578498104e-01,8.298571171346383890e-01
4.728101449896364161e-01,8.811618917119619088e-01
5.214979654667384334e-01,8.532498391241798430e-01
4.750687803374648022e-01,8.799511143483298437e-01
4.145407364077906553e-01,9.100286140086530917e-01
5.612395695349975400e-01,8.276562980445002493e-01
4.101247717080439004e-01,9.120315488934407355e-01
5.147777538209611370e-01,8.573209945579790547e-01
4.032593780309070008e-01,9.150836232542040038e-01
5.123253197440073015e-01,8.587887899284935012e-01
4.273561769270068922e-01,9.040855832540226622e-01
5.119039365741447911e-01,8.590400184898441260e-01
4.346157676640174383e-01,9.006136970398764818e-01
4.214256694265754999e-01,9.068607383815591172e-01
7.584138782768189424e-01,6.517692810449942087e-01
5.293802603299337939e-01,8.483874535475733891e-01
7.723101974942121473e-01,6.352496585585828415e-01
4.137377211373101660e-01,9.103939394490830894e-01
5.194503035935391644e-01,8.545034083474268849e-01
5.174383344062818413e-01,8.557177579545059976e-01
5.087575281128909888e-01,8.609125537326289823e-01
5.220365742142327736e-01,8.529258743087301253e-01
3.764169821254370607e-01,9.264483500008565686e-01
4.106819003837878235e-01,9.117765003518238931e-01
5.043951274069311541e-01,8.634756553199099960e-01
4.676309726178723980e-01,8.839262915928669528e-01
4.904985962844276015e-01,8.714446021955905008e-01
7.173040952099668521e-01,6.967563924308011192e-01
4.934442220407549984e-01,8.697800926415983902e-01
5.254483498336171010e-01,8.508226779188594602e-01
5.203768755342773611e-01,8.539395189623577576e-01
5.156051728091808339e-01,8.568234963045999741e-01
4.744420324103919007e-01,8.802841583339346965e-01
4.394926775420988085e-01,8.982437708772339491e-01
4.106829711722517207e-01,9.117804651227001678e-01
5.182486113215588608e-01,8.552271612831220393e-01
7.562572733743294640e-01,6.542701941794335507e-01
4.187009588657296666e-01,9.081264802814478232e-01
7.545459509927709973e-01,6.562513800497263849e-01
4.108204041664823558e-01,9.117140141798655284e-01
5.033303727989921761e-01,8.640912614308629003e-01
7.570295347160405086e-01,6.533848713119992935e-01
7.541864593540190675e-01,6.566645547980657360e-01
5.190133592460193235e-01,8.547632168044608791e-01
4.054567541972061151e-01,9.141119491617197834e-01
4.118948192154717747e-01,9.112337114089212875e-01
5.180552693198885450e-01,8.553442278581940839e-01
4.100475361220262682e-01,9.120618416570924758e-01
4.460750743402857044e-01,8.949930304581822371e-01
5.140881936334655844e-01,8.577344300765290530e-01
7.567492660831682816e-01,6.537095238588030988e-01
4.944038078024031169e-01,8.692295459559222781e-01
4.104598263406633585e-01,9.118810121751773634e-01
3.969048118437729089e-01,9.178575184409942800e-01
4.860841440459940932e-01,8.739147986157015380e-01
7.560375030844255217e-01,6.545239499069868128e-01
5.802329266025525456e-01,8.144472273250727978e-01
4.947411243695168936e-01,8.690432742453243486e-01
4.124138315242075192e-01,9.109942195178262203e-01
7.571960182970247644e-01,6.531921190935561228e-01
4.936822304485904422e-01,8.696452443489882667e-01
7.555540422879998275e-01,6.550907226445142895e-01
4.148438470283021262e-01,9.098950397503730025e-01
5.168024522251045694e-01,8.561076955161415203e-01
5.069345515260457180e-01,8.619815897762929113e-01
5.185027985966131903e-01,8.550728931486593076e-01
5.161485248764261513e-01,8.564960684212673536e-01
4.100826767409493367e-01,9.120507590693600619e-01
7.483512956802793603e-01,6.632982016188325725e-01
4.918270264530718583e-01,8.706900180323564609e-01
4.369361792812668233e-01,8.994899191459228005e-01
7.561187834416251974e-01,6.544298995887780634e-01
4.135141979074417606e-01,9.105001326394385197e-01
3.124125637673966782e-01,9.499483821477716639e-01
7.558865987294065558e-01,6.546980552545115239e-01
4.269340542592190424e-01,9.042802111688335032e-01
5.186902448859351811e-01,8.549653488636541621e-01
5.205340111463087061e-01,8.538378088682339051e-01
7.529066241834325712e-01,6.581318897208587870e-01
4.175571255402094062e-01,9.086531914649452757e-01
5.562068998503455486e-01,8.310404804713844573e-01
4.682497180263772707e-01,8.835933355829638236e-01
7.499041222567224274e-01,6.615510813612055507e-01
4.932118015468548444e-01,8.699122616443216716e-01
5.338878576017960231e-01,8.455585471741007275e-01
5.496915712472005833e-01,8.353643246058163330e-01
7.553318287950754328e-01,6.553378830069058747e-01
5.151141879290078718e-01,8.571247303211345647e-01
5.198050265557665472e-01,8.542817278413884496e-01
7.544195164525180353e-01,6.563972144850378498e-01
4.648367910127590430e-01,8.853935072183748423e-01
4.814257354129655719e-01,8.764898734783006518e-01
7.566805577031034957e-01,6.537894788484485131e-01
4.269518385927537629e-01,9.042770216634343772e-01
5.187049935551507618e-01,8.549565247689823178e-01
7.757789997562130058e-01,6.309998606487366990e-01
4.295071391407066508e-01,9.030607751489944102e-01
4.186731575621956969e-01,9.081343601545225352e-01
5.229108995715325836e-01,8.523906422932799876e-01
7.564477194443359753e-01,6.540493609357366234e-01
4.700487825376412632e-01,8.826434272280220261e-01
4.129993393532926937e-01,9.107339548614159508e-01
4.812726351031978989e-01,8.765740270080798480e-01
7.754243368888158461e-01,6.314454460584506545e-01
5.006315340499866151e-01,8.656636788893125045e-01
5.149482018881346157e-01,8.572180033705969482e-01
5.126705993690277019e-01,8.585820978836056216e-01
4.280247641677430437e-01,9.037697490020754065e-01
5.476613208099643249e-01,8.367036287994263910e-01
5.377138194326408493e-01,8.431239621815272978e-01
4.258593797260190605e-01,9.047866218726494658e-01
4.491060374499978858e-01,8.934755722233745923e-01
5.169061845004265798e-01,8.560454029576617385e-01
5.978922434624928117e-01,8.015803669516906593e-01
5.181392356317093828e-01,8.552928954721377153e-01
4.406939888508009107e-01,8.976545184621694817e-01
5.188045854175725724e-01,8.548962768218736352e-01
5.149910111575111138e-01,8.571921847337472533e-01
4.262549917164189517e-01,9.046002435043810630e-01
5.192164301093179501e-01,8.546462164240545833e-01
5.023886730980513526e-01,8.646385811734242921e-01
5.166930962833187202e-01,8.561672553555079723e-01
5.242391139822504265e-01,8.515746086375323154e-01
4.379320488909312914e-01,8.990110019426154064e-01
5.800071199722083293e-01,8.146152869051113132e-01
4.173676677602042862e-01,9.087349154844562849e-01
7.716197378351479230e-01,6.360789201394554393e-01
3.913252658147580720e-01,9.202550646262936951e-01
5.210554471570386648e-01,8.535193168987020851e-01
5.044924190264363784e-01,8.634195271554071516e-01
4.129311249037634357e-01,9.107594676686965318e-01
5.393283705866079858e-01,8.420918867629680893e-01
5.869379761673888529e-01,8.096279102216331625e-01
7.564727639711822382e-01,6.540303376572235150e-01
5.189564211116299841e-01,8.547971557441144119e-01
4.679867809177070681e-01,8.837386758998218017e-01
5.175603269107786897e-01,8.556431567535698335e-01
3.997452295345502171e-01,9.166290499502228739e-01
4.740731485241611587e-01,8.804821790443834173e-01
5.685923190893524826e-01,8.226155047873272563e-01
7.556761283695522247e-01,6.549507723658271052e-01
5.253976847374935977e-01,8.508530978079072993e-01
5.197398974532472238e-01,8.543282048262915707e-01
4.157366902731381986e-01,9.094879550797464463e-01
5.148959456026948045e-01,8.572563254450809023e-01
5.241141168105203363e-01,8.516443364153682971e-01
4.270742197365312021e-01,9.042135443279573082e-01
5.190785759598954829e-01,8.547228421371542151e-01
4.193281353297114156e-01,9.078317625700789151e-01
4.120976031821806940e-01,9.111426366321266901e-01
4.886648862082190181e-01,8.724680800841724260e-01
4.085162603669812986e-01,9.127539545481720973e-01
4.810069777196492868e-01,8.767133274195970660e-01
4.114465526822120855e-01,9.114368330768092274e-01
5.229412330762327477e-01,8.523724854544821872e-01
4.638990268836253872e-01,8.858847516565369062e-01
4.097680682485099202e-01,9.121868033753779414e-01
4.094637247645588340e-01,9.123234571423063377e-01
5.247163365513225486e-01,8.512733673543189106e-01
7.704902504882653602e-01,6.374462315979114724e-01
6.578049934896138540e-01,7.531930356641166613e-01
6.089272676264486650e-01,7.932216465696001473e-01
5.214581132135025499e-01,8.532806629926790176e-01
5.091190213686365151e-01,8.606924178438641881e-01
4.112202367773797884e-01,9.115390341861653312e-01
4.544074941972201520e-01,8.907972634818325242e-01
4.770272557907241362e-01,8.788920007444910310e-01
4.169899088445866431e-01,9.089141850966219183e-01
4.949939246913424018e-01,8.689000822927667178e-01
5.182327213355288897e-01,8.552434734636549241e-01
4.946266838265638288e-01,8.691092009845364785e-01
4.123652701575556967e-01,9.110155399895583095e-01
5.180242707756873566e-01,8.553697792673277123e-01
4.026689610484878723e-01,9.153486866191447024e-01
4.950073738242843913e-01,8.688925073733706483e-01
5.551956007561470452e-01,8.317240071890424913e-01
5.061861150879815030e-01,8.624204402780606404e-01
4.120028511087759915e-01,9.111794398984319754e-01
5.206285779423693860e-01,8.537793320394803098e-01
4.204518869686290627e-01,9.073180277536180283e-01
5.193473104702552856e-01,8.545593169805270062e-01
7.564056927150535348e-01,6.541085212575433738e-01
4.132459620763161978e-01,9.106162980763841119e-01
5.375838448321776930e-01,8.432144024594492304e-01
7.580675591046517336e-01,6.521818284566278656e-01
6.154559772398691120e-01,7.881759707725510822e-01
5.348940436361607764e-01,8.449150399607313622e-01
4.511196233004882705e-01,8.924600217117432122e-01
4.766572242014384120e-01,8.790929125656775645e-01
5.139262634567977051e-01,8.578383289539760481e-01
4.112339525067131296e-01,9.115330117387684394e-01
4.822412278258835228e-01,8.760347255011713408e-01
7.596035092658421917e-01,6.503805276054790419e-01
5.397020260409541859e-01,8.418603316472897946e-01
4.901901060990517811e-01,8.716117117154320582e-01
4.094099546359964426e-01,9.123473258867191849e-01
7.464070676737151189e-01,6.654955078801879642e-01
5.237158333612579320e-01,8.518971489185080959e-01
7.571617078359134112e-01,6.532334627262144089e-01
5.238753889589431445e-01,8.517990534215837961e-01
7.560888497095981098e-01,6.544629945625735079e-01
5.087759694673856803e-01,8.609030095634628843e-01
4.128794196945061445e-01,9.107889981919023992e-01
7.540007639197909839e-01,6.568675072579590601e-01
7.409562031338575716e-01,6.715474215099360711e-01
7.832025372325088775e-01,6.217729385524795038e-01
5.137729570078586327e-01,8.579303112603237080e-01
4.269232502915796257e-01,9.042912892486902887e-01
5.218407421835359328e-01,8.530471194392648115e-01
5.056903739900240335e-01,8.627109635778175134e-01
7.560459710054201476e-01,6.545246260541538463e-01
5.091531810187420737e-01,8.606718031962212745e-01
5.090075339230721863e-01,8.607661797042140961e-01
5.172289488375446664e-01,8.558428827906323644e-01
4.789251890469585216e-01,8.778518353647645212e-01
4.056713880252000304e-01,9.140157061140173900e-01
5.195942855426536333e-01,8.544173339731194750e-01
5.068104429237407782e-01,8.620616401096181658e-01
4.103871640166104062e-01,9.119080496335870700e-01
4.705378916050290128e-01,8.823836236152530210e-01
4.396017385030922542e-01,8.981963873022218436e-01
7.670159702328946949e-01,6.416217519793863122e-01
6.852824372547469123e-01,7.251339780753439657e-01
7.394291047353578339e-01,6.719159862969497077e-01
6.733742544421043030e-01,7.361017783754216781e-01
6.435741119524983622e-01,7.624533050867463579e-01
6.479921405690372005e-01,7.586141805487390810e-01
4.306434652867396351e-01,9.029128863919478887e-01
3.672870046451570114e-01,9.285582632057128860e-01
6.503329265393467118e-01,7.566135533570547134e-01
5.140596979998696137e-01,8.578253667084049239e-01
3.760062486553156225e-01,9.254915376122816451e-01
5.267347689350929674e-01,8.498848494941759757e-01
3.325093382525535213e-01,9.395274181423045601e-01
7.580654602933161179e-01,6.523451083678437623e-01
4.365865869131144716e-01,9.001297793063577357e-01
7.164787465133348743e-01,6.951017611443852662e-01
5.002492947758437891e-01,8.661971471844386317e-01
6.064464603364448925e-01,7.929648579001473685e-01
7.520512448887781698e-01,6.587126775337078799e-01
7.321738768213182924e-01,6.793629958237352717e-01
3.383541788825061847e-01,9.378189187479368805e-01
6.120720552627270106e-01,7.884919578226872172e-01
4.167476375395116062e-01,9.091819971858255967e-01
5.281160674413626355e-01,8.489818721094574139e-01
7.442543727315624746e-01,6.668801630293730298e-01
6.536871005432217663e-01,7.537025619043777880e-01
5.718338926592294591e-01,8.191010963731891747e-01
5.415005406158928114e-01,8.402108963744311376e-01
6.888618078188986082e-01,7.217657521535060239e-01
7.512079536089752985e-01,6.596299121623923067e-01
6.593924617254043330e-01,7.486570499357646513e-01
3.636222333684939745e-01,9.298312708600589005e-01
6.563675499094873134e-01,7.513328635721293614e-01
5.502088193604265376e-01,8.343090202433031122e-01
6.397132400151359644e-01,7.657033850967637223e-01
3.621150985663805777e-01,9.303355840173426206e-01
3.597235751923894553e-01,9.311461067599497987e-01
7.660053930405530398e-01,6.437994652414076313e-01
7.422909399787154250e-01,6.689348708359411644e-01
4.070560977369114264e-01,9.133090870584599230e-01
7.352460537909918381e-01,6.762244398320239602e-01
5.804926188164790668e-01,8.127584372358311882e-01
5.748376702797111104e-01,8.169377954291161537e-01
5.726465086224281631e-01,8.185055461265273724e-01
7.348227037407084605e-01,6.766478175177683685e-01
4.679793560253078244e-01,8.843386568330759978e-01
4.100089879424333450e-01,9.120702922148418157e-01
7.021782874066766489e-01,7.091146926144804574e-01
5.341933977326168703e-01,8.450222489241598911e-01
5.329781505397022112e-01,8.458104979743220619e-01
3.870153858142817427e-01,9.213801215481973728e-01
7.840272041953035842e-01,6.239946202581486689e-01
6.713833181359023516e-01,7.379114633903534060e-01
7.181725591347172255e-01,6.934231405410693494e-01
7.257777361757982160e-01,6.858324980485166478e-01
3.354021662181168040e-01,9.386941816512127668e-01
5.741850112403679152e-01,8.174066178011841766e-01
3.733687256232731122e-01,9.264465218924211598e-01
6.227825748248874138e-01,7.798298530672149731e-01
6.069826571578318397e-01,7.925313493698151746e-01
7.185532449024842894e-01,6.930646876348367513e-01
6.967981834859602319e-01,7.142405003708561795e-01
7.173828067649186124e-01,6.942310336151045203e-01
3.869289559225561614e-01,9.213937902957618498e-01
7.495974910399718638e-01,6.613155012154792178e-01
6.056712493686642329e-01,7.935429272346731233e-01
4.579507102472515911e-01,8.895674791349621469e-01
6.333247098639952499e-01,7.711262848936022429e-01
3.632566135617140146e-01,9.299592050239952057e-01
4.047873650299226855e-01,9.142548165513018077e-01
5.039437440952185820e-01,8.639991070544955631e-01
5.702436279166386290e-01,8.202467717231007871e-01
5.176241082097066126e-01,8.556282427932375700e-01
5.976879663742228344e-01,7.997861356985681569e-01
6.317713960085208358e-01,7.724238348029580647e-01
3.444949218278863246e-01,9.359942744581104535e-01
5.607510786122412716e-01,8.270204612324113524e-01
7.101913995757844766e-01,7.013137061934046068e-01
4.819394508726533299e-01,8.766960217701541547e-01
7.064927144372827872e-01,7.049148918609162706e-01
5.943759354689448493e-01,8.023331049353287225e-01
3.878647774107345514e-01,9.210247935649268358e-01
6.253295839167243297e-01,7.777377593364173114e-01
4.196585164225914988e-01,9.078859797922805841e-01
4.458659925998753604e-01,8.956344572432388684e-01
5.061364133751118377e-01,8.626726319170355817e-01
3.797673235903372690e-01,9.240802928929701121e-01
6.910347732364499063e-01,7.197414404956153922e-01
4.692294085156453187e-01,8.836364713931251780e-01
4.883472522736935217e-01,8.730799691362658432e-01
7.661609968007456750e-01,6.436236057781756781e-01
7.859441101201285473e-01,6.218703389262464354e-01
5.076778995256698845e-01,8.617557801038506771e-01
4.326572270261840880e-01,9.019736487080910470e-01
4.701938530538648520e-01,8.831517621536372209e-01
7.033816639389117720e-01,7.079199177791875019e-01
5.539196404836813636e-01,8.317632655559388244e-01
4.124966234301005175e-01,9.109946526678647238e-01
3.376042718849525670e-01,9.380280549356008191e-01
5.829861623231895607e-01,8.109176145922762924e-01
6.565122478027947128e-01,7.512073149379197012e-01
7.367336450974684148e-01,6.746787706414698604e-01
3.166917541006126768e-01,9.437356189902039727e-01
3.339480213769395189e-01,9.391154487507060722e-01
6.349732701154834347e-01,7.697349564933444466e-01
5.507737306480913198e-01,8.339234854084682791e-01
6.066500745000167338e-01,7.927881722167438028e-01
3.307744481304648598e-01,9.400125250167271629e-01
7.077550162794190580e-01,7.036889357069255890e-01
6.334085756515142052e-01,7.710484966739963308e-01
7.420950736846421147e-01,6.691484965779201932e-01
6.080246499733041876e-01,7.916951391555149264e-01
6.246709358066202533e-01,7.783048853250223997e-01
4.962050337069303096e-01,8.685795357550488704e-01
5.383427414509991404e-01,8.423050237902457438e-01
7.560627645179613943e-01,6.544678784053443721e-01
7.608473643918998164e-01,6.493590851951189791e-01
4.768224911412504152e-01,8.795346979769936846e-01
3.950373396146497074e-01,9.182290606779028863e-01
6.052847358527257970e-01,7.938476884079888052e-01
4.486283960659861458e-01,8.942890992897879476e-01
3.321225347288725982e-01,9.396005806486423806e-01
4.933518567573494940e-01,8.702255102594509406e-01
5.835007807834244886e-01,8.105379087003571348e-01
3.392633269810386154e-01,9.375635981318164447e-01
6.850074485161008475e-01,7.253692717085349351e-01
7.230525743694252716e-01,6.885508046879968980e-01
5.889327510115857089e-01,8.064370974340022702e-01
4.174854837642261729e-01,9.088582835069626276e-01
7.220149160440407776e-01,6.896150406235305175e-01
7.868566665152808559e-01,6.208387356329109208e-01
4.903861635094169946e-01,8.719506191131166650e-01
4.822477058425452823e-01,8.765406220628990663e-01
6.741580705669971696e-01,7.354027525597861548e-01
6.416151838367334381e-01,7.641096072865249944e-01
5.807684386239893026e-01,8.125717130572487346e-01
5.700657158845159334e-01,8.203729088181730411e-01
3.906423873987983075e-01,9.199577606671570651e-01
4.532250132910525808e-01,8.919793834837491664e-01
3.328251349311244223e-01,9.394260075681670763e-01
6.365762571169250039e-01,7.683628995034262887e-01
4.323131342958243528e-01,9.021111518301299093e-01
6.101576046857635216e-01,7.900158099208446361e-01
5.645281406415356695e-01,8.243261355734027296e-01
5.010577657207284652e-01,8.656860265204233684e-01
6.838483616661377162e-01,7.264445068410644302e-01
7.667233870320979694e-01,6.430096558667438567e-01
5.383238037758670824e-01,8.423165640212950667e-01
7.872739063667408832e-01,6.203899015486723512e-01
4.730862016115739421e-01,8.815629404212209641e-01
7.005634505967821557e-01,7.106497847931578793e-01
4.009878860297382275e-01,9.158360052057294975e-01
6.091083052955537092e-01,7.908361012188480643e-01
6.388863483205091676e-01,7.664211563379764725e-01
6.755407980449319449e-01,7.341431124488679849e-01
4.330499668385360268e-01,9.017677802827458455e-01
7.397712823073817612e-01,6.715681824104264841e-01
5.780465334419994106e-01,8.145789018284015359e-01
3.814337525916041693e-01,9.234608534572080751e-01
7.544614536680072092e-01,6.561618126619889191e-01
6.257112349429088116e-01,7.774171461059758981e-01
5.176237779118005866e-01,8.556314134844492658e-01
3.135739828480417768e-01,9.445337137790831283e-01
6.576403276373672391e-01,7.502026395571222972e-01
3.278684939256124586e-01,9.408050095572076943e-01
6.183311047496811153e-01,7.834677571976534916e-01
3.992334424223979439e-01,9.165513464586173553e-01
3.195076015257420354e-01,9.430076787375847314e-01
4.624231708359041182e-01,8.872715398212440707e-01
3.531016658229038652e-01,9.333185772135409453e-01
6.764988060279685245e-01,7.332539458149897049e-01
6.164419530055762486e-01,7.849736654751453546e-01
5.490393785705105500e-01,8.351089714430600663e-01
4.210515796285566048e-01,9.072788997205234462e-01
3.351235217704789937e-01,9.387445219451556744e-01
6.799593779750605638e-01,7.300454310793023094e-01
5.799186678240018100e-01,8.131971445215198102e-01
3.769978172242625103e-01,9.250976370429708773e-01
5.846584577820468365e-01,8.096534093257986564e-01
4.649887946149523499e-01,8.858950531009791574e-01
6.644896736551819671e-01,7.441443499011601848e-01
4.269995567827792327e-01,9.046040171550301379e-01
4.362284224420671652e-01,9.002891026322575874e-01
5.827239776205705990e-01,8.111260093524770287e-01
3.641772788980728870e-01,9.296193785441928537e-01
3.245395592798728246e-01,9.416975523471556864e-01
5.657436463976728280e-01,8.234619014743945753e-01
3.396672925599822923e-01,9.374196289940175397e-01
3.984242456997684756e-01,9.168744183707819850e-01
3.973226400848510753e-01,9.173345901468189512e-01
5.213519307214729004e-01,8.533061786662379244e-01
4.498715957150394296e-01,8.936638284087797812e-01
6.634725188808509033e-01,7.450369734810263767e-01
7.457164856802549480e-01,6.653605602535148655e-01
3.476411445048593896e-01,9.350218774705605362e-01
5.228109769559592390e-01,8.523519256152967127e-01
4.659148817161878897e-01,8.854035355878314695e-01
6.370989914108668994e-01,7.679308044677484180e-01
4.322140107067863335e-01,9.021975832313824384e-01
4.283896909634195005e-01,9.039468148911142809e-01
4.835078726261962112e-01,8.758520550258876991e-01
6.769442246068181346e-01,7.328311176302811925e-01
5.632692542359154508e-01,8.252405639281508165e-01
4.182824532558399033e-01,9.084926913486989219e-01
3.477827605193722360e-01,9.349702944672764193e-01
4.549954781135835402e-01,8.910798669290533880e-01
6.524550405058002767e-01,7.547558878607427690e-01
5.096618987087649932e-01,8.605231748746980935e-01
6.539912694790741554e-01,7.533998123497012145e-01
3.761322014915609580e-01,9.254440823905240032e-01
7.123010399507649915e-01,6.992553434671773260e-01
7.710606421582091308e-01,6.382996986798799011e-01
6.391357467149009208e-01,7.662020703865722870e-01
6.752187456800267107e-01,7.344154058921059658e-01
3.938235019527526193e-01,9.187192919857024576e-01
6.014228580830390802e-01,7.968767073375855325e-01
5.803485688874736592e-01,8.128705497042439942e-01
7.756736875403852371e-01,6.332618694720898445e-01
3.135524960439594611e-01,9.445350241628002186e-01
4.737809252399759474e-01,8.812048957355494982e-01
4.960587362827166835e-01,8.686472913407027319e-01
3.213859110544828868e-01,9.425192669564278480e-01
7.383016752004777361e-01,6.730809704974076713e-01
6.266516070218983714e-01,7.766713959195923334e-01
4.272468297809892124e-01,9.044749970747923973e-01
5.514820800023333414e-01,8.334301101568750703e-01
7.270550684557306464e-01,6.845429504436580936e-01
3.626288495157882208e-01,9.301840817244281245e-01
4.127284811677416343e-01,9.109013389272019312e-01
3.532516049414142212e-01,9.332574262966868428e-01
7.288905289707552360e-01,6.827069902195374018e-01
6.155642905812679366e-01,7.856738537545412404e-01
5.999797576309990887e-01,7.979865909232936039e-01
6.585268469014488035e-01,7.494086845581873213e-01
6.343653518277214687e-01,7.702169288327569419e-01
3.940884511002743507e-01,9.186366442648222774e-01
7.390908818054158225e-01,6.722661353465487766e-01
6.974156859973014155e-01,7.136626218083631512e-01
5.281226029149010959e-01,8.489837295624671487e-01
3.405990330994667636e-01,9.371510097372799386e-01
6.645529592766030724e-01,7.440728818141909562e-01
4.063457837818708063e-01,9.136370763171395293e-01
5.539372062508793881e-01,8.317792296530164275e-01
6.226173380138912972e-01,7.799675708277724606e-01
7.827137783927435866e-01,6.254715203415832647e-01
4.580002672312717404e-01,8.895237148664556504e-01
3.361784202146984590e-01,9.384691208021646025e-01
3.810524032492477731e-01,9.236054171659225931e-01
4.605853739804622315e-01,8.882170073914269492e-01
7.131333198258889006e-01,6.984210216575118535e-01
4.768374797695595912e-01,8.795146458059749373e-01
6.454577587905552249e-01,7.608255344739369708e-01
5.761716221331399934e-01,8.159313401096585094e-01
6.881817298138011019e-01,7.223961579119113630e-01
6.063328539372929704e-01,7.930263570764577441e-01
4.080624875837621790e-01,9.129162199823331880e-01
7.336011253092130646e-01,6.779100473764310131e-01
7.031696838190703014e-01,7.081331033119704355e-01
3.764226308904280449e-01,9.253248005189164127e-01
6.285579471374109772e-01,7.750756068498479978e-01
3.272642773696384788e-01,9.409455655293774701e-01
6.113744548292948666e-01,7.890589437083737057e-01
7.438283687451854309e-01,6.673585012466362043e-01
3.386572373629688770e-01,9.377303830730603362e-01
6.612123503067155461e-01,7.470324126318645952e-01
7.154242493043072582e-01,6.961701371718921338e-01
4.839391583900652938e-01,8.756101096423786201e-01
3.242425261533858349e-01,9.417661239278329877e-01
3.834758229057326773e-01,9.227268683678825356e-01
7.667137220035729062e-01,6.430334175261988028e-01
6.281355648057309615e-01,7.754311237328972428e-01
4.811824161210887518e-01,8.771501440812681238e-01
5.749262500214609162e-01,8.168604379900777923e-01
3.700241770349947390e-01,9.276065032613565187e-01
3.471136404127072583e-01,9.351915460774917754e-01
7.039412358086909460e-01,7.073775584132023786e-01
5.857845550065157170e-01,8.088361437766640183e-01
7.441456319838750666e-01,6.670272320385561837e-01
6.956469471996491460e-01,7.153460763858758842e-01
6.632197651851161613e-01,7.452600989146358490e-01
4.942900931984356983e-01,8.696770925638631633e-01
7.290226613581451964e-01,6.825402578113149987e-01
6.639315910731722337e-01,7.446115840938914987e-01
3.761053587693288236e-01,9.254421826741802137e-01
3.224966846330510339e-01,9.422383081426624063e-01
3.948370502822726724e-01,9.183126826979911561e-01
3.522373053926544650e-01,9.335914561608991136e-01
6.861632792322109875e-01,7.243195490563516525e-01
7.493677159189565673e-01,6.615346981949108418e-01
6.734341394969116656e-01,7.360592234434908399e-01
6.751919145952293144e-01,7.344537172029262928e-01
4.789692461331230833e-01,8.783640602789450913e-01
5.675692805898155946e-01,8.221666974109215209e-01
3.634393421186618012e-01,9.299032592050789914e-01
3.823151851750072883e-01,9.231530671038343794e-01
5.921904653718157441e-01,8.039859851725488227e-01
3.617164982984694133e-01,9.304545670720332229e-01
7.427281701847815443e-01,6.684852531179044099e-01
7.795847631400345534e-01,6.289304028357414200e-01
5.395988866748000490e-01,8.414625962668459414e-01
3.142783809040858856e-01,9.443689564907334910e-01
5.077282618065261932e-01,8.617051710794333408e-01
6.394846098710780247e-01,7.659359521281912109e-01
7.020071282591837658e-01,7.092451872068470387e-01
6.573187148245480671e-01,7.504875568632733973e-01
6.641519164506670680e-01,7.444464762779389178e-01
5.830712686522869781e-01,8.108403933711100242e-01
4.197189915404293536e-01,9.078721584650412124e-01
4.734487093726517659e-01,8.813929616801897682e-01
5.835268906632511410e-01,8.105140002394235488e-01
6.334113065218607286e-01,7.710178844903028406e-01
3.479968854050372595e-01,9.348932656594461932e-01
6.903908661552484727e-01,7.203479052424064388e-01
5.827374648114111988e-01,8.111167296960599682e-01
6.959948866929994704e-01,7.150246305798411139e-01
6.323840481564380056e-01,7.718886832700673217e-01
5.085774873433575038e-01,8.611843780062652387e-01
4.532896448849342841e-01,8.919334868178389053e-01
5.988785439285113643e-01,7.988661757485981951e-01
3.820358562112506351e-01,9.232413286992635637e-01
3.833477815989610460e-01,9.227553072109229149e-01
5.246005011025429710e-01,8.512400380218624329e-01
4.176761310841047847e-01,9.087480591973098321e-01
3.952394182315361326e-01,9.181719757109275681e-01
4.182861281361492933e-01,9.084779566044879351e-01
4.247538493483676292e-01,9.056215834322594027e-01
5.851858120192854340e-01,8.092555463251893677e-01
6.886938611617199335e-01,7.219445878247745529e-01
3.994708771634897237e-01,9.164437808852413658e-01
4.546213618844625048e-01,8.912676237108438926e-01
4.178448732916624775e-01,9.086952948917921269e-01
3.811148673378256246e-01,9.236017006864272183e-01
3.388852710570869897e-01,9.376534481843668001e-01
5.540233779050017793e-01,8.317148943473339218e-01
7.640445288323258755e-01,6.459403376837821176e-01
6.111101375017009563e-01,7.892606025091707389e-01
6.135154987325432963e-01,7.873178024283946641e-01
7.781638482046211447e-01,6.305276826499459641e-01
3.212188142595942542e-01,9.425697523418190560e-01
6.383929288139622571e-01,7.668477218330453926e-01
5.870817193427901870e-01,8.078452976771997029e-01
6.163300395063538994e-01,7.850567831178222322e-01
7.179038388540579518e-01,6.937053144909534064e-01
6.824262086753203338e-01,7.277898126122392952e-01
5.226272998118506319e-01,8.524873675274632356e-01
3.303609553237910057e-01,9.401274489467262852e-01
5.017831553633299579e-01,8.652768114234278274e-01
6.429375630493023852e-01,7.629930494066611280e-01
3.385440854450112447e-01,9.377895419286188528e-01
6.527086750448836128e-01,7.545444285341376123e-01
5.645056708512518062e-01,8.243609472414015205e-01
7.722546504975833503e-01,6.370143308460413101e-01
7.069363640507180246e-01,7.044829489608014361e-01
6.622763835397431631e-01,7.460862786524296020e-01
3.642116256165436328e-01,9.296211521195612004e-01
5.228836651231458799e-01,8.523141804784389874e-01
5.550694577337759172e-01,8.309535361184036129e-01
6.018828548200022555e-01,7.964995538620623927e-01
6.644748375664539797e-01,7.441310201915017908e-01
3.199054628473809170e-01,9.429238950124321228e-01
5.525840238783915614e-01,8.327017940884692271e-01
4.431722771679093009e-01,8.969598981533263293e-01
6.176968680422539881e-01,7.839725436710227591e-01
4.595269894364291119e-01,8.887598246257910617e-01
4.396083375868008458e-01,8.986936851793165815e-01
5.800581478123845169e-01,8.130750375716907508e-01
3.800127326986405540e-01,9.240252083457392018e-01
5.753675072171196003e-01,8.165189809457900072e-01
7.264437713671996200e-01,6.851439594768164998e-01
7.726236821116250209e-01,6.366128002435509359e-01
5.957075231701709495e-01,8.013009742850227823e-01
4.872696383006526188e-01,8.737056895876577078e-01
7.760578563900343285e-01,6.328381718869359185e-01
7.435568509764014511e-01,6.676233431656901640e-01
6.570012004082289581e-01,7.507836033189354552e-01
6.904783072615116035e-01,7.202718230492530793e-01
6.673263238608869719e-01,7.415736829287775667e-01
6.112310482653960930e-01,7.891393075657414657e-01
4.017979849123528568e-01,9.155231565958202866e-01
6.120391479988660510e-01,7.885001838704136512e-01
7.533973777974873887e-01,6.572812373219575344e-01
3.628990653360548713e-01,9.300837049688903679e-01
7.277943657954173418e-01,6.837785847837345443e-01
6.431076186719851817e-01,7.628189283430242273e-01
4.550625583092081650e-01,8.910393409582877400e-01
3.495334703213350269e-01,9.344509365124203937e-01
5.102385485046807556e-01,8.601945329468322354e-01
6.861132667258933449e-01,7.243535287735506367e-01
3.906527673331689487e-01,9.199482378481805833e-01
7.513745799589854890e-01,6.594320821779744435e-01
3.444931675406397442e-01,9.359792889891263012e-01
6.559211509891379466e-01,7.517352953932529003e-01
4.554237084250447043e-01,8.908640511596395140e-01
4.391820636270905576e-01,8.988653903597679795e-01
4.999259453127014030e-01,8.663941860259297689e-01
5.427969788427645659e-01,8.393293173188728362e-01
4.539578587002194299e-01,8.916028790834479301e-01
5.362918093175348400e-01,8.436416433148777871e-01
5.803010970251958334e-01,8.129081640043382961e-01
4.054419328520312837e-01,9.139867669924188753e-01
4.469447956545019585e-01,8.951304952461486275e-01
7.188815812621929258e-01,6.927283961361196951e-01
5.803012547159367429e-01,8.128972354001935408e-01
4.624119136127774476e-01,8.872443733278546629e-01
7.492679366154176845e-01,6.616437462938975500e-01
4.901058110809091151e-01,8.720740371438464589e-01
4.150640173529543953e-01,9.099055587842350690e-01
4.670099235490668965e-01,8.848273175031863280e-01
7.439555201495590131e-01,6.672304747836317329e-01
3.830819673400854830e-01,9.228605369147273585e-01
5.438273839070237869e-01,8.386496831078652514e-01
6.066075771707531983e-01,7.928347656575023272e-01
3.466796648733747044e-01,9.353304463894670517e-01
7.593481534690211809e-01,6.509720156153325776e-01
6.698442936153936600e-01,7.393213027866947229e-01
4.250014620006788424e-01,9.054759432953604081e-01
3.924959081582789500e-01,9.192534113490823389e-01
4.432974526207216215e-01,8.969166549938440980e-01
6.440629095336976029e-01,7.620337293557198910e-01
7.172197981114505350e-01,6.943684205347550042e-01
4.524560099345069086e-01,8.923444565457219202e-01
5.391744621189492603e-01,8.417665579829090028e-01
7.197707584737016440e-01,6.918512628217504679e-01
6.315832401481402680e-01,7.725759655681341265e-01
4.940307323829851160e-01,8.698220133599205983e-01
6.820825614522165736e-01,7.281066704253389421e-01
4.134132119146029516e-01,9.106082241099390240e-01
3.830392707803574881e-01,9.228870048487745059e-01
3.311114549196598755e-01,9.399088238299231346e-01
3.452673151868468349e-01,9.357471283022484876e-01
5.564121159957535756e-01,8.300305566693287895e-01
6.712793535910793752e-01,7.380249857962191129e-01
4.841551567612152329e-01,8.754589872630356151e-01
6.075793748319284759e-01,7.920680313792768379e-01
7.777239898941985530e-01,6.309849021402810232e-01
5.692907530357003143e-01,8.209354915089043248e-01
5.540503179007151280e-01,8.316805323381341042e-01
5.092894146371631514e-01,8.607427266480579542e-01
6.940763541082982657e-01,7.168519094947710668e-01
3.591514037699404804e-01,9.313459314181368187e-01
6.178251414432612831e-01,7.838458588521969306e-01
6.883984966437258768e-01,7.222042271297907101e-01
4.773531469569634034e-01,8.792479447759519173e-01
5.171220508064034993e-01,8.559260854652962491e-01
4.785966590402278564e-01,8.785715864181542489e-01
5.976824714151203199e-01,7.997843279263113780e-01
4.347703196328620567e-01,9.009743732612240930e-01
5.761619786050160563e-01,8.159390805108391875e-01
6.251870926584843779e-01,7.778666027568796881e-01
5.153993309774056453e-01,8.570282983773238605e-01
4.820630453885108579e-01,8.766527708466681501e-01
5.807834956789604819e-01,8.125338194015930826e-01
3.700479855301786469e-01,9.276035365919017561e-01
3.525482533713629740e-01,9.334627939441774158e-01
4.643159998483387119e-01,8.862463332264763904e-01
4.710097109482613842e-01,8.827005146512926226e-01
5.778156741968837329e-01,8.147265393484180995e-01
6.483771874571091498e-01,7.583200030471796138e-01
7.270582466482636841e-01,6.845424201516365770e-01
3.319332380411744166e-01,9.396715597179117196e-01
4.752262229915972247e-01,8.804062367430671721e-01
7.587626256354407239e-01,6.515813652993202032e-01
3.426292311440491956e-01,9.365492622057566274e-01
3.939975019469448281e-01,9.186455541862152963e-01
6.309580851358811415e-01,7.731063979674391851e-01
4.286025860457909897e-01,9.038296254530657770e-01
3.271785382072018300e-01,9.409847624389988674e-01
6.668812923454735531e-01,7.419644270956951004e-01
5.864826172449808528e-01,8.083101629728089987e-01
5.071047627388960422e-01,8.620879120449350674e-01
4.306353506575764101e-01,9.029299531632994924e-01
4.720954391465556066e-01,8.821063395158840192e-01
5.897241141298783518e-01,8.058672802097465171e-01
4.480792569063904995e-01,8.945511107353847358e-01
7.491146213747770233e-01,6.618116050910923809e-01
4.029386618629233197e-01,9.150212930754855201e-01
5.571850776907982805e-01,8.294852358996949171e-01
6.720743072532364693e-01,7.372722950150935040e-01
5.323629871081417830e-01,8.462475266973904509e-01
4.107604636426385181e-01,9.117738646111832601e-01
3.492470719030993376e-01,9.345028198463498637e-01
4.046368394034506877e-01,9.143446531931334054e-01
4.775941854250660978e-01,8.791198340966678293e-01
4.358203348563729485e-01,9.004960250283274847e-01
4.903586849993392116e-01,8.719272463750772362e-01
5.201474270401842404e-01,8.540467104854457814e-01
7.473389592397262637e-01,6.636636709958136926e-01
7.222605546840981106e-01,6.893634765478180437e-01
7.317276855486597453e-01,6.798078934319420341e-01
6.722299587514763974e-01,7.371421645401544653e-01
6.887434640696735721e-01,7.219035857705947690e-01
3.972432345238567364e-01,9.173458245990661064e-01
3.552429956395066202e-01,9.325930873050384262e-01
6.239957939520321961e-01,7.788264886396069064e-01
5.450352910436545573e-01,8.378374116712158370e-01
4.185602311258709851e-01,9.083882363381418079e-01
5.673853482997347486e-01,8.222998310557477764e-01
3.733369457285768411e-01,9.264181207228139314e-01
7.186871767375329068e-01,6.929471093583546848e-01
4.954427487958280585e-01,8.690163576782357069e-01
3.179292683791569707e-01,9.434075220488742364e-01
3.128270449375177287e-01,9.447128299744883551e-01
5.633747341437844725e-01,8.251590652146935101e-01
3.423798362021147623e-01,9.366292637379084463e-01
7.534880586465159125e-01,6.571992795934420428e-01
6.935500529207281328e-01,7.173508085715247784e-01
3.709697516301544429e-01,9.272700177664896515e-01
3.174586900306314297e-01,9.435283552438842314e-01
6.470695940857951189e-01,7.594326141770230132e-01
3.319023798092068378e-01,9.396621425739426492e-01
3.912398254977497714e-01,9.197491755424447302e-01
3.353762418642808329e-01,9.386865881340291651e-01
5.111365326353394245e-01,8.596131475207687833e-01
3.790504989737329966e-01,9.243608633576682054e-01
4.547064097096211177e-01,8.912221115640339697e-01
6.534775559991363725e-01,7.538805940312067744e-01
3.939167362488070756e-01,9.186777321822812148e-01
5.147434547535820748e-01,8.574335630883863635e-01
5.704970157571569445e-01,8.200646200188531632e-01
7.062745910509176106e-01,7.051381540911793033e-01
3.134164725214845793e-01,9.445496260656699450e-01
7.289637160560606954e-01,6.825990382906654830e-01
4.769653929262904768e-01,8.794483559117858285e-01
4.852553977081243142e-01,8.748555023562363253e-01
6.076931201126276605e-01,7.919497772594219498e-01
4.715384062997949322e-01,8.824227604558809723e-01
6.339124870892289820e-01,7.706114964299840553e-01
4.347206521055167472e-01,9.010173541347269444e-01
6.114679378249718855e-01,7.889843281299899758e-01
4.450240942831294455e-01,8.960565124425343697e-01
3.949500141415877574e-01,9.182706514937630793e-01
7.673577030570249979e-01,6.423623751838104523e-01
5.552608309208949544e-01,8.308547723595667289e-01
3.651053610561467710e-01,9.293168188042761901e-01
6.901121100087346250e-01,7.206075233932905943e-01
3.860324006321981249e-01,9.217612021654603138e-01
4.044349733736659624e-01,9.144232744042654071e-01
6.721091995811256936e-01,7.372439308607283692e-01
4.208134431432376532e-01,9.073830759804372148e-01
7.797653420270689306e-01,6.287519257881526435e-01
4.945571988842730193e-01,8.695127490898564293e-01
3.193124716880485492e-01,9.430663661547812326e-01
7.082493832491323360e-01,7.031925313190331428e-01
3.859233450382469344e-01,9.217706398223596276e-01
4.836166161441730615e-01,8.757837185846499839e-01
5.730574657215771195e-01,8.182148145181638021e-01
4.036816132780489119e-01,9.147302158108361336e-01
7.735203594269584038e-01,6.356379705994973373e-01
7.808935442463030840e-01,6.275150266239086783e-01
6.718266942269666142e-01,7.375153731074244323e-01
7.322290768307111453e-01,6.792907750321676152e-01
6.389520823523427984e-01,7.663870406947509428e-01
5.540474177873658812e-01,8.316634861090612674e-01
7.593971598824009739e-01,6.509293171609712436e-01
3.877374648490763964e-01,9.210757758542462703e-01
3.210100152445309885e-01,9.426385917559355621e-01
5.676639467080198953e-01,8.221188548366864524e-01
5.646655933277622275e-01,8.242348047944201284e-01
6.040792568473638546e-01,7.948199653560477085e-01
4.020916001724959554e-01,9.153703538926862837e-01
6.168181076870760116e-01,7.846810166658937380e-01
5.105776335444207614e-01,8.599899103714842008e-01
5.807218944070708933e-01,8.126032117008715749e-01
5.357847842187071219e-01,8.440132130622139961e-01
5.494947410985244751e-01,8.348123331522884216e-01
6.927429535366127489e-01,7.181010690129575602e-01
5.822784438610832947e-01,8.114356693671315179e-01
6.321717269017703700e-01,7.720755230358811172e-01
5.887478396227394661e-01,8.066074754725267582e-01
3.989856402829485837e-01,9.166733692193970162e-01
5.671580522699559701e-01,8.224497777429394807e-01
4.699479098891746198e-01,8.832605936244108946e-01
3.711645878238349350e-01,9.272015376682893883e-01
7.860415988786380037e-01,6.217802101364450218e-01
7.148553535842393503e-01,6.967297400678241770e-01
7.490438910222897428e-01,6.618835686847319710e-01
3.523501696077729894e-01,9.335430147652723498e-01
5.194756050737846520e-01,8.544895101851810448e-01
5.157243734989103157e-01,8.568062956656432583e-01
6.248159196867143494e-01,7.781511489071495369e-01
5.201201428048390918e-01,8.540553790899546582e-01
5.368901499864704441e-01,8.432860698841461167e-01
5.633929307932680208e-01,8.251331387760926228e-01
5.874952013364136416e-01,8.075403654610707749e-01
5.097652448862641794e-01,8.604801227072920167e-01
4.929401273121442051e-01,8.704819392169387271e-01
4.264444336864912644e-01,9.048600849345046493e-01
7.490839686060051239e-01,6.618305316128039184e-01
7.565474182769327260e-01,6.539366892620485094e-01
6.457880908525210906e-01,7.605120022511059341e-01
6.242390262463759498e-01,7.786199676494518496e-01
4.842672859490723125e-01,8.754202641591156686e-01
5.611378079406583730e-01,8.267398195951877193e-01
6.422125587008635783e-01,7.635757784236982815e-01
3.358362641427575235e-01,9.385660170385252687e-01
4.133522605697407815e-01,9.106485121444619635e-01
4.129442289247664544e-01,9.108056411907098360e-01
7.110834707139483957e-01,7.004252915691326908e-01
3.378045616011243202e-01,9.379970347888539894e-01
5.224418615397949939e-01,8.525796671110391634e-01
3.941956131337296387e-01,9.185803458099252028e-01
