8.241969786486542660e-01,1.758030216404951884e-01
5.914079100935923927e-01,4.085920891288435941e-01
5.917442868587380334e-01,4.082557139925794276e-01
5.822396208281240826e-01,4.177603806583054524e-01
5.164993601366625331e-01,4.835006419473727446e-01
9.546664163905524969e-01,4.533358127956500783e-02
8.272431424798193378e-01,1.727568601425282235e-01
7.920556067943932410e-01,2.079443963432808795e-01
5.946580392456486397e-01,4.053419640355468978e-01
7.829822649314768235e-01,2.170177383743174537e-01
8.658117103266196324e-01,1.341882862656450515e-01
8.935047112327948460e-01,1.064952925146609858e-01
8.162484062731973911e-01,1.837515989641289593e-01
9.172532957950296773e-01,8.274671072890145418e-02
7.137722344409651587e-01,2.862277582103231466e-01
9.004645711626798610e-01,9.953543650225382677e-02
6.172895920271170844e-01,3.827104163218689181e-01
8.732460129774122226e-01,1.267539964512220674e-01
8.224595372240603997e-01,1.775404522549344499e-01
9.672611210265833481e-01,3.273886820826917704e-02
6.677240405338408236e-01,3.322759483719905926e-01
9.209077307949834479e-01,7.909228044545454916e-02
9.169456351308055142e-01,8.305435103173573752e-02
8.728004838669338739e-01,1.271995301224111419e-01
8.730634045935774523e-01,1.269365805189333340e-01
7.042629003450520120e-01,2.957371159501866464e-01
8.341021645916453231e-01,1.658978190558681731e-01
8.445034548370806693e-01,1.554965272827586731e-01
8.156081443000881004e-01,1.843918373137213018e-01
5.521758690766562783e-01,4.478241494651881704e-01
9.493446560830089975e-01,5.065532468296340268e-02
5.080517268511403062e-01,4.919482927851571152e-01
8.968844132446265327e-01,1.031156066443846275e-01
6.958961212605477842e-01,3.041038587532586268e-01
6.472406202506246764e-01,3.527593595860161191e-01
8.937077097962861094e-01,1.062923118476026274e-01
9.813575262065503679e-01,1.864249597248823082e-02
9.299579986567955148e-01,7.004197909225257090e-02
6.590697968795805606e-01,3.409301798057118305e-01
5.245099265823693901e-01,4.754900972793571490e-01
8.377192614942315929e-01,1.622807623962432000e-01
8.400444731712746194e-01,1.599555021881323424e-01
5.991619433428455599e-01,4.008380815853786472e-01
5.738764712036827920e-01,4.261235538052976501e-01
7.301657547480105981e-01,2.698342199943788988e-01
9.084187122321059071e-01,9.158126172362954232e-02
9.817621946852024273e-01,1.823783182364462421e-02
9.703916163015496865e-01,2.960841104477111158e-02
5.615314877703986296e-01,4.384684847117019113e-01
8.770833371948724144e-01,1.229166341563496523e-01
8.193105267999390984e-01,1.806894443480491497e-01
9.303594277139604074e-01,6.964054297838713492e-02
8.158647480107836802e-01,1.841352815533875975e-01
5.273845479022676308e-01,4.726154821249319848e-01
7.561676060792157372e-01,2.438323635673304568e-01
6.819604356997837069e-01,3.180395959511977400e-01
7.326888018751132048e-01,2.673111664371781715e-01
5.296005151145665168e-01,4.703994529241574685e-01
6.190796296099605467e-01,3.809203375725000451e-01
8.704857391895205465e-01,1.295142260289119662e-01
5.926735722149460983e-01,4.073264634652156713e-01
6.335626111775215508e-01,3.664374250921249576e-01
5.810527841092276713e-01,4.189471790948561813e-01
7.021788950032532561e-01,2.978211429133877375e-01
6.919618860261156357e-01,3.080381520380441329e-01
5.248814091990852138e-01,4.751186291990543431e-01
9.855132328843100309e-01,1.448680578654895287e-02
7.664402031869677057e-01,2.335598362381901272e-01
8.358888150482873813e-01,1.641111454441931405e-01
9.863404821331324124e-01,1.365955830269257633e-02
8.911690534749563408e-01,1.088309052353783196e-01
6.173568212844365855e-01,3.826431371000915682e-01
5.473560523224509922e-01,4.526439893215215560e-01
9.530303610551253968e-01,4.696968090653026034e-02
6.133471013783247106e-01,3.866528564646954935e-01
7.237163819479098814e-01,2.762835746355609134e-01
9.644051570809029084e-01,3.559488722044396730e-02
5.743926271961676822e-01,4.256073280296399086e-01
6.417533095095367957e-01,3.582467357315604062e-01
9.852678828785035314e-01,1.473207117762592895e-02
6.733732527772340326e-01,3.266267008018443607e-01
5.715091188102421338e-01,4.284909277287015095e-01
5.791327665540467740e-01,4.208672802505185606e-01
9.220906460597557697e-01,7.790930709135354681e-02
6.849675170989777406e-01,3.150324358247464374e-01
7.440388468677842093e-01,2.559612004807007568e-01
8.653512397637941334e-01,1.346487128042985204e-01
8.440051978600857652e-01,1.559948503027470124e-01
7.933814257564550942e-01,2.066185259680238806e-01
9.309419875833224722e-01,6.905806070210329661e-02
6.841601955275350422e-01,3.158398531450986590e-01
5.545557777268429467e-01,4.454442710949648165e-01
9.845056816727588700e-01,1.549436726592606783e-02
7.778499527291344862e-01,2.221499975963622253e-01
9.333976197868696367e-01,6.660243022367248744e-02
5.299568933257915448e-01,4.700431568048052955e-01
7.652901775093960968e-01,2.347098729243906334e-01
9.228462659394902623e-01,7.715378476196571578e-02
8.557586996300712290e-01,1.442413513816242498e-01
6.340038165440660123e-01,3.659962351984842877e-01
7.606813452127894060e-01,2.393187065795503998e-01
5.345337529603254589e-01,4.654661948890672640e-01
8.862463979915435885e-01,1.137535497509520460e-01
8.162224693212266624e-01,1.837774779888707299e-01
5.117737868254230715e-01,4.882262658743431460e-01
8.669674391733432905e-01,1.330326135387555897e-01
7.771404101070382708e-01,2.228595370018517929e-01
9.037272371854384589e-01,9.627281675880136613e-02
7.064543817870514442e-01,2.935456724101932480e-01
5.936690575226163391e-01,4.063308880177562421e-01
6.717441529322752958e-01,3.282559018883151603e-01
9.028517116494514383e-01,9.714823323081896167e-02
8.345615255847024239e-01,1.654384182105926859e-01
6.032292118397453162e-01,3.967708444793864309e-01
5.963504620917975396e-01,4.036495947166506282e-01
8.562230365480079097e-01,1.437770212741628917e-01
6.793450588991754024e-01,3.206549991536966626e-01
9.447162164934650441e-01,5.528384167709708003e-02
8.279625284366387561e-01,1.720375297565624462e-01
7.026432476762972668e-01,2.973568106762692342e-01
7.131333452699303299e-01,2.868667130971694346e-01
8.991307204311097534e-01,1.008693379673516743e-01
8.377689656422218079e-01,1.622310929206931818e-01
8.937339431656174948e-01,1.062659981790255448e-01
9.707934769437647216e-01,2.920646392994222934e-02
6.937551353571292934e-01,3.062448052293052503e-01
8.997670903199388448e-01,1.002328502280955408e-01
7.954148630772792661e-01,2.045850774059830846e-01
7.715813043265529192e-01,2.284187552862128878e-01
6.211037497101775662e-01,3.788963110810060764e-01
7.366763762210435385e-01,2.633235619308820219e-01
8.435332311937049354e-01,1.564667058516247822e-01
7.272510477505735871e-01,2.727490155821537532e-01
5.925356566549561110e-01,4.074642799585486141e-01
8.463355273749482155e-01,1.536645366491783127e-01
7.228980262503648113e-01,2.771020378773423887e-01
8.180714688312137328e-01,1.819284659931532377e-01
7.667020562811912576e-01,2.332978761456265260e-01
9.686493583845754429e-01,3.135070960132196882e-02
9.377780940891120576e-01,6.222183774696302822e-02
7.099000287846743973e-01,2.901000399424428222e-01
7.629075624726096017e-01,2.370925082203097500e-01
8.960480213776162994e-01,1.039520494769670123e-01
9.856948211837857077e-01,1.430524973157797607e-02
7.332661913426359312e-01,2.667338801266389003e-01
5.203202801316232362e-01,4.796797915427671311e-01
5.203485753134665659e-01,4.796514979359848274e-01
7.407648273319932253e-01,2.592350990910877173e-01
6.968473243551340790e-01,3.031526018631102160e-01
8.464202096010988718e-01,1.535798646716615701e-01
5.922278462086076889e-01,4.077720783791904391e-01
5.236401651193497431e-01,4.763599111600692604e-01
8.303169807416007631e-01,1.696829426826173826e-01
5.479757920134886717e-01,4.520242850007328284e-01
6.384994723541108641e-01,3.615004505452817929e-01
9.571006603333023222e-01,4.289926220628394876e-02
6.568971444947838689e-01,3.431029348105924526e-01
9.281556651737991048e-01,7.184441446479042370e-02
8.066001663733355365e-01,1.933999161588508819e-01
5.117630808578979007e-01,4.882370018027619718e-01
8.392177065442643080e-01,1.607822103320120655e-01
8.167777713894115443e-01,1.832221454770440183e-01
9.558194970747249108e-01,4.418041958340025027e-02
5.236166000206543547e-01,4.763834834598009715e-01
7.598879865437744296e-01,2.401120974009144649e-01
6.578751533297311216e-01,3.421247625525344338e-01
7.256028774026518358e-01,2.743970377511372183e-01
9.594740985700974667e-01,4.052581612302458974e-02
5.411046007560783577e-01,4.588953131434291288e-01
9.271620395911749357e-01,7.283804659699337491e-02
9.302112080069144806e-01,6.978870513717741475e-02
6.170938378546850789e-01,3.829060739976831718e-01
7.074176882191880456e-01,2.925824010674336617e-01
5.343165453402076714e-01,4.656835446090551445e-01
7.008681139744687982e-01,2.991319760459830723e-01
9.383522341433430114e-01,6.164785706215907685e-02
6.962417519050547732e-01,3.037581547611038491e-01
7.459096048440547744e-01,2.540903017538106989e-01
8.133302550758307881e-01,1.866696510143458776e-01
5.747649906175612555e-01,4.252351041858641323e-01
7.086032314585372083e-01,2.913966729604314798e-01
9.167912932005419790e-01,8.320861115591625390e-02
7.150638529647267427e-01,2.849360508319062069e-01
6.370083533811430332e-01,3.629915501948737244e-01
7.481414814199743857e-01,2.518586150955692271e-01
6.133111230411973924e-01,3.866887801139797798e-01
7.552934310942832630e-01,2.447066660749186162e-01
6.404696393791610154e-01,3.595304585933132846e-01
9.690175956237283561e-01,3.098250262366888941e-02
5.366487862352919969e-01,4.633511148212414166e-01
7.721008589373514752e-01,2.278992407970069356e-01
6.217410185383109855e-01,3.782590813894950443e-01
5.506913102316379760e-01,4.493087902205694095e-01
5.152879257045764883e-01,4.847119736938863555e-01
5.832225955748857604e-01,4.167773023662051379e-01
5.896683263463189384e-01,4.103317758009743521e-01
6.569488847891956640e-01,3.430510129529403263e-01
9.359341957344824436e-01,6.406570169248787527e-02
5.677373748519993768e-01,4.322625223753296386e-01
5.299441970674110269e-01,4.700559060592627292e-01
9.634833354723048027e-01,3.651676766927928336e-02
6.398767355782388755e-01,3.601233679445955960e-01
9.299661147348328161e-01,7.003398992530793232e-02
9.828896140989745733e-01,1.711049060153867901e-02
7.238067233301078707e-01,2.761933820319586452e-01
5.832682682948320263e-01,4.167318371739888727e-01
5.539174493762394347e-01,4.460826562831551878e-01
8.543514697253082879e-01,1.456486360761316823e-01
7.315054924318465934e-01,2.684946139076826999e-01
6.170423054826410514e-01,3.829575879612771017e-01
8.497101382195972885e-01,1.502899692474461424e-01
6.319037669235540999e-01,3.680961255123278986e-01
5.739632118832875829e-01,4.260368966032860305e-01
9.893726538733065290e-01,1.062745478189511608e-02
7.356283393083056232e-01,2.643717693776230226e-01
6.379991008498308025e-01,3.620010086993573628e-01
5.668540500395851112e-01,4.331460595911688083e-01
5.342104181101040572e-01,4.657894722553170275e-01
8.487684018253376372e-01,1.512314882626383250e-01
6.244606030318695655e-01,3.755392854819145088e-01
7.629636459996660403e-01,2.370364655339856075e-01
8.382166666629962126e-01,1.617834449438999567e-01
8.233773014916720978e-01,1.766225868886848738e-01
9.711499586619911639e-01,2.885015297201921555e-02
7.944167664675878537e-01,2.055831197287616707e-01
9.411874192393704375e-01,5.881269485681842740e-02
6.531003609682894950e-01,3.468997534082606804e-01
9.816383362884038011e-01,1.836177924206140039e-02
5.406037542199210177e-01,4.593961301750631998e-01
9.891692410467636254e-01,1.083087541170394894e-02
8.110231023593805766e-01,1.889770145563063886e-01
7.570385532539796181e-01,2.429613295215761193e-01
9.312970251429326662e-01,6.870309226814522163e-02
8.254677048946914564e-01,1.745321775388132268e-01
7.805943890866815504e-01,2.194057289064557381e-01
6.514111204730897997e-01,3.485889976791479716e-01
8.618866318618234601e-01,1.381132499693586702e-01
9.497550127192453395e-01,5.024510578851161535e-02
7.064217366634025774e-01,2.935781444698196130e-01
8.706369930579833660e-01,1.293631259300785374e-01
9.600631445523164498e-01,3.993697508516194650e-02
7.635139665572918677e-01,2.364861551748504154e-01
8.576350305659445894e-01,1.423650915930657346e-01
6.927735957646229403e-01,3.072265272314287921e-01
6.252540943145528107e-01,3.747457823262815291e-01
5.201876735190186229e-01,4.798124500067590947e-01
8.990901168868770110e-01,1.009100069961231527e-01
9.432232513732001777e-01,5.677687262820799163e-02
9.689941599547209350e-01,3.100571590472161326e-02
9.177439134911997698e-01,8.225596128340013913e-02
5.970806820639249501e-01,4.029194431654060105e-01
6.566737069711550134e-01,3.433264184766062210e-01
8.489909832493799380e-01,1.510088909581801808e-01
6.327259590616621798e-01,3.672739146801246579e-01
9.366578458573771027e-01,6.334228098080309233e-02
7.964007590904678136e-01,2.035991137371160331e-01
9.114494353272664107e-01,8.855043675318716168e-02
6.120284946756350264e-01,3.879713773603724603e-01
9.207956052098202893e-01,7.920426576799059759e-02
9.518151005112778229e-01,4.818502881252337278e-02
6.779310571500798410e-01,3.220690722056838151e-01
6.846761447039791948e-01,3.153237257692154683e-01
7.181470050838159036e-01,2.818528651071168789e-01
7.582053936366093261e-01,2.417944765232698245e-01
8.526364653167748386e-01,1.473634043676334826e-01
5.552876133228002997e-01,4.447122560826785587e-01
9.209801681006588581e-01,7.901996256142579389e-02
9.810450157825514328e-01,1.895511500371885316e-02
5.120782042035814108e-01,4.879219273585835848e-01
5.859162421498498308e-01,4.140838894703202655e-01
7.104632299283447638e-01,2.895369023887889304e-01
7.139242349374068652e-01,2.860756317818644590e-01
7.769196561602149664e-01,2.230804782653859342e-01
8.470651574748662149e-01,1.529349770489653593e-01
6.964117719870657197e-01,3.035880928424505298e-01
7.679266585121522493e-01,2.320734772847534710e-01
9.372937491596908810e-01,6.270638854424828712e-02
8.716691448171688394e-01,1.283309928869381111e-01
5.787140558517183120e-01,4.212860820647496563e-01
9.182416756166276173e-01,8.175846269975138580e-02
7.805757784875987371e-01,2.194243598715067967e-01
7.657361965365718781e-01,2.342639420844795095e-01
5.428611341081471808e-01,4.571390045896603360e-01
8.821646876913926683e-01,1.178351733385458455e-01
8.451234670204936794e-01,1.548766722343046520e-01
7.188126440428876940e-01,2.811874952574937025e-01
9.528021569361900811e-01,4.719770329493507000e-02
7.233144744201183141e-01,2.766853857533777550e-01
7.086442304103619527e-01,2.913559098203969966e-01
5.594211249438800770e-01,4.405790156794088808e-01
7.138048950282505078e-01,2.861952487492600561e-01
6.709219739951198802e-01,3.290778809920479331e-01
8.186567344721631390e-01,1.813431199807213623e-01
7.734855210491407007e-01,2.265146249555180791e-01
9.569578830376177514e-01,4.304226304448957596e-02
7.344820455353532340e-01,2.655178076250501729e-01
9.808307443840047490e-01,1.916910831759466652e-02
6.424226893510540659e-01,3.575771632604439754e-01
8.450628578450573025e-01,1.549372897281433570e-01
7.709219083896556857e-01,2.290779433699993151e-01
9.754954165493354701e-01,2.450443517361065165e-02
7.122151117510406859e-01,2.877850365325769211e-01
7.803726683099788675e-01,2.196274800843670827e-01
8.327155722099717217e-01,1.672842791443402977e-01
7.710419075715496673e-01,2.289579436028331416e-01
9.252649262495910021e-01,7.473522404176224931e-02
9.090556210246338864e-01,9.094453003894197030e-02
8.373797747827751436e-01,1.626203765512874433e-01
8.300824577014452865e-01,1.699173905298031473e-01
6.517438887088664590e-01,3.482559585796002888e-01
8.390760752743968709e-01,1.609240774731656720e-01
6.241771082533345005e-01,3.758227387106612971e-01
9.289557533340451201e-01,7.104439991020468359e-02
7.818402707182410261e-01,2.181595756166907762e-01
6.138185882070064103e-01,3.861815655190872776e-01
9.894101390398200024e-01,1.058970723360716688e-02
8.537790149456302435e-01,1.462208309916372684e-01
9.552053694740143541e-01,4.479447645628104047e-02
6.935583035041307243e-01,3.064418507205844966e-01
5.521274470591598371e-01,4.478723984696985627e-01
5.358991536286260571e-01,4.641010011742686681e-01
5.889254997474336895e-01,4.110743444589034512e-01
7.792397888137330142e-01,2.207603670644792682e-01
5.562978160846737685e-01,4.437023405204360005e-01
5.879118168555852453e-01,4.120880255533013181e-01
9.212312127707207310e-01,7.876862951900848175e-02
7.303077373086348523e-01,2.696921035455926430e-01
7.043633918884439904e-01,2.956367677322057075e-01
6.308578147238794731e-01,3.691420251140188902e-01
9.021457767197805788e-01,9.785406127942170018e-02
8.975590620707996070e-01,1.024407757185566981e-01
9.495054945136029989e-01,5.049434197483197023e-02
6.186240127980836556e-01,3.813758236277735025e-01
6.791641196213337173e-01,3.208357167664895315e-01
5.970516742963984935e-01,4.029484895301637115e-01
6.191286127949537921e-01,3.808712232228906869e-01
7.226034028905652384e-01,2.773964329009542262e-01
7.164482792911912590e-01,2.835515560027017656e-01
6.795861553904622987e-01,3.204140094494188906e-01
5.721219810030493402e-01,4.278781844052860772e-01
6.637026583799290336e-01,3.362975076092609150e-01
5.557543071555477443e-01,4.442458591364042420e-01
8.126530112705285802e-01,1.873471551648102362e-01
7.317055383455279838e-01,2.682946282121655979e-01
9.016709919540065732e-01,9.832917468919989690e-02
8.060151009436697933e-01,1.939847317796066228e-01
8.486624411951257940e-01,1.513377267811081561e-01
6.465663059453069517e-01,3.534338625823848501e-01
8.085638701259068029e-01,1.914359602419244966e-01
9.583562258010618340e-01,4.164360429613048892e-02
8.161541753816077271e-01,1.838456540147197227e-01
6.995130877365000055e-01,3.004870830717900065e-01
7.875041299677800755e-01,2.124960411275995109e-01
9.269147730307465416e-01,7.308539885972850647e-02
6.776612628687803674e-01,3.223389093799008953e-01
7.608426918208566203e-01,2.391571346594558445e-01
7.509893482562083333e-01,2.490104781506377873e-01
9.016560064541285779e-01,9.834416776327384313e-02
7.596637066899669666e-01,2.403361183510233923e-01
7.776771979278990221e-01,2.223229771443891722e-01
8.779882490580512844e-01,1.220115752521100383e-01
5.772092189446573762e-01,4.227909570001782136e-01
9.805396305629301423e-01,1.946019308206629536e-02
6.813862405791890620e-01,3.186135805264260767e-01
7.124718808299357331e-01,2.875279399700642613e-01
5.197421434598922252e-01,4.802580359121139120e-01
8.753963996915095080e-01,1.246034200525211189e-01
8.339978531038257925e-01,1.660023272038331776e-01
5.993202833142745600e-01,4.006795359694259595e-01
9.091427225915436061e-01,9.085745824236060586e-02
6.831503463873825899e-01,3.168498345833248853e-01
9.459903904257054297e-01,5.400979109881401397e-02
7.077410266399617456e-01,2.922591549303066305e-01
6.802049497311983828e-01,3.197952319180880076e-01
5.419152885607474435e-01,4.580845289465594328e-01
6.057106066982764769e-01,3.942892106615555337e-01
7.398545303156378594e-01,2.601452870237080384e-01
6.219915355203662344e-01,3.780086475824103176e-01
7.533315466389727266e-01,2.466686365072682796e-01
8.569202063226804000e-01,1.430796097809969303e-01
6.412088471217204377e-01,3.587909686977258650e-01
9.703617958421500989e-01,2.963801995937575748e-02
5.140683011858602214e-01,4.859318845482193949e-01
6.111813461439150608e-01,3.888188401712587283e-01
5.508075748441729758e-01,4.491922386205966511e-01
5.312181294662358111e-01,4.687820570951888866e-01
5.189771984786522019e-01,4.810226137132498914e-01
7.637955397826803328e-01,2.362046482529888414e-01
7.996609492129438390e-01,2.003388625276515400e-01
9.297888412727804974e-01,7.021134774649114008e-02
6.181237136105268704e-01,3.818760967903217507e-01
5.848221679929483940e-01,4.151780218376945886e-01
5.594029009142627018e-01,4.405972891020458193e-01
7.043797538676430658e-01,2.956200560587010084e-01
6.533035345612844269e-01,3.466962736021103053e-01
7.572381627907884827e-01,2.427620297814830630e-01
7.935911761697270750e-01,2.064086296734365944e-01
9.029550755517886662e-01,9.704511890278369468e-02
7.094982099574105305e-01,2.905015938622763083e-01
9.241661797408753376e-01,7.583362371376993483e-02
8.624704772089804017e-01,1.375293253049058861e-01
8.314371344802975461e-01,1.685630646531855736e-01
5.834863223878535843e-01,4.165138768132918834e-01
6.698826892639065944e-01,3.301171111797741031e-01
5.710865091911737634e-01,4.289132908528092147e-01
9.837302281718849351e-01,1.626957114240500449e-02
5.944625085888176619e-01,4.055376922214858348e-01
8.503834263272878058e-01,1.496167747060835607e-01
8.525130711370030312e-01,1.474871300128934304e-01
9.486189921752563592e-01,5.138120923982662791e-02
7.349562360708534747e-01,2.650435603641036475e-01
6.941630319956479944e-01,3.058371718602544975e-01
8.604829895776099358e-01,1.395168065634536103e-01
9.650375356048956910e-01,3.496266844868658324e-02
8.935433948359186029e-01,1.064568114960251083e-01
6.459996599450471555e-01,3.540005471227916645e-01
5.640372110708909981e-01,4.359629960012310068e-01
5.353067397375185221e-01,4.646930529024780876e-01
6.515856263890029698e-01,3.484145813390757129e-01
9.337912399160368526e-01,6.620896784213822772e-02
6.627051117961679783e-01,3.372950969963653400e-01
8.133691648481848890e-01,1.866306258377245786e-01
9.439059153600939389e-01,5.609429495580237762e-02
9.091230620456203226e-01,9.087714885092686157e-02
6.731607648122663878e-01,3.268390242597460915e-01
5.213818527706851613e-01,4.786179353360816568e-01
8.369087616232062654e-01,1.630910264550068933e-01
5.812215140483981690e-01,4.187786992860383917e-01
8.801959054206359712e-01,1.198038808832322111e-01
8.071445881853820392e-01,1.928556256416696646e-01
6.142480862286585630e-01,3.857521282690802855e-01
6.280839389427312902e-01,3.719158465089618670e-01
8.173683226239498723e-01,1.826318920107183053e-01
9.111532037115201987e-01,8.884657977561059850e-02
5.522467415800410562e-01,4.477534752204718194e-01
5.222220694846085864e-01,4.777781473626536712e-01
9.104339477919778378e-01,8.956627042473119804e-02
6.477274862142952117e-01,3.522727325750616423e-01
5.854502307381730386e-01,4.145499892522285235e-01
9.630597529831677051e-01,3.694046727590417217e-02
9.889600091530181825e-01,1.104021133519849686e-02
7.587225305646858597e-01,2.412772489338471937e-01
5.679146220740736162e-01,4.320851571885219733e-01
9.203361055030980786e-01,7.966367360603687775e-02
7.563529407398317250e-01,2.436468381273459993e-01
6.497424480801130553e-01,3.502573297541517472e-01
7.896890242386367387e-01,2.103111982414372916e-01
9.435059458381775954e-01,5.649427772774735790e-02
7.621337859750381138e-01,2.378659901637920349e-01
7.189365268779708273e-01,2.810632484127545405e-01
5.745787698457740511e-01,4.254210051384474944e-01
9.109499949089230331e-01,8.905023076944765248e-02
6.873465722091249841e-01,3.126532020752323393e-01
7.853496002938212817e-01,2.146501738032075279e-01
9.131170390977030316e-01,8.688273437461628557e-02
8.778266385787290016e-01,1.221731342748980237e-01
5.763730271851168485e-01,4.236267451736241418e-01
7.495431982316175246e-01,2.504565735472587540e-01
7.949737570626741467e-01,2.050264712770001885e-01
9.601694810076782938e-01,3.983028894357532046e-02
5.406924865182460849e-01,4.593077443057335674e-01
9.878096118518442381e-01,1.219015677468766358e-02
9.614293994425615608e-01,3.857036893122346016e-02
5.669877536696193987e-01,4.330124784679618699e-01
7.840024979347544054e-01,2.159972695080068783e-01
9.377250354047261816e-01,6.227519816626955057e-02
5.689799513126961861e-01,4.310198150761219704e-01
9.315669331306806189e-01,6.843330084765653076e-02
5.574037052364732014e-01,4.425965288475985360e-01
9.304789866314527869e-01,6.952124753668695312e-02
8.243353899876570967e-01,1.756643754742235886e-01
8.623971579938615184e-01,1.376030769265019493e-01
8.169186858840775667e-01,1.830815491551001650e-01
7.587839924497679078e-01,2.412162428916966028e-01
7.428952785658741176e-01,2.571049574054213860e-01
8.252565600196594131e-01,1.747432034887171082e-01
7.569035373810680811e-01,2.430966992860293663e-01
6.332623320492037911e-01,3.667379047347516519e-01
9.799377011919930824e-01,2.006253724749871084e-02
7.514712668597571810e-01,2.485284946426753738e-01
6.864956959311752094e-01,3.135040654654023262e-01
7.775043099558576198e-01,2.224954509700567684e-01
7.116894326600710086e-01,2.883103274830324803e-01
5.745269305403158944e-01,4.254728289846247402e-01
6.875462453320633216e-01,3.124539954789513629e-01
9.854214524741840009e-01,1.457830632683041437e-02
8.786920407149970691e-01,1.213077180560751672e-01
5.031034711002762005e-01,4.968967708587090915e-01
7.563813137894304095e-01,2.436184431306705200e-01
8.126790418476942390e-01,1.873207146067253637e-01
9.399239526812103174e-01,6.007580291976174353e-02
7.135017267709962141e-01,2.864980287153761629e-01
9.858668205453826605e-01,1.413342417701281273e-02
5.288530515828985257e-01,4.711467035059493380e-01
6.725970682351818386e-01,3.274031769226500299e-01
6.353459564647443436e-01,3.646537980839354987e-01
8.017567128464643256e-01,1.982430410706140511e-01
5.732030905726841485e-01,4.267971556387573639e-01
7.110430052873888407e-01,2.889572419014396210e-01
6.565160283540716346e-01,3.434837233333463691e-01
9.203767752430158655e-01,7.962297616965295644e-02
9.653202423508697727e-01,3.468000639799890400e-02
9.228680600970218251e-01,7.713169043333899244e-02
7.045182757687333819e-01,2.954819737723770046e-01
6.827568803284934651e-01,3.172433697346528358e-01
8.207690918043749617e-01,1.792311591049477182e-01
9.479832285533440484e-01,5.201652018342196176e-02
9.632451100006409472e-01,3.675463867829852765e-02
7.941776636906994202e-01,2.058220849576700706e-01
9.432837312927624396e-01,5.671652048641876581e-02
7.069336947077027311e-01,2.930665574924981587e-01
8.430193297026093990e-01,1.569804178587356491e-01
7.123496740475667721e-01,2.876500723783556035e-01
6.884152617023653331e-01,3.115844830479449490e-01
9.323739825711557794e-01,6.762627297483393696e-02
7.797675325726962647e-01,2.202322117971557969e-01
7.735587464540634173e-01,2.264415092617847458e-01
9.880982667008989528e-01,1.190198930098559406e-02
9.680344602786887798e-01,3.196579578779588232e-02
9.297136869817799187e-01,7.028656912999489692e-02
9.608808088975832051e-01,3.911944726442787706e-02
7.715979504176715409e-01,2.284017931394103362e-01
8.647217747193947091e-01,1.352784818903238762e-01
8.107849095539656492e-01,1.892153479443669239e-01
8.234034628595752192e-01,1.765962787014042912e-01
6.696357816963816045e-01,3.303644769540378112e-01
6.227314890584642049e-01,3.772682522715469222e-01
8.004071900203924006e-01,1.995930687874204745e-01
7.228270622807994039e-01,2.771726788133980213e-01
6.336129043645917225e-01,3.663873552363128283e-01
9.580190455274808503e-01,4.198069467664911764e-02
9.005678131886880600e-01,9.943192701070165118e-02
7.062053539211406994e-01,2.937943850746929653e-01
5.297504857282288038e-01,4.702492530722068853e-01
7.477048913634104510e-01,2.522948471494055322e-01
9.274316533831528098e-01,7.256860951909620272e-02
9.844372119126174603e-01,1.556252487881357345e-02
8.285428584617462455e-01,1.714574052048724873e-01
6.851813557658192888e-01,3.148183805249837874e-01
7.665727002817013247e-01,2.334275636436345669e-01
7.150847594653413353e-01,2.849155058953648512e-01
5.711660006977582471e-01,4.288342649750056523e-01
8.324735241893657101e-01,1.675262097805552963e-01
5.789646678595918861e-01,4.210355986894629976e-01
8.756064213085886783e-01,1.243938467371894230e-01
5.976229136573553147e-01,4.023768182422081674e-01
9.372072744650630227e-01,6.279245673655861615e-02
7.230179165043494338e-01,2.769818142764652324e-01
8.914923264006617831e-01,1.085079430918662047e-01
6.442368954706683137e-01,3.557633742737428273e-01
5.183847554294400695e-01,4.816155147707625317e-01
8.737295166869456509e-01,1.262702126509964995e-01
8.272632753312958442e-01,1.727364531952316762e-01
7.074280536375103789e-01,2.925716737255600330e-01
5.883398608181475975e-01,4.116604120787281107e-01
8.982571482902959037e-01,1.017425785843758534e-01
8.118950796984898410e-01,1.881051956263209701e-01
5.434121215646406933e-01,4.565881540415269169e-01
5.296214744174403410e-01,4.703782493946337961e-01
5.563190956645227558e-01,4.436806270243541239e-01
9.549213993852789795e-01,4.507887836692221761e-02
8.592269165475252546e-01,1.407728052507774830e-01
6.944934250308187895e-01,3.055068536674264146e-01
9.519860494363114878e-01,4.801367173965685048e-02
5.434308858701802913e-01,4.565688348381123918e-01
8.742291731891453921e-01,1.257711063758632786e-01
7.626495279415306250e-01,2.373501923433190275e-01
7.686075349297663006e-01,2.313921851943565033e-01
8.800816422674002659e-01,1.199186376366263990e-01
6.061686500409603218e-01,3.938310697871337807e-01
8.515015821122982054e-01,1.484986980911623122e-01
9.795474079887058760e-01,2.045231026708123692e-02
6.040269075661512943e-01,3.959733742953890911e-01
5.926009689694012872e-01,4.073987488862614303e-01
6.524793793192669167e-01,3.475209028925240751e-01
7.125419852025282053e-01,2.874577324402548539e-01
9.863672564230968609e-01,1.363302609701096298e-02
9.709245996694799707e-01,2.907511759966832296e-02
9.096948286435040387e-01,9.030488848034405602e-02
5.488825310705640614e-01,4.511171858419358305e-01
5.696263408338008150e-01,4.303733753995963029e-01
6.483204205935829689e-01,3.516792951481527707e-01
9.579017480698108766e-01,4.209796721840640410e-02
7.489446243676022297e-01,2.510550898663326813e-01
8.950977065355600892e-01,1.049025794809462231e-01
9.054040167007622042e-01,9.459626937729198604e-02
8.561661961310377267e-01,1.438340907549411074e-01
6.681299005216562170e-01,3.318698123238956743e-01
8.140858396064776237e-01,1.859138725248764834e-01
9.812809336133887506e-01,1.871935475735161253e-02
6.569831120778633071e-01,3.430165992518150464e-01
6.586930187776109946e-01,3.413072705135884455e-01
7.448614992736773965e-01,2.551387906108761316e-01
8.193895388985521500e-01,1.806101702508946527e-01
9.363908584362143905e-01,6.360943266774524152e-02
5.720576234283206718e-01,4.279420849180754494e-01
8.226607579255134084e-01,1.773389503663727607e-01
6.699979058846008417e-01,3.300018021121587375e-01
6.763674503020442597e-01,3.236322575506999089e-01
8.000669598353840062e-01,1.999333324984660654e-01
8.949589200096151886e-01,1.050413725846712915e-01
6.174767198827803005e-01,3.825229863295785959e-01
5.505643611861777975e-01,4.494353444953523291e-01
6.707886794972951483e-01,3.292110259427507568e-01
7.438104395775966271e-01,2.561892656481442043e-01
5.919853561598973357e-01,4.080149393619906251e-01
6.847477508628326826e-01,3.152525447209235110e-01
7.465221922570464130e-01,2.534775115459800277e-01
9.272857132024647786e-01,7.271458336525160604e-02
9.677271052303730858e-01,3.227319255770565165e-02
5.825545527410131985e-01,4.174457450567494732e-01
7.423004891784795722e-01,2.576998096307351327e-01
7.295919445589681418e-01,2.704077565238537928e-01
6.926557783474452945e-01,3.073445208874157619e-01
7.304188434471635682e-01,2.695814564492591270e-01
8.895911884245606416e-01,1.104091128882199180e-01
9.067163134136435598e-01,9.328398862381243051e-02
7.013111220561148995e-01,2.986891802218474834e-01
6.621960209750301640e-01,3.378036762516682390e-01
5.721974471014115160e-01,4.278022499904131082e-01
5.965723223421783850e-01,4.034273745951219570e-01
7.375730500804598133e-01,2.624272537820565576e-01
5.505058060588651214e-01,4.494944981748470458e-01
7.825810148519692921e-01,2.174186801190611251e-01
5.640290479588592198e-01,4.359706467747122005e-01
7.002932089488880241e-01,2.997070963256309728e-01
6.297586785205708804e-01,3.702410156353019843e-01
6.776833385702999424e-01,3.223169680287421013e-01
9.283079017615034623e-01,7.169179152383491072e-02
6.211250082003384465e-01,3.788746842052635455e-01
8.851140944544017009e-01,1.148862135742842044e-01
6.076623752427696701e-01,3.923373166864808637e-01
8.416137293194146940e-01,1.583859625837312213e-01
6.395033303560873073e-01,3.604963602495101505e-01
6.042627500768130711e-01,3.957375595540572610e-01
7.849284343228981609e-01,2.150718758079869508e-01
7.932318222689127563e-01,2.067684881219443715e-01
9.827102002916608958e-01,1.728948886324476950e-02
8.203561005954413954e-01,1.796442104817487784e-01
6.316615519002861667e-01,3.683381368675378575e-01
8.224093652778301511e-01,1.775909459724869521e-01
5.664715615422585282e-01,4.335281271821787019e-01
9.713791205982152954e-01,2.862119072845809714e-02
8.870322324096306943e-01,1.129674559831622405e-01
7.704840432706847597e-01,2.295156450710207907e-01
9.365034701934904504e-01,6.349621802721019947e-02
5.103037488026996860e-01,4.896959388723922668e-01
8.676494576654680824e-01,1.323508552026289031e-01
9.863387111608958868e-01,1.366097596700279262e-02
5.947103707316203636e-01,4.052899427797225784e-01
9.503318919017373911e-01,4.966842167273152059e-02
8.732862748446992285e-01,1.267140395466891389e-01
7.489198874760014668e-01,2.510804269631385366e-01
6.568953272676907318e-01,3.431049878697913780e-01
5.138687114505191555e-01,4.861309732828517083e-01
5.391702511878062598e-01,4.608294335199016878e-01
6.323405603205856096e-01,3.676597553411443675e-01
9.313254066931804243e-01,6.867490942692562605e-02
9.053085948684385098e-01,9.469108895348504751e-02
5.076745388808040493e-01,4.923257773437920148e-01
5.627685213078298387e-01,4.372296518716969338e-01
6.671883656228301263e-01,3.328198604111713976e-01
7.861048289143441892e-01,2.138974643811701049e-01
9.001951035815538571e-01,9.980148691993374899e-02
7.026398203829045119e-01,2.973522669686076703e-01
8.701215492071474600e-01,1.299050426441267225e-01
6.526706659800650678e-01,3.473305973317752371e-01
8.137792641822598760e-01,1.862545081705678229e-01
6.648245788123592348e-01,3.351709683323899069e-01
9.013417369082252772e-01,9.865745033818230925e-02
6.141765571235349164e-01,3.858111213832650654e-01
8.627767928622112059e-01,1.372567333833137337e-01
5.876312183795295851e-01,4.123903561460579015e-01
9.499795549822078744e-01,5.004846427600902897e-02
6.836120710987713123e-01,3.163772566395377517e-01
9.374478544553459525e-01,6.256722779064617657e-02
8.057468501104393388e-01,1.942637497740413721e-01
6.805414979074971837e-01,3.194833461960708276e-01
9.230910355777268705e-01,7.692681462582706686e-02
6.212486655395526025e-01,3.787546019612288983e-01
9.659032086591725630e-01,3.412668756407204879e-02
9.743807680597009746e-01,2.565077089930618143e-02
7.724958869472243750e-01,2.275328570304715747e-01
7.293823094815728991e-01,2.706094068367415062e-01
6.576056692135817672e-01,3.424120966825184298e-01
8.583350945636640805e-01,1.416704925921270786e-01
5.905855566400745049e-01,4.094328876711953447e-01
9.551277328835194869e-01,4.489666628767364359e-02
9.205620479775907805e-01,7.946962728073564408e-02
8.325850808751915633e-01,1.674222050864686284e-01
6.859139321407179413e-01,3.141112925903560282e-01
6.757109159305401125e-01,3.242943487967190896e-01
9.373198148093846438e-01,6.269726539533224119e-02
9.297744604632631749e-01,7.025239194500627893e-02
7.161458531575806141e-01,2.838576193409596549e-01
7.285871499996021683e-01,2.714265180210626016e-01
5.228187578665345336e-01,4.771865354573004425e-01
9.502603379734065880e-01,4.974554821295767287e-02
8.706761992697285013e-01,1.293208153997184029e-01
8.031770699517712941e-01,1.968510393721062679e-01
8.271477466507717313e-01,1.728719479653961499e-01
5.931906759430621845e-01,4.067920058362031743e-01
9.465632767262234237e-01,5.346131867164705120e-02
6.165068833439700802e-01,3.835114902348454868e-01
9.359869312226603011e-01,6.402336901756662535e-02
8.930665627425145026e-01,1.069641824367148497e-01
6.223155986326067701e-01,3.776920903512979155e-01
8.762080250820252214e-01,1.238121178230385533e-01
5.236613408006541848e-01,4.763529525140189902e-01
6.517907379711826987e-01,3.482178290746364979e-01
8.184158291708334421e-01,1.815852294537963207e-01
6.225870281149686880e-01,3.774006754957099918e-01
6.424528229052617334e-01,3.575472517027745156e-01
9.006614394157329562e-01,9.934821172460317484e-02
6.791231469886791494e-01,3.208702826167411648e-01
5.534713502901515980e-01,4.465185076072395454e-01
8.856317369363172487e-01,1.144031808759255198e-01
9.505815905753141060e-01,4.942305096876404430e-02
7.725073143434512124e-01,2.275130202077009500e-01
7.135043126055508056e-01,2.865222330870283995e-01
6.690710431150831417e-01,3.309521047893974055e-01
8.338591092352576339e-01,1.661375144839710993e-01
9.364882648492992567e-01,6.355087050116094149e-02
9.182557910233772880e-01,8.176024939194904972e-02
7.283980666211236077e-01,2.716116270807668598e-01
8.250908807186303484e-01,1.749324823845105070e-01
7.202521641926173945e-01,2.797446893869738327e-01
5.036340587633264532e-01,4.963649616125038744e-01
7.575224323224347689e-01,2.424772710748833437e-01
8.618480254457711043e-01,1.381586918446297274e-01
7.130885464728591305e-01,2.869064843098670381e-01
7.643906484959374081e-01,2.356404492053486011e-01
5.152571775938429299e-01,4.847456219704672220e-01
9.152897959208190493e-01,8.473942915265614273e-02
8.850654097023440414e-01,1.149534949265787337e-01
7.765359408590601920e-01,2.234565191684650121e-01
9.414855255609269058e-01,5.853607879173641781e-02
8.511319678749093010e-01,1.489042743006997460e-01
5.642186248361138468e-01,4.357913807196706069e-01
5.735615561386946393e-01,4.264495544719023590e-01
8.310445324517898857e-01,1.689822121592202964e-01
7.072906463973887004e-01,2.927388289758390827e-01
7.682794617191008868e-01,2.317401988376740496e-01
7.468098900663530104e-01,2.532058724452321830e-01
7.945387458279943305e-01,2.054584485373224245e-01
6.370106306459201173e-01,3.629792948537091668e-01
7.999888595627935306e-01,2.000145802928189609e-01
8.406139348616664675e-01,1.594149574555887017e-01
6.114018832443564033e-01,3.886228694608649947e-01
6.443547978223291839e-01,3.556600151317594882e-01
9.577105645976999870e-01,4.231553363377772714e-02
8.757247608004672390e-01,1.242960882515678350e-01
5.035437523327240816e-01,4.964722978523271602e-01
8.512439053912412845e-01,1.487639170907514852e-01
7.579587592612222480e-01,2.420656422463914048e-01
5.332567280242178631e-01,4.667651259651132700e-01
9.476816363549280808e-01,5.232666055443881137e-02
8.833583271904210665e-01,1.166762833922920795e-01
5.624070903174310798e-01,4.375824866140370362e-01
6.631399652536412725e-01,3.368704999353824281e-01
5.033849054034931214e-01,4.966005929657732465e-01
9.096291999167327447e-01,9.037682821059658811e-02
7.386491597708849666e-01,2.613415651284315966e-01
9.590988793932603285e-01,4.092743189565734713e-02
8.479327041059978587e-01,1.520693323322275525e-01
7.312161524126531420e-01,2.688049422555190415e-01
7.338384018577711609e-01,2.661625141614725742e-01
5.337700213877740740e-01,4.662181712258702815e-01
6.865683051991409158e-01,3.134597141290042521e-01
8.993897887309427741e-01,1.006428112529707541e-01
6.381117989458247042e-01,3.618855039994158251e-01
7.842615782971723570e-01,2.157540915769602941e-01
7.743937628047949939e-01,2.256097069135272470e-01
5.797001063202389393e-01,4.202856333892608376e-01
7.749474944734422444e-01,2.250631807334148027e-01
8.770244762060943611e-01,1.229835317248267751e-01
8.645873413868684354e-01,1.354486003469657363e-01
5.345420141824661631e-01,4.654631366333946141e-01
7.897423622290757894e-01,2.102810815908520981e-01
7.644888492954911019e-01,2.355160602234526723e-01
6.782986104905859293e-01,3.217271202956392129e-01
5.846890128714200552e-01,4.153127327547423975e-01
6.565954437485432837e-01,3.434262683903568925e-01
7.416092689779677505e-01,2.584061776238074093e-01
6.928298749028585224e-01,3.071853138914748538e-01
8.147686639218953975e-01,1.852332632722093753e-01
6.788160413220408751e-01,3.212081325618380556e-01
7.353196547597190547e-01,2.646865997684522687e-01
6.835498086846679699e-01,3.164386443607872246e-01
5.414598563334546144e-01,4.585274858081530569e-01
6.538092189173221325e-01,3.462062970764138714e-01
5.915275599839251441e-01,4.084617782769170979e-01
6.398409171801862083e-01,3.601707118410505393e-01
6.335461525646786107e-01,3.664723863243994351e-01
5.421254450331900454e-01,4.578684564209439256e-01
7.390059258174467294e-01,2.610139280852139532e-01
6.996004543491992633e-01,3.003974576625685899e-01
5.094591720709525928e-01,4.905386783395407346e-01
5.891738153062802130e-01,4.108303144217743119e-01
8.007016720881763305e-01,1.993255888421273103e-01
8.843869022543620062e-01,1.156206164015180365e-01
5.740009351512698199e-01,4.260236932007114841e-01
5.944154957807799011e-01,4.055889095423793056e-01
9.887969326227299405e-01,1.122515755934431689e-02
9.769928420078906051e-01,2.301413155233378999e-02
5.410541336178343874e-01,4.589351741672296758e-01
8.507422227793191016e-01,1.492792915856223090e-01
9.657274337478942705e-01,3.430272411259446125e-02
6.784302185598679591e-01,3.215905393974144433e-01
8.086140044144196626e-01,1.914010907773709136e-01
6.556903096078240401e-01,3.443048807898201336e-01
6.317958034289404834e-01,3.681947865547110510e-01
9.851182882127968998e-01,1.488674001869363765e-02
6.845699135568584781e-01,3.154326068179398868e-01
7.066046501443469241e-01,2.934187690261525483e-01
6.541749402072231101e-01,3.458405042387173167e-01
6.723869772306356740e-01,3.276056366517607343e-01
7.626346186783862224e-01,2.373796531797256470e-01
6.553764822405236945e-01,3.446350356514482627e-01
8.985001457273291692e-01,1.015036005966213489e-01
5.502357109664095525e-01,4.497862854868440730e-01
9.481875692912518083e-01,5.182730495065680093e-02
6.893225285329339647e-01,3.106730210225956967e-01
7.529604560563569748e-01,2.470438764351404470e-01
7.562734030684643560e-01,2.437459912263474915e-01
5.196714846859068482e-01,4.803445195635829279e-01
8.061068731173832713e-01,1.939153284042045011e-01
6.291989699939778413e-01,3.708131246517409330e-01
7.050684577503273376e-01,2.949244114011774776e-01
8.160699455355824306e-01,1.839259543984165801e-01
5.479403970242934241e-01,4.520589475039150096e-01
6.194881008511345932e-01,3.805203688131533757e-01
5.272169324951239133e-01,4.727741698723327279e-01
9.727210593049668841e-01,2.731746815890965727e-02
8.586910636484540449e-01,1.413295269720709346e-01
8.824046491157848671e-01,1.176312103510065848e-01
6.722848317037761756e-01,3.277083977267404302e-01
7.102548540303689206e-01,2.897688008540372229e-01
8.408203636608291287e-01,1.591915531377114668e-01
6.061366592453933944e-01,3.938656208980155227e-01
7.513845805989705084e-01,2.486357485522564248e-01
7.137108166074677129e-01,2.863059660446918286e-01
5.664215522071461839e-01,4.335675885667997220e-01
5.649019677510840332e-01,4.350931321701035359e-01
5.806202079239388691e-01,4.194001180957624419e-01
5.672123264474523419e-01,4.328033684789260871e-01
7.767668428826471905e-01,2.232240621119145063e-01
9.729090562438844625e-01,2.711547505958000412e-02
7.248841794184902598e-01,2.751236256450184103e-01
9.802826567380887868e-01,1.971979683100714975e-02
6.950056730906555291e-01,3.049929492377300155e-01
8.971768616525798157e-01,1.028606961304306955e-01
7.606650455096002350e-01,2.393552151746198009e-01
6.860068896110778081e-01,3.140080882145294128e-01
8.649733329850138874e-01,1.350490985014190237e-01
8.352150450337700871e-01,1.647789618640581044e-01
8.254652127497875691e-01,1.745610302969751726e-01
6.971372122275945049e-01,3.028747442758866204e-01
5.804372458529412082e-01,4.195460635113530401e-01
6.342356281048894262e-01,3.657890781599367203e-01
8.696005710523135868e-01,1.304293833207105513e-01
8.970569653876795391e-01,1.029395531426212790e-01
6.779205243610273435e-01,3.220986284143411704e-01
7.444859584084683179e-01,2.555411380191089377e-01
9.487811766720892770e-01,5.122912539519977604e-02
6.424333101559424053e-01,3.575663471957054584e-01
6.023091195495408057e-01,3.976980527088098682e-01
8.328914829806717268e-01,1.671404933746708232e-01
6.952210597186627705e-01,3.047670657278150341e-01
6.469498686071799565e-01,3.530541643729647183e-01
7.967365536762488487e-01,2.032792247004278630e-01
5.586587608715524178e-01,4.413295249533866760e-01
7.265496754683383740e-01,2.734539479959944286e-01
9.138055299955426536e-01,8.622065334363833433e-02
6.291236977709058209e-01,3.708919954395246132e-01
9.342138120203198337e-01,6.582116384860962899e-02
5.896073872636015123e-01,4.103966281808621996e-01
8.499304863809133970e-01,1.500796193950611757e-01
9.656083570680528139e-01,3.442620009545827031e-02
7.767975632041440592e-01,2.231963017011047434e-01
7.482965173484950050e-01,2.517263986415325672e-01
6.008323291215854622e-01,3.991658694692046261e-01
9.638158871710090780e-01,3.622510864607531716e-02
7.415288640813328946e-01,2.584832891656805853e-01
5.426008042606711435e-01,4.574095656301555568e-01
5.334164997150676601e-01,4.665866205434364700e-01
7.406062445431279562e-01,2.594148256807377040e-01
5.888645093471697178e-01,4.111502225495753948e-01
5.057404220008416829e-01,4.942742784667311096e-01
9.158949174726409570e-01,8.410767440278198170e-02
6.261653837789835642e-01,3.738479354765549267e-01
6.969283635567241619e-01,3.030614405970726288e-01
7.265995668045249767e-01,2.734153449875757480e-01
7.272882033313243788e-01,2.727036833032869256e-01
8.857057906562002536e-01,1.143215583900123872e-01
5.566809644209635977e-01,4.433107509218044973e-01
6.083199567114535578e-01,3.916656382474481557e-01
6.949329477474939232e-01,3.050874940328227036e-01
9.827908971865062515e-01,1.721087626978106550e-02
9.704692530219719560e-01,2.953699006780469496e-02
9.559205582004370871e-01,4.411794648208689634e-02
9.056175927633850486e-01,9.440954307287806324e-02
5.381432737836817637e-01,4.618423666819380102e-01
9.273974601344192603e-01,7.262907760315409633e-02
9.343588365872033119e-01,6.566884677217395272e-02
7.228077995200352657e-01,2.771950570221712318e-01
9.668762702376421103e-01,3.315963639302808158e-02
6.485061552313702293e-01,3.515169382991673586e-01
5.436940797849347806e-01,4.563096273802036418e-01
8.393967610218391329e-01,1.606232035990206863e-01
5.264965689044350805e-01,4.734972608806595762e-01
6.363724389019275174e-01,3.636323944770615824e-01
6.080146359080063068e-01,3.919959279628383308e-01
5.083875286672357996e-01,4.916285312372638550e-01
7.882315328345647076e-01,2.117979228734647168e-01
6.413854679200515774e-01,3.586017560502954282e-01
6.112361497881908523e-01,3.887592808523361865e-01
9.547177765433519925e-01,4.531581674608976124e-02
9.767415872646325603e-01,2.327522438506423111e-02
6.708103505774716258e-01,3.291890345881972046e-01
6.582848475418265899e-01,3.417305562945978092e-01
7.467399864768623496e-01,2.532575020338714289e-01
9.196089983449837746e-01,8.039010088456048642e-02
5.210752784922140224e-01,4.789317992861569229e-01
6.472159246917136288e-01,3.527750629816113759e-01
5.354419140084858419e-01,4.645641891242144328e-01
6.059066446058036792e-01,3.940988559171761940e-01
9.247796679311388601e-01,7.521926585062814474e-02
8.712055974977420680e-01,1.288276753287704857e-01
6.597938034362283988e-01,3.402192002354342271e-01
5.440632436931575056e-01,4.559288171721349037e-01
7.238505163713868651e-01,2.761394806143383507e-01
8.755758373154920449e-01,1.244282651161524311e-01
6.170640668537681339e-01,3.829282754592588378e-01
5.458030928063098974e-01,4.542068301761820748e-01
9.069135422148948411e-01,9.312481255434468252e-02
5.053225229523043982e-01,4.946601372004843511e-01
6.816552909412250116e-01,3.183384464007721348e-01
6.746535655680496735e-01,3.253406078936406098e-01
6.680457545190773283e-01,3.319537710444142586e-01
9.253826783032730319e-01,7.463105097502251151e-02
8.594927964269385434e-01,1.405261545493496911e-01
5.618181716127261804e-01,4.381817575282024313e-01
6.099660538859319470e-01,3.900228255509883835e-01
6.064649567724216261e-01,3.935284644266546783e-01
7.059099444593370798e-01,2.940882207512848789e-01
9.185459731624393553e-01,8.148301664600328398e-02
7.479505234209711251e-01,2.520549244901864605e-01
8.349048714841067476e-01,1.651093962809999649e-01
6.804673228776797478e-01,3.195385183026144826e-01
8.148359335147328242e-01,1.851722462526390611e-01
8.735350422941239312e-01,1.264711063614856745e-01
6.943193961226565847e-01,3.056759144677446693e-01
8.023369980980940008e-01,1.976893496066050027e-01
5.905969821030874201e-01,4.093855485182342768e-01
8.743691153325081622e-01,1.256321680435809884e-01
8.751089049051559154e-01,1.248987053941311570e-01
6.540159656231036012e-01,3.460063088077879878e-01
7.627355145543364134e-01,2.372595998897406022e-01
9.075914081821367940e-01,9.243844041036376746e-02
5.382861972471162382e-01,4.617288409590762921e-01
6.417203488845897308e-01,3.582931365225035525e-01
9.233115711428852013e-01,7.669452673778273666e-02
8.116337623660538902e-01,1.883765924902462696e-01
6.864468212069652076e-01,3.135665127169312560e-01
7.697577151199278545e-01,2.302431997378261153e-01
9.854340492232640525e-01,1.459500263498830254e-02
8.967330986411155003e-01,1.032868652524264463e-01
8.904538714152561152e-01,1.095593419541436575e-01
8.062997068742409068e-01,1.937260510449973772e-01
9.831882585573961109e-01,1.681123553055064584e-02
5.569975859128812878e-01,4.430159947758685601e-01
7.816075346888903264e-01,2.183859820226800863e-01
8.620556917868225089e-01,1.379768795287863725e-01
5.155124313543282266e-01,4.844835019635480022e-01
8.523810300675691565e-01,1.476526261556369013e-01
8.177861794019992692e-01,1.822335612758763657e-01
8.005582031160176637e-01,1.994415389244916237e-01
6.895702779006562810e-01,3.104507539775330227e-01
5.890817250836970498e-01,4.109160048980591839e-01
8.801852450314883169e-01,1.198385498249606024e-01
9.075646816647331416e-01,9.245868282856205267e-02
5.192059156402712983e-01,4.807817791234040850e-01
7.939074868677359342e-01,2.060932786740895806e-01
5.200352285962696053e-01,4.799738714245517235e-01
6.099209105162481936e-01,3.900869501404429229e-01
5.538544049583448148e-01,4.461490508216844342e-01
7.277599416670251786e-01,2.722708697330463168e-01
7.758497946341047502e-01,2.241560206914124942e-01
7.637916472939130230e-01,2.362005171564901529e-01
7.335720475661914319e-01,2.664217599691319216e-01
6.098745266008941401e-01,3.901339764951778366e-01
7.259441593331531495e-01,2.740612150306367401e-01
5.201416329406581829e-01,4.798493542635035580e-01
5.086258978279143417e-01,4.913824247711894300e-01
9.470839507588939554e-01,5.293600353510569123e-02
9.395992922149110083e-01,6.040095128902216864e-02
8.827536459087771403e-01,1.172468534236635052e-01
6.918290628127987674e-01,3.081936950779687323e-01
9.469758990408876365e-01,5.305396323053450380e-02
9.634985406942766506e-01,3.650247818753662998e-02
8.848401328187249781e-01,1.151884438355875728e-01
8.620933823213641212e-01,1.379054996264247046e-01
8.657415946165242238e-01,1.342641661310430556e-01
8.380800816759745864e-01,1.619276308163559164e-01
9.738069102408097866e-01,2.620633437720271131e-02
9.750842299497646248e-01,2.491907680994961266e-02
9.320652083893445905e-01,6.793977095733591542e-02
9.537785008595820457e-01,4.622254364073798832e-02
6.017487581815946784e-01,3.982411440575560624e-01
7.577167791035821498e-01,2.422738232414113901e-01
7.509172472133819332e-01,2.491092120944132238e-01
8.150957228953334965e-01,1.849224158887269320e-01
6.212209269369159959e-01,3.787733461895474996e-01
6.689239030248903539e-01,3.310716295757784033e-01
6.662732392380605884e-01,3.337437961918975349e-01
6.959199957792494562e-01,3.040747891867420782e-01
7.626764661969672732e-01,2.373489668424068055e-01
9.731023515263749202e-01,2.690957054059080894e-02
5.714590007416090467e-01,4.285621485995133595e-01
5.533402567059113597e-01,4.466486804588287174e-01
6.194088456856243763e-01,3.805821736260303623e-01
7.687917331879176031e-01,2.312136186532443849e-01
7.651589722069696009e-01,2.348506840800589635e-01
9.297864981663329642e-01,7.025129472398550234e-02
7.862946919135442858e-01,2.137311211786283027e-01
7.401426799882885321e-01,2.598821614354315801e-01
9.028315968850767481e-01,9.719860080577495676e-02
7.435818578606065987e-01,2.564350214420496044e-01
9.588908143126632089e-01,4.113052533273177380e-02
5.225444587032311849e-01,4.774571738292959222e-01
6.164659722269059117e-01,3.835290842101753417e-01
8.305180062393534568e-01,1.694858550863039826e-01
8.556959493129538963e-01,1.443242965092665919e-01
7.754008292575924610e-01,2.246210386013614557e-01
6.039135872742308342e-01,3.961111762339393216e-01
6.716352890195738112e-01,3.283854917343000945e-01
7.132539060767211225e-01,2.867686957995142505e-01
6.063075197296732277e-01,3.936834304872756096e-01
8.021807149650903579e-01,1.978112802398443171e-01
5.318893411139969940e-01,4.681239847293656164e-01
8.875275421194417369e-01,1.125034106043209942e-01
6.068184359629645863e-01,3.931861225550595251e-01
5.821449572629910918e-01,4.178544015772722720e-01
9.685604484961631844e-01,3.145356969738311026e-02
8.663008895558048650e-01,1.337085222817564201e-01
7.331790780029183718e-01,2.668433741279976901e-01
8.867092411316105371e-01,1.133166846013028278e-01
5.746792321891087685e-01,4.253177531413193102e-01
6.619141147603532227e-01,3.381003996666003264e-01
6.669209970238285656e-01,3.330728232612060191e-01
5.346841713860704948e-01,4.653142524631151411e-01
5.335746989675512753e-01,4.664248595928469077e-01
5.421473630347991568e-01,4.578508632099570486e-01
8.045577035495761198e-01,1.954554909895007964e-01
6.181249882991908251e-01,3.818947011851426820e-01
8.116723956443143706e-01,1.883419332762058251e-01
6.227408113990530181e-01,3.772629304552689855e-01
7.924173547745648749e-01,2.075858107156987598e-01
7.459328593572734922e-01,2.540785759407171995e-01
7.517317531074175774e-01,2.482710521003123616e-01
8.023991769320644174e-01,1.976203622494998036e-01
7.348767357113374921e-01,2.651277105883811380e-01
7.897366131886909280e-01,2.102906035019632136e-01
7.601198138629512435e-01,2.398751070025923471e-01
8.477562700762812931e-01,1.522385931563693118e-01
6.676401300483234547e-01,3.323604216460440686e-01
6.274037193703193571e-01,3.726217510377902165e-01
6.299989626659648900e-01,3.699954142887300068e-01
5.732672749905547427e-01,4.267395053030948460e-01
6.105560144388467725e-01,3.894376766613697471e-01
8.125246019949818876e-01,1.875035001406540891e-01
6.929500482384961524e-01,3.070497368592103871e-01
8.927307295628439388e-01,1.073051107103633051e-01
6.543286332043289910e-01,3.456913546184273156e-01
6.925788044139973287e-01,3.074495817876323200e-01
5.142812615055518677e-01,4.857059086064280384e-01
9.235435165705678795e-01,7.645715557667877305e-02
8.133777989918155038e-01,1.866434474378143027e-01
6.422689172617740416e-01,3.577384224211694885e-01
5.530085642363298248e-01,4.470079384601054473e-01
8.956610706896834806e-01,1.043766115334184980e-01
8.331967991649961158e-01,1.668183533197638291e-01
6.408700329103258486e-01,3.591190242940802135e-01
6.068802771808186058e-01,3.931344067453041990e-01
6.633872569262964092e-01,3.366204495106034922e-01
6.339883929966735332e-01,3.660269235275633859e-01
5.256156654033973252e-01,4.743781204927151052e-01
7.630807112491128086e-01,2.369431440684180434e-01
8.409386010078399032e-01,1.590633748285195659e-01
7.314934583552152869e-01,2.684973870043360633e-01
6.035425151996567372e-01,3.964591567924197757e-01
9.488381523740938572e-01,5.118213666725422717e-02
6.446315651100276156e-01,3.553711037648257243e-01
9.826848791467293065e-01,1.732665715707351270e-02
5.260542772983435311e-01,4.739599521304968532e-01
6.622525091671812580e-01,3.377752378504648711e-01
8.666589677187868102e-01,1.333423555150568818e-01
8.905418714775136246e-01,1.094540744723077191e-01
8.306017823349650664e-01,1.694208751710840066e-01
