6.308688116571841142e-01,3.691311887315334439e-01
7.298959572804395446e-01,2.701040412007508773e-01
9.470820698118996850e-01,5.291792863245840806e-02
6.680425383821582130e-01,3.319574598195838000e-01
8.899095082682738633e-01,1.100904938636030478e-01
8.757870620933552175e-01,1.242129356675823332e-01
8.702215275179787657e-01,1.297784770015213973e-01
9.182741779065510812e-01,8.172581712329539394e-02
8.745403705468970390e-01,1.254596347560292258e-01
5.034378083715109753e-01,4.965621860774950269e-01
7.617098709149890956e-01,2.382901228942611582e-01
8.858589241671964709e-01,1.141410695723072966e-01
6.544230999856023301e-01,3.455769068748698047e-01
9.256334199856857126e-01,7.436658737841161937e-02
9.077250320840023479e-01,9.227496052349766498e-02
8.351356597368548851e-01,1.648643482848358710e-01
9.368275281879803185e-01,6.317248019844869111e-02
6.300053112396459820e-01,3.699946799178529533e-01
8.682715678137520321e-01,1.317284412749538947e-01
7.256777946564215709e-01,2.743221960449869767e-01
9.586876731945299657e-01,4.131231735894770607e-02
9.632791004017426939e-01,3.672089007100050317e-02
9.502930703764207454e-01,4.970691968589267123e-02
6.486325668987557025e-01,3.513674228013928813e-01
7.058655946129707148e-01,2.941344159147102899e-01
5.408335309136762525e-01,4.591664799613028869e-01
6.126135681823490220e-01,3.873864208696601308e-01
6.692567693260972339e-01,3.307432421988775739e-01
7.644086317201177483e-01,2.355913564798348681e-01
8.017649264379235197e-01,1.982350610492134013e-01
6.371318113222750323e-01,3.628682014206557893e-01
5.708062420363909650e-01,4.291937707456663365e-01
6.248675141918476061e-01,3.751324730234381621e-01
7.571348461553366604e-01,2.428651410265785793e-01
6.366044649401574329e-01,3.633955485887531700e-01
5.529848260093443990e-01,4.470151880651274667e-01
6.113858849646732763e-01,3.886141001370615466e-01
9.777029025765617831e-01,2.229708205593209161e-02
7.380719664968526939e-01,2.619280497541812136e-01
8.705156535905020920e-01,1.294843629594783219e-01
6.850679948736007052e-01,3.149319883358044914e-01
7.322069665209625100e-01,2.677930506439568092e-01
5.449412153697448247e-01,4.550588031863500582e-01
6.408057381668779140e-01,3.591942427945923888e-01
7.796541842595687832e-01,2.203457961638148888e-01
8.171080760470363913e-01,1.828919040518664774e-01
9.228289256365622695e-01,7.717109440951801236e-02
6.407163123798377269e-01,3.592837077065595963e-01
8.700782617592450752e-01,1.299217585884162030e-01
7.601298494716801635e-01,2.398701300765757605e-01
8.537065373742783736e-01,1.462934418320026020e-01
7.430640523819586063e-01,2.569359687947209703e-01
5.055958576024939255e-01,4.944041636269723150e-01
6.250679282527907832e-01,3.749320954632990865e-01
6.756750407945838477e-01,3.243249834476604754e-01
6.196862803945344389e-01,3.803137440301354033e-01
9.832400777350804866e-01,1.675994817493925426e-02
7.939428881763390677e-01,2.060570856830136743e-01
5.861621646393301299e-01,4.138378621093015131e-01
5.947191666188784698e-01,4.052808065061685450e-01
6.419109413508145012e-01,3.580890317557040570e-01
7.312960498509105678e-01,2.687039225842012269e-01
6.599662251046239936e-01,3.400337452618810152e-01
9.548021056050980393e-01,4.519786454264316383e-02
9.642675330330172656e-01,3.573243609811786042e-02
7.091420759296094278e-01,2.908578923987967246e-01
6.862365550649913715e-01,3.137634766168597156e-01
9.459356749576670609e-01,5.406429311411416194e-02
8.738840734673536392e-01,1.261158935130301251e-01
9.569458924525947596e-01,4.305414125796069857e-02
6.282286350369681305e-01,3.717713987058337555e-01
5.513651694380130586e-01,4.486347966449002467e-01
9.241166567116634312e-01,7.588330908799263697e-02
6.115732661199775322e-01,3.884266993446833793e-01
6.568574418750019461e-01,3.431425926637385881e-01
8.037040036159408540e-01,1.962960309359925992e-01
8.298439897680442989e-01,1.701560449539635256e-01
8.203188606025180185e-01,1.796811040012111227e-01
7.716815117967192883e-01,2.283184525636796081e-01
7.127470609215054154e-01,2.872529031840833635e-01
9.195800980540643765e-01,8.041986535219393384e-02
8.387264046148252827e-01,1.612736321199333411e-01
8.841420871006753224e-01,1.158578761090996029e-01
9.824581104962422096e-01,1.754192667382904747e-02
6.045813621628870482e-01,3.954186001447049237e-01
5.128756817533728363e-01,4.871242769638442494e-01
5.206672158420780905e-01,4.793327423047594182e-01
8.748826954625289476e-01,1.251172620547441605e-01
7.385189454439733403e-01,2.614810118186791654e-01
8.311886611589045515e-01,1.688113817372655368e-01
9.551043208572749244e-01,4.489572261545789894e-02
9.789398446680392940e-01,2.106011087224059913e-02
5.373764856351589403e-01,4.626234698690954161e-01
8.591614520090091744e-01,1.408385936437435149e-01
8.111711760841588958e-01,1.888288706597562594e-01
7.542399788092195578e-01,2.457600683498975536e-01
6.761392359916189587e-01,3.238607168149223448e-01
9.424112222547467166e-01,5.758882618061535869e-02
7.375593961655843023e-01,2.624406524321440948e-01
9.592324701256993436e-01,4.076748125404579259e-02
8.698654756086015016e-01,1.301344755236056305e-01
7.012529150916920750e-01,2.987470358907197143e-01
7.517257306960352103e-01,2.482742195434007870e-01
5.768365042997063430e-01,4.231634459384265856e-01
7.950901616153972506e-01,2.049097868378286225e-01
8.657228793147099255e-01,1.342771723338601897e-01
7.394598242465244553e-01,2.605402276781740856e-01
6.137811840932136942e-01,3.862187629051131443e-01
7.079823955411479464e-01,2.920176579024657548e-01
6.853839602859580493e-01,3.146159857603758603e-01
7.651974217596078098e-01,2.348025233520221189e-01
8.209843503203507753e-01,1.790157055518714346e-01
7.623019994166119195e-01,2.376980565736310225e-01
7.499547367317964675e-01,2.500452062941305176e-01
9.586006733254726075e-01,4.139926868448905867e-02
5.087368329402681688e-01,4.912631084216798061e-01
9.578331835871594091e-01,4.216687533200793453e-02
6.030114440691467514e-01,3.969886174596504724e-01
9.052749447370519453e-01,9.472511713412652690e-02
9.590702457428559313e-01,4.092969155236859946e-02
7.370839216457327758e-01,2.629161411463303288e-01
6.843117487724552639e-01,3.156881881852930949e-01
5.146006607249230536e-01,4.853992761718508575e-01
8.228962740162442113e-01,1.771036625415522703e-01
8.402228090167828123e-01,1.597771267970505282e-01
8.804571547577728641e-01,1.195429098630963194e-01
9.311511242710669434e-01,6.884894088804593970e-02
8.041365640053532715e-01,1.958635016021970099e-01
9.618665441938671901e-01,3.813352180735461033e-02
6.139495553153744289e-01,3.860505113377069586e-01
6.096198105021011227e-01,3.903801227117328354e-01
7.392960989556667251e-01,2.607039682184857377e-01
5.862504093606439870e-01,4.137495231261330564e-01
9.569982038751405629e-01,4.300186403806371960e-02
5.145979540517979789e-01,4.854019776706787193e-01
6.075213408819921668e-01,3.924787276583565077e-01
5.806776964275990327e-01,4.193222346791521948e-01
9.584368474141158334e-01,4.156308338231066990e-02
8.153818628763258580e-01,1.846182065208182288e-01
6.752160666747498707e-01,3.247838630394042081e-01
9.182936251262545646e-01,8.170644666212248386e-02
6.821720490360589917e-01,3.178280227640546962e-01
5.755424639296895517e-01,4.244576082018446939e-01
9.794071532484298626e-01,2.059277403960925804e-02
7.042962936639396432e-01,2.957037796735867419e-01
8.822654822220695747e-01,1.177344443546089331e-01
7.836710085504123846e-01,2.163290658061321203e-01
8.275772708409180334e-01,1.724228040758031266e-01
7.857421580565673302e-01,2.142579175984191120e-01
8.543352145186510205e-01,1.456648622519416403e-01
8.463053642560762757e-01,1.536945586588724655e-01
9.568253126534421726e-01,4.317476488408650975e-02
9.251581442359007035e-01,7.484177797332376703e-02
5.762426748817280897e-01,4.237572472509740784e-01
6.623841930543032941e-01,3.376158853251612912e-01
8.561309088613504592e-01,1.438690116331339808e-01
5.322997169439590559e-01,4.677003629843714538e-01
6.336651797393604291e-01,3.663349012875581345e-01
5.625039517129717392e-01,4.374961298810880472e-01
6.562748381772678385e-01,3.437252434966021064e-01
5.813569422735622716e-01,4.186429754058511588e-01
5.271303891120059371e-01,4.728695284861409998e-01
5.219591182125082884e-01,4.780407993727507909e-01
9.825873141833239011e-01,1.741276849171875460e-02
5.052152383968746552e-01,4.947846785135356362e-01
8.388125076910200040e-01,1.611874083472077390e-01
8.521012145131836579e-01,1.478988706679833787e-01
9.121676189913023869e-01,8.783229544359430485e-02
5.822312757023272445e-01,4.177688099736193150e-01
7.039280251030912705e-01,2.960718885334289174e-01
6.907992498695566530e-01,3.092006637154283699e-01
7.821182391109384735e-01,2.178818488067475190e-01
7.715471228184800356e-01,2.284529651937636519e-01
8.665660241065126224e-01,1.334338874921656981e-01
7.793360331881051817e-01,2.206638782784524078e-01
5.917059948390724911e-01,4.082939164493095685e-01
7.597468762470156456e-01,2.402530338095197615e-01
6.106061155362751958e-01,3.893937943693150938e-01
9.544205935016475406e-01,4.557931634545833721e-02
5.420911352322209664e-01,4.579087735037401519e-01
5.468581205591458438e-01,4.531419711932208605e-01
8.373576663402744202e-01,1.626422416259953319e-01
6.015120951133703375e-01,3.984879971143335808e-01
5.622020203334917587e-01,4.377978871932559080e-01
7.703605704264655518e-01,2.296395221180365376e-01
5.957640572045747041e-01,4.042360359869728303e-01
7.489957774556851300e-01,2.510043168868651975e-01
5.938834437167788138e-01,4.061164618126172354e-01
8.077922242379564910e-01,1.922078714195846749e-01
9.575391752074897678e-01,4.246092054781239189e-02
9.281888845073789085e-01,7.181101777496437522e-02
8.618090007890146786e-01,1.381909014064820473e-01
6.927035785793438372e-01,3.072963235705923890e-01
5.130496187623097004e-01,4.869502829051406967e-01
6.783674333262756928e-01,3.216324677423569312e-01
8.942112324057083228e-01,1.057888668555358735e-01
8.893033981931436349e-01,1.106967019513449418e-01
8.196858447237569401e-01,1.803142557256091905e-01
7.384941436598462250e-01,2.615057557692655466e-01
9.668903735845686409e-01,3.310972734688765601e-02
9.211440806758550703e-01,7.885581821011823644e-02
8.919196422220299070e-01,1.080804606223227243e-01
8.042667648938757186e-01,1.957331322450782118e-01
6.891872807500094567e-01,3.108128241746064835e-01
9.340108493060650385e-01,6.598904562307425503e-02
8.243748766564202857e-01,1.756252284178683731e-01
8.740616365553904865e-01,1.259384686155275990e-01
9.541652307148915657e-01,4.583487470031687161e-02
7.157095369492835202e-01,2.842905686670797460e-01
7.360169711572669415e-01,2.639831354528924812e-01
5.426251466900350318e-01,4.573749603571251043e-01
5.447331632284398983e-01,4.552667296413150377e-01
7.429453727836186072e-01,2.570545199756976151e-01
8.001501474826875349e-01,1.998499605822224301e-01
7.017570444745337976e-01,2.982428473382780498e-01
9.600787053504220570e-01,3.992140396858234047e-02
8.415520764788718688e-01,1.584478126587557656e-01
8.275970812018492717e-01,1.724028077536454984e-01
9.551969192424980548e-01,4.480296883397973801e-02
9.595416265817625634e-01,4.045826141720830493e-02
6.680357271721497625e-01,3.319643860075143782e-01
5.057726433754504702e-01,4.942272430597782762e-01
8.495061169517570399e-01,1.504937692284460671e-01
5.051779633216015863e-01,4.948221505356965033e-01
5.154740384750803317e-01,4.845260758341958240e-01
7.946337324764312093e-01,2.053661528912729406e-01
9.106295246472273508e-01,8.937036062029234118e-02
7.927533549325318507e-01,2.072465302088865036e-01
8.631371574098146704e-01,1.368627276033802243e-01
6.794623058459516862e-01,3.205378096500048901e-01
6.037528313567992466e-01,3.962470529279573661e-01
5.891968800196064615e-01,4.108030041819684119e-01
8.470709401480316370e-01,1.529289439418541896e-01
9.844453538902745438e-01,1.555452929037418747e-02
8.826673736718033680e-01,1.173325085253631578e-01
6.798628503864305728e-01,3.201370316446196518e-01
9.517531317126461943e-01,4.824675013888679587e-02
6.222957724032626148e-01,3.777041093024590124e-01
6.757871625328227827e-01,3.242127190465395881e-01
8.313123448172077268e-01,1.686875365908385993e-01
6.734109415486202455e-01,3.265891771298300994e-01
7.269169779353644723e-01,2.730831407556877366e-01
9.585008318874105315e-01,4.149928692937675939e-02
5.528482756764985240e-01,4.471516049286742289e-01
6.958387321685735039e-01,3.041611483464771726e-01
8.632394907393984296e-01,1.367603897542032931e-01
7.175258383962832553e-01,2.824740417995745823e-01
5.787655817784281842e-01,4.212342976922278104e-01
8.494533322821218313e-01,1.505465470129559724e-01
8.354748125519724233e-01,1.645250666412024498e-01
7.167033746703483921e-01,2.832967462314374130e-01
5.410019490092748962e-01,4.589981727979850490e-01
6.398746891021562799e-01,3.601254327993294591e-01
5.641643759398078384e-01,4.358357460155609098e-01
7.347312722308582122e-01,2.652688504017693960e-01
8.538023801576045679e-01,1.461974967917998580e-01
8.361486054251046074e-01,1.638512710537058659e-01
5.679889214410370757e-01,4.320112022036156074e-01
6.314117397225076367e-01,3.685883839388603422e-01
8.591707956185739015e-01,1.408290804448991684e-01
6.140982591872915508e-01,3.859018649283351698e-01
6.558420100295294652e-01,3.441581151741764932e-01
9.620668932429661258e-01,3.793323217701268651e-02
8.888730373568372034e-01,1.111268370629461683e-01
7.519065784526104412e-01,2.480932958567723667e-01
6.002255735392887370e-01,3.997745522614780667e-01
6.555655428453179834e-01,3.444345838700389462e-01
5.817452147189514644e-01,4.182546579754488625e-01
9.749816785507160466e-01,2.501844895180165354e-02
6.050214012674699493e-01,3.949784711218671251e-01
9.003741617897362826e-01,9.962596650795405018e-02
5.465775528239690262e-01,4.534223181130563329e-01
8.156981582609397208e-01,1.843019709191830446e-01
6.907746161922231343e-01,3.092255134125898031e-01
7.073245174154553228e-01,2.926753528996534626e-01
5.794806769794788037e-01,4.205194528608574567e-01
9.182144734225217153e-01,8.178565690062550297e-02
8.409157687054771291e-01,1.590843625198879174e-01
5.342462166536621204e-01,4.657539145728637475e-01
7.645581722091154830e-01,2.354419590691403941e-01
8.137053028923921794e-01,1.862945653866498186e-01
5.301687961940085847e-01,4.698313356177546418e-01
7.099311601661244531e-01,2.900689724822212989e-01
8.077320423935686611e-01,1.922678248161602821e-01
5.099877038627098624e-01,4.900121633020890766e-01
8.826160228197872382e-01,1.173841104754914655e-01
6.575795871923889591e-01,3.424202787642373069e-01
5.329976901184835247e-01,4.670021751275805766e-01
6.500095101054954583e-01,3.499906254803203942e-01
6.662320151685594549e-01,3.337681214182517953e-01
5.165331201194957034e-01,4.834670169819079155e-01
5.455602444275620133e-01,4.544396184195327870e-01
9.741350158981764151e-01,2.586512130444927268e-02
8.935890926448815108e-01,1.064107697866255309e-01
6.668746124391924379e-01,3.331255253495347124e-01
9.475819599424339934e-01,5.241790114235965470e-02
6.080047228079057398e-01,3.919954163089101606e-01
6.297374600122165322e-01,3.702626792499155717e-01
8.957112591594559303e-01,1.042886012090259024e-01
6.263439022357478736e-01,3.736559578670661241e-01
5.372583747558767886e-01,4.627417654676827530e-01
8.289975962649112073e-01,1.710025442075821800e-01
9.172196163591521678e-01,8.278024307949380378e-02
5.519278917386425398e-01,4.480722491826910070e-01
5.183043139480881800e-01,4.816955449425739944e-01
9.640187445388757048e-01,3.598111418277778750e-02
5.665212468931515311e-01,4.334788946143372512e-01
6.964664844281940326e-01,3.035333738437068773e-01
5.801406972908210724e-01,4.198591608312120527e-01
7.165948392490694152e-01,2.834053027548796844e-01
8.143889690593504316e-01,1.856111730495464129e-01
9.116392064733082057e-01,8.836093585563541131e-02
5.552539953237292103e-01,4.447461473854146807e-01
7.372965979615299092e-01,2.627032592030280056e-01
5.118563901366569580e-01,4.881437539154128702e-01
5.741689362033776112e-01,4.258309182192805964e-01
5.533763679598563412e-01,4.466234862850021470e-01
9.380377650464697403e-01,6.196208915687642649e-02
8.680063070068577691e-01,1.319935471048603037e-01
8.265650421268520009e-01,1.734351041569268115e-01
9.316071709892408403e-01,6.839297619670672845e-02
9.512302683675835091e-01,4.876987932580727908e-02
9.378075844383122472e-01,6.219256374670934645e-02
5.141820804299815917e-01,4.858177713846079659e-01
8.929746572293468798e-01,1.070251936433379431e-01
7.127392908258292081e-01,2.872608583163344109e-01
7.612060766727422045e-01,2.387937737117770409e-01
7.653177418805960919e-01,2.346824084588852444e-01
6.002546249939515466e-01,3.997455253944086628e-01
5.309971655091578757e-01,4.690029851082630485e-01
8.683933883417584987e-01,1.316064606353442579e-01
5.650820278235954008e-01,4.349181233216445897e-01
8.891505309446714467e-01,1.108493177848499933e-01
7.328191065253247816e-01,2.671810448623754830e-01
6.095874357659027964e-01,3.904124123564389204e-01
6.904021174139414185e-01,3.095977306891787295e-01
8.457775926377766318e-01,1.542225596534640697e-01
8.974209976687224088e-01,1.025791549634009203e-01
9.193392069089997287e-01,8.066064012077418799e-02
6.646472412113147987e-01,3.353529119017675808e-01
6.193432239217491198e-01,3.806569291953712519e-01
9.643448779587273645e-01,3.565527566127869863e-02
6.642329165447771189e-01,3.357669296449244944e-01
9.028880824014393625e-01,9.711176353251921300e-02
5.134870630592091034e-01,4.865127820507347267e-01
5.073301827564924427e-01,4.926696606015043556e-01
5.173572763523234253e-01,4.826428813834419684e-01
5.309441462420583235e-01,4.690560116633488152e-01
5.802425289387173057e-01,4.197573128588126812e-01
7.498813094098332188e-01,2.501185313995306636e-01
7.207318768952044596e-01,2.792682828574425402e-01
6.328930010785113192e-01,3.671068379598173004e-01
8.033892132954247867e-01,1.966109486210941282e-01
7.841178676434071848e-01,2.158819703024382752e-01
9.358197766901898973e-01,6.418006041221051283e-02
6.879098482449261809e-01,3.120899878885861067e-01
9.163900407152726357e-01,8.360979540427027068e-02
6.697616476228787086e-01,3.302385169027088896e-01
6.754019383423700562e-01,3.245982266858926102e-01
8.068683280895729837e-01,1.931318384203649929e-01
6.274197869991535725e-01,3.725800462814322089e-01
7.895561648219550088e-01,2.104440019667612738e-01
9.544288333736991037e-01,4.557099949240606129e-02
5.439496586397454259e-01,4.560501737109794451e-01
7.276167119117140647e-01,2.723834560763631063e-01
7.808643476215610946e-01,2.191358209743945185e-01
7.485250136649109765e-01,2.514751554167655723e-01
9.181801503458775215e-01,8.182001882038156260e-02
7.463861962596669564e-01,2.536139740781936935e-01
5.367639073816272699e-01,4.632359219748636292e-01
6.245193581914151304e-01,3.754804698601342250e-01
5.781810007519443406e-01,4.218188271622414498e-01
6.192858969835811633e-01,3.807142751755916987e-01
7.241818408998035306e-01,2.758183313157638872e-01
5.163135161285157260e-01,4.836863113093372024e-01
8.893475943079947044e-01,1.106522330060540488e-01
6.799184414388756981e-01,3.200817316541912372e-01
6.802292462026943154e-01,3.197705802407642683e-01
5.551807733483469232e-01,4.448190524594614614e-01
5.828802940773052388e-01,4.171195312254168952e-01
6.308335532218080077e-01,3.691666220389548947e-01
6.955501751475774430e-01,3.044496493988697594e-01
7.921752238194641471e-01,2.078245998301437303e-01
7.887843032473619287e-01,2.112158739719969536e-01
7.613121527119329768e-01,2.386876700511299798e-01
7.951684647281438423e-01,2.048313572968110674e-01
8.673891195099217022e-01,1.326107017427576029e-01
6.179644525395128207e-01,3.820357266957106201e-01
5.411249258896378977e-01,4.588748945050777905e-01
9.657666619772524719e-01,3.423351789509003484e-02
5.498481391513302396e-01,4.501516809281947973e-01
8.967683209424470725e-01,1.032318595704162095e-01
6.723395478218893162e-01,3.276602697452363766e-01
7.542037793341784813e-01,2.457960363751746091e-01
6.350584551548956735e-01,3.649413596083414535e-01
9.616177215566089620e-01,3.838209291949175317e-02
5.236013450499320543e-01,4.763988405867343734e-01
5.606585959707699462e-01,4.393415900694230269e-01
7.767816119250072759e-01,2.232182020128256339e-01
8.582089763260291049e-01,1.417908376110602331e-01
9.678878562185808665e-01,3.211233001901025313e-02
5.845497410649904690e-01,4.154504455979206590e-01
5.586351497615794637e-01,4.413650371441392162e-01
8.672084323155611063e-01,1.327913802648130470e-01
7.668220111441683695e-01,2.331778013137161265e-01
6.006317406134664694e-01,3.993684472545517838e-01
8.413343313450348804e-01,1.586658567176298384e-01
6.182121250066496820e-01,3.817876854198749004e-01
7.955671743390808626e-01,2.044326355773062320e-01
8.911984735951116177e-01,1.088017170518647686e-01
7.572961890099417781e-01,2.427040017691659002e-01
7.958116988318955087e-01,2.041884928560473433e-01
6.663607699761980863e-01,3.336390375321364177e-01
5.820995457047788424e-01,4.179006477327601998e-01
8.487210707173062918e-01,1.512787354785661842e-01
8.687802447874373168e-01,1.312195612879646367e-01
6.420161929459626826e-01,3.579836130312166742e-01
5.271751228897860742e-01,4.728246826569221795e-01
8.375086319696967152e-01,1.624915633727229969e-01
9.834113722447110906e-01,1.658843160002592548e-02
6.313657824481522240e-01,3.686344137729746784e-01
9.849720037551412677e-01,1.502819257327182856e-02
5.529423773550268262e-01,4.470578191407559854e-01
5.470551280739948119e-01,4.529450684807117544e-01
9.739736919538715121e-01,2.602650493875780305e-02
8.789627027734765452e-01,1.210374951144655015e-01
7.658467513784878999e-01,2.341530505321302580e-01
6.618066404566297356e-01,3.381935594507736176e-01
9.842484212222579743e-01,1.575137799415299300e-02
7.880512093642797478e-01,2.119485894978386797e-01
7.204305914533600808e-01,2.795692050113265381e-01
8.098959798986440362e-01,1.901038163654113489e-01
6.959252425758691851e-01,3.040749618428874590e-01
6.456318759900480098e-01,3.543679192581009052e-01
7.921171902034389589e-01,2.078830149003815797e-01
5.444111791263812616e-01,4.555890267452321063e-01
9.295406706541697872e-01,7.045912294472038429e-02
9.653874427151938331e-01,3.461235080008713549e-02
6.836913373940556315e-01,3.163084557159587251e-01
6.178175984100133800e-01,3.821821946409940107e-01
9.208753381035768015e-01,7.912486946467417459e-02
6.056178127682608769e-01,3.943823959214799446e-01
7.499460592170443807e-01,2.500541498110533389e-01
7.723265727620629573e-01,2.276732174942661113e-01
8.041101045528498137e-01,1.958896854423928802e-01
8.008001853620703159e-01,1.992000248416230801e-01
7.273170250017599869e-01,2.726827647205218308e-01
5.783952550484758870e-01,4.216049564099304536e-01
5.563978067770284364e-01,4.436024051980180238e-01
8.167986433809817370e-01,1.832011446213987760e-01
5.627983171550010599e-01,4.372018958536664779e-01
7.772844860535209621e-01,2.227152997996099115e-01
7.810961833371359297e-01,2.189040309079772761e-01
5.991698152133634325e-01,4.008303997409785047e-01
8.898525942051609405e-01,1.101471903737672453e-01
9.097025695524841860e-01,9.029721374022409153e-02
6.739341976627046815e-01,3.260655856127865904e-01
9.842134646384901320e-01,1.578631823275530172e-02
8.683411724106988583e-01,1.316586103950636022e-01
5.631178310459865610e-01,4.368823867456636534e-01
9.616730073665755718e-01,3.832677461439717298e-02
6.934922902056498417e-01,3.065079284502025825e-01
5.349616878340381909e-01,4.650380930243827593e-01
9.149298028047384568e-01,8.507041642291675310e-02
8.954050965313979926e-01,1.045946839654363497e-01
7.520421884694603598e-01,2.479575918293899783e-01
9.674128194299023153e-01,3.258696079319321065e-02
7.830022848353868081e-01,2.169974953134383988e-01
9.727405533020125894e-01,2.725966656571378322e-02
9.020350037531530418e-01,9.796521649446354729e-02
8.282021092774064508e-01,1.717976698810336489e-01
6.549326182016799169e-01,3.450676033405823406e-01
7.432507079859465016e-01,2.567495138619927952e-01
7.613448344398714429e-01,2.386549436916735323e-01
5.376612540005490937e-01,4.623389694691372176e-01
9.437838663693465246e-01,5.621590993063105973e-02
9.845027935266683627e-01,1.549743064401727308e-02
7.405279535344293507e-01,2.594718222843784838e-01
7.845649019313999384e-01,2.154353224373097564e-01
6.260017006960593156e-01,3.739980744283191716e-01
8.733201116871633918e-01,1.266801132079556080e-01
7.982233483363401216e-01,2.017764256360838615e-01
5.855625993770711135e-01,4.144376268266283247e-01
6.639154046294734046e-01,3.360848224341192458e-01
6.538954047624728760e-01,3.461043675218903881e-01
7.835228017950387480e-01,2.164774263846407087e-01
8.808314959464860205e-01,1.191682758031451655e-01
7.200418806196221544e-01,2.799583488584684310e-01
9.520959416759529059e-01,4.790428888097286730e-02
6.671687774997945297e-01,3.328309916428868198e-01
7.179784610316637394e-01,2.820213080251433024e-01
7.945379546278339422e-01,2.054618134795176132e-01
9.922131537801024415e-01,7.786614173677988519e-03
6.636727489309943717e-01,3.363270179307182861e-01
7.497856937452540560e-01,2.502140731146341723e-01
5.615723908099748973e-01,4.384273758290178069e-01
8.996667273017990851e-01,1.003330391555360274e-01
6.417180752996026749e-01,3.582816907788491378e-01
8.763487428219507436e-01,1.236510224633559640e-01
7.345874877009785919e-01,2.654122746921951936e-01
6.872051384698619758e-01,3.127946226732370993e-01
9.067862815976845958e-01,9.321395788335694321e-02
5.919788461408366231e-01,4.080213933964004225e-01
8.833563463008493599e-01,1.166434141256488949e-01
6.114060403925968279e-01,3.885941993093648961e-01
8.429161125863193771e-01,1.570836475419428169e-01
6.606139760504059488e-01,3.393857834979033816e-01
6.977537834832828745e-01,3.022464577133526786e-01
5.805963405144494160e-01,4.194034180280022395e-01
6.388629767194903275e-01,3.611372654878506339e-01
5.062304020482142342e-01,4.937693555756504371e-01
7.197593140678986146e-01,2.802409284838150438e-01
8.924661682154726439e-01,1.075335885460048657e-01
5.802327843754891967e-01,4.197669723373568251e-01
7.321582215324164977e-01,2.678420221015653246e-01
8.355573318239456482e-01,1.644429124631608397e-01
8.586277068442348392e-01,1.413725388147177020e-01
6.034269804182915697e-01,3.965732659339937793e-01
8.683574282430125413e-01,1.316428181426010369e-01
5.695994596227235141e-01,4.304007872325076312e-01
8.478250775315195886e-01,1.521746755697413744e-01
9.372074058970540911e-01,6.279284103520904603e-02
9.822192415410173627e-01,1.778100542678527282e-02
9.062668926546917358e-01,9.373285912641546314e-02
9.802200228116418890e-01,1.978022584385751709e-02
6.083835256009592074e-01,3.916167245173901579e-01
6.225942751939708142e-01,3.774054745925606302e-01
5.187454008306584541e-01,4.812543485862812997e-01
7.676753100821114284e-01,2.323244393047030343e-01
8.851881091222009168e-01,1.148121420945753396e-01
5.991701030542090356e-01,4.008296451013373396e-01
8.391905123819869416e-01,1.608097396074836816e-01
6.248011915078519607e-01,3.751985563103678034e-01
6.731876145288926416e-01,3.268126376809804001e-01
6.715730497977479008e-01,3.284266974102065806e-01
8.887944131046627838e-01,1.112058419970196194e-01
8.874345946139678976e-01,1.125651501643242375e-01
8.850790739450129507e-01,1.149211816780068146e-01
7.443804442896616580e-01,2.556198117875314035e-01
8.870968260424201279e-01,1.129029175304982341e-01
5.548060452053744651e-01,4.451936974426868865e-01
5.069488930019285799e-01,4.930513643826213155e-01
6.395313693641488939e-01,3.604683730873950442e-01
8.493021668613354169e-01,1.506975747402014287e-01
8.909467447405251539e-01,1.090529966283990820e-01
5.792805921832673288e-01,4.207191485493854133e-01
5.354952695276206098e-01,4.645049897647897663e-01
9.790653036220263727e-01,2.093443654536533000e-02
6.808700974575498943e-01,3.191296424117168185e-01
8.527950508361111792e-01,1.472052093431603093e-01
5.632139219541728581e-01,4.367858171483487983e-01
7.896515952005843664e-01,2.103486667990296932e-01
5.236599808006804357e-01,4.763397566624042456e-01
9.452009772277623068e-01,5.479876016433765651e-02
8.970873072355585176e-01,1.029129557081636115e-01
7.666002875359649860e-01,2.333994478248612447e-01
9.433515719425638046e-01,5.664816335246913165e-02
8.347238766210056671e-01,1.652758585683551107e-01
5.293741016159030366e-01,4.706256319191320925e-01
6.811097416048372821e-01,3.188899909487635242e-01
5.047905052299035411e-01,4.952092270741680902e-01
9.297248022414494883e-01,7.027546611562338064e-02
5.773320196581197550e-01,4.226682487868634874e-01
5.053744738579721840e-01,4.946252573574427269e-01
8.513826163341577935e-01,1.486171147870198606e-01
5.774909546249540337e-01,4.225087761786884832e-01
9.810319959246309729e-01,1.896773465884654328e-02
7.097292744840891787e-01,2.902704556869640240e-01
6.850359173626022757e-01,3.149638127566242729e-01
8.244449534436721905e-01,1.755553166357225192e-01
5.529207353632966671e-01,4.470789945514239139e-01
7.725388582210586108e-01,2.274614118965645471e-01
6.433612405722014538e-01,3.566384890953467335e-01
8.478624093131830186e-01,1.521378612271264974e-01
9.066011667786793016e-01,9.339910403792296700e-02
5.742897667617137270e-01,4.257105044281666029e-01
9.115079603134719211e-01,8.849231141911716170e-02
8.470821338896746822e-01,1.529175936045905626e-01
8.831634565888685229e-01,1.168362708728145072e-01
7.561345142189146440e-01,2.438652130630878379e-01
6.611357739198359118e-01,3.388644990535913393e-01
7.541469647677556676e-01,2.458527613092935382e-01
8.882101796320773790e-01,1.117895462739594004e-01
8.633817625832653775e-01,1.366185116589246629e-01
6.461657725750358239e-01,3.538339524367837829e-01
8.506851747795858287e-01,1.493145498778729874e-01
5.720583497204551060e-01,4.279413745767582378e-01
5.319339257808886057e-01,4.680657974928532084e-01
9.050329384778362796e-01,9.496733858042753773e-02
9.738567343161821377e-01,2.614354400930971045e-02
6.382368829522946374e-01,3.617628384736653047e-01
5.814813698095278038e-01,4.185183511909527643e-01
9.776601442699967004e-01,2.233957659866114484e-02
9.873467115490752732e-01,1.265356821052842154e-02
7.133820624647294606e-01,2.866176573496272417e-01
8.318793456368056560e-01,1.681209346163758667e-01
8.858613375999734307e-01,1.141389437510905436e-01
9.759407079468893631e-01,2.405957360031936096e-02
7.147917619506400921e-01,2.852079559033154355e-01
9.203008082798256329e-01,7.969890940003525326e-02
6.599296709802601191e-01,3.400706122951551169e-01
7.290318027298436920e-01,2.709684808603788908e-01
6.998819337771194915e-01,3.001177826018474049e-01
5.057174077362791564e-01,4.942823085979588527e-01
9.676147306514319979e-01,3.238555329498623431e-02
9.926246920118497741e-01,7.375592683534785456e-03
8.404694359782275415e-01,1.595302792942189241e-01
8.365114083284737045e-01,1.634888764574931597e-01
6.950316500750253201e-01,3.049686349466658175e-01
5.284270604332637067e-01,4.715726542552500788e-01
7.676421400804760431e-01,2.323581453661044682e-01
8.155868881947210269e-01,1.844133972902526342e-01
8.509718532812127201e-01,1.490284327639690709e-01
5.928232293138566700e-01,4.071770572113379005e-01
6.810637177305780554e-01,3.189359951915012870e-01
9.818862449644307766e-01,1.811346577732408231e-02
8.486118828535533787e-01,1.513878276899325304e-01
8.266920063269045382e-01,1.733082834435608344e-01
5.238777885291778791e-01,4.761219216103831919e-01
6.741528312118627575e-01,3.258468788241264402e-01
5.188794560096789965e-01,4.811202538295666353e-01
6.731225849038720010e-01,3.268771246381333984e-01
6.746587978050586631e-01,3.253409109460306814e-01
5.870552101726012051e-01,4.129444983786417223e-01
7.612291190772424443e-01,2.387711724026432003e-01
5.741162463195975674e-01,4.258834616596848255e-01
7.574090736830019210e-01,2.425912192597826922e-01
8.815444798435333462e-01,1.184552267501542133e-01
9.888043514583240157e-01,1.119535478429165357e-02
7.880799858399589741e-01,2.119203080225064983e-01
7.765577375603925914e-01,2.234425577928999263e-01
6.837309091547814077e-01,3.162687947928275456e-01
5.988421510039338980e-01,4.011581452878837939e-01
6.929059688637653203e-01,3.070943276942976197e-01
8.283392217339949903e-01,1.716604801829827998e-01
6.966571986451391973e-01,3.033425031622762891e-01
6.602656017094616914e-01,3.397341000681001755e-01
6.949712990260306089e-01,3.050284027336346848e-01
6.587520324248334891e-01,3.412482660068096307e-01
5.752398887976126751e-01,4.247604105708369659e-01
7.255852645748415153e-01,2.744144359581803250e-01
7.588494051359625514e-01,2.411502941001319456e-01
7.577062130152123487e-01,2.422940881910927435e-01
7.296612130419732889e-01,2.703390884343881417e-01
5.527176549296222152e-01,4.472820421454311024e-01
5.961019781785161786e-01,4.038977185948841031e-01
9.770537857713221808e-01,2.294591096591515333e-02
6.403911206923963428e-01,3.596091829044882338e-01
5.357166033054827636e-01,4.642837004939738832e-01
8.088942870764549431e-01,1.911060170357355426e-01
9.670123726013770682e-01,3.298793188356907019e-02
6.847692075966022029e-01,3.152304877942346262e-01
8.654197693356514565e-01,1.345805368214160747e-01
6.628074317207368615e-01,3.371928754040108833e-01
6.296226204936816728e-01,3.703776874803638153e-01
9.747931098071795919e-01,2.520658217652808897e-02
8.880954909491605154e-01,1.119042008085820161e-01
7.054480605417168260e-01,2.945522484240591377e-01
6.822361634837644795e-01,3.177641466626067723e-01
7.760096855891049916e-01,2.239900038410811978e-01
5.195224858958908953e-01,4.804733511251606526e-01
8.747749572589054168e-01,1.252312280123353272e-01
5.358694847792163651e-01,4.641344408448735415e-01
5.524434347372230159e-01,4.475578398942202663e-01
5.930748531704962412e-01,4.069414353967107378e-01
6.964707431026150308e-01,3.035470792896490244e-01
8.598013382132801974e-01,1.401998409431216008e-01
8.836207488433500679e-01,1.163802640588059434e-01
7.717827716058148768e-01,2.282152218714134928e-01
8.449554216315320332e-01,1.550559378957232226e-01
6.499862547285839565e-01,3.499999104815922912e-01
7.651798493751915675e-01,2.348221780524216429e-01
9.392003311685985789e-01,6.083286083628842295e-02
9.142189103601852107e-01,8.579657536529354533e-02
9.247546271519261341e-01,7.525341188000625459e-02
9.045186989694715685e-01,9.548459304745988974e-02
5.539193681103292688e-01,4.460689925035452030e-01
5.716737928242600075e-01,4.283356746679394811e-01
8.930972413474775884e-01,1.068991103911546697e-01
6.489482678650878578e-01,3.510491104169919385e-01
8.241022743873638312e-01,1.758974946903831826e-01
6.607230158249468577e-01,3.392812327001705763e-01
6.068871061482884466e-01,3.931006369877188544e-01
6.399169011212656466e-01,3.600903707001034126e-01
9.078499825228887321e-01,9.217390502458927548e-02
9.508126634094351548e-01,4.919849940907866648e-02
9.437816141880226439e-01,5.623684172485902272e-02
5.946281257402522558e-01,4.053783304655173558e-01
9.513784961160616227e-01,4.863778750208967716e-02
9.816106701480008523e-01,1.840638515785932364e-02
6.577533701891529194e-01,3.422395876150839955e-01
6.432152798981405351e-01,3.567861830613089369e-01
8.462755821497047748e-01,1.537245380282593610e-01
5.651368501049993665e-01,4.348561923063294365e-01
5.167856860752775283e-01,4.832240464759813836e-01
5.511531818342564337e-01,4.488381735602570144e-01
8.409816996844415860e-01,1.590455107548881808e-01
6.246930132192826113e-01,3.753121939982558275e-01
6.762472497452312048e-01,3.237768958093815153e-01
7.735837856038518812e-01,2.264426810914724475e-01
8.389222306512332805e-01,1.610902870934362574e-01
7.125338837378558665e-01,2.874929484470966079e-01
6.323756257509153267e-01,3.676485333398159527e-01
8.105499346577542674e-01,1.894649440424281961e-01
7.851205965566530054e-01,2.148733509122615071e-01
7.242814633921932366e-01,2.757180614032737620e-01
8.497549234644983240e-01,1.502816003925488142e-01
6.262354320241205752e-01,3.737647638139923179e-01
5.594070994525903728e-01,4.405978475957609830e-01
9.652458094772851105e-01,3.479332197094248819e-02
5.640130136350158807e-01,4.360055491878729872e-01
6.532555633403404061e-01,3.467613084023958847e-01
9.899799533548254704e-01,1.002959686450023875e-02
8.794249629665457091e-01,1.205759559130739483e-01
6.848020126025728960e-01,3.151915555707178185e-01
5.256845840649734258e-01,4.742994616157172327e-01
5.980179464408751366e-01,4.019855273450447797e-01
9.784260108484923446e-01,2.159168580951345562e-02
6.160935307934456429e-01,3.839324597048316967e-01
7.010299414170348964e-01,2.989603431561683733e-01
9.710566280774202141e-01,2.895946395680996932e-02
7.281817559396674966e-01,2.718436669245293813e-01
8.116389448355327829e-01,1.883671315046931138e-01
8.560846003190846210e-01,1.439293247617485505e-01
7.823381875601902458e-01,2.176856473620416010e-01
9.184998553822286693e-01,8.149950155054391798e-02
9.147615136835500760e-01,8.525348423394001063e-02
7.239543251114629596e-01,2.760415872968963180e-01
6.724923287153306006e-01,3.274989008178005312e-01
5.617332670184455035e-01,4.382489727722574391e-01
6.043173595425137545e-01,3.956877314884817420e-01
5.145798881187830798e-01,4.854049305344474985e-01
5.505890015936683035e-01,4.494056747297112686e-01
7.700673692971935491e-01,2.299572670401366925e-01
7.961344466968314215e-01,2.038613888970449983e-01
8.549472163327082042e-01,1.450807759095651128e-01
9.192192253814231995e-01,8.081905838076898496e-02
9.421611885741427717e-01,5.786381672522705050e-02
5.138951174188767235e-01,4.860885029967575988e-01
9.463780123301744895e-01,5.363836470958307373e-02
9.766520438021258910e-01,2.338592695872027116e-02
7.494604439890345526e-01,2.505486551302805176e-01
8.123430610864753598e-01,1.876786274108804276e-01
7.314883764693038692e-01,2.685300684694420514e-01
5.459041397637895976e-01,4.540868114703812131e-01
5.926469939512265528e-01,4.073661322464585677e-01
9.678140018279621781e-01,3.219249307206937388e-02
9.738585734214872947e-01,2.615733134283203948e-02
9.172635412393668197e-01,8.276396738261508623e-02
9.844378698905019709e-01,1.559190220783124997e-02
8.747903786951521932e-01,1.252327353412233946e-01
9.160919661838701211e-01,8.394345597139894755e-02
9.458272317517719685e-01,5.417564911754422369e-02
6.113739395523428710e-01,3.886467428085945697e-01
8.122950125932266729e-01,1.877174278479852021e-01
7.458437877644215064e-01,2.541879493233369924e-01
7.168577038359491560e-01,2.831731042871528103e-01
8.641997409072521563e-01,1.358129924977478642e-01
5.889436318318284069e-01,4.110436309260389054e-01
8.088501718583775979e-01,1.911826117250370605e-01
6.717133224210384279e-01,3.283103864353241197e-01
5.680468007458553403e-01,4.319732262034469139e-01
8.328085189860291448e-01,1.671927483542218207e-01
7.919801505393353480e-01,2.080224408675935555e-01
6.913947777200535327e-01,3.086336981140173630e-01
8.941526270090842665e-01,1.058551794441309757e-01
6.904627662045299541e-01,3.095565144348544351e-01
6.540855687014897057e-01,3.459151021142874982e-01
8.628862765097780052e-01,1.371356181562131960e-01
9.391103161295663027e-01,6.091475114760670773e-02
9.817632344814004597e-01,1.825865845317252781e-02
8.802569623726994585e-01,1.197765038214180233e-01
5.114041521140998414e-01,4.885927624077074927e-01
5.826245353953212192e-01,4.173637130496942738e-01
7.579545752319553076e-01,2.420770502460096452e-01
7.832265826801971809e-01,2.167935800643730759e-01
6.198858455437823434e-01,3.801202947806823773e-01
5.763686421941913718e-01,4.236450691744990671e-01
8.521392729293715274e-01,1.478754932165994296e-01
8.559724593060407116e-01,1.440357679880878983e-01
8.504500937413801420e-01,1.495542125815211010e-01
5.268210987006478607e-01,4.731990126201399138e-01
6.995093843765962660e-01,3.005023325921648558e-01
9.616518558884166179e-01,3.835354727206872344e-02
7.457988061518798784e-01,2.541952552059517645e-01
5.787660642026415392e-01,4.212248761466337865e-01
8.623118669996924224e-01,1.377050666937185142e-01
5.168952419139557497e-01,4.831212355785680090e-01
5.408281165313493233e-01,4.591701698208914273e-01
6.728558710492987815e-01,3.271452379327931537e-01
7.353063802598044374e-01,2.647034857468090197e-01
7.490935725102481069e-01,2.508988250328990088e-01
5.320753737955262741e-01,4.679320897015710190e-01
8.327011314826806565e-01,1.673081230977260803e-01
9.795638040099688970e-01,2.043625615510907823e-02
8.679239539266226933e-01,1.320798788928058687e-01
9.511295976178641975e-01,4.887029848374931096e-02
7.858402705500094898e-01,2.141745544189877226e-01
8.226192069401911944e-01,1.773743712600753253e-01
8.040935449073295382e-01,1.959025354488350135e-01
8.754350737949637695e-01,1.245849198956869575e-01
7.812217343190932528e-01,2.188115848831670429e-01
6.674483284026019314e-01,3.325759368478685141e-01
5.851855936794088109e-01,4.148150535867811683e-01
6.492942702163665425e-01,3.507287831420188851e-01
7.117447693362468630e-01,2.882678799762261046e-01
8.671644783719325567e-01,1.328300877876238961e-01
5.218734522537166187e-01,4.781197684681116056e-01
7.868982383336589059e-01,2.131025461166584922e-01
5.356826087295482042e-01,4.643100562527570641e-01
7.463454155582190941e-01,2.536625633238295263e-01
8.938490403616923263e-01,1.061485137497140269e-01
7.562407756846116769e-01,2.437770310356652814e-01
6.730855266290429739e-01,3.269106517195720096e-01
7.702461628030077279e-01,2.297544452250326608e-01
9.336213069742155257e-01,6.637645533142934318e-02
6.426785267789709710e-01,3.573074972363358137e-01
7.696897794867056941e-01,2.303113366867059197e-01
5.868299102371691278e-01,4.131553339562902272e-01
8.035934984835187977e-01,1.964346722870955186e-01
8.925374300036611475e-01,1.074649097981627971e-01
9.046476836108823250e-01,9.537175107780317129e-02
8.479707303330490387e-01,1.520256819400377934e-01
5.240534139440750083e-01,4.759446324259761218e-01
6.658884335886687822e-01,3.341129963381549994e-01
8.758808566366440562e-01,1.241288667981612776e-01
6.023563349152915025e-01,3.976298047540898217e-01
8.969211731323367687e-01,1.030992245033751364e-01
9.621244539579604238e-01,3.788470643637259494e-02
6.874348156848292257e-01,3.125868828128643973e-01
6.246405033458952705e-01,3.753548987500405776e-01
6.745618116194853631e-01,3.254269789109912048e-01
5.610894673142308164e-01,4.389116550998309885e-01
6.627043313669360725e-01,3.373013338646556059e-01
6.766640544619934028e-01,3.233384714727999265e-01
6.779086401112524030e-01,3.221100820522769248e-01
5.659949342698827879e-01,4.340137398854514994e-01
9.269431993498418176e-01,7.305399668530375423e-02
7.298306341958215038e-01,2.701684110242215664e-01
9.636838765340274282e-01,3.631695213296251556e-02
8.514029136217056148e-01,1.486006488151395410e-01
6.608946432914301061e-01,3.390954354190481856e-01
7.050964739816436566e-01,2.948966753648753492e-01
9.051149179656964305e-01,9.491124176788159894e-02
5.285390356280260660e-01,4.714673408641293362e-01
8.983294520176481335e-01,1.016703053063641449e-01
9.221249272970384325e-01,7.789098911763291111e-02
8.333556633963316029e-01,1.666662220020642404e-01
9.430603129290413555e-01,5.694942383001146136e-02
8.690810787713534324e-01,1.309321564276314798e-01
8.378149990829526494e-01,1.621939872893080892e-01
6.699344783060796615e-01,3.300870140049199097e-01
5.381825115184528663e-01,4.618234937432494358e-01
5.563325114871962018e-01,4.436649485123691505e-01
8.200210842592055016e-01,1.799788095017980094e-01
5.857678558107901612e-01,4.142523737925459804e-01
7.132787704093025427e-01,2.867193316526082669e-01
7.516682137743273540e-01,2.483498382223740530e-01
7.690210698271238154e-01,2.309923022948535964e-01
8.799298944462197181e-01,1.201031411282615369e-01
9.390798322771224393e-01,6.093861004247697055e-02
7.668117127073275086e-01,2.331873200544730407e-01
9.347349785359944097e-01,6.527098119529307907e-02
6.544103139386925339e-01,3.455968687471554501e-01
9.329726680895076285e-01,6.705619189568821914e-02
6.801569113504475350e-01,3.198572609657818755e-01
6.390262927461630715e-01,3.609908436055949132e-01
9.293452581997798667e-01,7.067137968197523268e-02
9.359142639855694279e-01,6.411418523817075110e-02
8.475755325287277486e-01,1.524185257731690835e-01
8.641923555503008281e-01,1.358270228021402071e-01
6.802931872125338453e-01,3.196962075516222024e-01
9.328534774056880252e-01,6.715477796302386782e-02
6.837503046609021418e-01,3.162593248996740103e-01
7.562473544515968538e-01,2.437599473517785276e-01
7.211973334803671865e-01,2.788046537340849729e-01
7.704293462705973372e-01,2.295675214125992847e-01
6.682188145982164151e-01,3.318093050181098458e-01
9.039242445359276790e-01,9.611044161191834023e-02
7.034420265840723996e-01,2.965756349759475219e-01
5.510199650910299063e-01,4.489940974289845510e-01
7.404371080094614976e-01,2.595841515863017701e-01
9.774833656924691860e-01,2.252944679587188387e-02
7.578483603396768409e-01,2.421476973520372555e-01
6.839879959854531233e-01,3.160036383383112990e-01
9.308878637852863180e-01,6.912770318253259882e-02
7.607174158811819131e-01,2.393048015219375879e-01
5.718683812207747685e-01,4.281378080084801696e-01
9.246368661769275299e-01,7.537059820154226597e-02
9.876967480952627554e-01,1.231232485550761216e-02
7.545008453803045967e-01,2.455009294174725909e-01
9.532955892829750866e-01,4.670712509506485394e-02
6.615073027603793898e-01,3.384901436931520013e-01
7.628590313163844394e-01,2.371632026774918023e-01
8.757391170152106774e-01,1.242759635120978534e-01
5.812062261583396117e-01,4.187767814631473962e-01
5.502588016528328074e-01,4.497305265291592358e-01
7.012813776094872775e-01,2.987363203459009187e-01
6.585338837584241434e-01,3.414826182225331186e-01
7.350843338903016999e-01,2.649371370800378545e-01
9.347399544332265497e-01,6.529979085531020799e-02
7.256628833243459198e-01,2.743511172171567702e-01
6.487486329355524051e-01,3.512785787219566136e-01
6.073235392703710822e-01,3.926879040869118431e-01
8.103922525825884016e-01,1.896090641637223628e-01
5.504476836314503574e-01,4.495592449928925149e-01
6.008614147549744544e-01,3.991571770530727981e-01
8.214649903679225318e-01,1.785344450512028613e-01
9.855824306797513756e-01,1.442843845044804001e-02
6.005668687214517076e-01,3.994444772126105603e-01
6.219868329291514675e-01,3.780396625574437564e-01
7.632275516100606172e-01,2.368032633426036537e-01
5.184930680119967938e-01,4.814940585227194814e-01
6.330054312665853722e-01,3.669885180308572470e-01
7.794298566258128780e-01,2.205813668528762150e-01
9.655808431680896753e-01,3.442392570447128097e-02
8.390628377096831514e-01,1.609429115064827109e-01
7.848501020905020997e-01,2.151498369542083067e-01
7.493576852889557438e-01,2.506364367328886011e-01
8.831294606001756087e-01,1.168882637013350240e-01
6.606451331770818447e-01,3.393817484049528876e-01
6.193614171725911888e-01,3.806368898431646830e-01
8.456664489133229878e-01,1.543553117790132101e-01
8.787522617623566568e-01,1.212510230128035632e-01
8.976020990025654900e-01,1.024266198623498964e-01
7.465543479764276125e-01,2.534778075132280151e-01
9.461843572207432329e-01,5.381653640108518405e-02
7.168772657634160383e-01,2.831311391510617503e-01
6.984456904971498847e-01,3.015738023619476404e-01
9.040160936951255888e-01,9.601693473413722146e-02
6.032894386922329488e-01,3.967107684860677330e-01
8.148336465097980597e-01,1.851716127387319777e-01
7.332001658967791657e-01,2.667987432778716750e-01
8.433234351850793509e-01,1.566708045995520437e-01
5.915907863075070550e-01,4.084283287340077506e-01
9.540237672380931233e-01,4.599018773809388644e-02
6.369469030865667625e-01,3.630703350546561903e-01
8.700977128950629913e-01,1.299191878326028948e-01
6.959971239482889427e-01,3.039930310124800417e-01
5.146383963087711733e-01,4.853752729714252423e-01
6.332286277018011056e-01,3.667603921980286952e-01
7.093567162251761538e-01,2.906403930141880920e-01
5.740716355262838189e-01,4.259255364679780942e-01
9.918136174068719058e-01,8.191592707630033707e-03
5.414187078063671388e-01,4.585728461612994522e-01
7.989770933005773124e-01,2.010503610811392172e-01
8.138300860711625839e-01,1.861663875582266481e-01
9.574869534072842914e-01,4.254783011549991001e-02
7.993178616684859517e-01,2.007092954848899158e-01
7.295596060030682395e-01,2.704708619377284573e-01
5.520222614799623617e-01,4.479896035660509424e-01
5.341400107140151787e-01,4.658629089179289751e-01
9.200496547722234464e-01,7.996888305715697809e-02
8.133747009270796413e-01,1.866243483209684417e-01
9.157859754474489966e-01,8.425259465802582837e-02
9.189223718848199551e-01,8.110156384479520753e-02
9.486949864709961489e-01,5.131498550492696181e-02
6.227480707540861138e-01,3.772374166840929410e-01
8.462888638457661816e-01,1.537089828654894796e-01
6.228989337224852818e-01,3.771008605739463726e-01
7.712758065285549858e-01,2.287163438457808229e-01
6.350995596988130432e-01,3.649134421635013004e-01
6.941649509188251299e-01,3.058403724021704351e-01
5.777628085493489163e-01,4.222473768483800960e-01
6.547900559146080379e-01,3.451962519312081201e-01
8.672345558428011802e-01,1.328008935920274025e-01
9.379657368322520394e-01,6.204481162452418763e-02
5.483203625672153914e-01,4.516852544328975316e-01
5.251671445892893697e-01,4.748190476651528713e-01
9.640657944914812205e-01,3.596435668335240532e-02
7.856917753801211379e-01,2.143125267312942506e-01
9.181173657643288966e-01,8.190210810287079646e-02
6.253385599758130020e-01,3.746713405948865483e-01
6.406511162119471470e-01,3.593726747397114063e-01
5.981264700315070959e-01,4.018984601980420956e-01
9.544283811487497271e-01,4.557807969113649577e-02
7.618406153972655526e-01,2.381808354415171081e-01
5.059390057383351680e-01,4.940564887184970555e-01
9.744227047213582793e-01,2.561346195948693491e-02
8.256175766480557954e-01,1.743819198570585316e-01
5.372051623441710388e-01,4.628102523573813243e-01
9.385024287914927044e-01,6.150901369956890408e-02
7.813026078791744933e-01,2.186930312793815556e-01
8.781150485647162274e-01,1.218961431031562598e-01
5.370567654720707074e-01,4.629547284970910170e-01
8.637321729614421129e-01,1.362891919608902602e-01
5.743663206527046539e-01,4.256347539478779196e-01
7.843391886762742793e-01,2.156651087694510527e-01
7.009656570720191882e-01,2.990218236490252424e-01
7.414970432329011096e-01,2.585213265911281422e-01
9.842218583543975718e-01,1.580382494331519783e-02
6.777253062283777885e-01,3.222892546829592142e-01
8.819870498723010321e-01,1.180504059640985620e-01
6.274798480815715340e-01,3.725134786614556215e-01
5.194319362305523935e-01,4.805850643172434600e-01
7.102107404658797307e-01,2.898189329581636886e-01
5.044240744105223939e-01,4.955882041367587476e-01
9.627533820248668217e-01,3.728492426609305438e-02
8.982805464839638265e-01,1.017435833392740241e-01
5.601560532594507258e-01,4.398409100489933388e-01
5.448917369345057660e-01,4.551165396591020929e-01
8.747230377492029030e-01,1.252883422141629899e-01
8.505680373444066689e-01,1.494557249094193296e-01
9.821272294769063382e-01,1.789925452401903289e-02
7.050504349700349449e-01,2.949380138081996727e-01
7.949897642293064504e-01,2.050202916937794440e-01
7.986630209593100771e-01,2.013647569819219940e-01
6.385384831324824040e-01,3.614649654357028896e-01
6.096938295938361119e-01,3.902933993668658008e-01
7.200388778632820230e-01,2.799608082278645660e-01
9.137797236139071355e-01,8.622720225679803008e-02
6.916352938626512126e-01,3.083884175526379612e-01
9.619538827465765607e-01,3.807506444286778979e-02
5.569414180929239677e-01,4.430736720102854131e-01
6.948014652607078512e-01,3.051988557582213102e-01
7.399828874471654494e-01,2.600482093551132468e-01
6.743552447519777227e-01,3.256623053358008724e-01
7.191846662190760631e-01,2.808095875874241365e-01
9.274831060035191310e-01,7.253704356020561350e-02
7.955822330525745834e-01,2.044478626017185441e-01
8.268906930931533283e-01,1.731301392775617398e-01
7.718735283068776099e-01,2.281514455503413086e-01
7.476286692040374771e-01,2.523953294734282982e-01
5.904859717324455470e-01,4.095383206766287643e-01
9.353049724242497032e-01,6.469594024972270818e-02
7.707823818717204345e-01,2.292217577522137895e-01
9.266514131578098556e-01,7.337646895929025859e-02
5.276960000013543040e-01,4.722930403296906054e-01
8.476084121038356400e-01,1.524266984856261498e-01
8.114828041210384590e-01,1.885425208306695521e-01
6.411561543565151844e-01,3.588372642192719786e-01
7.425200791319296334e-01,2.574987984374278449e-01
7.101090606561146767e-01,2.898833406131499646e-01
6.264636939310128660e-01,3.735463562278214522e-01
6.585757438939078279e-01,3.414504696870545586e-01
5.691591951840274666e-01,4.308347503318876170e-01
7.817116588784358555e-01,2.183017705019304755e-01
8.538606970019855247e-01,1.461523986415237952e-01
8.565177128533277839e-01,1.435046407040224958e-01
6.946909219940898828e-01,3.053166300826136714e-01
5.543715877894915822e-01,4.456372252688258762e-01
5.477087263185593802e-01,4.523034310274492986e-01
7.844641975744967022e-01,2.155595310363825623e-01
5.823081455206744472e-01,4.177043423434093072e-01
7.224241412757899106e-01,2.775848340896285849e-01
9.086044443399555748e-01,9.140861884741213750e-02
6.980358049016116562e-01,3.019589905772825378e-01
7.398336196872642434e-01,2.601590989342587035e-01
6.405875794396138634e-01,3.594194777441123145e-01
6.384130399453384896e-01,3.615786830330029455e-01
7.279919102936457387e-01,2.720156925198136122e-01
9.113903351395538088e-01,8.863385268117768279e-02
5.336490153701206607e-01,4.663637351550668497e-01
8.740305085508230931e-01,1.259817542814984648e-01
6.510658912916336138e-01,3.489347985890970949e-01
8.958371673753552367e-01,1.041721268267420120e-01
5.303577669261150263e-01,4.696403248752998860e-01
8.843498842807384630e-01,1.156770346040698477e-01
5.295741825055858554e-01,4.704138077383929750e-01
9.216488559153692695e-01,7.835266412682044546e-02
9.869649223174297159e-01,1.307090247357244397e-02
8.887959522338129137e-01,1.112104487062735153e-01
9.577241323012168905e-01,4.228694032842716249e-02
5.842445368429705077e-01,4.157616115753348107e-01
6.976939860514639324e-01,3.023156167749074252e-01
9.030715486947356041e-01,9.694888783934310639e-02
6.667500192752575661e-01,3.332698494205877382e-01
5.394258772384949996e-01,4.605611335420753960e-01
7.087695762968057034e-01,2.912565523090961950e-01
5.699330277635986652e-01,4.300823341799387411e-01
9.332585944253644072e-01,6.675134657329145904e-02
7.596816301985520603e-01,2.403324640309493776e-01
5.647419346640786264e-01,4.352702468821576520e-01
5.963469834764189015e-01,4.036634515609506813e-01
9.825533177369782933e-01,1.747664016755071451e-02
6.465951264392564291e-01,3.534175178995804245e-01
9.010114852476902580e-01,9.900987584166806577e-02
7.367832251562342893e-01,2.632318750173741617e-01
6.954364814406072126e-01,3.045828938504313022e-01
7.294103659047816990e-01,2.705809572117988115e-01
6.065788949077798309e-01,3.934414583058394310e-01
5.881240433045872296e-01,4.118604796060504891e-01
8.840278456616416092e-01,1.160082351449604060e-01
8.345416071398470415e-01,1.654813166722124973e-01
5.056814906664274245e-01,4.943051649420750482e-01
6.975711122041359236e-01,3.024546993769817171e-01
9.663483365342382392e-01,3.365980652911933213e-02
6.531569597936697225e-01,3.468356102202125868e-01
5.718991035699207970e-01,4.281134615371012253e-01
7.380288804071858388e-01,2.619764127251090757e-01
7.181221097994071600e-01,2.819025885301685852e-01
9.687455025240845341e-01,3.125341084707811135e-02
5.357755822222501907e-01,4.642305671158666880e-01
9.397522317112767531e-01,6.025374221625709459e-02
9.905535901813203870e-01,9.454494083297331625e-03
9.371727625098560388e-01,6.282896554821762458e-02
7.299690666774543146e-01,2.700250370766130170e-01
8.424551829384563373e-01,1.575764822319564995e-01
6.204400629255246713e-01,3.795538272595421203e-01
5.549278847369446543e-01,4.450669632880027704e-01
