6.175153682922147613e-01,3.824846317666604212e-01
9.512472710289481270e-01,4.875272889379925201e-02
7.395134220050024743e-01,2.604865777105492275e-01
6.160001253824685108e-01,3.839998752646437419e-01
6.442306405916368162e-01,3.557693584802550379e-01
5.620306265039626270e-01,4.379693722016324564e-01
8.764093009209836804e-01,1.235907004204430254e-01
7.761889104953805241e-01,2.238110881423001075e-01
6.876411176376429069e-01,3.123588840577189440e-01
8.240098681460359398e-01,1.759901336099258529e-01
8.735047744707853390e-01,1.264952236131229035e-01
7.817844346152772461e-01,2.182155631500399817e-01
6.153970296322081035e-01,3.846029679788022237e-01
5.304345117150456312e-01,4.695654917202781164e-01
9.347631643863798523e-01,6.523683171374440593e-02
9.653029837586040163e-01,3.469702022521446716e-02
9.692466686662296604e-01,3.075332634368779794e-02
7.345582982422904639e-01,2.654416966271969658e-01
8.756137964141057495e-01,1.243862087863679411e-01
8.800799059287445214e-01,1.199200994611327453e-01
7.557983181410161677e-01,2.442016873413164479e-01
9.571920171470967853e-01,4.280798836406370794e-02
6.613917080645445035e-01,3.386082863891777817e-01
8.791022361271526586e-01,1.208977696329168044e-01
8.631468341161473434e-01,1.368531595791041555e-01
8.179762592373793773e-01,1.820237343515921091e-01
5.483832687290964847e-01,4.516167378154018475e-01
5.471326616090648187e-01,4.528673451178992226e-01
8.840655141978324139e-01,1.159344925823346945e-01
8.587893864782407682e-01,1.412106203512639713e-01
8.957907080650573395e-01,1.042092990793220958e-01
5.549900007218477871e-01,4.450099917157970819e-01
7.393283405473326519e-01,2.606716515567142345e-01
6.701793022644402242e-01,3.298207058608334519e-01
7.979102058134930342e-01,2.020898026670532865e-01
9.633734587110633907e-01,3.662655000904620900e-02
7.356986308431181509e-01,2.643013779120156337e-01
9.728767791468765358e-01,2.712322963347795282e-02
5.731026249629846969e-01,4.268973844047878052e-01
5.592885059136853965e-01,4.407115035086162647e-01
6.445926568128125256e-01,3.554073336322017274e-01
8.059770635719093468e-01,1.940229268425549825e-01
6.432863122464714811e-01,3.567136779116894529e-01
7.542842933385347504e-01,2.457156966599666481e-01
8.182391698840246752e-01,1.817608197630395106e-01
8.460214623802952971e-01,1.539785269921624955e-01
6.461999583830253524e-01,3.538000524273374747e-01
8.410108930735953336e-01,1.589891181237578777e-01
9.505984937091869202e-01,4.940149471248943963e-02
7.491952758449786920e-01,2.508047122376660942e-01
6.057319573527120138e-01,3.942680545962146121e-01
7.949482701587429201e-01,2.050517419614122649e-01
6.446435561292207517e-01,3.553564560901053548e-01
5.799508021423497306e-01,4.200492101375211673e-01
7.453232438835314388e-01,2.546767684405766285e-01
8.213992329794588265e-01,1.786007539743243722e-01
6.903963278081863830e-01,3.096036586540585334e-01
7.891085890512548051e-01,2.108913972506117340e-01
8.374386783914544718e-01,1.625613077550545349e-01
5.038207888075529883e-01,4.961791973252671628e-01
5.328493101462068449e-01,4.671507037825021191e-01
8.109181487057479654e-01,1.890818653460287213e-01
8.098626452517760921e-01,1.901373688211053237e-01
7.400233589244962218e-01,2.599766554372566207e-01
8.973703221639457439e-01,1.026296619241645752e-01
9.487923951962922153e-01,5.120758800769847907e-02
7.949796851715487112e-01,2.050202978654267483e-01
8.321291819314794447e-01,1.678708010447527432e-01
5.057320526757926871e-01,4.942679302765033422e-01
7.748998498912601507e-01,2.251001329159478537e-01
6.055962409322571682e-01,3.944037415307226069e-01
9.732845272339767373e-01,2.671549042325684423e-02
7.609272588805009452e-01,2.390727588580793816e-01
6.915533981066560587e-01,3.084465829657550007e-01
9.141795228108259286e-01,8.582049616993438212e-02
5.672281131419201206e-01,4.327719059746872321e-01
6.512597109821272046e-01,3.487403084951076759e-01
7.894101212856983185e-01,2.105898591924636465e-01
8.769847607628459274e-01,1.230152194514042147e-01
9.808690843540281978e-01,1.913093597023121650e-02
9.791526584453766890e-01,2.084732118170926074e-02
7.094251742139194850e-01,2.905748052964213235e-01
7.095463488104850613e-01,2.904536306949629942e-01
7.804231023862459038e-01,2.195769197539964579e-01
8.380224543107048785e-01,1.619775228945167789e-01
5.724889977047088463e-01,4.275110252853485671e-01
6.709391457742289733e-01,3.290608311352498649e-01
5.823043520057958888e-01,4.176956247850776016e-01
5.809641626321767616e-01,4.190358618365959131e-01
5.877658880177858425e-01,4.122341365752854592e-01
6.490338500523066267e-01,3.509661252876594140e-01
9.503884355622140845e-01,4.961153926346830584e-02
8.687140477334756028e-01,1.312859270322957461e-01
7.574052039838699013e-01,2.425948214785121348e-01
6.031189092172098976e-01,3.968811164796808288e-01
6.605049135094525070e-01,3.394950605732257598e-01
5.020426373542512533e-01,4.979573365881663771e-01
6.251433557253424089e-01,3.748566181806718411e-01
7.649934926003403302e-01,2.350064809123116327e-01
9.503603900084696132e-01,4.963963653193959741e-02
6.678068453235108670e-01,3.321931281346557352e-01
7.774391074087115827e-01,2.225609201924774738e-01
6.081200677668578969e-01,3.918799045319864005e-01
7.452160984784740316e-01,2.547839295256901226e-01
6.153710821109730222e-01,3.846289460814130701e-01
7.440326958068830265e-01,2.559673327196539394e-01
8.129698447853419552e-01,1.870301838270033434e-01
9.228188607927438891e-01,7.718116827083291998e-02
8.399051702175723833e-01,1.600948589157915325e-01
6.064608109404036052e-01,3.935391598478233388e-01
9.572810605528199179e-01,4.271891019158249869e-02
5.572239622765300382e-01,4.427760679352144568e-01
9.664904950105333015e-01,3.350953539878206988e-02
5.125490164262889170e-01,4.874510141043937317e-01
5.311415616637172876e-01,4.688584075677207919e-01
7.275252138768210086e-01,2.724747553364502695e-01
6.949251259311959306e-01,3.050749049027863258e-01
8.608223684850913049e-01,1.391776625611295115e-01
9.158136932829969989e-01,8.418633804588862568e-02
6.267748851679338928e-01,3.732251463568098671e-01
7.221993054778661492e-01,2.778007261515935689e-01
6.372555546651021974e-01,3.627444136811674991e-01
8.772939773478474201e-01,1.227060543505956725e-01
8.946579086147306015e-01,1.053421232074339131e-01
8.083881219629103221e-01,1.916118450888071034e-01
9.066622812805069653e-01,9.333768543083795222e-02
8.787734436423564333e-01,1.212265225294573007e-01
6.578989347496639883e-01,3.421010313828165561e-01
8.863238392370389462e-01,1.136761267251513996e-01
8.838394789173402710e-01,1.161605555423896596e-01
9.274790081887287485e-01,7.252102646031158284e-02
8.346072212553934389e-01,1.653928137364040485e-01
5.765652868373704054e-01,4.234346779381926718e-01
8.765331381988756831e-01,1.234668259387241840e-01
9.773437552992014776e-01,2.265628076244291869e-02
9.810220840266576925e-01,1.897795252445616879e-02
8.223244897499868422e-01,1.776755471339682146e-01
9.054994141555403608e-01,9.450054763318668782e-02
8.240081229189581968e-01,1.759918383524423646e-01
7.393221434727956787e-01,2.606778175353998694e-01
8.844866519480575340e-01,1.155133871131540368e-01
5.642421998578677211e-01,4.357578396093653161e-01
7.060067586891177749e-01,2.939932809913505252e-01
8.262280001590551759e-01,1.737720395802944406e-01
6.121803562704978274e-01,3.878196038437771720e-01
8.829820787370668000e-01,1.170178813553544445e-01
5.500311442531450323e-01,4.499688961738864124e-01
9.546511470395204757e-01,4.534881250213174120e-02
7.120875842788794152e-01,2.879124567444710792e-01
8.790022308872005308e-01,1.209978108218855014e-01
6.869231943962914588e-01,3.130767638799034636e-01
7.599805843134755934e-01,2.400193736698267022e-01
5.266202995352360361e-01,4.733796583943819525e-01
8.030820785162731124e-01,1.969178790433435688e-01
7.598679279160185374e-01,2.401320291970975851e-01
8.095224281517425791e-01,1.904776148605063224e-01
6.543998852647155973e-01,3.456001578125448837e-01
8.178943356622498939e-01,1.821056212331296220e-01
9.568078624355484951e-01,4.319209308709532485e-02
7.023052013820625383e-01,2.976948433476703793e-01
5.278703336125882828e-01,4.721296215633904447e-01
7.679291723376469037e-01,2.320708726383407805e-01
7.073449745554747370e-01,2.926549793507732811e-01
7.889963802662760539e-01,2.110036660135807263e-01
6.154441901933845882e-01,3.845557631450061686e-01
6.100802293646099272e-01,3.899198173021206082e-01
7.011848257932029593e-01,2.988152214187149158e-01
9.199389730205835836e-01,8.006107463310545291e-02
7.608643164563595462e-01,2.391357314540094037e-01
5.836997141251597521e-01,4.163003339803061364e-01
6.841732282750152550e-01,3.158268201984631984e-01
6.967954464915648849e-01,3.032045049152548022e-01
5.104590831245431337e-01,4.895409659151484516e-01
8.824741575049515063e-01,1.175257934125323173e-01
8.354299515938160559e-01,1.645699991763156234e-01
8.361646540638416614e-01,1.638353955407912399e-01
6.236363323506196599e-01,3.763637175277532165e-01
7.075948188135126049e-01,2.924051311263426989e-01
5.757023165926442587e-01,4.242976333439058001e-01
7.131443155000281031e-01,2.868556343634215966e-01
7.436661911975417372e-01,2.563338598008141900e-01
9.358147286612799043e-01,6.418532239256403982e-02
7.749651630067909691e-01,2.250348885887367978e-01
9.268478310815851939e-01,7.315222070440723090e-02
7.393966864538001893e-01,2.606033654691207735e-01
7.283542616391298630e-01,2.716456864198326104e-01
8.435492169956926301e-01,1.564508351623699889e-01
8.385236027360332134e-01,1.614763450585152693e-01
7.231586291346030482e-01,2.768413179402139934e-01
6.565544654126607149e-01,3.434455875968429606e-01
8.701173996106905673e-01,1.298826534433043245e-01
9.788174233813351499e-01,2.118262971816146575e-02
8.597541657960017236e-01,1.402458875082726875e-01
6.130287924131205823e-01,3.869711540632092550e-01
6.360110670214081940e-01,3.639888794046779452e-01
8.186292304731457303e-01,1.813707158450926227e-01
9.547388218104475577e-01,4.526123196957360095e-02
8.507832635495562457e-01,1.492166819659152821e-01
6.330032828749950768e-01,3.669967716904129484e-01
5.251813284170399054e-01,4.748186167161639881e-01
7.654402297668823074e-01,2.345597151980955697e-01
6.362729588923936586e-01,3.637269852973391004e-01
6.186239114078050383e-01,3.813760327447953125e-01
8.998568437899343575e-01,1.001431000307391600e-01
7.245301516666641239e-01,2.754697920673134237e-01
7.691864013529414734e-01,2.308135420892880596e-01
5.054134929215051697e-01,4.945865638078625892e-01
5.154314466144043205e-01,4.845686103843792059e-01
7.349020083551099924e-01,2.650979344221719991e-01
8.175571191611421540e-01,1.824429381912970327e-01
7.775794257904291573e-01,2.224205168498190333e-01
9.483545926560755790e-01,5.164534882586988007e-02
9.726370513199302792e-01,2.736288911734727908e-02
8.493727900267266095e-01,1.506272696382787435e-01
7.927496741655066792e-01,2.072502654394365318e-01
7.036582799314846648e-01,2.963417807530582815e-01
9.512964962024879068e-01,4.870344289533001109e-02
8.814372764561537732e-01,1.185626624630296555e-01
9.584347480703250266e-01,4.156531302420099494e-02
7.502946776403819351e-01,2.497053837596668324e-01
8.627940224443177986e-01,1.372060389564119243e-01
7.919910497035833608e-01,2.080088885354831052e-01
7.025362448033122265e-01,2.974636934209964889e-01
6.725736092422972545e-01,3.274263288995657994e-01
6.818464203224543496e-01,3.181535178154255017e-01
7.616638916192826070e-01,2.383360460618360877e-01
5.895748505374099890e-01,4.104250870917430238e-01
5.687575487250642325e-01,4.312425144560045887e-01
5.520687623692295265e-01,4.479311739979083273e-01
7.100059297538572345e-01,2.899940064275653984e-01
8.516177363051204985e-01,1.483821996124424503e-01
8.298160881393956689e-01,1.701838477430487051e-01
8.664571790678163854e-01,1.335428852598463667e-01
8.676951298725374961e-01,1.323049346436015739e-01
5.490955870397939975e-01,4.509044777893906897e-01
8.778228577784881193e-01,1.221770773751374162e-01
7.111863899466690508e-01,2.888135451769846540e-01
5.248488270541952216e-01,4.751511074110873478e-01
5.689058297858675672e-01,4.310941042202364737e-01
5.747887717045699896e-01,4.252111622800024415e-01
8.711021460521226611e-01,1.288979201570586153e-01
5.978136473049155963e-01,4.021864192074990352e-01
7.290103797136968655e-01,2.709895535633976560e-01
5.769790884353247495e-01,4.230208444254685562e-01
6.322431978191149771e-01,3.677568695062822801e-01
5.601903771336766980e-01,4.398096913609559899e-01
6.268985573172710657e-01,3.731015112307823900e-01
7.657144655996606097e-01,2.342854656278910153e-01
8.311339603122613884e-01,1.688661088749054129e-01
5.689720632416976898e-01,4.310280059555572918e-01
8.239988925905337158e-01,1.760011769370306012e-01
7.523164397092589883e-01,2.476836302810981327e-01
7.850426820102045511e-01,2.149573881088331639e-01
6.084081401477661188e-01,3.915919317804494870e-01
9.078783308566876764e-01,9.212174127341068997e-02
7.996322275217954134e-01,2.003678451301790786e-01
8.381906357650203976e-01,1.618092913786421116e-01
5.938766802642581055e-01,4.061233927976929947e-01
9.499688852311761744e-01,5.003104153659957559e-02
6.602236094854718740e-01,3.397763171194569942e-01
6.824252520743273598e-01,3.175746741463150724e-01
8.595713483741196370e-01,1.404287256107048520e-01
6.991448447111193731e-01,3.008550809221093303e-01
8.562066267070564951e-01,1.437934478884906608e-01
8.267826820717325553e-01,1.732172431792371736e-01
8.299073591473468126e-01,1.700927156956913155e-01
8.239991402675163057e-01,1.760007848420739596e-01
5.209446784235525207e-01,4.790553965346348586e-01
8.681455599787257782e-01,1.318543648010638836e-01
5.072952690130722031e-01,4.927046555796367189e-01
7.636710891871535400e-01,2.363288349940534938e-01
9.204300530102109690e-01,7.957002306355061283e-02
7.052062204755715769e-01,2.947937031294607380e-01
7.104405630896754031e-01,2.895593604455031778e-01
8.168788957366512893e-01,1.831210277196392566e-01
6.605960353151649755e-01,3.394038876366562985e-01
8.129080116767766206e-01,1.870920655052424331e-01
7.256518860387554115e-01,2.743480367012707810e-01
7.221517206751600915e-01,2.778482018177282908e-01
7.714966471425995787e-01,2.285032753252668192e-01
7.079124306625118601e-01,2.920874916299422419e-01
7.307578081883709942e-01,2.692421139968314003e-01
8.324855207940558000e-01,1.675145570824912999e-01
8.092392186562094025e-01,1.907607034341449737e-01
9.275319906997117059e-01,7.246793131485738948e-02
6.981162406124976627e-01,3.018836813459386259e-01
5.759120615327957271e-01,4.240878604032078392e-01
5.038153833890065547e-01,4.961846947817973863e-01
5.563432017703764387e-01,4.436567196724666151e-01
8.136628213282088851e-01,1.863372572403574068e-01
9.171731685838488968e-01,8.282691006280477886e-02
7.796365255902937275e-01,2.203633957401330001e-01
7.356083324425075620e-01,2.643915886012371264e-01
6.999130551504029185e-01,3.000868656053679584e-01
6.174824960835909593e-01,3.825174239408102306e-01
6.697720554727831788e-01,3.302280246525415852e-01
8.148841622776401561e-01,1.851159178644850301e-01
6.094657244067103186e-01,3.905341951028251102e-01
9.656908778710477925e-01,3.430920262370518864e-02
8.963902352383614769e-01,1.036098455946765223e-01
9.325529693812359966e-01,6.744711160020390450e-02
9.383141303684173762e-01,6.168578850422475057e-02
9.295981321325359481e-01,7.040178673802260922e-02
6.951761694527786029e-01,3.048239117978876478e-01
8.421639310085444752e-01,1.578359876108398341e-01
8.973487993943916052e-01,1.026512821007430493e-01
5.976695782840766302e-01,4.023303401206500540e-01
9.391294215115797428e-01,6.087066016348009756e-02
9.462620565715265109e-01,5.373802538437277843e-02
7.319208679995377054e-01,2.680790495684635677e-01
9.282297483745483024e-01,7.177033424984699539e-02
6.066158682665822033e-01,3.933842143880424413e-01
9.400268291478988125e-01,5.997308800257719619e-02
8.130475118352447073e-01,1.869525713614509643e-01
8.000150921434754370e-01,1.999849913069722540e-01
9.585509889553797125e-01,4.144909506966129586e-02
8.472876437879773848e-01,1.527124409358337209e-01
7.180737351570334326e-01,2.819263499839637088e-01
8.797769184438769541e-01,1.202229962979626948e-01
8.598511030202815597e-01,1.401488115184608696e-01
9.172627404366578974e-01,8.273717409934787381e-02
7.559628404286322656e-01,2.440370740166054597e-01
6.985335434281038092e-01,3.014663707965322126e-01
6.543853853298450263e-01,3.456145286860129451e-01
7.467020122305366714e-01,2.532979010927084995e-01
8.627861254735097463e-01,1.372139616506780346e-01
5.916868757087897501e-01,4.083132116087768715e-01
9.568341642173996409e-01,4.316574841396609435e-02
6.868617699935652965e-01,3.131383179839199449e-01
7.282557624026142484e-01,2.717443260314057474e-01
7.295807665249096630e-01,2.704135637627000932e-01
8.648867984377919260e-01,1.351202231272232990e-01
6.779653115072969971e-01,3.220635532828930447e-01
6.111364882663669063e-01,3.888833718313691179e-01
5.798047073824575959e-01,4.202063533556282815e-01
5.437147275855933604e-01,4.562787891545987962e-01
5.901620103388061089e-01,4.098440369227340785e-01
9.105184485657240590e-01,8.947889986795502792e-02
8.683252316973928409e-01,1.317040219219174357e-01
6.413536166606936817e-01,3.586602904800046399e-01
7.299285706480671543e-01,2.700623951843413861e-01
8.195327440307251798e-01,1.804817916400386357e-01
7.129730686061497291e-01,2.870251975606882833e-01
6.062041492436439638e-01,3.938209179420228967e-01
7.615810008656848096e-01,2.384423219564870133e-01
9.522209846247664533e-01,4.781915918020511469e-02
5.362734959363837373e-01,4.637260849348761038e-01
5.090296534553363506e-01,4.909782593111506888e-01
5.924563548924564049e-01,4.075275029512353542e-01
7.023535500963092870e-01,2.976616523031721528e-01
8.547070558290505993e-01,1.453258410397880451e-01
7.713918811771489636e-01,2.286014451648199775e-01
8.142285219043468025e-01,1.857897109865032370e-01
9.580477991476059607e-01,4.198762069646993361e-02
7.657391522294628716e-01,2.342728566682488467e-01
6.401424853216206579e-01,3.598820261291902356e-01
6.956393461914095466e-01,3.043813694168350237e-01
7.345222479832491658e-01,2.655076954474567263e-01
6.823811592118197433e-01,3.176400924928290959e-01
8.795112057315523924e-01,1.205017949191739823e-01
9.648439325481372730e-01,3.516220201941087226e-02
8.359624243477203898e-01,1.640358611256415300e-01
5.584823151707779543e-01,4.415345263268221632e-01
6.744555088472101723e-01,3.255728705426628178e-01
5.679951543660131108e-01,4.319872465060345390e-01
6.842778040639431181e-01,3.157374401901132388e-01
8.598011885425486112e-01,1.402222398021101268e-01
9.446986954620056887e-01,5.533789232479995046e-02
5.570235332187108979e-01,4.429640106046353609e-01
8.401151623412572711e-01,1.598891881490358546e-01
7.028670050084731002e-01,2.971603842112716110e-01
9.030406854240210501e-01,9.696356280961153373e-02
5.908843450883054516e-01,4.091349437402180822e-01
7.017497332839355284e-01,2.982623819548453348e-01
8.155976201174215401e-01,1.843964305384486191e-01
9.083402263920342667e-01,9.166553135991020729e-02
7.799431309089639441e-01,2.200860330576749624e-01
8.144850107394392413e-01,1.855216283399860056e-01
6.355866396728357959e-01,3.644053883441717989e-01
8.329285087905839990e-01,1.670803168572259356e-01
7.509054577148669418e-01,2.491137112093912143e-01
8.108370595383344037e-01,1.891576554343823990e-01
7.488765032393140952e-01,2.511525487898992881e-01
5.931959149558585498e-01,4.068129823955528579e-01
8.073078524267669476e-01,1.927224147944300581e-01
5.599402587596892245e-01,4.400612536367047301e-01
7.813829302500805429e-01,2.186098012761770459e-01
7.391875837910599767e-01,2.608175570942731780e-01
8.352101829983678005e-01,1.647871297255715517e-01
6.727211166033885137e-01,3.272666675985153040e-01
6.901111319447192916e-01,3.098961378979189218e-01
5.756768911365230945e-01,4.243298937996662912e-01
9.536547106517087036e-01,4.635614433863969458e-02
8.167625828570179713e-01,1.832610375522366053e-01
9.501683733374198804e-01,4.986712917752311042e-02
9.358592098037263884e-01,6.417411670045819472e-02
8.349232685807076448e-01,1.651030564777912213e-01
6.590740499810365804e-01,3.409495725244043318e-01
5.345604891153757920e-01,4.654242721588756626e-01
5.160934354159071313e-01,4.839279150577402433e-01
9.458787636189991410e-01,5.415821065331603845e-02
9.500014534634961816e-01,5.000153173754925962e-02
5.533608295782254105e-01,4.466201806862701851e-01
5.063758928290096328e-01,4.936052426103434976e-01
5.552184283727529257e-01,4.447928215345397507e-01
9.227148011062301647e-01,7.730788001693089662e-02
7.174768355899920902e-01,2.825366788089798686e-01
9.109785377831052244e-01,8.904863368897228404e-02
9.717056484512138770e-01,2.832206332765472082e-02
9.145626356157570136e-01,8.545973530969877552e-02
5.125694442633327297e-01,4.874216347220547974e-01
5.142446348649130083e-01,4.857481767814874618e-01
9.420077145300567167e-01,5.800114092416920608e-02
6.125489143220670396e-01,3.874455215747945047e-01
7.852212927526320829e-01,2.148074843298875825e-01
8.733206415426515434e-01,1.266790876118793208e-01
5.877271439541239539e-01,4.122885653268962280e-01
5.294188793039570351e-01,4.705769354979354446e-01
5.343964121634625641e-01,4.656116660629366910e-01
7.883063999180386361e-01,2.117178552780265288e-01
8.151883147377172456e-01,1.848208488566324137e-01
8.025994802199269973e-01,1.974272369661446425e-01
7.945070547293049401e-01,2.055263017734257902e-01
8.182734176169785822e-01,1.817334875609876443e-01
5.683193824998233890e-01,4.316932977438118213e-01
8.219239955639060513e-01,1.780831220799633519e-01
7.902798982491987534e-01,2.097295561023741484e-01
7.624713595630290275e-01,2.375473612957417491e-01
7.822648229739346259e-01,2.177458804372484347e-01
6.403036827711920953e-01,3.597186549895060037e-01
6.552376902892992350e-01,3.447821981999379393e-01
6.402885950477907873e-01,3.597118300087582821e-01
6.206701170259951716e-01,3.793409067331446893e-01
7.526531337486944695e-01,2.473781625053978195e-01
5.896921886411213842e-01,4.103227190250272050e-01
8.010410394175987436e-01,1.989869874777944747e-01
7.118549085059384662e-01,2.881587231795407766e-01
9.126028171322007054e-01,8.743105183862566465e-02
7.840654811125331580e-01,2.159470397339507408e-01
7.097154903388590563e-01,2.903067320316513600e-01
8.111280498962926133e-01,1.888819638527568789e-01
5.949404786446839122e-01,4.050839450251194629e-01
8.306098061278257561e-01,1.694034718766085079e-01
7.025150469444368939e-01,2.974846092991929036e-01
7.598811092012045521e-01,2.401108309581079236e-01
7.989378906128987712e-01,2.010646419472390811e-01
8.440356265489550314e-01,1.559945148309407614e-01
6.937004499591500339e-01,3.062956954141579646e-01
5.279193869343167256e-01,4.720925076468190928e-01
5.435818455380513337e-01,4.564389299130170996e-01
8.166655990655669051e-01,1.833275651641499693e-01
6.094853820600331096e-01,3.905067109294411143e-01
7.743433280247147277e-01,2.256600077494449463e-01
6.620235688989830614e-01,3.379832855504671940e-01
5.615763669049844697e-01,4.384207436875608987e-01
5.082940827747193246e-01,4.916978591552770839e-01
5.080354061538755461e-01,4.919785078449904758e-01
5.584905897235667993e-01,4.415023607395371363e-01
6.449628984451074576e-01,3.550438041198640815e-01
7.812727629093610959e-01,2.187512123617373350e-01
5.168187306659616231e-01,4.831967973749811684e-01
8.877431251738649998e-01,1.122742667611735384e-01
8.295268792837031668e-01,1.705022643959967221e-01
8.773870266006686958e-01,1.226402090295000968e-01
9.012770589524088383e-01,9.875218759646987865e-02
8.174952961312238475e-01,1.825236294308218710e-01
5.846582371606507955e-01,4.153463465522296838e-01
7.100512949737847190e-01,2.899533973097717099e-01
7.336255238580914328e-01,2.663808212018947130e-01
6.789060761047811532e-01,3.211133538071599403e-01
5.841963201214597223e-01,4.158222465424111780e-01
9.015234713985378345e-01,9.849619360960330805e-02
5.242498543122612320e-01,4.757377514453148271e-01
7.340397675840137914e-01,2.659540864243208902e-01
9.025791209225809686e-01,9.743530713405884613e-02
7.285965873905593249e-01,2.713926046710187778e-01
8.063080746859339065e-01,1.936949822173633096e-01
6.196933210880460896e-01,3.803307143583709027e-01
7.874886231780930945e-01,2.125292513718964049e-01
8.290765772148889212e-01,1.709300481701923058e-01
7.931275177697979517e-01,2.068993171851457036e-01
7.222467057759522913e-01,2.777645103603179066e-01
5.799094563460105434e-01,4.200880885282173294e-01
9.215260154534266057e-01,7.847911277725472257e-02
5.712822537108830367e-01,4.287196413058269040e-01
5.335396489479902193e-01,4.664786846741598159e-01
8.852013555396297528e-01,1.148169737564758014e-01
7.519712897633341608e-01,2.480587834946970105e-01
5.523986954008327510e-01,4.475861411889935360e-01
5.358428017135952182e-01,4.641433415125124085e-01
8.643119337501933286e-01,1.356898058764178516e-01
6.482509650250294353e-01,3.517593284218990535e-01
9.569515849810990016e-01,4.308821885845857957e-02
6.731064140386967543e-01,3.269192178478618760e-01
9.621873208948954481e-01,3.781112226218134864e-02
6.100135848516707870e-01,3.899904515330732124e-01
8.639517999839148032e-01,1.360821014521253203e-01
5.994877321826824756e-01,4.005250390220551071e-01
8.354870566295633516e-01,1.645287261978694016e-01
5.119160564223217413e-01,4.880782419006106654e-01
7.287615970018227474e-01,2.712485137420119208e-01
6.721976500692676826e-01,3.278115791387023470e-01
9.724622961363434959e-01,2.757108574013275235e-02
5.342394741622250587e-01,4.657586731324956375e-01
9.781528723620300791e-01,2.187108334477435093e-02
6.391327694514086222e-01,3.608913095827958606e-01
6.125768961170243720e-01,3.874338590716774333e-01
7.519013055610763718e-01,2.481154087373817485e-01
7.561942792050247997e-01,2.438012324028913935e-01
7.930677890380442019e-01,2.069379264303271571e-01
7.361788136402244165e-01,2.638110514760872993e-01
6.426388926602675244e-01,3.573578756056071670e-01
7.246294889779084647e-01,2.753595078038980626e-01
6.859486973138150256e-01,3.140689242161738282e-01
8.288106670679722399e-01,1.711908241609434167e-01
9.777294715624074151e-01,2.229285609633315998e-02
6.822168576250806638e-01,3.177858657775710638e-01
6.932573802562389531e-01,3.067508549466225198e-01
5.330928222572823838e-01,4.669035283880202392e-01
6.726809272667946260e-01,3.273206806139186686e-01
9.656788433726843923e-01,3.433050674440382699e-02
5.901381697567793516e-01,4.098617374323182960e-01
8.770451963463488099e-01,1.229754610247340840e-01
5.750025785299409664e-01,4.250029571040472298e-01
8.035274545869728335e-01,1.964755138474535145e-01
6.813948460617226255e-01,3.186127150639636585e-01
8.768284353046378321e-01,1.231815123589823230e-01
7.932397802662105590e-01,2.067595858521916463e-01
6.608482147943622875e-01,3.391468372375330831e-01
8.025911396682516852e-01,1.974010908879278714e-01
6.804108074299779485e-01,3.195973768585115282e-01
7.942848575795382615e-01,2.057193452539189116e-01
5.888916015771565871e-01,4.111037459129013860e-01
7.751430478748019270e-01,2.248771589362087431e-01
7.598182928293288896e-01,2.401737707304652247e-01
9.051599071869712576e-01,9.486466625180910162e-02
7.845112409589514169e-01,2.154962413034681445e-01
8.917304028611061639e-01,1.082750567804967728e-01
5.881938261923462807e-01,4.118042381249307771e-01
5.045316009173829164e-01,4.954591111504836332e-01
6.182182000042935055e-01,3.817874902276986449e-01
8.470548895269501832e-01,1.529584074721161702e-01
6.556531574798531992e-01,3.443589952830961032e-01
5.943752513032640739e-01,4.056410963462461217e-01
7.677564721056200359e-01,2.322729553886930809e-01
7.076950637190413396e-01,2.923308096471136097e-01
8.531196838475758604e-01,1.469129570743699098e-01
9.176684294312302814e-01,8.235856462592175409e-02
8.468615086436375172e-01,1.531418865431050380e-01
8.103300008139220356e-01,1.896768049981383542e-01
6.341551335063096984e-01,3.658576826019942496e-01
7.093217854541443712e-01,2.906742696418558314e-01
7.922300167904045010e-01,2.077724105678395161e-01
7.505156106677288719e-01,2.495116945001615294e-01
7.818538094106028957e-01,2.181546399027280148e-01
7.332388787437386091e-01,2.667912580340187079e-01
7.314667906946135112e-01,2.685398502053477632e-01
8.935643598664707588e-01,1.064552136210575872e-01
9.786695214624476780e-01,2.136099238788539620e-02
7.221625569514162901e-01,2.778488911206462575e-01
5.186907295908369520e-01,4.813292502310489440e-01
6.879286053006001822e-01,3.120888241665327190e-01
6.373613461267408908e-01,3.626594488185563292e-01
8.052527409521201829e-01,1.947454216719595177e-01
5.453731787173834444e-01,4.546418191712112145e-01
6.236764313058539289e-01,3.763135138885661535e-01
6.945327129639559116e-01,3.054616677558828486e-01
6.001806961459219547e-01,3.998385830726976509e-01
9.141234583688688797e-01,8.589220172066008852e-02
9.801903067322599306e-01,1.982385225972553913e-02
6.496444074475974384e-01,3.503816791502112893e-01
7.750736026035327519e-01,2.249345581698461438e-01
7.355523408226167792e-01,2.644750112741178771e-01
8.624646150025140345e-01,1.375433400169953635e-01
5.265141097564005612e-01,4.734726987923693620e-01
7.394749908148073869e-01,2.605287406821807372e-01
5.882987330601248122e-01,4.117049871565199304e-01
6.447919789866839446e-01,3.552185636907532751e-01
6.146256847655869882e-01,3.853896743168417349e-01
9.669009256584331080e-01,3.312342451789834080e-02
6.258218500119507866e-01,3.742030168753421315e-01
7.675597741039439370e-01,2.324354675125225311e-01
8.403033309007105212e-01,1.597155442620855348e-01
9.374765424322542007e-01,6.252501424249203021e-02
6.776560289797816106e-01,3.223597686114181293e-01
8.426984885177042361e-01,1.573347967385713697e-01
7.917196854458896649e-01,2.083048015032912259e-01
9.033313745906083048e-01,9.669247980324599534e-02
5.302713888292508448e-01,4.697207719173747131e-01
8.904368926647441285e-01,1.095593662026504017e-01
9.638684723318438063e-01,3.613010395573687528e-02
7.724725405358692232e-01,2.275303448244292426e-01
7.123512691990779855e-01,2.876749791885014340e-01
5.278069736753193686e-01,4.721987801071482194e-01
6.307960427319595498e-01,3.691902153346889870e-01
9.242889426314544465e-01,7.572584601450978170e-02
6.094375123933362115e-01,3.905817087472440163e-01
9.676949166866943841e-01,3.232860492468354885e-02
8.763867766579327423e-01,1.236414411705407668e-01
5.814372845837463277e-01,4.185695742014459708e-01
9.151867420177443035e-01,8.482450395859593428e-02
5.424504095959024053e-01,4.575650764606169485e-01
5.327163549963298550e-01,4.672924113820451364e-01
8.482067842595808482e-01,1.518284226419368277e-01
8.019466624532664012e-01,1.980844354811112373e-01
6.683101294297362216e-01,3.316941611998860395e-01
9.393703063296388045e-01,6.064066640205726527e-02
8.563015421635340463e-01,1.437309893215315548e-01
9.147906880750590330e-01,8.522772128712519102e-02
5.648636389839767347e-01,4.351403623443041990e-01
8.788400537329449369e-01,1.211735711817747002e-01
5.734286512710915495e-01,4.265946428748816355e-01
7.135925363218478257e-01,2.864303654452171610e-01
7.038531777634489117e-01,2.961726067082106617e-01
5.893561329758488787e-01,4.106497263662122754e-01
9.395636304761116886e-01,6.045006633789555550e-02
7.950758772476240743e-01,2.049473219084251285e-01
7.537669428051323450e-01,2.462487260671370748e-01
8.797739560690603922e-01,1.202266979548743953e-01
6.205595801687224800e-01,3.794244557659445793e-01
7.770809895057364525e-01,2.229469382640597019e-01
7.831563926546054599e-01,2.168359125825250755e-01
7.805816346666029082e-01,2.194101179944149826e-01
5.908163375483674873e-01,4.091979119699717948e-01
7.258602571713896889e-01,2.741301413071953741e-01
7.622556165596854338e-01,2.377571857151258294e-01
6.545113553289814146e-01,3.454868411584319232e-01
6.201158826559203252e-01,3.798757553398738884e-01
7.411455041728880477e-01,2.588507015823489632e-01
9.328088919062074158e-01,6.721449508874642598e-02
5.993747660241643960e-01,4.006307396188828474e-01
8.711714134326326020e-01,1.288403257215277598e-01
5.292335524921495393e-01,4.707890095609379433e-01
9.453785039465194551e-01,5.463441305426137984e-02
9.079319672103990380e-01,9.206580282747392485e-02
6.925959975959981030e-01,3.074276765270950174e-01
8.852008544807523638e-01,1.148192368336187347e-01
6.206231940092347132e-01,3.793998204186596612e-01
8.945003628585762590e-01,1.055350225450259749e-01
8.794712634507408922e-01,1.205374073624157077e-01
5.432461508283061846e-01,4.567517567382937127e-01
9.659933407364631464e-01,3.403950698523267732e-02
7.987072882363031034e-01,2.013128526643823968e-01
9.721932223823285257e-01,2.784570407213046370e-02
5.355284469384731239e-01,4.644760888993172410e-01
5.218028444230478069e-01,4.782173718238195148e-01
8.198766668608430397e-01,1.801426154371155441e-01
8.065896284214908452e-01,1.934098742580498409e-01
9.628933348928534475e-01,3.711845449263992402e-02
5.077668696776961310e-01,4.922163255208357180e-01
6.455654827910242144e-01,3.544332390022396084e-01
6.099516923310247529e-01,3.900535994330815437e-01
6.647526882987149222e-01,3.352709551574842850e-01
6.767625588315762108e-01,3.232572988955559334e-01
7.375475558891773087e-01,2.624742971314695250e-01
8.506434101592509345e-01,1.493709494386913916e-01
9.173027596332672395e-01,8.271689381765963411e-02
9.655910211543814459e-01,3.444687973938991704e-02
9.292082417923461790e-01,7.078938401492916588e-02
8.002075324049201521e-01,1.998059994640566106e-01
9.515311566290793888e-01,4.850174810294966693e-02
7.880125444034962179e-01,2.120113895357825795e-01
7.278968750606591431e-01,2.721059723657363594e-01
8.669601146504151146e-01,1.330555034957025540e-01
8.419659506424106432e-01,1.580446499512821179e-01
5.862623070471747466e-01,4.137271438347021602e-01
7.255693984786881767e-01,2.744266605915738899e-01
5.061488213361868826e-01,4.938484856518478572e-01
5.403111798864128623e-01,4.597031301920639357e-01
5.132421927683769036e-01,4.867427619959701635e-01
9.172120685884939117e-01,8.278886258541587329e-02
6.372149938750097942e-01,3.627861955525308324e-01
6.133659324533294877e-01,3.866413403831732154e-01
8.353052140796577429e-01,1.646953333562885535e-01
5.955702685734043378e-01,4.044361644883094908e-01
6.265500726767924133e-01,3.734650338764706756e-01
9.310168822182280923e-01,6.898972780673301441e-02
6.927095683605761778e-01,3.072856584732667762e-01
9.056425726524431896e-01,9.438151235921975191e-02
8.733546194330449319e-01,1.266464248061947018e-01
6.503189394516408761e-01,3.496869860710283273e-01
9.128762153699844228e-01,8.714236295840599444e-02
7.132249943498338851e-01,2.867993855000408598e-01
7.719135380686538150e-01,2.281176295441967317e-01
6.854659524945612148e-01,3.145320825025322287e-01
5.635792373460949412e-01,4.364324627538826995e-01
8.080144016073191882e-01,1.920119226596605500e-01
6.973779734297969046e-01,3.026266850185753143e-01
6.610179198069362494e-01,3.390059368451385780e-01
7.388432821397928896e-01,2.611750696110796688e-01
6.813163553387611149e-01,3.186729754166061079e-01
9.754467272631655028e-01,2.456824599577113119e-02
9.770124330406895208e-01,2.299706589852467536e-02
5.493729028761402677e-01,4.506409464410603416e-01
7.428380608188625001e-01,2.571845336231061707e-01
5.212750153016308952e-01,4.787303307103740746e-01
7.379236323753562976e-01,2.620876154956447435e-01
8.375966693202926416e-01,1.624169622404559588e-01
5.447555218590965920e-01,4.552564197200993368e-01
7.947296940401067378e-01,2.052847843493491864e-01
6.985403795378841707e-01,3.014693640050580270e-01
6.987287065958310839e-01,3.012611828650369472e-01
6.507037177814425366e-01,3.492960951756126642e-01
5.986197450324598490e-01,4.014029077971421056e-01
5.629174731786130703e-01,4.370900769980973211e-01
6.560404171882079361e-01,3.439873550781174516e-01
5.418532520187184787e-01,4.581676822310115638e-01
8.264013705036600266e-01,1.736154933178455928e-01
5.357734592090506176e-01,4.642265809348258276e-01
5.197554839771516555e-01,4.802379961893554206e-01
9.770884854998743707e-01,2.293965872705059500e-02
8.903335277536355008e-01,1.097029332962246861e-01
8.295504209255584183e-01,1.704582267489501979e-01
5.309138167804247077e-01,4.690789305882830384e-01
9.274385065685442076e-01,7.258954797785521773e-02
7.600610402376911656e-01,2.399309913467628785e-01
7.438557512935368710e-01,2.561570679086653257e-01
9.320036282356931601e-01,6.800766541522279551e-02
5.540954844834377058e-01,4.458954866243539095e-01
7.177617822228723465e-01,2.822299857833108216e-01
7.284424913909602894e-01,2.715653968625115766e-01
5.909338028492323591e-01,4.090799820273784970e-01
8.178558850267125813e-01,1.821519906436017411e-01
7.720130118037539235e-01,2.280114452699079641e-01
6.759738373611293705e-01,3.240185209274115130e-01
5.306078794097370821e-01,4.694136442708127244e-01
5.158802399849060638e-01,4.841339106164666561e-01
8.456775169093762035e-01,1.543270450449528153e-01
7.432818791366099243e-01,2.567170969660194091e-01
5.243551093112415185e-01,4.756481180011397081e-01
7.654720612311831651e-01,2.345221035343482141e-01
8.629618499205982118e-01,1.370743458625498234e-01
6.979967325371494447e-01,3.020066415238327195e-01
5.713269061295677131e-01,4.286925379311782303e-01
7.676129466728955908e-01,2.323789218429347936e-01
6.345422780772277394e-01,3.654581892981409452e-01
5.922013599438640252e-01,4.077907058085333269e-01
6.014885289824124515e-01,3.985341213088813284e-01
7.066507142052920187e-01,2.933583348490171328e-01
9.245855391731956363e-01,7.543883173066857906e-02
5.181372676055608917e-01,4.818571981865307774e-01
8.288083581833975977e-01,1.711987528447700135e-01
7.327084383509006038e-01,2.672887689029304070e-01
5.379763609304432093e-01,4.620055003777979175e-01
8.807918365002898042e-01,1.192094409123680976e-01
9.689021224654388309e-01,3.111793924396363126e-02
8.820084351449131166e-01,1.180068027234324191e-01
8.258288638383929348e-01,1.741771485381660156e-01
7.922505739096343813e-01,2.077543740088211299e-01
6.704919797089894384e-01,3.295258814066134301e-01
7.443546151293274349e-01,2.556707879632912350e-01
6.927213192457344348e-01,3.072977933726094846e-01
7.731721711681340814e-01,2.268528077813321275e-01
7.380684716314412919e-01,2.619212318089955138e-01
5.971531126405675849e-01,4.028473009926862303e-01
6.894084702616736227e-01,3.105932345574565212e-01
8.187119299096599079e-01,1.813047735731876942e-01
5.610542002928600169e-01,4.389525679449788331e-01
7.832741446350925951e-01,2.167244608844692277e-01
7.866750447687871350e-01,2.133509423058342902e-01
8.627381395953278576e-01,1.372735035836170903e-01
9.113415674864744354e-01,8.866702470318031659e-02
7.352724600438833580e-01,2.647507679560984206e-01
6.507548473339404005e-01,3.492339574467905883e-01
5.131809352767003896e-01,4.868406211286025465e-01
8.633195713903525359e-01,1.366766671813707257e-01
7.797085748733570965e-01,2.203069399064212230e-01
8.171793996980177832e-01,1.828143463652600331e-01
6.478551698751617849e-01,3.521396485059795634e-01
5.097116788970961210e-01,4.902738784242153813e-01
6.976561306452044864e-01,3.023486977720696856e-01
9.045244198439865713e-01,9.550924215918241145e-02
8.608936804456157610e-01,1.391390705004381945e-01
6.022429579614498873e-01,3.977670573776991292e-01
9.331011363937635750e-01,6.690068558729896087e-02
7.772479439584116800e-01,2.227453969454438742e-01
6.881131234657784645e-01,3.118776864172715935e-01
5.534257879929836976e-01,4.465965945297662443e-01
8.674437074037648632e-01,1.325586028293491980e-01
9.601111415060583631e-01,3.992137030579842594e-02
9.099340077917131842e-01,9.008676529607682892e-02
6.903428682671339800e-01,3.096485507657253389e-01
6.149326271283902523e-01,3.850612367450467755e-01
6.049125676615717540e-01,3.950775477969201144e-01
6.699029408924703777e-01,3.300935977904792540e-01
8.031976969123155730e-01,1.967976650544627504e-01
6.254525682790423868e-01,3.745675158661273541e-01
5.900965293462765437e-01,4.099160972232286371e-01
9.773826238890177542e-01,2.262948407056398700e-02
9.419766701321419244e-01,5.804588067132716855e-02
6.435518055389299885e-01,3.564650120340081552e-01
9.419972627373645047e-01,5.803697631846690269e-02
7.073512572609510496e-01,2.926483793144802892e-01
6.752117251721541091e-01,3.248095584569298810e-01
7.573259726470149555e-01,2.426951702032894287e-01
6.954884912994638846e-01,3.045196985230522180e-01
5.308906016610472900e-01,4.691276075537023083e-01
7.979831209207846054e-01,2.020122811493359483e-01
7.148657416223037631e-01,2.851410471330321217e-01
5.668222799140805179e-01,4.331816589389843042e-01
9.648697880702490348e-01,3.517025679248745457e-02
7.213811799220218868e-01,2.786453150289056047e-01
5.252906800876652182e-01,4.746948615933626603e-01
6.319276593035474399e-01,3.680762774343484534e-01
7.416017306532594056e-01,2.584140109428110232e-01
8.707231647256741258e-01,1.292844167264973476e-01
7.474909173499870718e-01,2.525076595757801967e-01
9.560233744742154816e-01,4.399057056359060441e-02
7.169806711259898435e-01,2.830162315078468271e-01
6.562360526142310135e-01,3.437593009891639628e-01
7.689529003765398496e-01,2.310658489254747150e-01
8.757419827522028299e-01,1.242661803303119206e-01
8.094521294546705992e-01,1.905527405448190215e-01
6.427478212713032546e-01,3.572489995199855661e-01
9.349674443869763207e-01,6.503383796228820457e-02
7.049029640690416265e-01,2.950872052544059043e-01
5.665562446168123101e-01,4.334679036509215266e-01
7.617283504667101690e-01,2.382627036528084663e-01
5.337038277740820957e-01,4.663170101537264522e-01
5.560735932770675127e-01,4.439261496312792987e-01
5.919451950572195420e-01,4.080716388799570105e-01
6.691440292534468481e-01,3.308653601449248471e-01
5.663785088551454017e-01,4.336162527835308311e-01
7.594649061162833670e-01,2.405492991359296506e-01
5.556770576733811584e-01,4.443121594967232024e-01
7.895812827818495805e-01,2.104488832511764440e-01
9.390015626889880451e-01,6.100337073230828466e-02
9.540653363338671422e-01,4.593592632539612169e-02
9.138783144142510473e-01,8.615099313999083352e-02
5.592226607861240373e-01,4.407648563476815884e-01
7.662763645511077026e-01,2.337139789230443798e-01
6.416741235978208335e-01,3.583371235742673355e-01
7.919197647852395106e-01,2.081033143543538355e-01
9.572929241364498409e-01,4.271354476519517024e-02
6.932681882162703424e-01,3.067504207605322164e-01
7.868396338349037400e-01,2.131928568127721968e-01
7.062581574883385338e-01,2.937389718705517017e-01
6.590788289621494211e-01,3.409369181223220746e-01
7.918889076387126691e-01,2.081297521572610942e-01
6.633994417173083580e-01,3.365891286806921290e-01
7.031189020432832004e-01,2.969036237572876824e-01
5.897151292950977286e-01,4.103097493685639585e-01
5.303956718534174053e-01,4.696207056559735804e-01
7.248587146955662863e-01,2.751333163826414907e-01
6.951349299608157173e-01,3.048742372253932520e-01
9.751615093859732353e-01,2.484198962854462442e-02
7.093780502866985360e-01,2.906130246464326272e-01
5.100653056101052130e-01,4.899354388628858747e-01
9.739882346002824987e-01,2.605373208084472286e-02
8.089397516591236847e-01,1.910534604855523011e-01
5.224134974799756748e-01,4.775909716010645623e-01
9.421713281441983501e-01,5.783588430857447560e-02
7.703693730272753726e-01,2.296555177410057325e-01
7.667721723638271092e-01,2.332522127886576535e-01
5.809981737565730331e-01,4.190268494308576619e-01
8.126146166338801269e-01,1.873821129178778189e-01
6.567419343279861099e-01,3.432566288773647445e-01
7.159699859035530967e-01,2.840207248516716798e-01
9.799465952779977673e-01,2.006165431758138648e-02
8.433598228554898268e-01,1.566462390670050053e-01
7.479389527135864579e-01,2.520683942433643576e-01
8.201980419794401289e-01,1.798302817893776273e-01
6.606481662598064908e-01,3.393625429711484287e-01
7.312096903300646655e-01,2.687897813377596035e-01
6.335483920454269002e-01,3.664759466739129778e-01
7.428607349868754373e-01,2.571567902617829526e-01
5.934448543146420008e-01,4.065394178150529836e-01
7.858295997905209163e-01,2.141805404443692940e-01
7.974604204365181026e-01,2.025332100536069990e-01
8.136778492498841775e-01,1.863234590801725321e-01
8.753934467720618784e-01,1.246021157863551887e-01
8.014334483517944197e-01,1.985966290819995705e-01
8.010847247882821875e-01,1.989099551477679917e-01
9.676843795076249810e-01,3.235081125825948339e-02
6.506799840642226718e-01,3.493234431696526920e-01
8.457677611403955353e-01,1.542389034024207184e-01
6.998754384387981808e-01,3.001416621035020715e-01
5.954284873422821533e-01,4.045667222419170872e-01
9.430036446057623589e-01,5.703673076862156299e-02
5.566045353572278698e-01,4.433813422884900768e-01
9.782027793678603755e-01,2.181850718651965476e-02
7.546823026026391323e-01,2.453255691580550624e-01
8.844512822770602689e-01,1.155660443906875168e-01
6.772638032024433929e-01,3.227565328392903998e-01
6.483597988856585337e-01,3.516367939227520445e-01
6.295995975803351241e-01,3.704173740491982225e-01
9.483779409082973011e-01,5.163059649663707951e-02
5.684985939386103526e-01,4.315014357262046407e-01
5.549443283457429210e-01,4.450526348939029542e-01
5.941109480417680055e-01,4.059019289150988530e-01
9.033098328202067151e-01,9.670904123786742967e-02
6.529012706169328162e-01,3.471227043667917123e-01
9.012199032546543975e-01,9.879676047820104556e-02
7.407688103883535158e-01,2.592576170240072919e-01
8.248440388105685583e-01,1.751545653942521985e-01
6.397770081134591669e-01,3.602473752076036373e-01
6.710763541370172724e-01,3.289244756552971993e-01
8.389994894906900313e-01,1.609973820540252232e-01
9.466026874527018187e-01,5.339550222117632472e-02
6.843636298866424550e-01,3.156420553502325976e-01
6.714603445214463173e-01,3.285300975607242657e-01
5.716657895389052335e-01,4.283344483081967247e-01
9.660694676083201315e-01,3.396717328001783165e-02
9.254412260489945918e-01,7.456321277014081594e-02
6.487393759975481622e-01,3.512548670761150293e-01
5.233568479730488221e-01,4.766540678786997387e-01
5.292194439710506959e-01,4.707767616800473953e-01
7.829454559941975145e-01,2.170698403059844461e-01
6.306235032782285810e-01,3.693859040610062427e-01
8.333838606985551900e-01,1.666127572319873185e-01
5.157525407967866737e-01,4.842517583629648015e-01
5.021373758777950558e-01,4.978417219493357360e-01
7.013321397493947895e-01,2.986602857333218175e-01
8.059226503057890234e-01,1.941064389313431893e-01
9.760520217270552967e-01,2.395739788098224729e-02
6.024834730764642154e-01,3.975259069679964452e-01
6.616926143917406522e-01,3.383048051143534574e-01
6.843988919082122369e-01,3.156048252879869453e-01
9.754865190179519141e-01,2.455009894426600850e-02
5.060336817250593588e-01,4.939795291625066476e-01
9.086201119846193386e-01,9.138573832702417965e-02
9.758478581884413305e-01,2.415982022257005465e-02
8.137279235317564918e-01,1.862915699243319345e-01
8.676306202881955976e-01,1.324007439792388163e-01
8.355908668648570625e-01,1.644249457125391833e-01
5.210041553787440050e-01,4.790018401767503486e-01
9.329824597739886372e-01,6.702766138371299420e-02
8.647980144616979059e-01,1.352175414248033281e-01
6.427207551306783895e-01,3.573063110261647246e-01
9.295875153552872749e-01,7.041895620401886213e-02
5.139974261533351019e-01,4.859881691684281857e-01
5.948448965570327651e-01,4.051731091277851471e-01
7.875566863280547558e-01,2.124488327626566087e-01
7.521348593699568319e-01,2.478566104418915839e-01
6.465246004013289749e-01,3.534919549184281640e-01
5.087877213200099336e-01,4.912187611009787291e-01
7.633704741855864562e-01,2.366599075382466999e-01
9.257900703995483038e-01,7.423319269068630322e-02
9.226837068116047202e-01,7.733832571590247562e-02
8.073248415868443661e-01,1.926869466345095538e-01
9.543364406232816011e-01,4.568970238368858655e-02
5.488109897860690145e-01,4.512027730066345832e-01
7.841296537601722960e-01,2.158846531385423817e-01
7.444944854711719184e-01,2.555270709806882201e-01
5.710706012163263567e-01,4.289501716475089266e-01
7.897923653245459974e-01,2.102154610850047178e-01
7.891895282313940996e-01,2.108326388619670699e-01
5.517091453663754974e-01,4.482939628581036895e-01
9.208835030321618209e-01,7.912259615946919122e-02
6.991921230237265750e-01,3.008026257791796554e-01
9.575593121707095534e-01,4.248106110025427068e-02
6.785854749413517961e-01,3.214235889339172592e-01
7.274493742464888113e-01,2.725566434595028120e-01
7.793355019630667790e-01,2.206882872687549180e-01
8.058421232019500335e-01,1.941753474015283365e-01
7.090515967221693305e-01,2.909542042585031019e-01
8.047094219285904071e-01,1.952960100846121427e-01
5.800951633200043256e-01,4.198959615528427003e-01
7.321116255675181872e-01,2.678797274984281995e-01
5.472597195331981856e-01,4.527625807789375512e-01
9.334106682407967703e-01,6.660960464542317605e-02
5.207258029365189334e-01,4.792688388586835990e-01
8.601044121315907232e-01,1.399047531776365094e-01
7.472269706636629483e-01,2.527710736195681318e-01
5.056679480747030553e-01,4.943474612574191851e-01
6.324425491131516752e-01,3.675793480792817758e-01
6.890008819996341627e-01,3.110062992030476203e-01
5.297505524008673250e-01,4.702412491543472295e-01
9.298824661325943985e-01,7.011940060371955885e-02
9.540988937089935895e-01,4.591957182849974728e-02
8.036246248466356601e-01,1.963686739359349342e-01
8.848225023060605210e-01,1.152006776805199473e-01
7.974189081474449825e-01,2.025847020763984485e-01
8.370828347841542394e-01,1.629189772589594576e-01
6.807761231438032024e-01,3.192462293645774718e-01
7.077106241996500291e-01,2.922824361308267171e-01
9.203551435909084200e-01,7.964664133950605240e-02
7.335586086594060307e-01,2.664661993408631857e-01
5.803634404659584467e-01,4.196561834082530029e-01
8.470424855465481517e-01,1.529775166647405205e-01
8.387001139284426809e-01,1.613285285259134227e-01
5.269838446690565670e-01,4.730217979379736093e-01
9.131926865897864731e-01,8.681145172913749819e-02
8.604877312006075085e-01,1.395426806217049676e-01
7.795083313237211042e-01,2.205139336675393524e-01
7.842109732165968294e-01,2.158099355381548068e-01
9.320510825504360053e-01,6.797832870002369632e-02
7.008962863238560326e-01,2.991155466219376224e-01
5.140117335675795651e-01,4.859865539510845323e-01
8.716321639891366768e-01,1.283982740500396458e-01
9.358686799269501089e-01,6.416157139225958650e-02
7.654632476539958708e-01,2.345392173416970538e-01
6.705674082961067262e-01,3.294192541550181597e-01
5.154931919963395837e-01,4.844873713379855285e-01
9.644093617704401211e-01,3.560670253518295053e-02
6.410646290036049466e-01,3.589627465611847090e-01
9.134026964294232886e-01,8.662728740651230719e-02
8.490791330544908977e-01,1.509202156395008099e-01
8.543199117943546250e-01,1.456776653852901171e-01
9.411342732267726774e-01,5.890520176175582934e-02
6.608402969966085116e-01,3.391864488163628399e-01
8.757786060082846102e-01,1.242482208063776516e-01
7.436541254961731573e-01,2.563770980845720970e-01
6.563434730026537212e-01,3.436813366352730048e-01
6.874165702996939409e-01,3.125956643805636870e-01
8.785492535225927213e-01,1.214796603808165620e-01
7.052602771100714429e-01,2.947305553806738310e-01
5.859652834856966530e-01,4.140206642238329904e-01
7.309739768449056152e-01,2.690157524272325795e-01
7.247672652706776963e-01,2.752314542168169953e-01
5.284431399802456131e-01,4.715588386119102249e-01
8.434495069332372807e-01,1.565665163878886268e-01
6.784185403849272156e-01,3.215943490859905496e-01
7.463155507045904358e-01,2.536745314927363881e-01
9.188572477086121015e-01,8.115842181529314692e-02
8.784634497724047586e-01,1.215644593309666566e-01
8.303941266726113657e-01,1.696006056458180256e-01
5.531347461765783180e-01,4.468516337632356672e-01
9.013033180782249465e-01,9.870455510915418507e-02
8.324260613432332701e-01,1.675862926336085246e-01
6.073433681472307777e-01,3.926677312174206569e-01
5.165972744363442892e-01,4.834079992501562617e-01
9.783617053120146068e-01,2.163753159377148488e-02
8.901972145585231866e-01,1.098116039515656811e-01
8.850197974751188301e-01,1.150071376723921374e-01
6.908085077143538699e-01,3.092007474994156180e-01
9.168986734764528190e-01,8.310431379648401673e-02
5.268826287283138177e-01,4.731132800892093315e-01
7.632027335969540083e-01,2.368022950456654396e-01
6.297414108399412846e-01,3.702803710262879133e-01
8.878901180461071796e-01,1.121233463749518877e-01
7.682630473849507702e-01,2.317386178480275727e-01
8.081911013455459480e-01,1.918089535514156396e-01
6.150400386774526051e-01,3.849763651753432825e-01
5.958754326135486945e-01,4.041394280833844888e-01
9.366327031659640312e-01,6.336902312669201454e-02
8.538592194105152355e-01,1.461765887325301716e-01
6.020689931992168065e-01,3.979378016568873577e-01
8.825612997134146820e-01,1.174685120092480300e-01
9.114376780662973854e-01,8.858841756296029213e-02
9.365394942252595056e-01,6.348989348470614191e-02
6.699181410173091766e-01,3.300894869092160788e-01
5.257032074482326234e-01,4.742861743983706191e-01
5.407193654960316120e-01,4.592665590950598120e-01
6.095978323247178698e-01,3.904207220597224470e-01
6.875289910675477234e-01,3.124887818791438066e-01
8.087118097371115422e-01,1.912865065098460771e-01
7.846829874961923634e-01,2.153202277025338673e-01
8.317648891556415069e-01,1.682459116979409253e-01
6.462396132998269316e-01,3.537710053557464596e-01
8.341516451519094266e-01,1.658595208573292179e-01
6.501011603975815900e-01,3.498995665426909429e-01
9.259698531101987484e-01,7.406165539160712574e-02
5.725391646996776940e-01,4.274602571582181709e-01
8.672543159053129891e-01,1.327412656334504837e-01
6.990264066385319941e-01,3.009870339753830670e-01
6.913202755236536046e-01,3.086698060177829328e-01
8.999877779661906718e-01,1.000449198792082439e-01
8.856621722791822027e-01,1.143350100222694926e-01
7.516578055169556016e-01,2.483338656766464758e-01
6.983076404643349111e-01,3.017096154795900764e-01
7.591420985279746514e-01,2.408873757455838038e-01
6.669663161501969695e-01,3.330516836240463574e-01
9.067776196037931058e-01,9.325154476104927093e-02
7.054215197700597351e-01,2.945997825260896485e-01
6.255304917568895728e-01,3.744754173184196566e-01
9.678234642146319455e-01,3.218728344332383307e-02
6.560065769427597671e-01,3.439975688965215550e-01
8.546290393571482902e-01,1.453694073381631702e-01
7.273718855120946403e-01,2.726305490864731618e-01
7.261031559399915292e-01,2.739011018021981769e-01
5.373269311171959828e-01,4.626590322848297410e-01
7.825002934964429002e-01,2.175292734384891569e-01
8.881819851853638426e-01,1.118314339341404118e-01
6.930750389332224204e-01,3.069261955452464163e-01
6.655239392063112547e-01,3.344734179599770374e-01
5.616186585913116591e-01,4.383687513529224145e-01
7.180365201405433107e-01,2.819701196851410741e-01
9.370043972149444400e-01,6.300306014121694054e-02
6.510150316889112831e-01,3.490091020578590664e-01
8.730391515784686751e-01,1.269644090377186896e-01
5.789124679625602399e-01,4.210735452953425217e-01
7.074688326515317094e-01,2.925263775115030107e-01
5.987934547222149018e-01,4.012154749839537127e-01
8.362339293039923183e-01,1.637720130059653889e-01
5.788873539868317764e-01,4.211303526402661590e-01
5.096104811195343309e-01,4.903905174077961004e-01
9.070901810812999067e-01,9.291280828187360730e-02
8.760729331316398083e-01,1.239497212555033673e-01
6.004018612217346673e-01,3.996159940938188715e-01
7.423620919925143502e-01,2.576555993132129685e-01
8.246169214396659175e-01,1.753934915208643641e-01
7.173883095982949154e-01,2.826222349520979282e-01
6.462473066739938821e-01,3.537664515403783905e-01
5.102557709858372981e-01,4.897413888209385946e-01
6.173846813421797197e-01,3.826000852676566533e-01
5.369348651294840735e-01,4.630457942731011078e-01
9.048870611261921049e-01,9.512569162333407713e-02
9.744832606978939271e-01,2.552548324236538976e-02
6.862185504923054014e-01,3.137835003730821137e-01
