9.406638798082560982e+00,5.646472257209419254e+00
8.545957756492930102e+00,6.388381252518940734e+00
9.736732215527389656e+00,5.196330410112123488e+00
9.735785125849918842e+00,5.196994282478287985e+00
9.736171951388810086e+00,5.196585800053266091e+00
9.734509174906751383e+00,5.198192184921476056e+00
9.735928585401740776e+00,5.196446334408175716e+00
9.733984999444246000e+00,5.198272117728262920e+00
9.734857399373559872e+00,5.197087142363536749e+00
9.734153283762189801e+00,5.197619515980213656e+00
9.729863566335275493e+00,5.201515174458750224e+00
9.729277138262162339e+00,5.201802489834860488e+00
9.726802502284259688e+00,5.204238722092910940e+00
9.730665264198878006e+00,5.200361490964197309e+00
9.734438584565449304e+00,5.196570756276432945e+00
9.733772372934136996e+00,5.197234989316363851e+00
9.733376455235614344e+00,5.197625647094178625e+00
9.731957335048589286e+00,5.198872703552437358e+00
9.732554197845253441e+00,5.198256725839336845e+00
9.728533408011251993e+00,5.202195970305266925e+00
9.728891275602723709e+00,5.201725568587760584e+00
9.733652283741788480e+00,5.196956288905870025e+00
9.731005196739612728e+00,5.199457570732721301e+00
9.734313045996536573e+00,5.196055921261046429e+00
9.733395845595115503e+00,5.196923800719599917e+00
9.736356075125225829e+00,5.193906073915794508e+00
9.725316676321954290e+00,5.204741438516233387e+00
9.731754787481449398e+00,5.198302938860037692e+00
9.725143979060941746e+00,5.204906266963739370e+00
9.724163976528835462e+00,5.205851595862083236e+00
9.732432668505964557e+00,5.197495457960456200e+00
9.733338448299605261e+00,5.196382170293740721e+00
9.723069701606736004e+00,5.206287986282149838e+00
9.724549261852033055e+00,5.204788482240053860e+00
9.728906404295512900e+00,5.200427829803293100e+00
9.728186677313134467e+00,5.201074304727611342e+00
9.728007920980441980e+00,5.201246204730613165e+00
9.720763389423972001e+00,5.208475182056512942e+00
9.719003070923001530e+00,5.210135935726701639e+00
9.721909515129599555e+00,5.207224798433498947e+00
9.730871180644607321e+00,5.198234854858347020e+00
9.723796137836529851e+00,5.205041601792961714e+00
9.725097673542972387e+00,5.203653509460226090e+00
9.722472889975865229e+00,5.206255930655538933e+00
9.717201723616586406e+00,5.211390468168477952e+00
9.726387216475504971e+00,5.202105653038598732e+00
9.715894106425906784e+00,5.212542760490038063e+00
9.732105969029701598e+00,5.196254791740901879e+00
9.720587035478356341e+00,5.207756847473189232e+00
9.732744153713447588e+00,5.195584749593311180e+00
9.728618994775477091e+00,5.199686464038554945e+00
9.736886746668499626e+00,5.191402895535552453e+00
9.721853309880350125e+00,5.206394624142430594e+00
9.716129944344345404e+00,5.212091021598774354e+00
9.731499991707883268e+00,5.196705258077193967e+00
9.735669551016911782e+00,5.192377044466062408e+00
9.734402015378226025e+00,5.193587170807636433e+00
9.733306270789057635e+00,5.194643606085906029e+00
9.716413242386195748e+00,5.211472401924022613e+00
9.714661869471544975e+00,5.213107452971461164e+00
9.711785074009860352e+00,5.215961353667670330e+00
9.733042746751943142e+00,5.194462094564888943e+00
9.734537462679247355e+00,5.192934442039827125e+00
9.721174159570749040e+00,5.206288626063965808e+00
9.723782988242890113e+00,5.203663456054079539e+00
9.723235419868423435e+00,5.204208906365267673e+00
9.722248257909349434e+00,5.205177961723816971e+00
9.732850664005569641e+00,5.194563572241718497e+00
9.735625535464963676e+00,5.191687531632108055e+00
9.734057836830960042e+00,5.193179988577606210e+00
9.722118008823031232e+00,5.205075405629068896e+00
9.710957685958575780e+00,5.216235479359198735e+00
9.733720722565582406e+00,5.193445738541337064e+00
9.733169482123381400e+00,5.193989301656906754e+00
9.711645906038201659e+00,5.215422523521220377e+00
9.727465801768850895e+00,5.199440689159979812e+00
9.729408799470693481e+00,5.197470534817797194e+00
9.709793323738661996e+00,5.217053771571278808e+00
9.730346035948132410e+00,5.196488213196558625e+00
9.716319761471517324e+00,5.210509154534384457e+00
9.722782937214123677e+00,5.204011484324050585e+00
9.723295392693142247e+00,5.203416625145139029e+00
9.728610857751931462e+00,5.198005437336777668e+00
9.734257791065864751e+00,5.192352018118890022e+00
9.723888261379407538e+00,5.202719362970656292e+00
9.716423277972470629e+00,5.210151335458824917e+00
9.734139244486016196e+00,5.192416257387623801e+00
9.728531835614745660e+00,5.197951932793651864e+00
9.728003073920936217e+00,5.198473345356382502e+00
9.730146479621765820e+00,5.196317320679871621e+00
9.727833027411188382e+00,5.198610498198590335e+00
9.718245357845475496e+00,5.208197725067528872e+00
9.706376134556187196e+00,5.220054018182053390e+00
9.717641423744414197e+00,5.208786690865311542e+00
9.718067841156258879e+00,5.208242019530335831e+00
9.736082935961936968e+00,5.190219134512415344e+00
9.713856700844123893e+00,5.212441928161931415e+00
9.734759073596887191e+00,5.191533142864541261e+00
9.726721320810554516e+00,5.199562776862600266e+00
9.710417326653431047e+00,5.215796843380689829e+00
9.704515020482737953e+00,5.221657762718344920e+00
9.737132092292871022e+00,5.188965223969303153e+00
9.704856993101365958e+00,5.221226756394537816e+00
9.726178438607268717e+00,5.199776417571916554e+00
9.730249736372300617e+00,5.195673344796913007e+00
9.716179819887234004e+00,5.209705410033711459e+00
9.706323143435033884e+00,5.219559951538902176e+00
4.179376523142270372e+00,9.539344307370690501e+00
4.187386109123519162e+00,9.533064674957767437e+00
4.154389892928890049e+00,9.558840436599824741e+00
4.151589761291472946e+00,9.561035833502653958e+00
9.728084489199630980e+00,5.197672740763889188e+00
4.199967408161585425e+00,9.523220500636682573e+00
9.734265500153188810e+00,5.191476180435154575e+00
4.143359005256125549e+00,9.567450106222276318e+00
4.180763505169894145e+00,9.538101250599513747e+00
4.209281185665735947e+00,9.515944670649778558e+00
9.719801001795840278e+00,5.205901566274933501e+00
4.158279187387207365e+00,9.555668384391873715e+00
9.724887119019969717e+00,5.200807450681151245e+00
9.716141299521591890e+00,5.209543646920827165e+00
4.151073891153609807e+00,9.561307237284303540e+00
4.153381261289127657e+00,9.559486116733031835e+00
4.168987436124710122e+00,9.547233638008858492e+00
4.175301150067920020e+00,9.542281294773575340e+00
4.146560366314210988e+00,9.564825902058078810e+00
9.724136833782317524e+00,5.201505731659207044e+00
4.200589501532039804e+00,9.522591493463194112e+00
4.141114220115601263e+00,9.569101889696204566e+00
4.161890671616121473e+00,9.552742633155972385e+00
4.151058634248232515e+00,9.561223627394005220e+00
4.140205762563894609e+00,9.569772126888951291e+00
4.224342513319478520e+00,9.504186820950966563e+00
4.169931991086061274e+00,9.546402871788494338e+00
4.167569204638620128e+00,9.548248929476496727e+00
4.196024853624788165e+00,9.526071579148002400e+00
4.183237591581828063e+00,9.536005052477563027e+00
9.715307197318406196e+00,5.210281761718971616e+00
4.215218229718841414e+00,9.511188255568196581e+00
4.133339647562601193e+00,9.575152485037124350e+00
4.229539531351967696e+00,9.500138947793036692e+00
4.206191639757191680e+00,9.518154312477500767e+00
9.736305021670361270e+00,5.189248716133341155e+00
4.129062399479011880e+00,9.578517400097897649e+00
4.232283567917028755e+00,9.497979857582540930e+00
4.116345428825284536e+00,9.588566419713201228e+00
4.212973374066326215e+00,9.512832765132305468e+00
4.160221507936744167e+00,9.553867599299199043e+00
4.114388916611349423e+00,9.590105039522216046e+00
4.216244013456490691e+00,9.510286038318184865e+00
9.723716999528353000e+00,5.201770867431890544e+00
4.218712553713094948e+00,9.508378419769526246e+00
4.129970618620132150e+00,9.577686881390983231e+00
4.210514638456923642e+00,9.514687814357266404e+00
4.190660885757192311e+00,9.530057670046254259e+00
4.132157433209823871e+00,9.575920114638957870e+00
4.227179911068351892e+00,9.501811249773268742e+00
4.240891805521564528e+00,9.491260537267322661e+00
4.222557083014969237e+00,9.505349284141349386e+00
4.163177473400537565e+00,9.551436568616281875e+00
4.243044946868256950e+00,9.489581146326385053e+00
9.735364797521363300e+00,5.190045766596464105e+00
4.206976192595090147e+00,9.517346601751780710e+00
4.149833838545828435e+00,9.561897959004280523e+00
4.218733817357261273e+00,9.508258201198783510e+00
4.153515047221167933e+00,9.558991887531751885e+00
4.134159460684458054e+00,9.574242272445259161e+00
4.193133932931719876e+00,9.528048316431487308e+00
4.134591052731476424e+00,9.573890916005225904e+00
4.132739530333569888e+00,9.575354664030166774e+00
4.178085709749119303e+00,9.539743675729223327e+00
4.157624680144442308e+00,9.555739937970127329e+00
9.713365666709135482e+00,5.212008945879214927e+00
4.199435205626163459e+00,9.523136932367849639e+00
4.198858029481518983e+00,9.523575246336058342e+00
4.144790096414177505e+00,9.565806555658324939e+00
9.709465989461730118e+00,5.215894112793395543e+00
9.700808963291954967e+00,5.224550403852810554e+00
4.184449693221840683e+00,9.534752392934434440e+00
9.736963780521055156e+00,5.188394395659845060e+00
4.129602567170898020e+00,9.577783529967415888e+00
4.224181683646226482e+00,9.503990989463591887e+00
9.728406418998577720e+00,5.196941420909719334e+00
4.192217605236263189e+00,9.528694885178650154e+00
4.135800260051990307e+00,9.572858252992515915e+00
9.732279246379082593e+00,5.193054366829192858e+00
4.136910466849611723e+00,9.571976917348834490e+00
4.138111194631072465e+00,9.571023815215179198e+00
4.249511509296478806e+00,9.484511059580453818e+00
4.199204851704452679e+00,9.523243491850010400e+00
4.135890704349649560e+00,9.572759613496669928e+00
9.702547812845592645e+00,5.222769223562444552e+00
4.115520756911380751e+00,9.588916295357815756e+00
4.125286537360671524e+00,9.581148809465299010e+00
4.205615591190430713e+00,9.518271526929295234e+00
9.735110836713108284e+00,5.190191376695515224e+00
9.711611632967702690e+00,5.213689180210646867e+00
4.207415084794686955e+00,9.516863465507334752e+00
4.235977295709258073e+00,9.494859011852220476e+00
4.199411523410149449e+00,9.523055792338185555e+00
4.229036893039029188e+00,9.500183284334223544e+00
4.222995211783939773e+00,9.504790186723205636e+00
4.115825421149919450e+00,9.588576382844339108e+00
4.157652822502032386e+00,9.555527835746202570e+00
4.240258197210733826e+00,9.491507959656306781e+00
9.710192683422476989e+00,5.215050642412899506e+00
4.247539083529794368e+00,9.485924094490394864e+00
4.178151982277324983e+00,9.539494690222618090e+00
4.211547027317958936e+00,9.513592432042077718e+00
4.157488265290038676e+00,9.555634142157805044e+00
5.910056854313927133e+00,8.186986600600443253e+00
5.137398783053241047e+00,8.790777786342191646e+00
9.527531747542747453e+00,5.360024786203783975e+00
4.370797254915840924e+00,9.389853947316176175e+00
7.233533017935773302e+00,7.152727994095237740e+00
5.511329259079589704e+00,8.498580130450887893e+00
8.595747910897294730e+00,6.088169024684307651e+00
7.786856786477455827e+00,6.720304244362142576e+00
5.341632328183091971e+00,8.631171579510395375e+00
5.636528959788499549e+00,8.400745659006213728e+00
7.003792473220570081e+00,7.332242087221135129e+00
4.194646196136766036e+00,9.527510829935552650e+00
5.041664677718613596e+00,8.865612974636848165e+00
6.007538223661426535e+00,8.110793112030448171e+00
6.676095416323607701e+00,7.588335262414281246e+00
5.403758609937417745e+00,8.582625528916903335e+00
7.959587468926573095e+00,6.585329402413300670e+00
7.975304905679955425e+00,6.573033175736664013e+00
6.993667826089362549e+00,7.340145410923601510e+00
4.117682620780096059e+00,9.587656983598577654e+00
8.308844386199659482e+00,6.312393251817165485e+00
4.531411503120942541e+00,9.264352901679812291e+00
5.529680745151122068e+00,8.484236568584758942e+00
8.825890377596167014e+00,5.908352920621308790e+00
5.833124060007595979e+00,8.247098295957240310e+00
7.337645626834513379e+00,7.071343885504662197e+00
9.666972425197293717e+00,5.251070233313547497e+00
6.303099186016822841e+00,7.879821453323677893e+00
6.585754613143757652e+00,7.658930065556356581e+00
8.952664235444892427e+00,5.809254179719030908e+00
9.410640120665050290e+00,5.451390929197126312e+00
9.571059434979009239e+00,5.325994935073164349e+00
4.261144350999637176e+00,9.475538963431553441e+00
6.309892306941463858e+00,7.874525045800629286e+00
4.347588925087108258e+00,9.407976989113649324e+00
8.082028187221240501e+00,6.489658805552727117e+00
7.595678414839681203e+00,6.869716234626078943e+00
4.660027642656618063e+00,9.163835202972741456e+00
5.644091024273111046e+00,8.394829448406527561e+00
5.468174366232049444e+00,8.532312673058116914e+00
4.269505922386583663e+00,9.469026200952342265e+00
6.315255755354630907e+00,7.870322914354252575e+00
8.411106852842561210e+00,6.232471002811752037e+00
7.515045581473493996e+00,6.932715821514145560e+00
7.552814511623171967e+00,6.903228707826366772e+00
6.473680873814506853e+00,7.746527693191120889e+00
6.754162720259841102e+00,7.527326558002298107e+00
7.351075303655791870e+00,7.060877121253839483e+00
7.910586871370238526e+00,6.623639293462614042e+00
6.168110406045705929e+00,7.985301447370780181e+00
9.348281066043600873e+00,5.500098966735912143e+00
4.284183267013245811e+00,9.457530221763251532e+00
9.379560648373336917e+00,5.475672077349478251e+00
7.538933407519468943e+00,6.914067345452120428e+00
7.556514044393148666e+00,6.900328323267281405e+00
6.541416370276546211e+00,7.693601052277769803e+00
5.836076451499033979e+00,8.244794973984085118e+00
4.875714173534388962e+00,8.995284803684670649e+00
4.732376909470279891e+00,9.107300742164262886e+00
9.076380100749066315e+00,5.712578485524452354e+00
5.472961142289026526e+00,8.528556724943081591e+00
7.642936014418455493e+00,6.832765967912476590e+00
5.683559331885917665e+00,8.363964750917741497e+00
4.371893095720090550e+00,9.389019145835350244e+00
5.027687385722940938e+00,8.876525371633542605e+00
9.366555891511975318e+00,5.485821420132689141e+00
9.296246439106429449e+00,5.540764648562368500e+00
9.694353227934012551e+00,5.229669669192638537e+00
5.177248199683402774e+00,8.759628201674228620e+00
9.537332601311184987e+00,5.352368710267860763e+00
8.839544701176219377e+00,5.897671372788391153e+00
6.453383357135071385e+00,7.762395025601352749e+00
8.012738682066354201e+00,6.543794366004182628e+00
8.174858344668830767e+00,6.417081257527165405e+00
4.446982342182875136e+00,9.330316701989719519e+00
4.353325327097614661e+00,9.403507612241515545e+00
4.493857317787938399e+00,9.293671022773585477e+00
5.048284645680636729e+00,8.860421131897723512e+00
9.716916737058937770e+00,5.212046605340669103e+00
5.266615030909491679e+00,8.689815394600136855e+00
8.326255215074535698e+00,6.298810591233162448e+00
5.668375760740715918e+00,8.375841855992497642e+00
4.349930885159675853e+00,9.406159651734043337e+00
8.917173532539653280e+00,5.837023800266146978e+00
7.396159593730977200e+00,7.025617402621651131e+00
8.653735607489782211e+00,6.042878463136240441e+00
4.208170430517075289e+00,9.516951661174164911e+00
4.620600157890508264e+00,9.194625013154752224e+00
4.594968763628631159e+00,9.214673140856294964e+00
4.545291576641017350e+00,9.253505090338963512e+00
9.504728265765784556e+00,5.377868308750158199e+00
5.026929084234130762e+00,8.877092002344065591e+00
7.913732646393363268e+00,6.621144832955857318e+00
8.547502890440403789e+00,6.125879793716191735e+00
4.365352252463494231e+00,9.394092546440157676e+00
8.507031827928203782e+00,6.157523114888461713e+00
9.598797062260096880e+00,5.304331971954963976e+00
8.436596771697029595e+00,6.212571696701492563e+00
9.169514254010405097e+00,5.639808897543298727e+00
6.414604941674554084e+00,7.792678464581421771e+00
9.587040136880574437e+00,5.313541335730066706e+00
4.658231774468702291e+00,9.165251908224970379e+00
4.769067267965054313e+00,9.078606222097592493e+00
4.783604646525593473e+00,9.067277585664275108e+00
5.019530626048249289e+00,8.882890722324038535e+00
8.454250405627004028e+00,6.198748674553499427e+00
4.526849580042939358e+00,9.267889140378313684e+00
6.949560191955719723e+00,7.374633528052880749e+00
6.854700324777406095e+00,7.448770485599778723e+00
9.399673383295908735e+00,5.459940059016970437e+00
6.085356575177830685e+00,8.049994948533035100e+00
5.368352125561694166e+00,8.610280518263669691e+00
5.597800071151225687e+00,8.431005607210330766e+00
4.687072416393550434e+00,9.142683552629794264e+00
4.122711902326578581e+00,9.583750851157409656e+00
7.957902255335590702e+00,6.586657366003358938e+00
6.926667356517316243e+00,7.392509504275002641e+00
4.631283531594075242e+00,9.186277855828718586e+00
6.306791141914523280e+00,7.876940740970093557e+00
4.945335209001618715e+00,8.940893603774844323e+00
6.664977116081635344e+00,7.597019500580358020e+00
8.599206909435741508e+00,6.085468527981812592e+00
5.416320491734154530e+00,8.572801717938551391e+00
7.172566255857096174e+00,7.200355709919907810e+00
4.474249568883522876e+00,9.309020860740952585e+00
9.296673775107873183e+00,5.540452663518386167e+00
6.392752176966679301e+00,7.809748787364429568e+00
8.549033999374934467e+00,6.124698566068445871e+00
6.200999265038017683e+00,7.959602496016676909e+00
4.441188433751013243e+00,9.334857878838468181e+00
7.684915070147972926e+00,6.799956161236488938e+00
6.093689803895833812e+00,8.043463116620692688e+00
7.585865574415211476e+00,6.877391982401473314e+00
8.052803606927918523e+00,6.512497034890796677e+00
7.478392567790289824e+00,6.961387166281191696e+00
6.033125688773105288e+00,8.090805616959755753e+00
7.481968131214436823e+00,6.958587322140828313e+00
5.036205620911713865e+00,8.869865845067000265e+00
5.917099698098659211e+00,8.181483690125419983e+00
9.434185035243180195e+00,5.432992424273210830e+00
8.820315973600939330e+00,5.912682934657355283e+00
4.365446050272888456e+00,9.394024420132042863e+00
4.859963194683549759e+00,9.007568791138172770e+00
4.823205353365080938e+00,9.036325402986458144e+00
5.234036758759100572e+00,8.715283439924926157e+00
7.265136482113015326e+00,7.128012429339293021e+00
9.664399211567287651e+00,5.253068707544392701e+00
6.755772978056788780e+00,7.526058585106631504e+00
7.847172730955246145e+00,6.673196991670793388e+00
6.272346250025519154e+00,7.903875232466357481e+00
8.775417574986825286e+00,5.947778474002208604e+00
7.504255796431687386e+00,6.941136606744150228e+00
5.660186282717510231e+00,8.382256916629597043e+00
8.420463885559620110e+00,6.225154550372914208e+00
5.158638413003174605e+00,8.774166441936699812e+00
4.741832683296239637e+00,9.099924661149183081e+00
8.792852557561955607e+00,5.934171861649314650e+00
7.729689114485530865e+00,6.764974704267700645e+00
6.940229627797678269e+00,7.381935595334883082e+00
9.116787934884325040e+00,5.681014775206557843e+00
6.332552171321199630e+00,7.856793691965256343e+00
8.664311758449986911e+00,6.034592624552905349e+00
4.549508576376538826e+00,9.250192014605072899e+00
8.545644736862881174e+00,6.127354872574748867e+00
6.432515366782220134e+00,7.778708354796108004e+00
9.098379235091226036e+00,5.695407546319450454e+00
6.432952750648070150e+00,7.778359046249333275e+00
7.597727962930143519e+00,6.868122225636070333e+00
5.600489653042839855e+00,8.428880228880458958e+00
4.252381564151834326e+00,9.482415273218313345e+00
4.367658384438126262e+00,9.392301745311726791e+00
4.205680525392099689e+00,9.518877537067780281e+00
6.562407486997967609e+00,7.677170493549102304e+00
6.925389920671217503e+00,7.393504790114958425e+00
4.796518549234258799e+00,9.057163203272331486e+00
4.577677504300148748e+00,9.228202083383386878e+00
7.273265308455764355e+00,7.121653119160021639e+00
4.560928878972917211e+00,9.241267674668680598e+00
7.663439191556172148e+00,6.816766412953096044e+00
9.203578776897151315e+00,5.613174793702183862e+00
7.280665091152234147e+00,7.115882518521817524e+00
6.686938521896319543e+00,7.579879207151620335e+00
5.568383362112125035e+00,8.453999831142688492e+00
7.873672075986810626e+00,6.652487223622502555e+00
6.674917333624954097e+00,7.589238518706427072e+00
6.764871852791571882e+00,7.518971332098186799e+00
8.108715669071580479e+00,6.468802523384015402e+00
7.195257354013398832e+00,7.182637139922971592e+00
7.015346308981904144e+00,7.323240626573070955e+00
5.517341215477364891e+00,8.493854411375330926e+00
7.911720364809339934e+00,6.622736136309987032e+00
5.053207734445081201e+00,8.856568336105693717e+00
7.149185361957606233e+00,7.218651673938898838e+00
4.707786412954939159e+00,9.126519339661626873e+00
6.227593472703205180e+00,7.938821704672664126e+00
8.377565808650683010e+00,6.258704276651277709e+00
4.290970583421913176e+00,9.452219466474936382e+00
8.529672594879528447e+00,6.139804554853837359e+00
8.208132886611092971e+00,6.391112369544597271e+00
4.573967113134716378e+00,9.231098179359147338e+00
8.489586448920228179e+00,6.171170329826805911e+00
4.586985390802738038e+00,9.220930951336248071e+00
8.797556320010622599e+00,5.930480998524248371e+00
7.978083755837858781e+00,6.570881629279991643e+00
5.517315457287656599e+00,8.493878833977651865e+00
5.714215719572857566e+00,8.340013316182666614e+00
4.867822837608462017e+00,9.001454450939778695e+00
7.786336217955401651e+00,6.720716993531111960e+00
8.304465865124194934e+00,6.315822705653587832e+00
7.992117247709861871e+00,6.559905390012580995e+00
5.754728278546711984e+00,8.308377800266720570e+00
7.189637184175737161e+00,7.187034759789665550e+00
6.355673656635575597e+00,7.838743184118502683e+00
8.528666652726796471e+00,6.140616996110850323e+00
6.412125419333918330e+00,7.794641007851399905e+00
8.496705327128672991e+00,6.165600597906457203e+00
6.568363518660638611e+00,7.672532353405967065e+00
8.287601191208409546e+00,6.328999213453094796e+00
7.654480836774942176e+00,6.823754140043949867e+00
5.424816896577729253e+00,8.566156561853743412e+00
6.843361878629005801e+00,7.457629361179857419e+00
6.442330985522904285e+00,7.771015881756820676e+00
5.533033291420616173e+00,8.481597082427235534e+00
7.444376920977137324e+00,6.987947665724280277e+00
6.822219848684097698e+00,7.474146996377617924e+00
4.885409579064294405e+00,8.987703016998400685e+00
6.098537426934817596e+00,8.039666588799516234e+00
4.707585436040131910e+00,9.126670953902898731e+00
7.844324453284261978e+00,6.675384290168464574e+00
4.665327550844076576e+00,9.159683908012830500e+00
6.588178861949224974e+00,7.657028870824397870e+00
6.253949825215782354e+00,7.918228179609561046e+00
4.551391231239739987e+00,9.248735881203566933e+00
6.025634701694016826e+00,8.096667792336145197e+00
4.637809017821147961e+00,9.181205253180690917e+00
8.989307886737964992e+00,5.780631077647293559e+00
5.311680011518578048e+00,8.654599342075510293e+00
8.010609121711729230e+00,6.545477379280850272e+00
7.076879738703109268e+00,7.275120222160439631e+00
9.031018660768552309e+00,5.748032112197421384e+00
7.283108217681578012e+00,7.113968684163694434e+00
9.133681704346678032e+00,5.667831957263761211e+00
5.088787079623624976e+00,8.828783052513935914e+00
6.385557537150726048e+00,7.815379772218152610e+00
5.822899586516802728e+00,8.255087794911810661e+00
7.861042920186655181e+00,6.662350053377736003e+00
4.273290262398026229e+00,9.466062787385762789e+00
4.959083099186175403e+00,8.930132719970329092e+00
8.372923570120089920e+00,6.262315863121700410e+00
6.269853926832778868e+00,7.905811557213784369e+00
4.546272493407088611e+00,9.252717723275269535e+00
9.085189661262607075e+00,5.705713098648368842e+00
9.644946456890370001e+00,5.268273054357351270e+00
5.809973939592739001e+00,8.265205219131813053e+00
7.856197885026411143e+00,6.666118013241582929e+00
4.644169679604287282e+00,9.176228909146754376e+00
8.378754115305785177e+00,6.257743529283930961e+00
8.129568837732811915e+00,6.452495443395382502e+00
5.864314225786904977e+00,8.222713703963549392e+00
8.853096675069949129e+00,5.887084789271091800e+00
4.611600629070556678e+00,9.201672356912775186e+00
4.816347711540836407e+00,9.041692624007877654e+00
6.183039154403360271e+00,7.973650886313568442e+00
5.877234244788704487e+00,8.212613865302717642e+00
6.117731024049311017e+00,8.024702558405815367e+00
8.453537698977541481e+00,6.199337893247028219e+00
5.626977998567300077e+00,8.408188737095509069e+00
4.972159074739807672e+00,8.919919998641155701e+00
9.228455215053436689e+00,5.593740431581148975e+00
6.530416550956665844e+00,7.702174578531485238e+00
4.966266535437494412e+00,8.924508455231279669e+00
6.638096778998672676e+00,7.618021577923312471e+00
9.638457944362016860e+00,5.273332065799399615e+00
8.682666130229396373e+00,6.020262329621748343e+00
7.569213436661863526e+00,6.890407064466140596e+00
9.432566744214184951e+00,5.434232987015998440e+00
6.799121207831355207e+00,7.492215431354308564e+00
5.380911192853567115e+00,8.600479168305144029e+00
5.479414040998218383e+00,8.523490956864046453e+00
4.291527257535455497e+00,9.451808627390693829e+00
9.518486440919222247e+00,5.367089508335737058e+00
8.024297121310283387e+00,6.534771592229804860e+00
8.484183192546057128e+00,6.175384024791671145e+00
7.827996341514458223e+00,6.688174233100695254e+00
8.591040610892845208e+00,6.091889250724090488e+00
5.747389547968355217e+00,8.314085368865772097e+00
9.701312184534462091e+00,5.224210837145046860e+00
4.644545668344925105e+00,9.175922746883001579e+00
5.806102960790463285e+00,8.268192886430945521e+00
7.983382558309418897e+00,6.566745350341846255e+00
6.549008179749380432e+00,7.687671268196774932e+00
5.983222482061865577e+00,8.129776634501251209e+00
5.742916134562531028e+00,8.317596907998302314e+00
7.965774811780251596e+00,6.580506931087550804e+00
4.718901812602752877e+00,9.117813041775599814e+00
5.528999812698529581e+00,8.484770374326606301e+00
4.254286104111028699e+00,9.480891018094915523e+00
4.805178683526666106e+00,9.050403393908792893e+00
4.498684728609060990e+00,9.289930807221777442e+00
6.669819784763529213e+00,7.593238119703277000e+00
9.553907506800673133e+00,5.339438542303424740e+00
7.152806681291851376e+00,7.215811180259197322e+00
6.846707472833214680e+00,7.455024637735802706e+00
6.240371415456159809e+00,7.928836018702491550e+00
7.531201687368357156e+00,6.920115992663613547e+00
6.750143715107714826e+00,7.530466679269690822e+00
5.329219084246131999e+00,8.640875442897357317e+00
4.785269358929579830e+00,9.065941173763018668e+00
7.522256610161617729e+00,6.927096343865056127e+00
5.659491454777824337e+00,8.382785434567088245e+00
4.409167311705632919e+00,9.359886847403297239e+00
4.865603871143117765e+00,9.003166737607598336e+00
8.879800544662892037e+00,5.866225718022797686e+00
4.151101696555064002e+00,9.561563851434600636e+00
5.755138143734432887e+00,8.308045429523659209e+00
7.467730437827086121e+00,6.969682844881884165e+00
7.787161335012963370e+00,6.720056174490149026e+00
6.226541769842935281e+00,7.939664909643594726e+00
9.014599781794125022e+00,5.760874054212541395e+00
8.273979067998681103e+00,6.339634585775587361e+00
4.372389387814183515e+00,9.388602372108579175e+00
8.024083672468117712e+00,6.534928225973556160e+00
6.284379082299052399e+00,7.894453135786795528e+00
6.236196705096300974e+00,7.932118095379054878e+00
5.597238504731700814e+00,8.431414187355517953e+00
5.100142088895995407e+00,8.819886189606739535e+00
8.652733381347147201e+00,6.043677005047070061e+00
8.425476080991014527e+00,6.221256748470644915e+00
9.435485158554405061e+00,5.431982160446046315e+00
4.300257616974777264e+00,9.444965823464064769e+00
6.147043925818683974e+00,8.001767973704851045e+00
4.851798660733738444e+00,9.013958749365757583e+00
6.842940895766529863e+00,7.457951717794003343e+00
9.372647613760666019e+00,5.481085773287785123e+00
9.386842151908449949e+00,5.469976564384642970e+00
7.345967043515240213e+00,7.064858966511525118e+00
8.724977897858071429e+00,5.987183913519979583e+00
5.242900823682981937e+00,8.708355750068248469e+00
5.015362574194933920e+00,8.886141545039704326e+00
5.819995592355999392e+00,8.257333847075811306e+00
7.324838268769961580e+00,7.081346795139947581e+00
6.592473631913279064e+00,7.653705379298461509e+00
5.739662783297870163e+00,8.320129267648958660e+00
6.562394482938851858e+00,7.677193251557945075e+00
5.529786794140404638e+00,8.484122735613867761e+00
9.043020218183025705e+00,5.738666769258422562e+00
5.140925746776865424e+00,8.788032613129185933e+00
5.860134821569650043e+00,8.225985558220296312e+00
4.908659715080278652e+00,8.969515659686651432e+00
9.143586174564411806e+00,5.660087716775283440e+00
5.115633893346079653e+00,8.807779133113669445e+00
6.544387427587755823e+00,7.691257749106313213e+00
6.876131082227249891e+00,7.431999567168383614e+00
4.991271984134616702e+00,8.904973498528496734e+00
9.090959514795253327e+00,5.701176714744060625e+00
5.574125904550477628e+00,8.449489137402458994e+00
4.539796471268236822e+00,9.257774423236655892e+00
7.070574565338965556e+00,7.280061478819295218e+00
8.195122471814546117e+00,6.401251593597480749e+00
6.009583546783572316e+00,8.109200185532436933e+00
9.360021165997567394e+00,5.490937720720563853e+00
8.956512031532394502e+00,5.806256344259637991e+00
9.486619338251196965e+00,5.391988200348721172e+00
5.637119578077406601e+00,8.400284370376859044e+00
5.309667788654326870e+00,8.656160705612348849e+00
8.092593623983717066e+00,6.481406811508222177e+00
9.419795096510009458e+00,5.444231024903465332e+00
9.619879044256286704e+00,5.287857675490089449e+00
8.044892982223657896e+00,6.518685130846194831e+00
4.806328225541863119e+00,9.049496049068537218e+00
8.879373677837424594e+00,5.866549840033478347e+00
8.053741452228800668e+00,6.511748580662464647e+00
8.840799600961343430e+00,5.896688750706409188e+00
8.333274450999583749e+00,6.293300001261369125e+00
6.037166400079804873e+00,8.087630066019347197e+00
5.106281784639758570e+00,8.815084269408972162e+00
7.404627696341791854e+00,7.019019216603802569e+00
5.155686407775013080e+00,8.776484545353993028e+00
8.375855534993117857e+00,6.260018128112287528e+00
8.485765696076594367e+00,6.174120169461284391e+00
9.458938127956169950e+00,5.413638516792065758e+00
8.014921772423747370e+00,6.542071491305442521e+00
8.076820457928695518e+00,6.493694940065998011e+00
8.897507243455912374e+00,5.852359525527680795e+00
9.640386072013335195e+00,5.271821077540504774e+00
5.307372375783924845e+00,8.657954827719434476e+00
6.813513627729831157e+00,7.480943096031158035e+00
6.829185201159486240e+00,7.468724184746620587e+00
6.301808100984882088e+00,7.880812294505781246e+00
9.080355407641100385e+00,5.709467008978256430e+00
9.514319493629121993e+00,5.370334745623082107e+00
6.127234496932077334e+00,8.017266636667340407e+00
8.404865282161452456e+00,6.237351496418309438e+00
7.756185200942733005e+00,6.744281059699571479e+00
4.339382176088848908e+00,9.414407096653093276e+00
5.385251159043826341e+00,8.597113096272384070e+00
6.560667986183750244e+00,7.678529692893167002e+00
7.129165857765226377e+00,7.234263485471069899e+00
8.999376981935050424e+00,5.772779333501385501e+00
8.694140325532710989e+00,6.011288239492404095e+00
4.464893825553135187e+00,9.316323072877391809e+00
7.335964482566446065e+00,7.072665662954907617e+00
4.818330476677451735e+00,9.040144737469455904e+00
9.356751011395608941e+00,5.493489690587988861e+00
5.298205307175186007e+00,8.665135071428514024e+00
8.901457318983748479e+00,5.849304269075724427e+00
4.236960644058362035e+00,9.494433911903893630e+00
6.502458991402626509e+00,7.724035417867335163e+00
6.898318210429911446e+00,7.414667099951290474e+00
5.122916233548743925e+00,8.802109885046196069e+00
7.913364549265097025e+00,6.621456431855134106e+00
8.159027299843033987e+00,6.429479797230675864e+00
8.697763157264160938e+00,6.008488520909322617e+00
4.794521976131461471e+00,9.058717135799437159e+00
8.866165493011402887e+00,5.876852431139673705e+00
7.830971734892733238e+00,6.685859488795430572e+00
7.186376963154834208e+00,7.189567849676507194e+00
4.387385837031501090e+00,9.376898178212204726e+00
8.203563079660160184e+00,6.394665749528105181e+00
8.399445710640415896e+00,6.241594960420697724e+00
4.594120313985451176e+00,9.215321668421131207e+00
4.988835448474725709e+00,8.906872421205092039e+00
6.972254730223597541e+00,7.356913133450191822e+00
7.424512360851510451e+00,7.003486594531182163e+00
7.969976332748741399e+00,6.577197722407306379e+00
8.828212015621849318e+00,5.906509979278256495e+00
6.139877157112865191e+00,8.007382533444593165e+00
4.746879017936785239e+00,9.095965122132247060e+00
8.603027939466983298e+00,6.082504676499093321e+00
4.714222359804321805e+00,9.121481507473651718e+00
5.783512292435898594e+00,8.285860238037917824e+00
9.529898885480257320e+00,5.358189136153269416e+00
7.679816566490846874e+00,6.803979596644914807e+00
8.874082217173707932e+00,5.870674301225562886e+00
6.379451927142794077e+00,7.820157919302336502e+00
9.224430507226692555e+00,5.596904892069475501e+00
5.786400368576719799e+00,8.283604423658092131e+00
4.151083194548761846e+00,9.561552654997438339e+00
6.764363547580704683e+00,7.519347945339680095e+00
5.973280478576914909e+00,8.137549942540394099e+00
7.607254178564066827e+00,6.860687555688890882e+00
9.441508330732450105e+00,5.427239763760199232e+00
9.220132608524821194e+00,5.600238339882011473e+00
9.188188307223466467e+00,5.625206088718492481e+00
6.929978220210373685e+00,7.389954404581691172e+00
6.472360822731075380e+00,7.747569619865136481e+00
8.149589843397039957e+00,6.436843304961120893e+00
8.931942148814467686e+00,5.825448879945189340e+00
6.452382751143362682e+00,7.763165205658314250e+00
8.184202763071340314e+00,6.409799413553058045e+00
7.302489382778390770e+00,7.098828930790245018e+00
9.125156780207827723e+00,5.674487023306667766e+00
6.907517278444799125e+00,7.407474315140660792e+00
7.404128878599482988e+00,7.019409639922973732e+00
9.417454924352616885e+00,5.446038415525809029e+00
5.468767939112117560e+00,8.531841234369267113e+00
5.603370174785096580e+00,8.426639869514337633e+00
8.344196987816209443e+00,6.284781147776585364e+00
8.393685099849001574e+00,6.246101819141361311e+00
6.698695269608876401e+00,7.570659790268124745e+00
9.510354744536950733e+00,5.373463158716374366e+00
7.727577801989140127e+00,6.766641954084684940e+00
5.594049272333283085e+00,8.433913614653866020e+00
5.092460756145473333e+00,8.825910289518292373e+00
8.271814715444397947e+00,6.341316906117905994e+00
9.326110384486320015e+00,5.517439729769641588e+00
9.543983187911848631e+00,5.347176922606132088e+00
8.382793308706046886e+00,6.254594615370186794e+00
5.078114914123130319e+00,8.837128232575553355e+00
7.593137947411488398e+00,6.871693119264151051e+00
6.805530811817398273e+00,7.487185535963442717e+00
7.586277380681317517e+00,6.877077383247896414e+00
6.674030077197132371e+00,7.589942242030696562e+00
6.227118264436397155e+00,7.939194306145650692e+00
8.186512017319564904e+00,6.407975116275980376e+00
5.374394916743861828e+00,8.605593183912159105e+00
8.997858470855783608e+00,5.773964924802821308e+00
5.978753470147456284e+00,8.133270299362584055e+00
8.454940964852639240e+00,6.198240262930850619e+00
5.927532586904163736e+00,8.173336134686461918e+00
8.382704813825956336e+00,6.254678263273560468e+00
7.111525180475915420e+00,7.248047810901689481e+00
7.036424685473276597e+00,7.306753684679692995e+00
8.496251796149799418e+00,6.165947394477957921e+00
8.259056714333164351e+00,6.351316184179651714e+00
5.602293144667831015e+00,8.427490294369414769e+00
7.408953156522320782e+00,7.015641687152843531e+00
6.440851273799220067e+00,7.772183334537706045e+00
6.307247137515128443e+00,7.876593556670535179e+00
4.624965102441716880e+00,9.191219645377346481e+00
