5.193452569134803909e+00,8.809403335953183145e+00
9.264471591875814482e+00,5.666103122470128817e+00
9.262587347480259581e+00,5.667494380448541591e+00
9.268730478563581343e+00,5.661324836918606884e+00
9.268228380953477341e+00,5.661816782328677355e+00
9.268476051712339014e+00,5.661564994111164317e+00
9.267769911133092009e+00,5.662209931870196833e+00
9.267016110271672602e+00,5.662924975398291316e+00
9.268297807973606695e+00,5.661635206794787045e+00
9.267844250677708118e+00,5.662035809776775785e+00
9.267829132676467907e+00,5.662007761805273098e+00
4.305059941969202164e+00,9.447367278425774728e+00
9.267602095146024510e+00,5.662174014799448152e+00
4.329210547399101827e+00,9.428957658219454530e+00
4.306897469023049929e+00,9.445946595751236075e+00
4.313802647802504886e+00,9.440660299874096495e+00
4.301741836189870938e+00,9.449847759039403883e+00
4.305322779868811622e+00,9.447102531866573116e+00
4.331403721113957772e+00,9.427239143437004643e+00
4.340438352683431589e+00,9.420377004072305382e+00
4.283286459697777104e+00,9.463960948577140542e+00
4.288022553222934796e+00,9.460320389910146233e+00
4.330392399109066481e+00,9.427979306021100570e+00
9.265814060748176928e+00,5.663870777599990802e+00
4.345959660425394055e+00,9.416155641231515716e+00
9.266858238631442646e+00,5.662825910483538117e+00
4.344620063871714954e+00,9.417167025332565444e+00
4.306260307492352446e+00,9.446322619638280571e+00
4.300801084947383224e+00,9.450492310960298070e+00
4.295618165952546086e+00,9.454431631832854066e+00
4.302901140034272487e+00,9.448859702991743603e+00
4.313743206485142423e+00,9.440583973953266650e+00
4.313952552544363606e+00,9.440422168427623717e+00
4.358940307024879779e+00,9.406278695613741192e+00
9.267237736819559757e+00,5.662395649606810188e+00
4.285516163145471680e+00,9.462128003773102591e+00
4.324897582043435662e+00,9.432056340738682820e+00
4.335149994631209758e+00,9.424266798308098103e+00
4.338462949251054468e+00,9.421750399683890720e+00
4.300490484334463126e+00,9.450655658274587978e+00
4.332345563627339580e+00,9.426390574405555611e+00
4.360568637244079504e+00,9.405018390173569998e+00
4.280613780432951820e+00,9.465878376906569969e+00
4.337480508287348435e+00,9.422491622712207970e+00
4.313833376866696767e+00,9.440462546949405009e+00
4.332332933308107314e+00,9.426384243494574378e+00
4.319516902948836723e+00,9.436119599938274760e+00
4.346254588789153495e+00,9.415819842490513736e+00
4.312124950303825699e+00,9.441745767673509704e+00
9.266417365335142264e+00,5.663160856173039548e+00
9.266952943866989756e+00,5.662616256699570805e+00
9.266435102554055447e+00,5.663131124136295824e+00
4.357896353473087458e+00,9.406956734797940811e+00
4.337794202795117293e+00,9.422172259040403119e+00
4.305666474671254740e+00,9.446613797426364201e+00
4.283052923242649968e+00,9.463911719554555901e+00
9.266299592776238825e+00,5.663227119239189200e+00
4.335094185615919748e+00,9.424212988145802328e+00
4.291302375323199136e+00,9.457582853814857415e+00
4.328995161357680033e+00,9.428830786245317341e+00
4.339775185002686442e+00,9.420645728890773896e+00
4.360175844085173225e+00,9.405209424446933753e+00
4.295251071509896157e+00,9.454541615263986287e+00
4.354876994620689779e+00,9.409205183085232349e+00
4.367617670431215515e+00,9.399584029599322932e+00
4.281499291993717371e+00,9.465064297036951402e+00
4.363999021270573486e+00,9.402302294186860365e+00
4.283487716811275270e+00,9.463524078418478425e+00
4.307009670126843659e+00,9.445529919530644136e+00
4.312798853861491644e+00,9.441115078996574539e+00
4.366211988801344646e+00,9.400620969405874661e+00
4.373964571854683570e+00,9.394772957454073037e+00
4.349374214562108598e+00,9.413336802874871623e+00
4.360393935080730365e+00,9.405007109353421768e+00
4.343297210531591901e+00,9.417932871726849342e+00
4.307659747684657425e+00,9.445016696016752533e+00
4.368884522803375248e+00,9.398583750031820117e+00
4.331576911951986908e+00,9.426804036783945406e+00
9.265758287796039383e+00,5.663695699390743243e+00
9.266508301269775316e+00,5.662938852381265598e+00
5.792324755901026023e+00,8.313084173642542041e+00
7.049908131577270254e+00,7.353933765620120688e+00
7.023594029037499631e+00,7.374002775412440869e+00
6.628697611464984263e+00,7.675200011062778493e+00
8.515587838051359881e+00,6.236098884243925333e+00
4.399133995686034915e+00,9.375608838752645724e+00
6.462589232253206362e+00,7.801864334497443210e+00
7.793211931901200984e+00,6.787019424096688347e+00
5.574688440667275202e+00,8.479065566756331052e+00
6.436144447208073771e+00,7.822023220404835442e+00
6.110869263070101809e+00,8.070130184142435326e+00
9.014673179217693288e+00,5.855469980910108951e+00
7.829721570058460145e+00,6.759207223587413438e+00
5.743183506015384410e+00,8.350535182744696527e+00
5.501283349710586634e+00,8.535060191434087784e+00
9.188437510198756542e+00,5.722917246696490601e+00
8.715543177484594395e+00,6.083572656257040023e+00
7.777073836964864206e+00,6.799360402545502780e+00
4.482484237913464398e+00,9.312037121784241478e+00
7.251026844888297518e+00,7.200535991525081947e+00
9.083915969290384140e+00,5.802640374302251658e+00
6.644245092896630567e+00,7.663329702301162172e+00
4.916323299948853531e+00,8.981186436512674121e+00
9.132137408996648276e+00,5.765846302587172012e+00
7.833256315781184753e+00,6.756478778189709544e+00
5.077959949852142607e+00,8.857887172089801808e+00
8.179755886431580691e+00,6.492237364857516013e+00
5.255278203704918383e+00,8.722680572605138849e+00
5.896407825067873532e+00,8.233701369614379928e+00
9.228789265029446298e+00,5.692165640389020176e+00
7.818099032679366012e+00,6.768043788432724028e+00
6.937315716955385625e+00,7.439790766923178644e+00
4.499671147458871090e+00,9.298962471440241018e+00
5.675765137962523355e+00,8.401947794646815737e+00
7.816775405154144707e+00,6.769062824548884194e+00
4.574065189664128894e+00,9.242196637233730527e+00
6.537618834834160175e+00,7.744632659503129624e+00
6.489922786095962515e+00,7.781015388670142308e+00
6.981145798958158899e+00,7.406357335562388400e+00
9.056133553469624786e+00,5.823845603747413335e+00
6.073633794188290302e+00,8.098510057088422087e+00
6.193409896651697721e+00,8.007147531922230499e+00
7.648405224860631790e+00,6.897471710055657290e+00
6.806997373050535316e+00,7.539202664412890442e+00
8.515246186587546617e+00,6.236338038297660091e+00
5.130602480205811666e+00,8.817732024051970541e+00
5.069059048831287662e+00,8.864677875684769504e+00
5.906242085077053616e+00,8.226169046000819662e+00
8.084544478460450989e+00,6.564841560219663030e+00
5.611605623376215490e+00,8.450895755553197830e+00
8.849649869531747370e+00,5.981304284865872845e+00
9.226652919173183420e+00,5.693793092241376641e+00
6.514403336311804793e+00,7.762365460466773115e+00
7.027852876186845066e+00,7.370772637087248391e+00
5.321003870775043332e+00,8.672548749057378714e+00
4.919613847145658525e+00,8.978666085573198785e+00
8.052555138289706704e+00,6.589225006575220256e+00
7.861599894381177123e+00,6.734875417587209867e+00
7.036098562826788694e+00,7.364468861815532286e+00
8.611758447219813206e+00,6.162734041641072302e+00
6.645259513966630394e+00,7.662543209388811505e+00
5.888858079547325097e+00,8.239438800319986100e+00
4.906013761433214881e+00,8.989054856861578457e+00
8.349823129547768730e+00,6.362495976669674924e+00
4.818117893531455920e+00,9.056096644246499849e+00
4.795348801057923716e+00,9.073459867063883522e+00
5.537796112878484500e+00,8.507185028556751405e+00
7.458524695635862400e+00,7.042278693104978338e+00
7.377436460001444374e+00,7.104125339219801383e+00
6.041144207123875454e+00,8.123307902288942728e+00
4.804050894632204916e+00,9.066790610943499473e+00
5.922505460539326805e+00,8.213781652867442773e+00
7.982143644555481643e+00,6.642924432681857283e+00
5.120626000221715657e+00,8.825357145751329568e+00
4.796110860113919294e+00,9.072868934351975057e+00
6.664027336408401503e+00,7.648234068421345455e+00
6.510343618144716515e+00,7.765448453044676569e+00
5.857378311517445368e+00,8.263465646187555080e+00
7.739003130950746545e+00,6.828357166827900393e+00
4.366094543017117857e+00,9.400828700773345759e+00
6.737460697413753863e+00,7.592231842343371007e+00
8.814724060515963799e+00,6.007962378507119006e+00
4.472059812495414732e+00,9.320002228770679409e+00
7.044053533938063438e+00,7.358413792512171980e+00
5.029961122464976953e+00,8.894497924795524924e+00
8.754022244985476320e+00,6.054237888082566243e+00
7.342882107156554206e+00,7.130475640724396769e+00
6.207822276283592622e+00,7.996188257506251063e+00
5.744552744315004844e+00,8.349492993132354712e+00
7.529594509235012723e+00,6.988099325987515265e+00
7.502080869579362599e+00,7.009074640768718112e+00
7.561664499389614491e+00,6.963646224112057581e+00
4.674882372032902467e+00,9.165318771276121268e+00
6.559163673551466900e+00,7.728228300159424080e+00
5.905935001499297954e+00,8.226411315550066661e+00
6.921518715739402694e+00,7.451852506877731486e+00
7.234165404615768402e+00,7.213424346830503708e+00
4.435503330451659565e+00,9.347885302154105958e+00
7.271867522612973644e+00,7.184667670311964294e+00
8.815826783815568390e+00,6.007097468549204677e+00
4.566345856584800522e+00,9.248076664774199429e+00
7.980732873671872341e+00,6.644014981473252313e+00
7.585500583075839742e+00,6.945459814852941172e+00
5.217739639076176772e+00,8.751285982899624116e+00
4.281952797989164949e+00,9.464995172303680704e+00
7.326924689769303001e+00,7.142646105421660785e+00
6.886764542671835798e+00,7.478343911290257218e+00
4.590684570991933278e+00,9.229525502527788916e+00
5.260712922978385997e+00,8.718511698666979726e+00
4.704386177994797080e+00,9.142831541378326321e+00
8.417226806514605641e+00,6.311125271057001385e+00
6.047180501880196068e+00,8.118716411381711850e+00
8.149874278899988056e+00,6.515015937904878207e+00
5.653026048183632746e+00,8.419290548747564884e+00
8.283675185855884138e+00,6.412965762090714783e+00
4.383515481424081095e+00,9.387560360108574642e+00
7.393283134630593167e+00,7.092069178021692011e+00
8.745922622695317727e+00,6.060400966950325596e+00
7.823592044217041241e+00,6.763864439787539595e+00
6.704939748528691013e+00,7.617021607799357774e+00
5.568412246998822646e+00,8.483831599480515351e+00
6.571110906354993730e+00,7.719113506401999558e+00
5.050256672983339357e+00,8.879014642611577912e+00
6.069716431169157822e+00,8.101488981102599851e+00
5.671402793717398083e+00,8.405308015353028850e+00
9.047841489537219672e+00,5.830137150023200654e+00
6.308448912585085111e+00,7.919411254644827203e+00
5.681693015235060429e+00,8.397432780643814709e+00
6.447533752588438638e+00,7.813346631331796743e+00
6.808271282267028823e+00,7.538231326672640620e+00
8.977402108065572151e+00,5.883872655127500018e+00
6.411346217237356981e+00,7.840946608464156142e+00
5.152529363349802161e+00,8.801032233512383840e+00
6.301751246654932359e+00,7.924544557610579965e+00
4.599846984798899641e+00,9.222552287995512188e+00
7.938660874429395164e+00,6.676101774828449464e+00
8.854468052856372395e+00,5.977642649165036737e+00
5.042396150538123401e+00,8.885004016531295790e+00
5.837706079738348208e+00,8.278445493035723857e+00
5.658622361109776122e+00,8.415031498935924503e+00
8.114546214825947956e+00,6.541977642733662890e+00
5.908591091830160735e+00,8.224380388991082924e+00
8.964136156524682875e+00,5.893990229139509651e+00
5.795839885978747219e+00,8.310388623950446529e+00
8.437405704958656827e+00,6.295729092164759066e+00
9.162383554145622000e+00,5.742783716347979350e+00
7.006478913008876930e+00,7.387045325839661558e+00
9.037124780677984859e+00,5.838306827512881547e+00
8.759567392133476460e+00,6.050009232244776491e+00
6.106741975743567252e+00,8.073271812710849815e+00
5.211490761407057803e+00,8.756055346615440271e+00
4.944313462810767668e+00,8.959844619876255578e+00
5.686124849722633101e+00,8.394043502672953849e+00
8.758193039987155259e+00,6.051042664053611020e+00
8.209477143870454796e+00,6.469555366504117444e+00
6.390657696544650435e+00,7.856750799080078451e+00
5.784081629909678668e+00,8.319368300510669556e+00
8.196661179077246118e+00,6.479319262499688037e+00
6.140033577501728068e+00,8.047888408983844499e+00
7.044780895647793528e+00,7.357867101450846548e+00
7.823215096635669497e+00,6.764156722179509806e+00
5.581709450733987055e+00,8.473715504999631776e+00
4.981518184607344857e+00,8.931459122413874852e+00
8.058815440281147602e+00,6.584456416300701775e+00
6.959123991980193935e+00,7.423165678194160400e+00
5.198943802622646437e+00,8.765617477813615110e+00
9.116696938411127604e+00,5.777655351175043918e+00
7.107073709775350245e+00,7.310348705106763489e+00
5.412999564176267597e+00,8.602351840681993878e+00
4.750451777077621784e+00,9.107698561193929621e+00
7.195087668132711833e+00,7.243228211708398590e+00
7.251110778098633247e+00,7.200491936175564156e+00
6.831889355702893241e+00,7.520205170486586432e+00
5.642465649737624211e+00,8.427367569301427608e+00
7.474756570806022182e+00,7.029911523614035929e+00
8.891061922677298668e+00,5.949727277597377295e+00
8.087656513506532363e+00,6.562477116662105203e+00
7.271580360429156897e+00,7.184864925750739317e+00
7.407662134965150358e+00,7.081063112191424480e+00
6.604429289666414071e+00,7.693701835609554784e+00
4.609333988731333598e+00,9.215301021232523482e+00
7.314016198154261517e+00,7.152516050413738391e+00
6.983741163906701743e+00,7.404391995183397412e+00
8.583768708551913207e+00,6.184103158866013139e+00
8.337523857396027083e+00,6.371897546453276107e+00
7.897388081989096698e+00,6.707582118292052087e+00
7.808284830518804398e+00,6.775519890128040679e+00
8.463888723625203170e+00,6.275527128412898392e+00
9.046886203020644501e+00,5.830895484240017801e+00
8.048040132994149332e+00,6.592668185441437956e+00
6.260044037565756447e+00,7.956347155065234489e+00
8.183502275840979223e+00,6.489363252743984845e+00
7.053207018941098028e+00,7.351406184216279449e+00
8.756393279901793392e+00,6.052429856077797155e+00
7.604931124688341093e+00,6.930613960589301570e+00
8.664526731775769264e+00,6.122478025150280168e+00
9.243363588894716543e+00,5.681043549088445666e+00
8.532830314904492397e+00,6.222928407364995529e+00
8.134607079026434207e+00,6.526644572867686733e+00
4.971089730245719096e+00,8.939395020625980237e+00
6.918667143070534209e+00,7.454030303709624938e+00
7.451847307801344300e+00,7.047367759997721137e+00
4.980089787010497204e+00,8.932560397940298103e+00
8.613854705921781374e+00,6.161129330075223898e+00
4.326246135020675787e+00,9.431210950074746080e+00
8.254360774161060732e+00,6.435328836528064755e+00
4.367789510287663823e+00,9.399530384692837970e+00
7.673998608600507865e+00,6.877961798390198389e+00
6.849667108231056289e+00,7.506675885206832710e+00
5.108818204994783230e+00,8.834374635625339423e+00
5.138174012993087736e+00,8.811964934744960232e+00
9.174645696006130891e+00,5.733434644803081071e+00
9.073561290871904106e+00,5.810538428636576214e+00
9.013397341473742941e+00,5.856411054364176749e+00
9.060756020001111466e+00,5.820314600605798638e+00
8.267314147915872269e+00,6.425452900983150251e+00
7.364667148604318037e+00,7.113882965453928620e+00
5.459346982460508535e+00,8.567002561524727611e+00
5.538409766943899193e+00,8.506707525147717774e+00
8.664434936311453228e+00,6.122579813945292493e+00
7.529797218489827415e+00,6.987944529784585690e+00
8.385967014129162678e+00,6.334929372767502009e+00
7.578928280057725786e+00,6.950463784140999302e+00
5.369699522572564554e+00,8.635383804500014193e+00
5.253434550906623812e+00,8.724052289056771770e+00
9.035348557717464146e+00,5.839663574778670707e+00
6.745266742644766111e+00,7.586289820855307120e+00
8.941493396534982097e+00,5.911243885004998866e+00
5.204378263671761040e+00,8.761468340904345453e+00
7.531853036478772800e+00,6.986356395059758029e+00
9.082922942617251749e+00,5.803398063153185404e+00
5.609322729202322222e+00,8.452637535501624555e+00
8.535693280758533064e+00,6.220760346099096338e+00
4.973556985675951836e+00,8.937547584477224305e+00
4.945836485777661551e+00,8.958678322801027605e+00
4.685335756258631967e+00,9.157351938562397820e+00
8.165687454075083451e+00,6.502962213999811780e+00
8.729364402565995107e+00,6.073041652116286215e+00
6.312997700752964292e+00,7.915964101191391933e+00
8.628650935337063288e+00,6.149852853074206926e+00
8.551571157142335622e+00,6.208633026058382853e+00
5.717882040544230549e+00,8.369826961223379769e+00
7.586904575291679720e+00,6.944383395770038270e+00
9.031536047120864552e+00,5.842598983259124523e+00
8.786647610526607366e+00,6.029363389442838006e+00
6.380377428288689146e+00,7.864561662469003345e+00
4.540886830778982919e+00,9.267495165479443742e+00
5.761267875205553501e+00,8.336734432549048890e+00
6.416363171846452218e+00,7.837124609894286387e+00
7.231271932260985302e+00,7.215596203019877919e+00
7.146165259333226771e+00,7.280512240088978793e+00
6.920821020287885261e+00,7.452399406969373530e+00
5.763961769265754320e+00,8.334686925388036016e+00
8.976718335334364696e+00,5.884408030083562835e+00
4.829131478768685426e+00,9.047670001384970462e+00
6.616098486759750763e+00,7.684811840356687185e+00
5.102525047269716119e+00,8.839152381055166430e+00
9.012215594116678830e+00,5.857317767689023569e+00
5.452395433909032363e+00,8.572335875552511197e+00
9.200133242466083772e+00,5.714006543973673580e+00
8.933389661245760394e+00,5.917430993377720938e+00
7.150438937857893862e+00,7.277258767446662446e+00
8.000864727201857818e+00,6.628641386161622684e+00
8.430657888465653116e+00,6.300877828643317358e+00
5.972224987298996979e+00,8.175858164730026800e+00
7.115499999847830104e+00,7.303925670951866067e+00
8.447910601971294398e+00,6.287691334261339193e+00
7.874469295814231273e+00,6.725043983095003952e+00
6.326721787854348023e+00,7.905510513918141413e+00
8.176225763698223403e+00,6.494928453550957492e+00
5.837071512403877449e+00,8.278950799412259087e+00
4.948658814742459278e+00,8.956526866786314045e+00
8.069555130760024397e+00,6.576278042599908780e+00
9.074762009160291854e+00,5.809634172886734227e+00
8.965962336941961652e+00,5.892618905148567343e+00
9.012614157143767457e+00,5.857027351526224557e+00
7.710210258644428549e+00,6.850328262835364335e+00
9.162830735760556067e+00,5.742464229428254185e+00
4.972329589793162086e+00,8.938471049934685553e+00
8.192839035325299335e+00,6.482245201402104584e+00
7.399367932174373053e+00,7.087395125247993199e+00
4.325804459128896440e+00,9.431561346146029479e+00
7.708228450371315432e+00,6.851861052824421705e+00
7.449823322478712484e+00,7.048907862721160100e+00
8.518978972630311119e+00,6.233518026148455071e+00
5.549301373711177376e+00,8.498407543935051933e+00
9.252240881809253636e+00,5.674257960113481936e+00
7.293169363463985810e+00,7.168412677170606706e+00
9.191864823423355091e+00,5.720318102350049116e+00
8.821121450862465352e+00,6.003045991653994662e+00
7.273736729535722034e+00,7.183210150540129568e+00
7.970982917777435617e+00,6.651438426025641171e+00
7.652334873773805057e+00,6.894473173734399829e+00
8.848805572022268251e+00,5.981936126609181059e+00
6.558699911214427303e+00,7.728548963916919590e+00
7.739183427787867942e+00,6.828227312959272766e+00
8.034303599577079069e+00,6.603153679373278351e+00
5.264229765219008428e+00,8.715828040021364131e+00
8.273018369258211990e+00,6.421114824869080806e+00
5.145336918494391121e+00,8.806521228928808398e+00
6.589339649395372867e+00,7.705195566585758549e+00
8.287788755921727812e+00,6.409849720628987058e+00
8.179410358536687298e+00,6.492496164537541858e+00
4.522754544775740015e+00,9.281335394636283098e+00
8.184095488918714523e+00,6.488921748962731328e+00
4.971288420644188299e+00,8.939276175331249519e+00
6.945170716891807317e+00,7.433795966301508074e+00
8.857797974091091930e+00,5.975111518000409738e+00
6.533295636516116112e+00,7.747949543072607526e+00
7.674476768236889512e+00,6.877567670300967606e+00
4.782646229604560872e+00,9.083116289166731860e+00
7.152323864553554955e+00,7.275840055185330613e+00
7.157703501429819148e+00,7.271710505176848471e+00
6.326862279867182082e+00,7.905389678564151090e+00
7.703190070395475431e+00,6.855692605541736206e+00
7.230018408334005997e+00,7.216547772881280132e+00
4.886992979278951488e+00,9.003564653814608576e+00
6.340372963244888638e+00,7.895083442877911750e+00
8.396654709162664432e+00,6.326809704797023315e+00
8.593992635626261034e+00,6.176285148831898830e+00
