3.733173515682405297e-01,9.277037015029655498e-01
4.813925170737850534e-01,8.765051227615545670e-01
4.966893434048452738e-01,8.679284043623981537e-01
4.956344573004849430e-01,8.685312429985191374e-01
7.586461838959034365e-01,6.515027826305836989e-01
4.963314467599478363e-01,8.681331578758961776e-01
4.963031577319287901e-01,8.681493433102565049e-01
7.756490504435338273e-01,6.311645498993564418e-01
4.918308472218243521e-01,8.706908402859300233e-01
7.097241138490595347e-01,7.044796109156886699e-01
3.665498393243152853e-01,9.303983497741218356e-01
4.914940826173007649e-01,8.708808093539927020e-01
3.763235576576959285e-01,9.264882242792544798e-01
7.492240016820345128e-01,6.623165262156908151e-01
5.066630276549859424e-01,8.621442857713190744e-01
4.071292284438448039e-01,9.133706640204081184e-01
4.796158157124706944e-01,8.774784652335138047e-01
5.667629595920671282e-01,8.238807621811852222e-01
5.175956123675554688e-01,8.556252423558184939e-01
5.112412909033929864e-01,8.594370618824603847e-01
4.932699885115033323e-01,8.698764494643651535e-01
3.756381738447469587e-01,9.267662517020525126e-01
4.960185131932713931e-01,8.683121465304532993e-01
4.972768496118918358e-01,8.675917081523131236e-01
4.965522307529751100e-01,8.680066354119376770e-01
4.920442873729728994e-01,8.705703903373328556e-01
3.879687600827286253e-01,9.216723453291534307e-01
7.440971623260491663e-01,6.680717579843581388e-01
7.605895039845831374e-01,6.492327005468359058e-01
4.975276771755369754e-01,8.674478409534225332e-01
3.845774678139847191e-01,9.230925185685922019e-01
3.878097640409138291e-01,9.217396571115427095e-01
3.716705299793157113e-01,9.283649151511947917e-01
4.452022180133477502e-01,8.954303150534582700e-01
4.156568563595499644e-01,9.095212673978843032e-01
7.711508274847981292e-01,6.366520242496462867e-01
4.940966452942948672e-01,8.694066754142425468e-01
4.418451031603578549e-01,8.970910508860049370e-01
4.839114025655483209e-01,8.751173321499194913e-01
5.725805694990520056e-01,8.198480363233873192e-01
3.778332883010950827e-01,9.258733602148019326e-01
4.943047539652541400e-01,8.692883060759019065e-01
5.306133610159438074e-01,8.476143885175824177e-01
4.061610914188520383e-01,9.138011574104041301e-01
5.288431271176432524e-01,8.487200294070571527e-01
5.020208553249272398e-01,8.648559398685984334e-01
5.071919640883062463e-01,8.618326774743380048e-01
4.702940095420324873e-01,8.825093894096019964e-01
5.752319124298707065e-01,8.179908775599529225e-01
6.076689253982765493e-01,7.941910715797338982e-01
4.945126429134487633e-01,8.691709566221427208e-01
5.526880577477719658e-01,8.333876239020954202e-01
3.829719801234671150e-01,9.237595516249389460e-01
4.983133950442479865e-01,8.669964454638248164e-01
4.424566657921713553e-01,8.967903814577556920e-01
7.522957236985172713e-01,6.588247170311883893e-01
5.165586272615489971e-01,8.562512231613865765e-01
6.021754636351315249e-01,7.983644808037873020e-01
3.959347058658448382e-01,9.182781835779314505e-01
4.767706072642558524e-01,8.790271699130645100e-01
4.712652390898771637e-01,8.819909462528412458e-01
7.513484045311830117e-01,6.599067151714050894e-01
5.163712191824954001e-01,8.563641744821989255e-01
5.005324672457341917e-01,8.657171022573981745e-01
7.717873715918014410e-01,6.358817408595851539e-01
4.208852246773950867e-01,9.071133127044196387e-01
3.858188290010440280e-01,9.225739905085647008e-01
4.410615917261490049e-01,8.974775278362556730e-01
3.792743498481986331e-01,9.252848604229259033e-01
5.032030179967590389e-01,8.641690268140409525e-01
3.917627286896490091e-01,9.200669206718499193e-01
4.965231090717935336e-01,8.680243157795040077e-01
7.609985659301057304e-01,6.487548176196681338e-01
7.590801779630347301e-01,6.509958827616988408e-01
4.711871483467946486e-01,8.820340595758492386e-01
4.942610208060934651e-01,8.693143895551492806e-01
5.159117857019503983e-01,8.566408307615867024e-01
4.965917909136323694e-01,8.679850673520016491e-01
4.430129070482018427e-01,8.965144682973089640e-01
4.968330710999736555e-01,8.678452626620811738e-01
5.015902234353570854e-01,8.651044228704551919e-01
7.511433931949548226e-01,6.601404598304800864e-01
4.843953825341485997e-01,8.748483031253525555e-01
4.980790930828113416e-01,8.671325257721356206e-01
4.491399346011019644e-01,8.934605695470768660e-01
4.969349336385016080e-01,8.677887571041309478e-01
4.913367226156730161e-01,8.709706475343597099e-01
4.961875825203085899e-01,8.682163075530628937e-01
4.960816281191291477e-01,8.682749203116583159e-01
7.522086662226755704e-01,6.589234950141469316e-01
4.737493912346441571e-01,8.806606437206598859e-01
3.923836450321048774e-01,9.198008305888357716e-01
7.534258239468039076e-01,6.575313305711716350e-01
4.983036087838558226e-01,8.670036479828975295e-01
5.176570492272483115e-01,8.555871178292017154e-01
5.456848634227217110e-01,8.379916200402586224e-01
7.516839328966850031e-01,6.595219264447774732e-01
3.958054787841654987e-01,9.183335382140797032e-01
3.976287955024835341e-01,9.175455285551359363e-01
4.477406578859493003e-01,8.941625001244017934e-01
3.999509668767254889e-01,9.165374140545599069e-01
3.852575022721143050e-01,9.228082006957657457e-01
5.010947502167355516e-01,8.653936196197160591e-01
7.540707471982097676e-01,6.567950006056840762e-01
3.818923463078134350e-01,9.242077482825254986e-01
3.776280467348250847e-01,9.259583023552002690e-01
3.903024583535242842e-01,9.206857355081297101e-01
4.972578042249649055e-01,8.676040607296052753e-01
6.119331195457858863e-01,7.909079772891275395e-01
4.953624000910707981e-01,8.686876663915519270e-01
5.062808000176091117e-01,8.623673999512190269e-01
6.224609297876435576e-01,7.826524599886020006e-01
7.533466969117991185e-01,6.576255226738458859e-01
4.155053233003985769e-01,9.095896632852423780e-01
6.118500029262032847e-01,7.909721962367701753e-01
7.531413059502575225e-01,6.578567721261748824e-01
4.994577441377849869e-01,8.663369174657953309e-01
3.844043693094376657e-01,9.231637883269400158e-01
3.844380497623767212e-01,9.231497468522323890e-01
4.075149682984727795e-01,9.131974103891997707e-01
3.901995964539468620e-01,9.207292203614310111e-01
5.025942339263933523e-01,8.645210329487571510e-01
7.525010531469269459e-01,6.585931477900742737e-01
4.582697500604510643e-01,8.888118800401089148e-01
7.390141862196411005e-01,6.736877964872667324e-01
3.769244626272980625e-01,9.262429418249795710e-01
4.993963659528789512e-01,8.663722275656351446e-01
4.965151894318138304e-01,8.680294317671558568e-01
3.853234780531818449e-01,9.227804587433255934e-01
5.034024654111317609e-01,8.640505805622784585e-01
6.045470349430525081e-01,7.965712412493499706e-01
4.945040129225453662e-01,8.691768250933162854e-01
4.861309718651951606e-01,8.738874250241733810e-01
4.579295197642945237e-01,8.889898798257290791e-01
4.981936729874459902e-01,8.670673060433679025e-01
4.870320557819679541e-01,8.733855891140001049e-01
4.426824753802322543e-01,8.966798043491034376e-01
7.597073321922037659e-01,6.502675299993225799e-01
4.848337729338142443e-01,8.746048004121952379e-01
7.540936260137869329e-01,6.567693144410274853e-01
4.121211191268218110e-01,9.111303783856584682e-01
4.681878483144257252e-01,8.836304465434400290e-01
4.628864858261063642e-01,8.864190421891314786e-01
7.513441184033161635e-01,6.599130294686381681e-01
4.978032982607523138e-01,8.672883488660562135e-01
5.019628717921377214e-01,8.648907959868898931e-01
4.963922533000065807e-01,8.680967193680465543e-01
4.976329021285452736e-01,8.673861117538231857e-01
5.230577695758499290e-01,8.522989464039802954e-01
4.862463711673046807e-01,8.738201347271699060e-01
3.872992385292312045e-01,9.219553602164758388e-01
7.563517655822767916e-01,6.541676591114236050e-01
3.780013529591795818e-01,9.258063340411822884e-01
4.553807145451141958e-01,8.902983730324207645e-01
7.609812002367060124e-01,6.487765644857743652e-01
5.131412532970427431e-01,8.583059569700144387e-01
4.988588690395439063e-01,8.666849718247010559e-01
3.821859427212109805e-01,9.240867755095631964e-01
3.778794558197466347e-01,9.258561289561419994e-01
4.463459492472203749e-01,8.948620578315357177e-01
4.955609094729099828e-01,8.685714237539776672e-01
7.576532366887501757e-01,6.526600763426817498e-01
3.781194050516738514e-01,9.257554417033588834e-01
7.583276834429466540e-01,6.518763483427783001e-01
7.548321536054014569e-01,6.559207935280655377e-01
3.793113207591986002e-01,9.252705153004968652e-01
3.781137659325604083e-01,9.257577293440956145e-01
5.000229132436959656e-01,8.660140372806929276e-01
4.917753515495501548e-01,8.707239520145685363e-01
4.984422415330956313e-01,8.669210391974222496e-01
7.529506133244541211e-01,6.580741965068975796e-01
3.881682319679239379e-01,9.215870552277960481e-01
5.007536749637812035e-01,8.655917414918270492e-01
4.978498770148742647e-01,8.672651237149378023e-01
3.761818670005112608e-01,9.265472938357698363e-01
4.062288545702570919e-01,9.137698023915528101e-01
4.022658685515322352e-01,9.155213389473004781e-01
7.441962251288261054e-01,6.679581753048260406e-01
3.867549363461730838e-01,9.221810250964155298e-01
4.861512527100686487e-01,8.738727817081214377e-01
7.510525592460117750e-01,6.602453780448666043e-01
3.536483479431991039e-01,9.353770572592443600e-01
3.764958070924038225e-01,9.264168332647995108e-01
4.963702602954817578e-01,8.681128931363181200e-01
7.178837947188171364e-01,6.961600881195538770e-01
4.967547999330190756e-01,8.678929165991255967e-01
5.062574228440905877e-01,8.623803656219002356e-01
4.750545064066176160e-01,8.799544508301700985e-01
4.045866154832481465e-01,9.145013263222194766e-01
4.496378628290846891e-01,8.932091164239889247e-01
5.009634508125510033e-01,8.654663955005815756e-01
4.452552358520913134e-01,8.954018752220470612e-01
4.965274266487249566e-01,8.680189933889235210e-01
4.958713447724892864e-01,8.683939580739836739e-01
3.983534598784485015e-01,9.172303409457761569e-01
4.918318239896994348e-01,8.706922599417080688e-01
5.073079167119076693e-01,8.617627475085486433e-01
4.719548478619727261e-01,8.816246886070034927e-01
4.970740633668632169e-01,8.677102255025190836e-01
4.913348754319709633e-01,8.709686264829689106e-01
7.620081555939599571e-01,6.475707130818221247e-01
4.945593965358686672e-01,8.691459835771518927e-01
4.600246389151328441e-01,8.879081585732038207e-01
7.516447709799026766e-01,6.595648083907351689e-01
5.044631341069210073e-01,8.634354784122710846e-01
4.428618613519185176e-01,8.965918342688323772e-01
4.837401618517768731e-01,8.752138291976626627e-01
4.744297952950689012e-01,8.802954883330734726e-01
5.071283904515673235e-01,8.618682268429501692e-01
4.442956549532059984e-01,8.958781966136848407e-01
4.951625938144373906e-01,8.687980688930211359e-01
3.951332449311713013e-01,9.186220116246006651e-01
4.883879879977506278e-01,8.726288269269615316e-01
4.967581121282932388e-01,8.678867415195223867e-01
5.006267478285204575e-01,8.656609304128225491e-01
4.715133247088875712e-01,8.818611324949441332e-01
7.511014107127409467e-01,6.601833172903277536e-01
4.854699424189985457e-01,8.742510558362096562e-01
3.862270791811763804e-01,9.224018905303784654e-01
3.783743035039390246e-01,9.256544856718026404e-01
4.944794969914650951e-01,8.691916510438786325e-01
4.959305311938191352e-01,8.683645700043736149e-01
7.861038429278666140e-01,6.180906405649335689e-01
7.585779286085888584e-01,6.515860082386312202e-01
4.990103327028085900e-01,8.665936058655566709e-01
5.105503857450215399e-01,8.598503627096858448e-01
4.636972004869459596e-01,8.859960406936208122e-01
7.534516107266087115e-01,6.574996196017520722e-01
4.981947735159922841e-01,8.670676303259160500e-01
5.004515503150084310e-01,8.657670433911041075e-01
5.001489442742986791e-01,8.659418927324057380e-01
6.380194106136030108e-01,7.700170238960435398e-01
3.825451965919581254e-01,9.239387350466827797e-01
7.632745056052847588e-01,6.460782557320542407e-01
6.796775970248235543e-01,7.335074513709680666e-01
5.136139612245222974e-01,8.580186944755464618e-01
5.845859568542457474e-01,8.113348451906328140e-01
5.084104131065252385e-01,8.611122112675289042e-01
7.510159135864992175e-01,6.602801482317778303e-01
4.276891370325453523e-01,9.039236171652302865e-01
3.811575875586348805e-01,9.245080530534375285e-01
3.995791293899135788e-01,9.167008439857911029e-01
4.956201563203921356e-01,8.685420449152710942e-01
4.733564380957413498e-01,8.808735249885770724e-01
4.972981786839284490e-01,8.675823708616686725e-01
4.985962073930502170e-01,8.668370821350140920e-01
4.076471350176026909e-01,9.131373171478219808e-01
3.802455217800223553e-01,9.248876635487477404e-01
3.823767425506596762e-01,9.240086087254457681e-01
5.108006979086570087e-01,8.597019708137851879e-01
7.243199724006512685e-01,6.894679671002357235e-01
7.537283915156284264e-01,6.571819046778456519e-01
4.973478208942645473e-01,8.675484770721286765e-01
4.775171351543074927e-01,8.786250913986580757e-01
4.844944861868066277e-01,8.747916178519531405e-01
4.988995547283969212e-01,8.666570231172060490e-01
4.964538652953252029e-01,8.680659176707586910e-01
4.958329247318488675e-01,8.684151266180083484e-01
5.005239420644266302e-01,8.657198529885656857e-01
4.889302263473106480e-01,8.723201170084938783e-01
4.811254673065928911e-01,8.766489728700832540e-01
7.798942940997526385e-01,6.259067279614716206e-01
4.931158012726849504e-01,8.699607934348666527e-01
4.016238660380121450e-01,9.158070639976167993e-01
5.165754230792773960e-01,8.562447409401995335e-01
4.997404229662278374e-01,8.661781714726606296e-01
4.955805513225163272e-01,8.685590531559931327e-01
4.342258678835052010e-01,9.008014283681189394e-01
4.989779147080240507e-01,8.666177037362473579e-01
7.532773114844049100e-01,6.576984834147562298e-01
4.923369405204663929e-01,8.704017137541507632e-01
7.509797629126889751e-01,6.603206667965491050e-01
7.530283629210925422e-01,6.579834812363357655e-01
3.991227399048467017e-01,9.168999364160130838e-01
4.897506706657700493e-01,8.718655233239620550e-01
4.943496577740764675e-01,8.692661734679820729e-01
5.001124951748654457e-01,8.659573502508454146e-01
3.797320637651918629e-01,9.250941492828952395e-01
3.883069151943070452e-01,9.215325394407180015e-01
4.329633281818838775e-01,9.014088196376197626e-01
4.849565058559336395e-01,8.745352018801819671e-01
4.618584525797174711e-01,8.869565972180255553e-01
4.999691362041824849e-01,8.660400123851103027e-01
4.906001470147048349e-01,8.713816453369452875e-01
3.913274848842391851e-01,9.202489519081640257e-01
4.224626381138409381e-01,9.063775932805141489e-01
7.487997585445087534e-01,6.627914183447133345e-01
4.883573319857791861e-01,8.726405406102157869e-01
3.866358966543997910e-01,9.222298817677768712e-01
4.173374107971014046e-01,9.087488341487288679e-01
4.052327694110904321e-01,9.142108399211059666e-01
4.868505181378703361e-01,8.734885557865296191e-01
3.347619944894389965e-01,9.423049593004343416e-01
4.537736409618792766e-01,8.911200301298216608e-01
5.203297440274160524e-01,8.539619367510177250e-01
4.320705122153833955e-01,9.018369117824540648e-01
5.194492080543360313e-01,8.544978088190396948e-01
4.958399503825817733e-01,8.684105641008118548e-01
5.433893606589236258e-01,8.394770956978070409e-01
4.940835801890823831e-01,8.694177762224472028e-01
4.970383583169693531e-01,8.677319698626131395e-01
7.049733628864277568e-01,7.092289469485836273e-01
4.977572035746498091e-01,8.673129930575681490e-01
4.801129287232895893e-01,8.772033846156890302e-01
4.907167614790930443e-01,8.713157592728641987e-01
4.739518720190004641e-01,8.805540438359010791e-01
4.965622531140607698e-01,8.679976564661336935e-01
3.816228327531603348e-01,9.243154761711050993e-01
7.574825428088335366e-01,6.528501093456513527e-01
5.136095328891159273e-01,8.580276396178602161e-01
5.009256224946864178e-01,8.654867834406637650e-01
5.009718359612169714e-01,8.654600302068672368e-01
7.491193551567579823e-01,6.624403677970430726e-01
4.806994275387970195e-01,8.768888600521855814e-01
3.792415249700515911e-01,9.252950071384657971e-01
7.618631032013188920e-01,6.477326136058306760e-01
4.719914489424102411e-01,8.815997282785795752e-01
4.953819905393824774e-01,8.686716751982939133e-01
4.960889243561087403e-01,8.682681295036824842e-01
7.508247561472474185e-01,6.604960199119511710e-01
4.976667520282596069e-01,8.673647114437410544e-01
4.926717111423039031e-01,8.702116766598625430e-01
6.396033732170450792e-01,7.687004458143524843e-01
5.032007115691328192e-01,8.641659085344786106e-01
3.805419455041397780e-01,9.247608915335115976e-01
4.763985355882880968e-01,8.792259867230105552e-01
4.953727996627969588e-01,8.686768500380696034e-01
7.558261418875199533e-01,6.547779278385803536e-01
3.870440667055083939e-01,9.220640721654745908e-01
3.767744588698838659e-01,9.263022280533858011e-01
4.686683349038992530e-01,8.833776986730852432e-01
4.956780046558315611e-01,8.685026706177649825e-01
5.063933938448826888e-01,8.623063828370933770e-01
4.954984572007590238e-01,8.686125479435682362e-01
3.768582056919528300e-01,9.262681073304890322e-01
5.069903398365374070e-01,8.619555835020977774e-01
7.941023413661585373e-01,6.077901088615080827e-01
4.944494899621898476e-01,8.692025959179700001e-01
4.771428561657637957e-01,8.788294117813680861e-01
7.525036443534625086e-01,6.585822993635697120e-01
4.817501241134938272e-01,8.763049250088862374e-01
3.796534652836471846e-01,9.251258421741768156e-01
4.677636894873397067e-01,8.838572003959426215e-01
4.978366413173840321e-01,8.672746969357528757e-01
7.301449675582134535e-01,6.832865772413621031e-01
3.834492931808676230e-01,9.235589387377575177e-01
4.501324481023620261e-01,8.929653177886838211e-01
5.891556431343697442e-01,8.080149510862569828e-01
4.984364502925879847e-01,8.669301555957023009e-01
4.364626462034870702e-01,8.997258230418392344e-01
7.936830676973745113e-01,6.083377524481050624e-01
4.956479010358570969e-01,8.685274752198763881e-01
4.985103583791571369e-01,8.668797672605593752e-01
4.158271718427702934e-01,9.094403315324387505e-01
3.999600605556971056e-01,9.165357875378465913e-01
5.567653513196735293e-01,8.306653342686262098e-01
6.652964476134446414e-01,7.465846462985312737e-01
7.518634643992366806e-01,6.593127821467987815e-01
5.071491971049216785e-01,8.618623886689459335e-01
7.467604487853287676e-01,6.650870390273361243e-01
4.851583392697740305e-01,8.744223573129089599e-01
3.833156228766488871e-01,9.236142609762666433e-01
7.568166005863840029e-01,6.536335820364899130e-01
4.962428191357004525e-01,8.681796330061896105e-01
4.844970629206629686e-01,8.747888398087495521e-01
5.895644817762368817e-01,8.077163873967884156e-01
4.983704417821127608e-01,8.669600197603968272e-01
7.509152781788588360e-01,6.603922399467745397e-01
7.524421332871017443e-01,6.586520274541713960e-01
6.063027699844398821e-01,7.952390166237007785e-01
3.783112388926411773e-01,9.256816518391562942e-01
3.854584686026275575e-01,9.227284501399987127e-01
7.524201170621953594e-01,6.586898825345950392e-01
7.744659938950764211e-01,6.326221165618490794e-01
4.914986052798765992e-01,8.708741873169104641e-01
4.002556658592125172e-01,9.164001113865553050e-01
6.640727600208764514e-01,7.476736030721423676e-01
7.573660655880997128e-01,6.529969816916332270e-01
7.388475037069964779e-01,6.738663685749377574e-01
3.877111417515928249e-01,9.217842336404974413e-01
7.616858938919662814e-01,6.479399369653175977e-01
4.772853943061129978e-01,8.787442565182760346e-01
4.858676152520296498e-01,8.740282519318276488e-01
4.664065647445222451e-01,8.845744758071342195e-01
7.516347610435075710e-01,6.595860182301632735e-01
5.116184127594823883e-01,8.592172036924108358e-01
7.304433874640748892e-01,6.829669143342683713e-01
7.528295326302659740e-01,6.582220738046494768e-01
5.540301983670239405e-01,8.325014062561705286e-01
3.772675947257126960e-01,9.261009981420224024e-01
3.861301556063670981e-01,9.224476862539884303e-01
3.947387732462964149e-01,9.187899382641010471e-01
3.849865372145868658e-01,9.229255609719333453e-01
3.872458191139047101e-01,9.219799005223017208e-01
3.975385810630573946e-01,9.175819698506333388e-01
7.531085049256922570e-01,6.579029457584916196e-01
4.959880632114749277e-01,8.683249737910492261e-01
4.947004743297342411e-01,8.690591666503130197e-01
7.543266628085889547e-01,6.565059419562621068e-01
7.562048808999333183e-01,6.543281828143028278e-01
4.841016485437474315e-01,8.750160775461258700e-01
4.974122613507808155e-01,8.675187197028484398e-01
3.820131614971485345e-01,9.241534454056050674e-01
4.022301883332954908e-01,9.155349449905860748e-01
4.919388829070975300e-01,8.706341863020156113e-01
7.527309943742984677e-01,6.583214089616601372e-01
7.091300197858344534e-01,7.050841661166296070e-01
7.565799465974129001e-01,6.538943262906836695e-01
4.613342872110152149e-01,8.872306000617665722e-01
7.542939863884324803e-01,6.565436991872024564e-01
4.640705277031706988e-01,8.857940134264969956e-01
5.366342685369231980e-01,8.438198571310382423e-01
4.977456428493438612e-01,8.673184924019139430e-01
4.969111711241569473e-01,8.678059701457037090e-01
3.782048667580156232e-01,9.257184464188715767e-01
3.977345531652136668e-01,9.174968672147573168e-01
6.644654622282972767e-01,7.473251028665421902e-01
5.140288737122324925e-01,8.577681235153974404e-01
3.874866173115991685e-01,9.218717214834457607e-01
7.553925142664469350e-01,6.552655438178369707e-01
3.822285502766422649e-01,9.240642567285137776e-01
3.798892872261642184e-01,9.250355061407387058e-01
5.147877865190848556e-01,8.573224647886993344e-01
5.485955626081386871e-01,8.360930025627657525e-01
4.972789010737778126e-01,8.675860659959807597e-01
3.937735081768944378e-01,9.192037648303803543e-01
3.858692241028466308e-01,9.225571541135735298e-01
7.596515329651684079e-01,6.503231202248865861e-01
4.674918709511580173e-01,8.839929210440493623e-01
7.510957028441871408e-01,6.602004956974435457e-01
3.884542720214847478e-01,9.214643005246025975e-01
4.744134200392692846e-01,8.802976157847131056e-01
4.578152585360802940e-01,8.890429556354740859e-01
3.922443787823117201e-01,9.198648415913714960e-01
3.930157006450748503e-01,9.195279568472053411e-01
5.031944982046661075e-01,8.641683080732586175e-01
4.939088969365273418e-01,8.695184472038498535e-01
4.993735667763031794e-01,8.663819133161604347e-01
3.766217301455729860e-01,9.263708105512022950e-01
5.028345702804939421e-01,8.643777351706367629e-01
7.481149897078230859e-01,6.635617640773157078e-01
4.354978664445042780e-01,9.001854865775591463e-01
4.963169764352129421e-01,8.681462647993415382e-01
4.938183097602658056e-01,8.695602362069506652e-01
3.825694159788467497e-01,9.239305334928491487e-01
5.997219250706701255e-01,8.002025489063319119e-01
4.976938604562646806e-01,8.673477906190023567e-01
4.982203123237661235e-01,8.670554580967562153e-01
4.364634159617866715e-01,8.997263941459942016e-01
5.956532914005743251e-01,8.032476489289979149e-01
4.411721615842483235e-01,8.974269313629117395e-01
7.508627022311372690e-01,6.604506963210353687e-01
3.806347135696184214e-01,9.247293583230964398e-01
4.291678712153321751e-01,9.032291180976711464e-01
4.998972762299478401e-01,8.660898116950545012e-01
7.595182845933778903e-01,6.504937324423368805e-01
4.483017624692325342e-01,8.938868939543020975e-01
4.975171414430167305e-01,8.674490179187996919e-01
3.921815950074045709e-01,9.198918722415323490e-01
7.950506689057583731e-01,6.065347873570992032e-01
4.567109465490766240e-01,8.896198841470572827e-01
4.928686534517506823e-01,8.701088360453684833e-01
4.527500616038732106e-01,8.916421784319730204e-01
4.965862486923294794e-01,8.679822098664007335e-01
5.204894891594299411e-01,8.538735148647373929e-01
3.794109008418644624e-01,9.252243133073266845e-01
4.976704899807412597e-01,8.673713814256660548e-01
4.015763981688723061e-01,9.158213112639851383e-01
3.929160123824381179e-01,9.195702336446576197e-01
4.577150061209853127e-01,8.891037931849548048e-01
7.531286183531358258e-01,6.578812609341612161e-01
7.843933737781620952e-01,6.202719891356246462e-01
3.833470804017236055e-01,9.236084406482457654e-01
5.128669434001043026e-01,8.584735968615264667e-01
7.516782882776370522e-01,6.595379945460736471e-01
3.818724727108937511e-01,9.242191169132454309e-01
7.583091638101856491e-01,6.518869359603561842e-01
3.716837615179707788e-01,9.283553991499040592e-01
4.975234530830077162e-01,8.674559110470799750e-01
5.026456728198962498e-01,8.644870802344692962e-01
5.000129499093367569e-01,8.660233627542784918e-01
4.260329850542569075e-01,9.047122673578499308e-01
3.774284610917599814e-01,9.260346325183638205e-01
4.955601026201180148e-01,8.685790534827292353e-01
3.843541189187376084e-01,9.231815407106080951e-01
3.762436071621682032e-01,9.265249118178886523e-01
7.548528263981144626e-01,6.559025152696842387e-01
5.287743051119300208e-01,8.487566397704829901e-01
4.938552623545604536e-01,8.695495709406158014e-01
4.955145647136185438e-01,8.686050995801631869e-01
7.537390032326074518e-01,6.571655628424902806e-01
4.023326064388221823e-01,9.154891255487792590e-01
3.830565892182139498e-01,9.237291122014809064e-01
4.721027382518240278e-01,8.815382692414960308e-01
7.527034166717653241e-01,6.583681575052001689e-01
4.975302528406745917e-01,8.674410623530577347e-01
4.979542843608509295e-01,8.671977037872204974e-01
5.513311065656333332e-01,8.342927097541127379e-01
5.778968858237897299e-01,8.161033088415929893e-01
4.968039446464078690e-01,8.678683946415250983e-01
4.965486062086815755e-01,8.680145160490203571e-01
7.515129829346756107e-01,6.597267962673505348e-01
3.774887731475639052e-01,9.260184454923053865e-01
3.919440621734573971e-01,9.199845900946292954e-01
7.599347750488445463e-01,6.499906805497672746e-01
3.767493167027881062e-01,9.263109485017526623e-01
7.548436618617997418e-01,6.558961204244255772e-01
3.831286617950636630e-01,9.236906046472832532e-01
4.282503545248007581e-01,9.036650334052922506e-01
5.024809946308423925e-01,8.645825019368434949e-01
7.507610923406495829e-01,6.605824282601820974e-01
4.453062207515100512e-01,8.953834566525733507e-01
4.367799229459145005e-01,8.995633742556810031e-01
4.182931355738770396e-01,9.083169021756520856e-01
4.973115225170871012e-01,8.675777883125082024e-01
7.672866080539115785e-01,6.413132373427613553e-01
5.086044926262801580e-01,8.610061722859297939e-01
3.786856895233577935e-01,9.255297291295229156e-01
5.556426282734490130e-01,8.314276968524134670e-01
6.629130181932986199e-01,7.487041357376706951e-01
4.985025886647771465e-01,8.668823640731101454e-01
4.520725214606735598e-01,8.919758785734179796e-01
3.917397000422353504e-01,9.200806992117236405e-01
6.516221118698309889e-01,7.585514324365417727e-01
5.888296231330044650e-01,8.082641264409661241e-01
4.832639570612938806e-01,8.754689967798149342e-01
7.533903935129735441e-01,6.575824698995136330e-01
4.197226557459703411e-01,9.076574095666517517e-01
4.052736211932062016e-01,9.141905971311989898e-01
4.979958368671659752e-01,8.671853719936978289e-01
5.038388874483727964e-01,8.637916247299923800e-01
3.901701905842689388e-01,9.207474299739897283e-01
5.165770874443431637e-01,8.562468929847012467e-01
7.547032029800403441e-01,6.560754436870744888e-01
7.530287950076248737e-01,6.579785015777513957e-01
4.054698950752267939e-01,9.141035096728219456e-01
7.495230011311133644e-01,6.619873654426692289e-01
4.990456059328119420e-01,8.665696729198834047e-01
4.390841626904394834e-01,8.984512752663375013e-01
5.397328482744815359e-01,8.418429289296358586e-01
5.007606970109685918e-01,8.655796602497882741e-01
3.822525509564178581e-01,9.240532230179125950e-01
1.381161255807749066e-01,9.904143520020717295e-01
4.405902253128188839e-01,8.977137772080518996e-01
3.975742225034942234e-01,9.175749571804859839e-01
3.907941177539330235e-01,9.204829720952846239e-01
7.607478934041784768e-01,6.490380197958481867e-01
7.504118991252753945e-01,6.609798298567073349e-01
4.725094754598173630e-01,8.813314808663653688e-01
3.760666297158620219e-01,9.265879315106727576e-01
4.952553773509884016e-01,8.687536262568383849e-01
3.993778012441014935e-01,9.167814444390274264e-01
4.380929671960138161e-01,8.989241810598979088e-01
4.752510229910775208e-01,8.798562264650791054e-01
7.523499796873589496e-01,6.587541608932566684e-01
4.964815921449201030e-01,8.680409988164605739e-01
3.859775379916865479e-01,9.225130469505194997e-01
4.597302370956459772e-01,8.880644167319918791e-01
3.841887778833617539e-01,9.232594219013720016e-01
4.897154965776677193e-01,8.718885317513778155e-01
3.895051392957791236e-01,9.210292545824301236e-01
5.004511013137011854e-01,8.657711985341104421e-01
3.885940354018178611e-01,9.214040950001319841e-01
3.843773196891881461e-01,9.231711579881789476e-01
4.278561871685568896e-01,9.038523054948568447e-01
3.888838297727058024e-01,9.212818169568185445e-01
5.186556525903064374e-01,8.549765770479527127e-01
4.974182035055914053e-01,8.675045049532695840e-01
4.623874167770244403e-01,8.866720723613722432e-01
4.029670045190494321e-01,9.152093352320198605e-01
5.165889222634183486e-01,8.562401870451203933e-01
4.972112354307743898e-01,8.676359154240691485e-01
5.002535778598464766e-01,8.658725089924460550e-01
7.463710830799891172e-01,6.655203689958630875e-01
3.759085268937588653e-01,9.266518824239283747e-01
4.955821218318741117e-01,8.685675528282401636e-01
7.525979629519636838e-01,6.584901234917154289e-01
3.836099848174715499e-01,9.235002061896671055e-01
7.218622323881984659e-01,6.920273186904939422e-01
6.694763759890649535e-01,7.428245641563944179e-01
4.749739301903040389e-01,8.800060988989562016e-01
3.863004269905009336e-01,9.223780882739701648e-01
4.965564507209111467e-01,8.680109737921954949e-01
3.732955034441514108e-01,9.277075338713921537e-01
5.266837508486451602e-01,8.500683100391777103e-01
3.835376954542312755e-01,9.235303244434749370e-01
5.066565528689137565e-01,8.621547208061043355e-01
4.960142787411297993e-01,8.683209664955033880e-01
4.868205961270749560e-01,8.734954935634310358e-01
7.769584431072648067e-01,6.295622377256424596e-01
3.784886689139906890e-01,9.256109706078446964e-01
4.223176679603748429e-01,9.064422507181423283e-01
5.058563842656749188e-01,8.626109461266283640e-01
3.771953311650529383e-01,9.261286808385714719e-01
3.785271153189414539e-01,9.255952750424614184e-01
4.976934491426177054e-01,8.673463235139601268e-01
5.299195382813404187e-01,8.480550391601233695e-01
4.973420384947525585e-01,8.675478711742411475e-01
3.906811013150705003e-01,9.205313635790888238e-01
4.826405145572589817e-01,8.758250751056101402e-01
4.711493717960834049e-01,8.820598256063639786e-01
7.036474448277565408e-01,7.105588297687429611e-01
3.931686722567780956e-01,9.194610192899963508e-01
4.556506198350939174e-01,8.901525039398657801e-01
3.775802461010244748e-01,9.259717234218114434e-01
6.943079662947477804e-01,7.196874956826662117e-01
4.907001773090735597e-01,8.713351891311701403e-01
5.005809208313105607e-01,8.656829092212229293e-01
4.654274048008359421e-01,8.850924360240730593e-01
4.598580088977018976e-01,8.879861485700638601e-01
3.950142105694646188e-01,9.186695836102719559e-01
3.821224521452254441e-01,9.241169500662819170e-01
5.132046117763926496e-01,8.582733526855861328e-01
6.434824692227487652e-01,7.654519707295429631e-01
4.936480609473390402e-01,8.696549152844417208e-01
4.885036085391802896e-01,8.725550836841575730e-01
4.741131240084777709e-01,8.804573303813291174e-01
7.539642458512459955e-01,6.569260244888716072e-01
4.993930166113440539e-01,8.663685293249695496e-01
3.734894146976748264e-01,9.276291779582759300e-01
7.023326705289458793e-01,7.118588116737551985e-01
4.455206894353257452e-01,8.952653376292154519e-01
3.983706121744629014e-01,9.172301847022729104e-01
4.978963353256975477e-01,8.672294866020535675e-01
7.509657812180704495e-01,6.603304592259419126e-01
4.345208634379984503e-01,9.006555784152413535e-01
4.980144835468923725e-01,8.671616177064734865e-01
4.959825537747994950e-01,8.683254191700099378e-01
3.792973118445196468e-01,9.252694435506121362e-01
4.982902960000735737e-01,8.670031458686278114e-01
4.282790533726373305e-01,9.036526485905732597e-01
4.098401802354285639e-01,9.121514706734842326e-01
6.776319156268775235e-01,7.354109677364268904e-01
4.980142363020860774e-01,8.671760032485105185e-01
4.698591626223872497e-01,8.827345810178752750e-01
4.982208021662750674e-01,8.670574321884625402e-01
4.018338029088027175e-01,9.157184610810942260e-01
4.385803158893586406e-01,8.986983890879932657e-01
5.581186737074317339e-01,8.297529998134122176e-01
5.631911995526915904e-01,8.263348529412787302e-01
4.356352949477509950e-01,9.001296526247186680e-01
3.785178475325705061e-01,9.255995499024766149e-01
5.801636020848420783e-01,8.145085169011196946e-01
3.820616558509208893e-01,9.241424767406947183e-01
5.582568094362914124e-01,8.296764583073965582e-01
4.967000111431613130e-01,8.679149382113322542e-01
5.004245432170437713e-01,8.657727481152320825e-01
5.178004262417902348e-01,8.555091181831496749e-01
3.772184539006471216e-01,9.261299069402442186e-01
4.219127467985955837e-01,9.066301496963078410e-01
4.899889582338283756e-01,8.717359518490443993e-01
4.960792920390537653e-01,8.682698027211728231e-01
4.953090739776707108e-01,8.687242397257676219e-01
6.612493434926132174e-01,7.501562773268850570e-01
4.956577332951066506e-01,8.685105120915290744e-01
7.513233906843128640e-01,6.599454810134388616e-01
3.778952944863693819e-01,9.258426682024462062e-01
4.867308021260057238e-01,8.735593602051754392e-01
4.963219084194644415e-01,8.681460554299665899e-01
4.082551093656568431e-01,9.128616988159268253e-01
4.933805181081572511e-01,8.698210550335538915e-01
7.483255647829674118e-01,6.633202869799542656e-01
4.572090642765026525e-01,8.893661899141088734e-01
4.830735339274109807e-01,8.755871313752865426e-01
4.978107327215380851e-01,8.672932643962238952e-01
5.063046777355918460e-01,8.623624104741068885e-01
4.970877280006543719e-01,8.676926836668364951e-01
4.735067921280956549e-01,8.807829127073597553e-01
5.228821468731350564e-01,8.524129969967483289e-01
7.018357739580483035e-01,7.123495468586928947e-01
4.957677847869910170e-01,8.684627280956741524e-01
4.842888671394248723e-01,8.749155946671456352e-01
4.938269275479616471e-01,8.695526319190917119e-01
4.988761014129097782e-01,8.666809778408731679e-01
4.736067276944413429e-01,8.807291492022013557e-01
4.895372585523867226e-01,8.719748400514450992e-01
4.884052702297763116e-01,8.726244470973525402e-01
4.983704247629684447e-01,8.669565175302094140e-01
5.172766961005615949e-01,8.558102331223325088e-01
4.947919251825065312e-01,8.690038267729892629e-01
7.576941220544259892e-01,6.525981274820364941e-01
4.761484860431915433e-01,8.793575152410830764e-01
4.324954563516898998e-01,9.016428190667301612e-01
7.509258963406897358e-01,6.603981268209914157e-01
7.511265752810910579e-01,6.601698995642895085e-01
3.895434135674936682e-01,9.210141796590906038e-01
4.569916828416094590e-01,8.894638389497067088e-01
6.288026355447303706e-01,7.775747559695778133e-01
4.977088356373294831e-01,8.673519407986997054e-01
4.962787936582794268e-01,8.681709566079882645e-01
4.947373902237147125e-01,8.690348032746336715e-01
7.558897263375137232e-01,6.547107786752736081e-01
4.968225262728036551e-01,8.678443671080626753e-01
4.969679333083066308e-01,8.677767428296113694e-01
5.650820714585955695e-01,8.250436163939185441e-01
4.856140351133103050e-01,8.741656553403407415e-01
3.838145447486654982e-01,9.234041305697896496e-01
4.839212913498511792e-01,8.751038567574905835e-01
3.856076016727242317e-01,9.226689858052700144e-01
3.828749153965683716e-01,9.238062649675804483e-01
4.418811908703953462e-01,8.970805944421379463e-01
7.512885055237332743e-01,6.599858470310203673e-01
3.887267917167096520e-01,9.213592415875944130e-01
4.930722423332911664e-01,8.699805336941164313e-01
3.899319925437537138e-01,9.208498603159175344e-01
4.605057844767336261e-01,8.876640394664470080e-01
7.520227180532006450e-01,6.591252002456340353e-01
5.075068554461836801e-01,8.616558347610642210e-01
3.949052271490239852e-01,9.187155474850148273e-01
4.931770032077640309e-01,8.699368914929840324e-01
4.799980180369003424e-01,8.772618447333310199e-01
3.897834190992448544e-01,9.209002791479958816e-01
4.987977714693159204e-01,8.667264328563233367e-01
4.928913472785947381e-01,8.700988143995391777e-01
4.967402398734259705e-01,8.678912515204563194e-01
5.062299008722311866e-01,8.623903985000312966e-01
3.876019686619257554e-01,9.218331030666618853e-01
4.560491606070590231e-01,8.899472012790363706e-01
3.832431102584933358e-01,9.236537236665961492e-01
4.105299551281421655e-01,9.118537757923681486e-01
4.534936673533442875e-01,8.912668796502992707e-01
5.017754105057403713e-01,8.650061165364173466e-01
4.957913498978161471e-01,8.684497574617694449e-01
5.955634450896032384e-01,8.032985602787353629e-01
4.969693254615836775e-01,8.677762209602698507e-01
3.872429751621130345e-01,9.219713750541261854e-01
4.993262117237189379e-01,8.664222267595541593e-01
7.558533615080397228e-01,6.547285793559014522e-01
7.506368855765934711e-01,6.607026449462406470e-01
4.807830387618978740e-01,8.768316586563510429e-01
6.253210363753014533e-01,7.803779456350948829e-01
5.041697388221084708e-01,8.636129252775065490e-01
3.869495399650617617e-01,9.220944844878679048e-01
3.817282611616565902e-01,9.242682730806403013e-01
3.977640995627085285e-01,9.174943142443989785e-01
5.045698888000721416e-01,8.633792156019770569e-01
4.967901969840735066e-01,8.678624201463683852e-01
5.017845260765407822e-01,8.649843186634300629e-01
7.514453244224545969e-01,6.598078804495985938e-01
3.714083272586645168e-01,9.284634437903140913e-01
5.104768386496771893e-01,8.599000127115086212e-01
4.106474906783137979e-01,9.117873327904809644e-01
7.519680525723195785e-01,6.592121029052180337e-01
4.269998986538792174e-01,9.042445210131916378e-01
4.123148262658168361e-01,9.110483384354601810e-01
4.623715720872749735e-01,8.866784914156894404e-01
4.992555936070368627e-01,8.664463684445143921e-01
3.823880093954674653e-01,9.239954046480265415e-01
4.213169914555757734e-01,9.069205443238441688e-01
5.041626544497901374e-01,8.636172167698694668e-01
5.214567820674593790e-01,8.532865199779031684e-01
4.969068688813900181e-01,8.677954490053912950e-01
5.040167753749162927e-01,8.637024097599620420e-01
5.028950994763541349e-01,8.643389134205746727e-01
5.059798967925168700e-01,8.625538635659685260e-01
4.928912812591764725e-01,8.700825066832496013e-01
3.788823903911662239e-01,9.254513013352326789e-01
4.813545066383079218e-01,8.765342385651908597e-01
4.811323959659873362e-01,8.766561761130228225e-01
4.961354193963156134e-01,8.682536419231223768e-01
4.941618288387869540e-01,8.693784004972763269e-01
4.810284300037227512e-01,8.766967324149319563e-01
4.971129329874524605e-01,8.676943979320056455e-01
4.954319401170630410e-01,8.686552905905091659e-01
7.303594635029611037e-01,6.830504032549243876e-01
7.540550700389215821e-01,6.568242192339390773e-01
3.810010136654052859e-01,9.245680210118478737e-01
5.113119215111574523e-01,8.593863340429903630e-01
3.933006862155709049e-01,9.194167268689020789e-01
4.006829440384793717e-01,9.162098173854978933e-01
7.664993739544361251e-01,6.422583634976229972e-01
4.955515372105282479e-01,8.685871422964824839e-01
5.022479192533630954e-01,8.647323996873607088e-01
7.417376577642345037e-01,6.707030476718562895e-01
5.152981620926626594e-01,8.570019880910332288e-01
4.989573922396272065e-01,8.666177978072727717e-01
4.985873823303316743e-01,8.668481617243205539e-01
4.746850741732530077e-01,8.801474137282510046e-01
7.647202987488804782e-01,6.443757578419401222e-01
4.995770444407210409e-01,8.662607020935640945e-01
4.733607937778488983e-01,8.812706280082573951e-01
2.638728002110182214e-01,9.581827661211578251e-01
5.222459200713591709e-01,8.522181690439875057e-01
4.562293820942230349e-01,8.904568142162353483e-01
4.742449307234119504e-01,8.807665165856144451e-01
5.929824113947861353e-01,8.027034200289939747e-01
2.920510611907373155e-01,9.523230174130808967e-01
4.703460514303670625e-01,8.829252746121961648e-01
7.756857534503702745e-01,6.340481245020437306e-01
4.592613023959175034e-01,8.888567388106705103e-01
2.142959097302787330e-01,9.650687223431924089e-01
2.081680925040059194e-01,9.656017458297647682e-01
5.031513012946366992e-01,8.640684387792963994e-01
3.556787626564606453e-01,9.339898738928618105e-01
6.109018905187040271e-01,7.887517420021328274e-01
7.203375072195754569e-01,6.913331255332180181e-01
6.258901214665573143e-01,7.766509026476062783e-01
2.234770649950938437e-01,9.640787886364236003e-01
6.548936888792573630e-01,7.521174735966614788e-01
2.384362081422598534e-01,9.622287115845797878e-01
3.368234383512893615e-01,9.401406857798597638e-01
3.241101599961360158e-01,9.439823180262186808e-01
1.913914992660207259e-01,9.667514834016388559e-01
7.729522196842727455e-01,6.369979510386443167e-01
1.765544038660851467e-01,9.673945975944907572e-01
1.512908882204500038e-01,9.675458126845376539e-01
2.450000967488637493e-01,9.613039985682924060e-01
3.131769725192337650e-01,9.470220329029439554e-01
3.512075412172123712e-01,9.354934902987012135e-01
7.061609214557263980e-01,7.051691183603324697e-01
1.711451492321739432e-01,9.675075518721952816e-01
1.760001570913740376e-01,9.674041186945250281e-01
7.930260625628361426e-01,6.149870034467829205e-01
2.251136645295657157e-01,9.638939866060836081e-01
7.799538972986429508e-01,6.293909184626281794e-01
2.227815157881518626e-01,9.641840497449039038e-01
1.565658305047392673e-01,9.676251533966399032e-01
5.479074076898600154e-01,8.352680972261115055e-01
4.777843270878153192e-01,8.788253275973931800e-01
2.664931953990437585e-01,9.576658016408108320e-01
2.335650302236193521e-01,9.628819864024052988e-01
2.998042031177898803e-01,9.504768077409785354e-01
6.970362621024133176e-01,7.138543771140087868e-01
5.315039269400603228e-01,8.462411220541410373e-01
5.333303838037878331e-01,8.450367392916795506e-01
1.397321174817804657e-01,9.672688987319347786e-01
4.463932785141501713e-01,8.955199867977029493e-01
6.793187803702687155e-01,7.303522436955603991e-01
1.508514446364078998e-01,9.675269380163905586e-01
7.129033500071760843e-01,6.986271320634480642e-01
7.031812726947599401e-01,7.080078046950835091e-01
7.555067110874050806e-01,6.555839706738030292e-01
1.499926613446249113e-01,9.675373303191572294e-01
6.335477254005660308e-01,7.703137248482488930e-01
4.663454171530944103e-01,8.850888347457138705e-01
7.432571420357605430e-01,6.682950522923625236e-01
4.860842237041858582e-01,8.741150678404453478e-01
4.331338925108069171e-01,9.020173021829464011e-01
4.233077382924567700e-01,9.066735310944832316e-01
7.695950073249846479e-01,6.406350228275181635e-01
7.475587642420029599e-01,6.638589902770160034e-01
5.703353051687145570e-01,8.195011838390823256e-01
1.545454163293170646e-01,9.676179693486124389e-01
3.547774657641664664e-01,9.342939832627951136e-01
3.975926396393493212e-01,9.179860153829648706e-01
5.373038005560900610e-01,8.424095654987899806e-01
7.811304330017087016e-01,6.281167430812448771e-01
1.591370403261162803e-01,9.676182040256025019e-01
5.440201619303257630e-01,8.379081467739486477e-01
2.848614442877067665e-01,9.539491719001162995e-01
2.371512440078188122e-01,9.624311706820349865e-01
3.214964066244827556e-01,9.447235979809280870e-01
3.625256539645171916e-01,9.315594477369865123e-01
1.850140170188669386e-01,9.670966590318501588e-01
2.347531890940460220e-01,9.627496167592382026e-01
5.662892937302530516e-01,8.224129827561484918e-01
2.122100160065948926e-01,9.652577612786521488e-01
4.092273455876638266e-01,9.130399302741541989e-01
3.831870128111450891e-01,9.238392668773858230e-01
3.190023777899955171e-01,9.454355857035773303e-01
2.172505449697664792e-01,9.647619744545649079e-01
6.216068827026763888e-01,7.801664223469765291e-01
1.597563729499771046e-01,9.676036910654000067e-01
5.992003547839072075e-01,7.979120541521118604e-01
4.625810339979027352e-01,8.871285697783811708e-01
7.690974281664766377e-01,6.411611875764858803e-01
5.150377202506049024e-01,8.567375017950422667e-01
6.617265433273237241e-01,7.461450233943979216e-01
6.783773008363535029e-01,7.311944416107101219e-01
2.298946531837283980e-01,9.633672973352094271e-01
4.576718124299405388e-01,8.897171925578934992e-01
3.808873904175515968e-01,9.247202582798137449e-01
4.895043518636028046e-01,8.721591097413433635e-01
4.491406717604268795e-01,8.941041622349349405e-01
2.051875456067513981e-01,9.658474243414308935e-01
5.539686339583280716e-01,8.310888889711296468e-01
2.066019870892956689e-01,9.657315673424874403e-01
6.961164330313651671e-01,7.147284900404987651e-01
6.596676024935782534e-01,7.479446441710208004e-01
7.749229628698760530e-01,6.348795536742170009e-01
1.616543773630504943e-01,9.676392063878157535e-01
6.874429401105285331e-01,7.228546110980637041e-01
3.559982673192174651e-01,9.338515648433776128e-01
3.788362999664668385e-01,9.255365996174537147e-01
3.526894066990259313e-01,9.350009930945942793e-01
2.566701307720549163e-01,9.594220819036844983e-01
5.146525520017894983e-01,8.569865701311495387e-01
4.056273558324537953e-01,9.145893530640821778e-01
3.453220781857104793e-01,9.374448554642728082e-01
3.573919104362878740e-01,9.334082057891931461e-01
5.998335185381867829e-01,7.974350502931150109e-01
6.410695129653481983e-01,7.640203291540733632e-01
4.177966014855162280e-01,9.092087858757884611e-01
6.329589800400108324e-01,7.708378087995542138e-01
1.775286452293983741e-01,9.673805602238485513e-01
6.934475284534846740e-01,7.172241117667834676e-01
1.812912940044403287e-01,9.672509612598564344e-01
1.575114441377448160e-01,9.676132073784288190e-01
7.355684022547657186e-01,6.761197533797731474e-01
5.739953269072415321e-01,8.168366545447189875e-01
1.433340382984926165e-01,9.673574602726645599e-01
4.979150757882994660e-01,8.672059908742303369e-01
6.280126465327207086e-01,7.749030578914460898e-01
4.476190236568126646e-01,8.948873225370556073e-01
2.858312856527085444e-01,9.537423963925252268e-01
2.440515945979561396e-01,9.614336371111004143e-01
1.934790926814762280e-01,9.666354084759849474e-01
3.432889433024519099e-01,9.381141199868233693e-01
6.227526069941611286e-01,7.792412294222447189e-01
7.506735465522721418e-01,6.606130582577474097e-01
2.878655581194908830e-01,9.532642919357526834e-01
4.139798028189304868e-01,9.109065870405126386e-01
7.319705077167838470e-01,6.797333253456881996e-01
1.436690191055749743e-01,9.673903071677951715e-01
2.844655882808935776e-01,9.540206460113526132e-01
3.968953117090351923e-01,9.182975391339068816e-01
5.890920299151813921e-01,8.056665636195904368e-01
4.353767708674273207e-01,9.009618675882598016e-01
6.079223816303722661e-01,7.911000973862921670e-01
7.837747636553776820e-01,6.252445867522925527e-01
7.670411989503224115e-01,6.433427262360646992e-01
1.474394487725705361e-01,9.674939149625895185e-01
1.417626407512319331e-01,9.673311116435621138e-01
6.137992091821309337e-01,7.864559526143694024e-01
7.409880329322161563e-01,6.705945884469627361e-01
3.713662015546067563e-01,9.283525963030732076e-01
4.476608492037821296e-01,8.948594974623550469e-01
7.926592988915500682e-01,6.154005030695824940e-01
4.181162471971767713e-01,9.090453053669796946e-01
2.976538232453608268e-01,9.509733628326805244e-01
7.465672684999846709e-01,6.648526320892689245e-01
5.104817379056429960e-01,8.595933548704820515e-01
4.268846989474282538e-01,9.050187187968391500e-01
1.929659873544072035e-01,9.666931513014134225e-01
5.610379333193105111e-01,8.261321716220463296e-01
5.765704193014860035e-01,8.149873064592806360e-01
6.600395390386537553e-01,7.476105852726907530e-01
5.020662076040813826e-01,8.646979535637030478e-01
5.424486887878887664e-01,8.389682746924924661e-01
2.212616984422308142e-01,9.643513726380219531e-01
6.753100679187961086e-01,7.339668350032541033e-01
2.841996870498347816e-01,9.540760140287947166e-01
3.026363517455333274e-01,9.497733243731670827e-01
1.458187373840577894e-01,9.674405091238410526e-01
6.641670173800944266e-01,7.439680958589560689e-01
7.426183793274705458e-01,6.689367100064783633e-01
5.819502784838708198e-01,8.110071322960700213e-01
3.317814724801021464e-01,9.416907921163594208e-01
4.988811632355888981e-01,8.666062193791700397e-01
7.649776068098990134e-01,6.455508881556363265e-01
2.976009211832445489e-01,9.510018271569170567e-01
7.371974564661840645e-01,6.744782340129839016e-01
1.808421942621085410e-01,9.672290999596756533e-01
5.404020155327922126e-01,8.403510046947657575e-01
1.847249277676214774e-01,9.670861340779007831e-01
6.199517958255565953e-01,7.815161052518404539e-01
5.043176869179120114e-01,8.633640904757525769e-01
5.230695420543989282e-01,8.516623725542389334e-01
7.704421722680910856e-01,6.397088883428615480e-01
1.952065176494742760e-01,9.665353126971972797e-01
2.461596195372795504e-01,9.611119311994068548e-01
4.818786873730506182e-01,8.765110920117890059e-01
6.991774114242861327e-01,7.118115214442034544e-01
7.673150919189593022e-01,6.430543906995586090e-01
5.324957486201549184e-01,8.455687852016638972e-01
5.497043358966913207e-01,8.340354640432433575e-01
4.765442234942085520e-01,8.795248664007059292e-01
7.774501095000190265e-01,6.321523131187942734e-01
3.688306579460798318e-01,9.293161750766213425e-01
3.590137613327307187e-01,9.328134852393040743e-01
7.303340264496461787e-01,6.813833019392941948e-01
3.165556834643489248e-01,9.461181291589841891e-01
3.441253706339124641e-01,9.378473927435824198e-01
4.665673166429070706e-01,8.849711628819180165e-01
6.398321137386099311e-01,7.650785396746122569e-01
5.497155869444463328e-01,8.340084771351083948e-01
6.290199058337514471e-01,7.741039421940760779e-01
3.358413546805247840e-01,9.404438517917801388e-01
5.675229986173444541e-01,8.215417541061890150e-01
3.618045038259140034e-01,9.318304899364863170e-01
4.689331863626032826e-01,8.837073607269141373e-01
3.610578213174298612e-01,9.320937815201604248e-01
4.147321145010571253e-01,9.105988947508460996e-01
4.032791044720844820e-01,9.156015222094224804e-01
5.989089295282606917e-01,7.981471206606345348e-01
7.218247079762531992e-01,6.898917235597945563e-01
7.293617871177426881e-01,6.823639448775778993e-01
5.356556635569853508e-01,8.434921167488660387e-01
7.868379639965149552e-01,6.218564527148727761e-01
3.321580632573486458e-01,9.415911212665698526e-01
5.147852531140237886e-01,8.569303113644124448e-01
4.245501109181664123e-01,9.061138602841070089e-01
7.346880744712779299e-01,6.770114955456351113e-01
4.570517738033125776e-01,8.900394545836107785e-01
4.121489520306950705e-01,9.117235731922329611e-01
6.821105094474443353e-01,7.277532706938355522e-01
5.166422550698770433e-01,8.557580380778216922e-01
3.652086797563024456e-01,9.306036927080459931e-01
1.401580041835951418e-01,9.672609307558531766e-01
6.660976731423094988e-01,7.422456213964917504e-01
1.707938352185840170e-01,9.675415139567861145e-01
5.502516710252998156e-01,8.336672175496551151e-01
7.179238397900929991e-01,6.937177311218529763e-01
4.415623211632937473e-01,8.979069813435460734e-01
5.937833366529644552e-01,8.020668572504791038e-01
7.215582907583790728e-01,6.901281597786474986e-01
1.713991072798300985e-01,9.675218101515584701e-01
5.050105033020420020e-01,8.629426482889592798e-01
3.777817919527940993e-01,9.259185892784288496e-01
7.133868255982004358e-01,6.981601140650784965e-01
2.861988821608580369e-01,9.536307299307379415e-01
6.487726026706517324e-01,7.574257514212244802e-01
5.462872576794011170e-01,8.363580474720861968e-01
3.980901166692806248e-01,9.177878085986564960e-01
2.442927561182616503e-01,9.614061514841033551e-01
6.541922569893048323e-01,7.527356169869182656e-01
6.771036049254920419e-01,7.323532547009242721e-01
7.257265445662671732e-01,6.860243555637133284e-01
7.927966582137656593e-01,6.152412269599875083e-01
7.916359524145608617e-01,6.165204835432530617e-01
5.042397201598078915e-01,8.633989567969702073e-01
5.751104461006874002e-01,8.160467718361258394e-01
4.597994776443765641e-01,8.885830756135514319e-01
3.507655970940124490e-01,9.356546859372063540e-01
6.682924137085634042e-01,7.403073029015520001e-01
2.072609761398684358e-01,9.656783763145800892e-01
2.565846756083079994e-01,9.594542380474844201e-01
6.557070494709602571e-01,7.514291212499984995e-01
4.370143173667582204e-01,9.001408438994259464e-01
7.323700741731138386e-01,6.793578518155805046e-01
2.678325250068066543e-01,9.574351106629955810e-01
6.350736529787479601e-01,7.690639011252246027e-01
7.213391327783852391e-01,6.903615893991444930e-01
2.684162040712446684e-01,9.573205944680404089e-01
3.835090735869028933e-01,9.236993535592621374e-01
5.292312038690086817e-01,8.476912662615371241e-01
5.222283227545642115e-01,8.522244937454416247e-01
6.337607512307826818e-01,7.701760584411552202e-01
6.532697142585217609e-01,7.535705098938884072e-01
6.364013172457314571e-01,7.679460654894894045e-01
2.373667277097620820e-01,9.623682592295721427e-01
1.781518306630452686e-01,9.673440456382038644e-01
6.513907167124957098e-01,7.551676202014794281e-01
2.617047148576436832e-01,9.585414263056493134e-01
5.951382616226321698e-01,8.010644849934164258e-01
4.638306965262400383e-01,8.864592202940887455e-01
3.194137444144821703e-01,9.453141661350171754e-01
1.874367918994175874e-01,9.669933082043928874e-01
5.684039389326598357e-01,8.209139509866362205e-01
3.954904476755339848e-01,9.188904016208537806e-01
2.456703619690192020e-01,9.612116949245670394e-01
2.693481653797196174e-01,9.571540001815721510e-01
5.820055235679164607e-01,8.109396647937843206e-01
7.117063353363193290e-01,6.997830575271635212e-01
4.646873612475719839e-01,8.859693029818368482e-01
6.738843710485127314e-01,7.352721434576043880e-01
7.662857960700332205e-01,6.441689771276202237e-01
4.590952985431221434e-01,8.889589817100734814e-01
1.605971766007841250e-01,9.676374413642191419e-01
2.082164668203120295e-01,9.655910769933786497e-01
2.326107885317045265e-01,9.629878966140681396e-01
5.863186169318361785e-01,8.077538263589749690e-01
7.322857484731015720e-01,6.794320792710027979e-01
3.266948428513226643e-01,9.432168329408590068e-01
4.212118922274906696e-01,9.076578074215704284e-01
5.927571550291359515e-01,8.028634059941537338e-01
2.178043889165217628e-01,9.647242998457963292e-01
5.390901052007905925e-01,8.412290357341458691e-01
4.987961219258725265e-01,8.666754049580793762e-01
7.742539834540901333e-01,6.356187726665724069e-01
6.857761810742700748e-01,7.243977947632884717e-01
4.742289207197895595e-01,8.807813986079888746e-01
4.939835735644447223e-01,8.695290279327165806e-01
2.804959632539885117e-01,9.548968626508765878e-01
6.892017268183489032e-01,7.211963542908236269e-01
6.352006188412274712e-01,7.689379339650256329e-01
6.217556986739207758e-01,7.800289618502238564e-01
6.746214213816400518e-01,7.346158205396549068e-01
6.666177575701345281e-01,7.418061288124165875e-01
7.739319672581156384e-01,6.359705502236284724e-01
6.528234315331090665e-01,7.539258345688456542e-01
6.974690414091664348e-01,7.134680450637846949e-01
2.171193604156673174e-01,9.647670855052350447e-01
5.642434284863822036e-01,8.238598964911209022e-01
5.193693842335340705e-01,8.540305051713025231e-01
6.251910114788941097e-01,7.772439209728360110e-01
6.894916320768379459e-01,7.209487753600694049e-01
4.241915429468967602e-01,9.062693289771908134e-01
7.620603697180412528e-01,6.486610460783803767e-01
1.442650330126057368e-01,9.674075193649037674e-01
1.706202818012191313e-01,9.675260989307005177e-01
1.529496432316479471e-01,9.675933420673887841e-01
4.382400461479224463e-01,8.995389568403725500e-01
5.598821359530181674e-01,8.269763919233434901e-01
3.831016698668885390e-01,9.238750444577237264e-01
6.177427526186878293e-01,7.833089467997397248e-01
2.405856688671084709e-01,9.619367145809276654e-01
5.700453369125424441e-01,8.197139237846852167e-01
5.131299302737925006e-01,8.579402946831646837e-01
1.713412258252146325e-01,9.674999220263709176e-01
4.768769344995956727e-01,8.793290095068488910e-01
5.095172620603918290e-01,8.601600250964228644e-01
4.067995344809913760e-01,9.140775996666707925e-01
1.878812982557314659e-01,9.669487759105104274e-01
6.062325733443595377e-01,7.924383774021395155e-01
7.003205551698163944e-01,7.107274344606928640e-01
4.312317129096598922e-01,9.029431627763592205e-01
5.433352349720730334e-01,8.383496336205595867e-01
2.575353079007191015e-01,9.592712378693061259e-01
2.464502061127690213e-01,9.610571143290398410e-01
7.805982574595762280e-01,6.287143741327682056e-01
3.983279452606974802e-01,9.176989402337007995e-01
4.903675175273399800e-01,8.716577736041962732e-01
2.422620848454992148e-01,9.616913015660695230e-01
5.638913110715035870e-01,8.241432944079963852e-01
3.398360380295804006e-01,9.392091010232145321e-01
2.012930674084726368e-01,9.661374471817977261e-01
1.747555971281196108e-01,9.674298895816614285e-01
7.134428813135517133e-01,6.981295818214405813e-01
3.688089292115773743e-01,9.292981517328089414e-01
7.094768649017628714e-01,7.019395174575597807e-01
7.266035323789752365e-01,6.851457540003118574e-01
2.469707220408765003e-01,9.609997008320934064e-01
4.836886569490883581e-01,8.754875879710345421e-01
5.624635405453768389e-01,8.251436470038584492e-01
5.999541721947232453e-01,7.973241625047784442e-01
4.776832465080062540e-01,8.788736136034146496e-01
3.359534129420129189e-01,9.404169443713645826e-01
5.305858620818417748e-01,8.468461087367437079e-01
4.931610007930765094e-01,8.699876583106128658e-01
1.953994323536693001e-01,9.665135142543841429e-01
7.324925694185379088e-01,6.792482800981222146e-01
7.221150871004118343e-01,6.895965289912846519e-01
3.161696859418818284e-01,9.461907386172213608e-01
6.419610748994863947e-01,7.632504487385196601e-01
5.786123601029691255e-01,8.134771939133699226e-01
5.628468861032053239e-01,8.248772844126358583e-01
7.718301434076927370e-01,6.382048698111975060e-01
7.411165791933587155e-01,6.704676223933743184e-01
7.922641476827027018e-01,6.158512945421739104e-01
7.350330554686091977e-01,6.766817308307407908e-01
7.220644744347599620e-01,6.896496452419957901e-01
2.964004465883621209e-01,9.512727565261297480e-01
3.613041133181601472e-01,9.320093417582252515e-01
6.304420490283294543e-01,7.729029058434773169e-01
2.674039551641484436e-01,9.575260538638896701e-01
4.900026509973848809e-01,8.718290182735114469e-01
4.180040630380640332e-01,9.091049257265428896e-01
1.475202766183234537e-01,9.674975435780475141e-01
3.332123842967362748e-01,9.412735683504424022e-01
7.904034856703712197e-01,6.178948173272695854e-01
6.592210984845298105e-01,7.483577028895603833e-01
3.926415379748870449e-01,9.200639480150399896e-01
3.849291788757939203e-01,9.231692312089223584e-01
3.733365581209064921e-01,9.276258287536676139e-01
1.677059623804539601e-01,9.675855041461116635e-01
4.893496297625662406e-01,8.722162092475439499e-01
5.824432260197628386e-01,8.106259102337149969e-01
6.644438693507521698e-01,7.437497142654317939e-01
6.237958733971150638e-01,7.783894411323434293e-01
1.998025765555332123e-01,9.662391668097766173e-01
2.664350534851973595e-01,9.576771008203864843e-01
3.774048086389036882e-01,9.260731191039682786e-01
5.114018166435683188e-01,8.590287288839739688e-01
6.405653052082209697e-01,7.644412552290250629e-01
2.392587074919606538e-01,9.621225988696971987e-01
3.881834919317077026e-01,9.218547554165975599e-01
7.384895930365589223e-01,6.731486533653245896e-01
7.908737666619711781e-01,6.173708990108406347e-01
3.116507955361927928e-01,9.474387576680879386e-01
4.073397105520462080e-01,9.138622651602841263e-01
6.379097803862978644e-01,7.666960104254119113e-01
3.884950554379645871e-01,9.217236395670581617e-01
4.464194931648467479e-01,8.955118584537736792e-01
3.340811910057219780e-01,9.410199190276974379e-01
5.421684805338823354e-01,8.391363997882549386e-01
6.330678491659766927e-01,7.707152994287385095e-01
4.635481661200079873e-01,8.865927461446262425e-01
7.103002387963155417e-01,7.011501138466291749e-01
4.271538106577027483e-01,9.048938124630723223e-01
4.190595865478201620e-01,9.086399840962900987e-01
4.594005330254086195e-01,8.888075418210344969e-01
6.927329385368604653e-01,7.178981052574761046e-01
6.533313995809491015e-01,7.534808387717233380e-01
7.531719953631830222e-01,6.580014941376087778e-01
6.667201270676451630e-01,7.417201397530321927e-01
6.969531240041088038e-01,7.139566013366286379e-01
2.129417159182582509e-01,9.651877154250124713e-01
4.529708425029504992e-01,8.921477349570924309e-01
2.107198567185369908e-01,9.653882977856644843e-01
2.627350349968337051e-01,9.583552269056093698e-01
6.675224626137100659e-01,7.410130638457311791e-01
4.513206806181355168e-01,8.929782573591893424e-01
4.689548935391108508e-01,8.836782026573090087e-01
4.380459981781710810e-01,8.996343836422427964e-01
7.030616186081165564e-01,7.081102899116658023e-01
6.808108738965269469e-01,7.289749408048674661e-01
7.006653598537290195e-01,7.104278820106403325e-01
6.763023065529862876e-01,7.330785682034589579e-01
7.703412739918998886e-01,6.398409830046666302e-01
6.186661384520997231e-01,7.825250066855793385e-01
3.815276145012203024e-01,9.244972613702504560e-01
5.095343867775652402e-01,8.601502456735192759e-01
2.407801618637511187e-01,9.619128833755674624e-01
5.591698102137668824e-01,8.274585340173968850e-01
5.778362478639882394e-01,8.140578283872509369e-01
2.414475334884896851e-01,9.618168566532011576e-01
3.276261388878951575e-01,9.429423150380651375e-01
3.330748329711438749e-01,9.413000113058370699e-01
4.836220692768725682e-01,8.755067437841960176e-01
4.554277679200817719e-01,8.908856016720753113e-01
4.315029460236542991e-01,9.028148309175061392e-01
2.299049195325429118e-01,9.633566783086577878e-01
3.952831383558345069e-01,9.189792411880877143e-01
1.740925010642924431e-01,9.674404969864776049e-01
1.968219357880383602e-01,9.664236291980674576e-01
7.203789257909488652e-01,6.913149407883001363e-01
5.240625898533064486e-01,8.510634908359414608e-01
6.484112915350662698e-01,7.577306721901851949e-01
2.328630879043568913e-01,9.629869667430767111e-01
3.610324566697482029e-01,9.321047453086606094e-01
3.564980877585186003e-01,9.336883600308505393e-01
7.616188760937785407e-01,6.491062936476537093e-01
2.860606492226496211e-01,9.536883310361838895e-01
2.943220257900709957e-01,9.517800736047178356e-01
7.836763854891866110e-01,6.253544579197396480e-01
1.988788210743129836e-01,9.663115914466743339e-01
6.619281975330553180e-01,7.459840527816630207e-01
4.455103191759923198e-01,8.959530139620340838e-01
7.384957883836108516e-01,6.731383418853192913e-01
2.607366631701296122e-01,9.587344001496497237e-01
7.170291824407036829e-01,6.946144402922299621e-01
7.159168325199672944e-01,6.956881526459365306e-01
5.234838011804276992e-01,8.514043512949899251e-01
3.989694164391496822e-01,9.174382533342727575e-01
4.684356215997641515e-01,8.839623023261309331e-01
7.073281434570676263e-01,7.040527908658898992e-01
1.422125796621406535e-01,9.673311891942824037e-01
3.396582047518660330e-01,9.392836291027897300e-01
6.751655519304058384e-01,7.341148070836178707e-01
6.428122729744872865e-01,7.625308293298871387e-01
1.761766957163079794e-01,9.673980767602111674e-01
3.957385896009713022e-01,9.187953187679209766e-01
5.965885035363952538e-01,7.999273879648675090e-01
7.829687057021652574e-01,6.260960195086248126e-01
6.769103967190844839e-01,7.325406222623270791e-01
7.540465573564237856e-01,6.570949868579699649e-01
1.791409460903281015e-01,9.673131166250085178e-01
6.010946633491760505e-01,7.964408656441180900e-01
7.612907514503766127e-01,6.494891105356365157e-01
3.647049048080245326e-01,9.308191937436866015e-01
5.646023099645725019e-01,8.236016299576223165e-01
7.530714376983212999e-01,6.581069927509833883e-01
3.116481825880612622e-01,9.474365300705784865e-01
1.651840103982678276e-01,9.676210315213470414e-01
6.098611480182434263e-01,7.895751321090656027e-01
7.895977341432629526e-01,6.187920340105911299e-01
1.812439748238138526e-01,9.672202223984271985e-01
7.527526995541221622e-01,6.584618232051824283e-01
5.047063149781778613e-01,8.631230117471507812e-01
2.527607056433121557e-01,9.600652350040117522e-01
2.798644033677347154e-01,9.550097495736569186e-01
7.469944522543304766e-01,6.644385073020095955e-01
2.272775915157629334e-01,9.636741361172900255e-01
7.336450965915357614e-01,6.780768022739609435e-01
1.799346735904834849e-01,9.672911557009696848e-01
3.830291274819425107e-01,9.238874750131403912e-01
2.488698020331009952e-01,9.607228965932407272e-01
7.205858391978122723e-01,6.910965890055636995e-01
4.938733869362183504e-01,8.695932734196540892e-01
7.854825340151497803e-01,6.233616785471904898e-01
7.767571207562813385e-01,6.329021907010298209e-01
6.413133228993588286e-01,7.638020629070747525e-01
1.615169886698477608e-01,9.676298052966282315e-01
4.761622284050801568e-01,8.797271837661823080e-01
6.131682854907871683e-01,7.869670422458239223e-01
1.536396979871502144e-01,9.675832626641794887e-01
3.393688030926238497e-01,9.393389518627519585e-01
5.344895292169761225e-01,8.442753081181113561e-01
5.271792737078453417e-01,8.490212645958836735e-01
5.024623606844319523e-01,8.644688197411989350e-01
5.640620434818766071e-01,8.239922962922413552e-01
6.317489078210500875e-01,7.718313654961657111e-01
3.273805571251677260e-01,9.430099073513479313e-01
7.611105701961131675e-01,6.496533705078961773e-01
2.433153581258731268e-01,9.615552682067232126e-01
4.010263859326612113e-01,9.165677046287973306e-01
6.768042065181972822e-01,7.326155972828333196e-01
6.291623032690021322e-01,7.739679903478685619e-01
3.301324594994037298e-01,9.422086493732679813e-01
5.839460020223993242e-01,8.095033578348298509e-01
5.901703355532889050e-01,8.048187392050610844e-01
7.115662834872038545e-01,6.999530079814824113e-01
6.709901917297761420e-01,7.378974595514257162e-01
6.183615812377297738e-01,7.827778592206495745e-01
6.719577073625363495e-01,7.370058730924068380e-01
2.147965815556679425e-01,9.650183902229029220e-01
7.781251446991340748e-01,6.313941523857177218e-01
2.762668997081021427e-01,9.557727884537746688e-01
5.499253415668465816e-01,8.338705679141205085e-01
