8.908162973153347153e+00,6.078699267320750721e+00
9.568743573255158452e+00,5.474871135680903222e+00
8.707628883319461721e+00,6.279482052403277059e+00
9.364950753871536193e+00,5.559392975920534496e+00
6.373801560833061153e+00,8.099408818308340585e+00
4.114947761190020259e+00,9.519469559708173989e+00
6.411002593611483391e+00,7.922390403551826665e+00
4.624781097366456706e+00,9.146105862034145773e+00
6.174572720748104260e+00,8.051873846786557820e+00
7.880968814996665905e+00,7.013686442230659956e+00
8.347160963753326612e+00,6.690859935990306262e+00
8.768006460480684439e+00,6.375764958271777694e+00
4.115482220544276259e+00,9.401281136297919616e+00
7.691557628611191966e+00,6.929084781857014264e+00
8.682251713163745777e+00,6.522594379915526375e+00
6.150879335711255891e+00,7.934865665874331064e+00
6.738358399208514093e+00,8.022450898306093592e+00
9.704384932301797662e+00,4.945993516469543216e+00
4.865452879024420696e+00,9.382050675974110021e+00
7.280256432899038010e+00,7.652483326909578665e+00
6.114842251023647535e+00,7.924338769615518530e+00
6.349908347491934002e+00,7.753271228639163404e+00
3.460922258732717083e+00,9.792107556136864233e+00
9.015960390917546974e+00,5.610222208553498291e+00
8.130811984044703067e+00,7.062059565648356241e+00
7.111387289925686694e+00,7.177202979774781610e+00
8.354077698737929936e+00,6.904350596475699930e+00
8.779069406176326140e+00,5.777006807857891779e+00
8.590218210080802663e+00,5.965793742493898044e+00
6.591307271449701410e+00,8.271731907576453935e+00
7.625611249938396341e+00,7.525349736543103241e+00
5.465260131112124498e+00,8.250842122633960329e+00
3.067711422249251640e+00,9.912835933262890364e+00
9.646136566668596757e+00,5.867962118492391355e+00
3.763698269737004942e+00,9.426432716852868765e+00
8.883012547331281539e+00,6.559394769123622737e+00
8.933659424908462654e+00,5.519047468326707673e+00
9.529132805234686643e+00,4.846729642605213328e+00
7.776694463684423297e+00,7.476161064042242899e+00
5.308743544473130349e+00,8.310200671140526296e+00
4.877877261649455676e+00,8.556656861465643971e+00
9.373343736228754608e+00,4.965244190282485093e+00
8.735927838545654467e+00,5.615716681469269389e+00
8.010865490927690402e+00,6.277398117378535147e+00
4.450385116143791286e+00,9.956910564073389480e+00
4.512683225350025751e+00,9.927962364784782778e+00
6.707890558869420872e+00,7.205708733127207388e+00
9.569938021405128836e+00,6.123244587248134252e+00
7.840361197544955196e+00,6.320243894113279026e+00
7.238970080915796856e+00,8.078166317858638479e+00
9.343528350385227554e+00,4.748937009286705369e+00
5.779428216565976051e+00,7.752827988296765227e+00
7.812787484673621385e+00,7.684472902813753947e+00
2.769995487027961723e+00,9.797707096880451161e+00
2.605562947491218750e+00,9.893432632846955954e+00
7.196514224648808522e+00,6.735834696195227345e+00
4.959572030645917451e+00,9.774855359648537245e+00
8.781496162611793110e+00,6.934924724183062494e+00
9.637807439008149402e+00,6.214306922776701825e+00
9.955073238558126647e+00,3.744675706861650077e+00
6.304979579603871898e+00,7.295224554731893463e+00
8.608787391990926352e+00,5.403394387233958263e+00
7.155582019452378262e+00,6.648289322919653799e+00
5.106516146825187619e+00,9.770959059463082852e+00
4.760492274711102922e+00,8.319557842144924109e+00
2.298824249509726414e+00,9.931588610142583207e+00
5.667471493468553057e+00,9.420004805835821671e+00
9.263597747957533102e+00,4.402349345024463290e+00
7.827084398083651529e+00,6.068254284132212462e+00
5.877348736752800562e+00,7.447840479461850904e+00
5.733935139426534988e+00,7.526487983202953203e+00
7.673597470692165246e+00,6.161320056210028540e+00
6.450087354896409053e+00,8.952472734153122502e+00
4.854211061783542114e+00,8.122773816491994481e+00
9.355133260165951370e+00,4.137950516311089899e+00
6.363180363995589950e+00,7.029193551872533696e+00
2.800314973230707771e+00,9.447595224837034067e+00
6.265024914614003571e+00,7.086481580267157909e+00
9.005984596932428587e+00,4.598213932831807682e+00
8.677968832084966166e+00,7.304915863287748223e+00
7.698338477729063989e+00,6.051946006168762437e+00
5.820432512076411768e+00,9.474125213379782195e+00
7.252406201091766036e+00,6.357991078598262291e+00
4.890786877425956192e+00,8.000751244461349998e+00
6.257265764109522621e+00,7.039187635523211917e+00
2.235356422408476540e+00,9.691072625906372195e+00
3.340956341014824638e+00,9.036875882877621891e+00
9.593378151070835358e+00,6.630866041024728652e+00
2.624688027972595705e+00,9.393054035724148321e+00
5.087654526845053482e+00,7.760187563859851423e+00
9.097990590297365898e+00,7.159220507131724531e+00
6.501143312245543093e+00,6.701845135280514398e+00
1.748944499404160302e+00,9.878644709351684483e+00
7.336615610890071082e+00,8.602329802552661775e+00
9.248376456664090028e+00,3.794982796930883584e+00
9.167374355644511752e+00,7.125605955504368261e+00
8.013656562558836072e+00,8.099939028600029900e+00
2.430985967302998763e+00,9.354505456027856880e+00
9.612833270743806224e+00,6.820340105135148434e+00
8.324310197358675723e+00,5.089229840738945576e+00
5.321594485420178877e+00,7.418071309735831953e+00
7.780490978871343444e+00,5.576798800698025360e+00
5.681538063647848524e+00,9.945668108984381917e+00
9.760700915907555952e+00,6.804742565222628770e+00
5.898272710456517132e+00,6.917893735124217791e+00
8.863467000943719754e+00,3.995347586621258440e+00
8.496976820710507639e+00,4.597725409674936259e+00
9.330759023099592042e+00,3.333479788170889080e+00
8.504828263626210472e+00,4.562497320005485690e+00
3.513187812302349666e+00,8.544028466892781282e+00
5.697925067013031253e+00,6.985542178641499511e+00
8.105271756563688257e+00,8.272393820377889284e+00
8.857270939845697910e+00,7.648752333035721662e+00
6.232938662142112562e+00,6.583309275450305087e+00
7.913017226813381377e+00,5.246832255332582129e+00
2.726938107471725825e+00,8.923842562618188978e+00
3.635647566804307562e+00,8.393057414086381840e+00
6.864914880300789335e+00,9.259328770712672352e+00
7.851974078002007751e+00,5.260871610527368070e+00
3.465141916412638246e+00,8.460560241855000996e+00
3.430387556018313688e+00,8.477096280430840736e+00
9.904252656594186632e+00,2.349040106522571669e+00
8.681324473926911978e+00,7.916925291624136385e+00
9.937107129410774675e+00,6.864790159187479368e+00
7.836929164698879902e+00,8.648485322537277753e+00
3.943149722873115159e+00,8.015871232784794742e+00
2.041531654537749318e+00,9.144938761406425698e+00
7.774166451878451234e+00,8.760114383686786965e+00
5.561800145808738272e+00,6.859216432429615651e+00
5.274777952334757103e+00,7.054911018373367426e+00
8.838633781077886553e+00,7.900271162870184938e+00
8.347853428306503787e+00,8.331871921366992950e+00
8.620486732255878692e+00,3.728467706433882256e+00
6.913561691897752937e+00,9.445331517952139322e+00
2.819930251655121900e+00,8.620612455403609431e+00
6.505691738699336923e+00,9.755771684867728055e+00
9.867252475303388337e+00,2.084477133698939610e+00
2.944273662824610227e+00,8.533894800953685689e+00
7.277448508391738180e+00,9.227919657021747213e+00
5.091937859158612412e+00,7.080071897599076181e+00
8.683825123235793697e+00,3.484230234203199217e+00
8.635638942581781663e+00,3.525591764006454021e+00
8.234303711919810365e-01,9.769116865196252775e+00
7.968154528135366732e+00,4.610575993236544434e+00
6.467353263901256533e+00,6.056308036409302709e+00
2.596821084234854915e+00,8.639411166908221418e+00
6.373001311837360738e+00,6.119092419261304983e+00
5.428639637396081241e+00,6.777803205775708051e+00
9.940106815821696529e+00,1.860153254901526498e+00
3.533191708711401979e+00,8.107376883010623203e+00
8.291104300870488331e+00,8.530903301654422677e+00
2.416993895990711128e+00,8.699447355135987436e+00
7.536253786849918868e+00,9.177121210311732113e+00
3.211118861741124597e+00,8.232824435430570631e+00
5.942242820674477954e+00,6.338206725395506780e+00
3.355771435928240898e+00,8.133861205158616769e+00
7.161732276844503531e+00,9.492490892964848825e+00
7.716650747274290900e+00,4.803261204133365325e+00
4.016821069922381859e+00,7.656895447892294371e+00
4.101254045946727267e+00,7.541060773292938890e+00
3.127955265164370502e+00,8.172148579270675839e+00
7.336412505521402672e+00,9.472825141651373571e+00
2.144561322513999002e+00,8.659196629591502159e+00
2.831273426333802412e+00,8.279217709233412492e+00
8.698266354455052252e+00,2.929017315525529241e+00
8.473997910189122962e+00,8.616732958314631929e+00
9.771527052707206451e+00,1.599538258490710296e+00
7.728487464075448621e+00,4.427702353449914696e+00
4.018620680121067323e+00,7.504899979799549925e+00
4.736734338908732411e+00,6.961557326775471566e+00
9.905833616835341360e+00,1.382455923770450346e+00
7.488985186118171988e+00,4.703586167069186530e+00
3.169704800479089535e-01,9.717280672553451737e+00
7.845506248361148849e+00,4.098286397754339561e+00
1.454870570707347266e+00,8.960149424105090077e+00
6.925566197465933271e+00,5.279210503323912285e+00
7.067929940678798317e+00,9.800081579889768690e+00
5.375249361779864898e+00,6.457639268783571751e+00
7.685929442758768104e+00,4.149446152069236504e+00
5.372742513179491475e+00,6.384746480064015017e+00
2.017206108616991234e+00,8.506776431706931874e+00
7.858936881791656059e-01,9.245705337449390271e+00
7.554411436813278868e+00,4.254981732759675950e+00
6.157077814059377374e+00,5.716268624088234773e+00
9.404311708011052318e+00,8.097941807491293886e+00
7.822202368687815266e+00,9.430695677589131520e+00
7.999263353865401882e+00,3.448120880013006762e+00
3.576819361130501029e+00,7.535420716915060879e+00
9.174162576311843509e+00,1.782338378918190136e+00
9.482078113091093385e+00,1.411766926111508447e+00
5.352481124829769676e+00,6.267230612641149889e+00
8.951269953663999246e+00,2.034261103792234238e+00
7.852327166626213995e+00,9.510995828259517282e+00
3.288119527861811164e+00,7.634527580063373620e+00
6.271877016619150425e+00,5.404512279365371263e+00
4.740955667637628324e+00,6.572150270239639269e+00
8.926025897370607254e+00,8.675620917506101648e+00
9.946830464368140667e+00,6.961098256024700337e-01
1.780665395752195623e+00,8.359092490329768310e+00
8.053371944767015123e+00,3.002887703622069360e+00
8.869907334878753602e+00,1.868980198543273019e+00
7.961277463844375291e+00,3.107561109032763724e+00
6.768030948735642482e+00,4.842750471254452016e+00
7.470901894133831433e+00,3.735469456156885748e+00
8.032104786197702406e-01,8.839425383316466878e+00
9.712267178352799846e+00,7.208070679661315872e-01
3.807773428632597046e+00,7.080716599622190799e+00
5.918061434342190452e+00,5.505594582440566320e+00
7.574466170614615024e+00,3.446279073912425162e+00
9.829766961416449789e+00,5.406785039688066785e-01
7.609904849315961783e+00,9.959476338677710316e+00
7.539203268918202916e+00,3.437026369205946619e+00
3.468055012836426254e+00,7.264186963557943244e+00
8.627114617367102056e+00,1.845028613351725744e+00
8.825755955978950240e+00,9.009374729767380074e+00
2.440737492643162199e+00,7.739430101364628278e+00
3.753521341721317572e+00,6.991505002803260815e+00
6.655093051521955516e+00,4.496052992767351597e+00
7.132066464590435473e+00,3.750463352731687738e+00
9.825732618282435382e+00,8.222374624684464450e+00
9.938103666534283676e+00,8.142184194947560627e+00
8.876733700973151286e+00,1.325770311405526369e+00
2.352995372851648170e+00,7.707797373874041291e+00
7.378329871337196089e+00,3.315692757090266340e+00
7.592018360383637976e+00,3.029033264034718620e+00
4.528748071219940385e+00,6.307628083065683455e+00
8.997868342027977917e+00,1.052017383805301520e+00
5.566288310877443912e+00,5.484191795637286759e+00
6.776609134394843359e+00,3.951186571270613790e+00
9.432717296606883295e+00,5.080489844622249063e-01
9.550150111386852103e+00,8.599731991340402004e+00
6.269086725859035703e+00,4.633137241129761108e+00
7.232214570444064350e+00,3.231585203114017979e+00
7.352490614011406578e+00,3.034578479007479235e+00
5.423186646126777255e+00,5.486488448710653998e+00
6.524521186411941898e+00,4.145927658636054502e+00
5.327516416706912228e-01,8.532783045696085367e+00
7.623900303494056452e+00,2.615918306105626812e+00
6.037101827809889798e+00,4.815117518493540416e+00
5.928724189112659637e+00,4.999260305374874314e+00
3.335181024819991791e+00,6.933113549497456951e+00
1.286301409211142444e+00,8.018422589252491406e+00
7.458373258594667377e+00,2.697855396693744634e+00
6.003254696058086815e+00,4.730950718359467899e+00
7.119016038205559838e+00,3.073117010022852202e+00
7.230906004102236828e+00,2.859875766533082064e+00
1.319801643181645057e+00,7.922079133554627894e+00
1.419492755143966223e+00,7.862027905229536096e+00
7.858314837714194034e+00,2.034339001304781291e+00
2.457330501867740491e+00,7.278066522467404376e+00
1.656583087146186184e+00,7.694778224908835007e+00
1.975640020298847777e+00,7.506329969655206824e+00
9.242466708708491296e+00,9.163755270369048134e+00
5.958757446371859778e+00,4.495585568487259209e+00
7.350519452284766331e+00,2.520353610701058233e+00
7.014887375672204328e+00,2.905700661033774335e+00
7.749538591403868359e+00,2.022608062667167417e+00
3.811465341466439227e+00,6.378316639350063433e+00
8.259647766644754086e+00,1.219889626376617908e+00
9.105178288294787592e+00,1.527673847600252710e-01
9.010360136755016569e+00,9.479581343006678651e+00
9.015803454629923053e+00,1.547572982651457263e-01
9.073103258861069165e+00,4.389244852692542054e-02
5.221397876745259570e-01,8.105525806146001599e+00
3.731587544911438847e+00,6.293089691836632582e+00
6.493934672933587393e+00,3.191740271593955569e+00
5.905784359186646348e+00,3.912131115281677118e+00
6.359153626878686794e+00,3.255057634484925799e+00
8.513866184535612280e-01,7.822042324008129377e+00
6.260430500478939564e+00,3.318911282080149405e+00
7.596876614157331176e+00,1.692575079282448991e+00
1.713908495802092258e+00,7.295734458076466922e+00
5.443745055091758545e+00,4.487849658746881687e+00
6.273692642003968700e+00,3.196558369456351301e+00
4.625620530082517945e+00,5.411211309134179359e+00
1.984166382711668453e+00,7.096715467527482168e+00
6.885143948258710012e+00,2.376826336505243553e+00
8.324854756926903576e+00,6.045381537100713576e-01
2.587167873368790616e+00,6.744988568396107276e+00
9.585483045852855710e+00,9.319671510994538721e+00
1.203744894216061123e+00,7.462123139639741609e+00
7.722998918235157717e+00,1.232859662358054553e+00
2.607572641577604600e-01,7.934381932671241699e+00
8.575527741301980811e+00,8.047643650245905889e-02
5.383737580541112067e+00,4.113874061161681084e+00
8.386953609047553826e+00,2.174233665051239495e-01
2.863105628813999992e-01,7.809487524435363426e+00
4.513181947625066748e-01,7.705680200343884678e+00
5.464174119081077752e-01,7.592519574308809638e+00
4.662872915567634280e+00,4.998864637008949785e+00
4.555788520412166420e+00,5.056290870569101870e+00
1.016087787029864575e+00,7.258114061390492644e+00
7.919596657960132013e+00,5.170716389074403452e-01
5.668951684987696638e+00,3.194632230112113280e+00
7.081575520514971078e-01,7.408264261853682697e+00
1.735257510099420530e+00,6.818427780223813350e+00
5.197080355467493362e+00,3.847804204615185242e+00
7.741629980650528431e+00,6.716032701559115914e-01
4.988968585329391026e+00,4.133126019427439068e+00
7.900987743955024456e+00,4.255718299812205618e-01
5.125147116820555127e+00,3.860846110778250129e+00
6.648180457028897372e+00,1.793762152658534559e+00
7.003083793756751163e+00,1.388517533153189598e+00
6.486813939349504565e+00,1.975760043125979193e+00
1.665895782533969305e+00,6.790848716800722329e+00
3.671497482537776413e+00,5.628033944761946294e+00
4.732489095391635203e+00,4.412249823401576343e+00
5.042915733751714313e+00,3.894672371909001285e+00
5.151949617055454844e+00,3.657796122675961215e+00
4.703078471108553593e+00,4.361876389035091783e+00
3.377547418578679128e+00,5.808263205141769525e+00
4.822223087656611895e+00,4.153617449000361006e+00
4.824093117394701480e+00,4.110985267099617424e+00
3.446139577452695946e+00,5.712690511705202923e+00
5.013668241734547948e-01,7.323297888719030091e+00
7.706919682437859187e+00,3.848935054798774402e-01
6.652773022976167461e+00,1.489625494442983200e+00
2.361257870045381235e+00,6.243303092995905246e+00
1.334525186970038080e+00,6.770351438967121993e+00
2.987374181384709892e+00,5.879128575765540710e+00
2.213747564736483486e+00,6.286450115229701652e+00
4.241737945665160936e+00,4.798754660869517963e+00
6.789038407168668243e-01,7.050694240698893722e+00
4.675341960730551527e+00,3.879643878825312697e+00
3.329485661935103202e+00,5.565605026606414540e+00
5.310475773535015875e+00,2.894447498789590512e+00
6.173112119183196356e+00,1.757487561616061233e+00
5.348343562963964182e-01,7.113990333212467654e+00
1.474254280958608998e-01,7.325556395182784897e+00
4.152196082526236509e+00,4.640065504423556142e+00
5.690677947868846509e+00,2.227645264991914509e+00
2.596293741456837445e+00,5.865634597448727838e+00
4.799594690094412641e+00,3.307417064034960941e+00
4.617886318670691104e+00,3.575705543049474411e+00
4.624499414320339064e+00,3.525962074051097517e+00
4.954616856471769637e+00,3.016672687751675852e+00
1.924116720400483871e+00,6.152554272314497474e+00
3.737501531101297125e+00,4.986360183348005570e+00
2.316192463484560982e+00,5.892858391867075163e+00
5.603330370289812734e+00,1.976070870304437177e+00
1.988441346055449532e+00,6.049215531889132080e+00
5.650209378262156079e+00,1.884516665176824146e+00
5.840381122975135675e-02,7.081658923252359905e+00
4.265880970654244209e+00,3.800394452946139978e+00
4.295740004760679298e+00,3.691074385850747763e+00
4.948525637222892293e+00,2.634412652040945879e+00
6.481211647234770723e+00,7.066438378602124537e-01
5.293679462313718886e+00,2.114053125241170950e+00
4.585307015607654080e+00,3.100616114467299234e+00
1.148016233891322457e+00,6.352834565210734752e+00
2.441434211272147436e+00,5.592797240425878336e+00
4.603640872059580502e+00,3.009473925840081776e+00
6.153723098794927626e-01,6.613744258046247992e+00
6.948261890344906710e+00,5.970356035750135071e-02
5.680236899563952946e+00,1.426385350076154745e+00
5.458306880331441846e+00,1.624194666440031964e+00
5.124070227049999815e+00,2.046314800593580507e+00
1.608938858398332172e+00,5.979655906293553258e+00
3.861228872731676809e+00,3.889524949093485784e+00
4.367163116211467688e+00,3.082099843807353245e+00
3.274413906675207819e+00,4.845632412414804691e+00
4.426497345393059391e+00,2.929885710258163023e+00
2.986969852700360750e-01,6.640630900695182248e+00
3.517941663030230703e+00,4.344548028635708548e+00
6.470331534625943348e+00,2.812851225894763552e-01
5.650875840586031984e+00,1.209866520797633349e+00
6.232917371886702362e+00,5.045338358406470380e-01
3.386254572241962357e+00,4.493637375364489372e+00
1.635979653632910757e+00,5.782486880566488630e+00
5.149068551377443015e+00,1.691888318503280697e+00
3.684298203675637762e+00,3.807366713964817961e+00
1.389992787464318091e+00,5.900830411496109207e+00
2.285410633738225172e+00,5.325259475228754980e+00
4.260602698757962159e+00,2.748381284168458727e+00
2.753164727100712916e+00,4.950392984261079654e+00
3.829915596781685583e+00,3.401861853008842917e+00
3.453837125026102406e+00,3.975370517531184866e+00
1.235990406952469645e-01,6.477254513769513444e+00
3.645044497485026902e+00,3.482940829032553864e+00
2.037423983705423325e+00,5.286714312828758366e+00
3.293004316044800817e+00,3.966555375006126649e+00
4.149392998172585223e+00,2.649292516229254879e+00
5.009879137769135404e+00,1.407701992218185483e+00
5.131804310063459162e+00,1.244871044588488074e+00
5.191229496017609968e+00,1.167774326768591386e+00
5.612314959011587057e+00,6.375906754537663534e-01
3.866419754091399152e+00,2.969844683374768479e+00
2.472707770816080508e+00,4.838243007911041005e+00
1.246620951579776593e+00,5.660533959471995225e+00
8.732453671760787017e-02,6.333065276983380620e+00
3.164155444027119124e+00,3.797521004765060937e+00
4.779632168269374759e+00,1.514053440226669212e+00
2.482173350450790572e+00,4.578528474352546951e+00
2.178934532290667470e+00,5.008246384981260846e+00
4.219061459937130110e+00,2.179669253838444121e+00
2.245778599149614863e+00,4.792999704718928555e+00
3.072886481395153968e+00,3.716762730601867126e+00
5.835809525423092836e+00,9.820623565539032818e-02
2.422407346647431403e+00,4.464961165822233014e+00
4.630319592775625992e+00,1.523520436893176511e+00
2.354788031401086279e+00,4.533907003234936006e+00
2.752382313649170964e+00,3.883026461863503531e+00
9.129741148345016377e-01,5.644585838181155779e+00
4.641095070943111800e+00,1.361510101572529496e+00
3.437944699723850306e+00,3.081576681469896606e+00
3.776882473936946649e+00,2.521730687584345709e+00
3.189589374060496141e+00,3.252446972883666021e+00
9.277745961424488375e-01,5.516094478329765849e+00
1.522771982937723978e+00,5.119279272781877665e+00
8.508426144163139249e-01,5.548992982993505407e+00
5.090058538008140232e+00,5.926034131209600986e-01
2.801458789694244444e+00,3.507058769038695623e+00
3.846199013635653863e-01,5.820454322209059228e+00
3.057953442194574212e+00,3.089115060617094954e+00
2.068159015159209968e+00,4.232643650571094263e+00
4.356668722795382642e+00,1.371577844253694112e+00
2.992775816918235243e+00,3.114255982577147641e+00
1.590171481785435104e+00,4.914446323281687512e+00
2.967026370185515738e+00,3.096800587136805394e+00
2.799895405531240833e+00,3.246170400799506250e+00
7.469347314483010258e-02,5.923405047258692768e+00
2.799636534034761759e+00,3.228267119704901766e+00
1.224847833885567283e-01,5.852913585370481897e+00
2.267327065075068759e+00,3.754822722646524724e+00
3.066983142115092598e+00,2.733873570911720119e+00
3.637581725563222790e+00,1.981837742675277569e+00
3.088678560245038618e+00,2.520281035187814656e+00
1.781236855670025321e+00,3.983065323380623468e+00
4.750456409952984238e+00,4.143953661207988581e-01
3.267740706408862827e+00,2.320204226293597571e+00
2.332577768107722882e+00,3.243789003498545043e+00
9.068938620526156846e-01,5.112723935526251928e+00
2.533811488300963255e-01,5.543387476932624125e+00
4.056952095240101919e+00,1.262912362398803667e+00
1.818129586693002508e+00,3.839198446994298575e+00
1.049266990918432674e+00,4.883630800668714578e+00
3.132885173736899009e+00,2.276239368825724085e+00
4.564589862596956316e+00,3.249016428352269337e-01
1.109341780962549429e+00,4.214218623643577466e+00
4.225000233024147178e+00,5.735693160822885606e-01
1.274445935647681161e+00,3.912799465875903770e+00
1.881707724931228620e+00,3.123343942142304819e+00
3.461247593801029865e+00,1.565416644607161567e+00
4.390411943409290529e+00,3.016170220729241791e-01
4.285273151150933657e+00,3.983325163997530893e-01
2.878376894080119097e+00,1.938927317981257170e+00
5.463884580437672334e-01,4.847419532835620437e+00
4.474601781871589523e+00,7.083579949503815421e-02
1.270173458561506541e+00,3.658025616465649943e+00
4.392023542967127270e-01,4.968688816510812956e+00
3.254824925661194968e+00,1.537533887453989001e+00
3.316128781052933849e+00,1.403494225325863098e+00
9.602919418535649232e-01,3.884260509886549251e+00
5.881932816212409598e-01,4.450911365571126765e+00
1.327087118045353620e+00,3.317365369524200247e+00
3.664396888814632547e+00,8.980384289710297008e-01
1.225066332912241318e+00,3.420934056383359234e+00
3.386296895639673288e-01,4.731445899820009515e+00
3.947965336732642605e+00,4.192525886827003223e-01
2.358387650671942559e+00,1.956188143503204691e+00
3.192881730829734366e+00,1.238275774348641667e+00
3.243104603370592365e+00,1.144406657589304155e+00
2.625992060292909880e+00,1.651061975231824519e+00
1.450801033841354615e+00,2.838758219992167042e+00
3.925602182007743579e+00,3.144278805384193021e-01
2.372963944427943783e+00,1.814223829943157895e+00
3.376933979137637376e+00,8.056283029369948334e-01
3.856920527421381362e+00,1.905389337871643551e-01
2.241391954501143147e+00,1.736056500074694142e+00
2.105589159150820233e+00,1.836556339447487085e+00
2.624624435812786594e+00,1.321576534451280871e+00
2.734300232663843033e+00,1.162006625157692152e+00
2.345258842169765323e+00,1.490067596673784189e+00
3.853035323510235699e+00,2.340804650980965462e-03
1.335332727626479254e+00,2.336628743388090790e+00
2.350211754181624535e+00,1.309863679494993605e+00
2.038940910036715071e+00,1.495880172637563676e+00
2.361076597698419377e-01,3.632150016025952333e+00
3.772038367556229677e-01,3.357324557793011977e+00
2.292511230203431172e-01,3.179593842587089547e+00
1.572563225162171285e+00,1.546486972865643850e+00
6.354058448850086194e-01,2.511517926157429415e+00
1.985777866278959358e-02,3.325916524769637839e+00
1.552099572989821263e+00,1.241388689521613076e+00
3.889227704423270371e-01,2.477846353454498995e+00
2.867673055845004981e+00,3.409527128428568865e-02
3.442944543195858298e-01,2.435499407884769152e+00
7.154207455234418145e-01,1.948892179136807457e+00
1.110212827474640340e+00,1.437565445424849875e+00
3.252875154453505058e-01,2.292189874703635333e+00
2.676974491086869801e-01,2.287505573413092463e+00
2.334528467362431137e+00,1.887809024347553155e-01
1.189440155797992782e+00,1.199145047008327580e+00
8.733134573662992839e-01,1.519693517419810069e+00
2.040125543360793436e+00,3.652858517051715825e-01
1.967029848897621225e+00,4.232688896567615711e-01
2.197267400393064563e+00,4.105925048618619400e-02
1.121138696288747072e+00,6.899859589329726539e-01
4.012025386089690393e-01,1.321105144801232312e+00
2.874597788847466084e-01,7.210988421333652809e-01
