3.582001365669999493e-01,6.417999364057472844e-01
8.749121412304375345e-02,9.125090115028243742e-01
1.899796654036313148e-01,8.100200980649615579e-01
6.327264139414821020e-01,3.672738306607254422e-01
2.799816612227409296e-01,7.200180743802638839e-01
1.414848701836510514e-01,8.585147187464178264e-01
3.296941461559248499e-01,6.703063083101832298e-01
6.574371760911362772e-02,9.342569542234993030e-01
3.543810067406471531e-01,6.456183065380156627e-01
1.910622446333718749e-01,8.089370082545714880e-01
2.840828021707628714e-01,7.159180091794814516e-01
4.155857006251625907e-02,9.584402600550476770e-01
3.497997343937238601e-01,6.502015546086374886e-01
5.664492991237884967e-01,4.335493147253054458e-01
6.154684453197433180e-01,3.845301385677087347e-01
4.374412060891936238e-01,5.625573105248520278e-01
3.869208971852256540e-01,6.130808140072131485e-01
3.642564346931712049e-01,6.357452948164648010e-01
9.608803334438056898e-02,9.039102357780355312e-01
4.252642608540295743e-01,5.747375912610066528e-01
2.926654899159036316e-01,7.073324947071465418e-01
3.143740262452698886e-01,6.856279996181116054e-01
4.314651995645042981e-01,5.685326387292299888e-01
3.250652601554693266e-02,9.674912488365804419e-01
6.632064405855149225e-01,3.367912567514829147e-01
1.905277263934022081e-01,8.094746241696403333e-01
2.068151705790927941e-01,7.931824611896742816e-01
6.043850426837609202e-01,3.956174225311477333e-01
6.306421857315778201e-01,3.693603203594518214e-01
6.261192887930693285e-01,3.738780130839748361e-01
3.800959615923114876e-02,9.619931790806003358e-01
6.557918622524560037e-01,3.442053258439671803e-01
2.950493058232812188e-02,9.704978989382658794e-01
4.800189523005103931e-01,5.199781355961230478e-01
1.044098208744911882e-01,8.955872168946522605e-01
1.889882735299961147e-01,8.110147053867355904e-01
2.906426631956026893e-02,9.709387459645543172e-01
1.811332205559239017e-01,8.188699130485722621e-01
3.565119904498957881e-01,6.434911764501957121e-01
3.998475657588432819e-01,6.001556184327121457e-01
4.153658653490577279e-01,5.846373251631056256e-01
7.350940264241453970e-02,9.264871631336795144e-01
4.768067711979401269e-01,5.231897617856268168e-01
1.810647004623804068e-01,8.189318233054392326e-01
5.298571475259772345e-01,4.701463329277032477e-01
3.458290079785665827e-01,6.541744751019332726e-01
9.738877364450401752e-02,9.026147577336257610e-01
5.768016050710331744e-01,4.231948116382587832e-01
2.211177185656086619e-01,7.788859732815629489e-01
6.431138594657914709e-01,3.568824010582600237e-01
3.301568489882207302e-01,6.698469170624550273e-01
1.230051637878258747e-01,8.769910686661065435e-01
6.094461529298749181e-01,3.905500285255479875e-01
4.948424835663102206e-01,5.051613384418746078e-01
7.660625344349586419e-02,9.233898367168262844e-01
4.163878919144576307e-01,5.836161118067297870e-01
1.361142934043105546e-01,8.638816589393309986e-01
5.760024106054840304e-02,9.424038768299334290e-01
6.106409364943060636e-01,3.893636522171790570e-01
6.378999873669942700e-01,3.620953892915468875e-01
3.994329629181785912e-01,6.005716904766325026e-01
3.298629325886447972e-01,6.701418375737433486e-01
3.279989895684992662e-01,6.720059307440557905e-01
3.838227678648571672e-02,9.616227406702683167e-01
5.239874547930365445e-01,4.760075004266611232e-01
5.858818168042925212e-01,4.141232297372254290e-01
3.360384720408375880e-01,6.639564580260177706e-01
3.113110943123298391e-01,6.886941839087523665e-01
4.030986307080249853e-01,5.969067639099050471e-01
5.671378005331570438e-02,9.432917322251045400e-01
2.641904415550694885e-01,7.358151339078883302e-01
1.558905056111259402e-01,8.441150829441109726e-01
2.461977348795887921e-01,7.537964986089253916e-01
3.783644468037110631e-01,6.216413517109847797e-01
3.474438154732578665e-01,6.525620580162979634e-01
1.232576038728662449e-01,8.767484197385465583e-01
4.910023548099275992e-01,5.089915633176108622e-01
6.149403935598691806e-01,3.850657554676280014e-01
3.193774041978913458e-01,6.806288306732328763e-01
1.853655987878402023e-01,8.146406581655379897e-01
4.460438401047059909e-01,5.539497556538927059e-01
2.576119787652513260e-01,7.423814625953434332e-01
4.644768467369703169e-01,5.355298516737310166e-01
5.038071555668955925e-01,4.961861312627555143e-01
5.269450738743015616e-01,4.730618334671475300e-01
3.625232728070966748e-01,6.374837293320780862e-01
1.812212370440073883e-01,8.187717433866683603e-01
1.418642940732381119e-01,8.581286256959100855e-01
5.318499852145616158e-01,4.681429064475278734e-01
1.795260063541543605e-01,8.204812124426732467e-01
5.284098545432787120e-01,4.715974193142186688e-01
2.995563071419963808e-01,7.004511477382571183e-01
7.590676915327962404e-02,9.240857752876460163e-01
4.095263915070038729e-01,5.904658498934926003e-01
1.952752483154960583e-01,8.047325319344384997e-01
3.331921721176155371e-01,6.667999303093329333e-01
2.537452957230654227e-01,7.462464023242424416e-01
4.871396842991718157e-01,5.128519049764581617e-01
6.838474171571266857e-02,9.316066859728816540e-01
2.935270008904093952e-01,7.064817605333503225e-01
2.594926719910800594e-01,7.404984645447272307e-01
6.281888458943987175e-01,3.718202243748156555e-01
6.562900575534003078e-01,3.437008224186712813e-01
6.460885812821450802e-01,3.539205415286514889e-01
1.119808866939467074e-01,8.880284139152396783e-01
2.052833448722537479e-01,7.947260875125198298e-01
8.768576917067827381e-02,9.123237525363014910e-01
1.292958570530314266e-01,8.706941229686200323e-01
4.570247179910657542e-01,5.429652178829346143e-01
4.040484087007144565e-01,5.959414489303090923e-01
3.174949110535533747e-01,6.824948320286122749e-01
6.090705068268649214e-01,3.909191249531770995e-01
7.353221124095347949e-02,9.264784716069663917e-01
2.321041427614360109e-01,7.678850051505545782e-01
4.375305204032858830e-01,5.624805475003823441e-01
3.211699174548552360e-01,6.788189805504881713e-01
5.471850632298466133e-01,4.528261773669389201e-01
3.112657885958403092e-01,6.887454839729463263e-01
5.450489216185081531e-01,4.549396258380988267e-01
7.743188167024298019e-02,9.225566312985978845e-01
1.218737866259967662e-01,8.781377081950140218e-01
5.020505601529150486e-01,4.979610266858981449e-01
2.322584667651513279e-01,7.677299364095507839e-01
5.125947097008239917e-01,4.874170141754728958e-01
3.276672535964122446e-01,6.723209747166591921e-01
9.323363181124419419e-02,9.067781565535114607e-01
3.941491707094323949e-01,6.058628122795691739e-01
2.865472793364825035e-02,9.713573721445779574e-01
1.102560928891488934e-01,8.897560810423950084e-01
2.716370322863979614e-01,7.283755384344164918e-01
5.850959013059597869e-01,4.148914134154383371e-01
6.353580179001744321e-01,3.646292920961369255e-01
6.359095991525819391e-01,3.641031008330408714e-01
7.628159180973140274e-02,9.237056170544510891e-01
4.935454647455798094e-01,5.064674293869481092e-01
5.429821335195925691e-01,4.570046279619072171e-01
4.270061250617920301e-01,5.730072925535575346e-01
3.353847085870393929e-01,6.646018196050800242e-01
5.255925510506555265e-02,9.474272719993684921e-01
1.412283084974797487e-01,8.587851870749996230e-01
4.403273176976997827e-01,5.596861804928120465e-01
4.392434504469863166e-01,5.607430061357806528e-01
5.971387820399306490e-01,4.028748150620939938e-01
3.356484235607635203e-01,6.643379781727936084e-01
6.377688874378890649e-01,3.622174818848210021e-01
1.461776973597329610e-01,8.538086670119564570e-01
1.426796730129870905e-01,8.573066731431261411e-01
2.849296640877165276e-01,7.150840593444750537e-01
2.492654694740032151e-01,7.507482942357707190e-01
1.220605354852423163e-01,8.779532710837001375e-01
3.742443846501423699e-01,6.257417046734916610e-01
6.137696352701190738e-01,3.862164075088574955e-01
5.276592892991647243e-01,4.723265684653990548e-01
6.223594952359289278e-01,3.776263232142437198e-01
5.395782643609073892e-01,4.604362477191034642e-01
4.678385168430774232e-01,5.321469571640361496e-01
4.224169049657692243e-01,5.775683855661082333e-01
8.515043687603006395e-02,9.148348280038802738e-01
4.151216697608590689e-01,5.848635765953469345e-01
2.766894505771860802e-01,7.232957475864848496e-01
3.870591137392344616e-01,6.129259711849039949e-01
4.316302321901056005e-01,5.683847457045089202e-01
2.599218854872101248e-01,7.400931099193749363e-01
5.324230036489011608e-01,4.675619966724977039e-01
3.045605896395895407e-01,6.954243964759602159e-01
3.371772938999376135e-01,6.628076539972101999e-01
4.762314252973158801e-01,5.237842921123398998e-01
3.755230889226998658e-02,9.624636200203692260e-01
1.119712415346408169e-01,8.880127981791597902e-01
5.820192618067546730e-01,4.179967320770799355e-01
2.174314299492936808e-01,7.825525094362137946e-01
3.278078785453479860e-01,6.722082664343703717e-01
2.433971178261372659e-01,7.565867273653452685e-01
1.624902472183522850e-01,8.375260069563250642e-01
3.139914837229401123e-01,6.859922177361004181e-01
1.514619207311153348e-01,8.485544476573516626e-01
5.014268919575691486e-02,9.498736833093236465e-01
3.288933502279194898e-01,6.711231072683557786e-01
1.571201917266508985e-01,8.428633059642955949e-01
1.283804835453090931e-01,8.716029213806257836e-01
1.546593716257270712e-01,8.453238853139674047e-01
4.641162663270821942e-01,5.359005300496815227e-01
1.379390717146128931e-01,8.620439611676620206e-01
2.181993314826855546e-01,7.817836910883428914e-01
4.911317187789266403e-01,5.088853553557587395e-01
4.667237558819539167e-01,5.332590074320272544e-01
4.666859844572833760e-01,5.332967683350914312e-01
4.846746133147734059e-01,5.153427394801339823e-01
5.701132024071715598e-01,4.298693503230482937e-01
6.730919686981370886e-02,9.326733402929729966e-01
8.579524581693838414e-02,9.142223794599567688e-01
1.760219139348029593e-01,8.239957765661501954e-01
5.386574166907762695e-01,4.613604105693388524e-01
5.561402538287929520e-01,4.438776232292878654e-01
2.370338877865138527e-01,7.629482095846330525e-01
3.884088494194531394e-01,6.116091039781753613e-01
5.368097794666407824e-02,9.463370851148842355e-01
1.736419468233995345e-01,8.263399593916920249e-01
4.160217399788291304e-01,5.839600484019986659e-01
5.719903295705710544e-01,4.279913356535365310e-01
3.769068048332429588e-01,6.230748455649923745e-01
2.129470906676419473e-01,7.870345409168189033e-01
1.591377021350074972e-01,8.408437665745094325e-01
2.831773880117484654e-01,7.168413090197152115e-01
2.677317439140602939e-01,7.322495228330060391e-01
1.921429713047066445e-01,8.078757628103907518e-01
2.966465676033189780e-01,7.033721752490172952e-01
2.584487189170095456e-01,7.415700938936274911e-01
2.502229859096776754e-01,7.497581873751588688e-01
3.669483772394591670e-01,6.330323544846414574e-01
1.047180015832572808e-01,8.953013999528550704e-01
4.061598150460949963e-01,5.938596487780574140e-01
8.129147079756449124e-02,9.187282987590645877e-01
3.735082415755737739e-01,6.265115517401709244e-01
3.484589209028357559e-01,6.515610083779534989e-01
2.485289182263537844e-01,7.514511409041986223e-01
1.161097727244404798e-01,8.839104672642593696e-01
7.588876849167036642e-02,9.241314923913698243e-01
2.023750608271259188e-01,7.976044223416962620e-01
9.934409542048151798e-02,9.006765897736049853e-01
2.175916439947730152e-01,7.823876693617982658e-01
2.420560558372716609e-01,7.579230857230357943e-01
1.519894331082987937e-01,8.480316156337978084e-01
5.607236298343100112e-01,4.392552544287283700e-01
2.661530611275302882e-01,7.338258154088675989e-01
4.865967030645163560e-01,5.134246514517122328e-01
3.498868500867197140e-01,6.501346776220819912e-01
5.447510991940992531e-01,4.552273578295117362e-01
4.605099638992364852e-01,5.394684121907783458e-01
5.980518207191959368e-01,4.019699455573078617e-01
6.037804327603288890e-01,3.961977479352815634e-01
3.667946240914858325e-01,6.332272702481128723e-01
5.130885119534777106e-01,4.868895344858918950e-01
6.228261291457010129e-02,9.377394608927923647e-01
3.165109756202378333e-01,6.835112962882727849e-01
4.703742144376445444e-01,5.296034304866130693e-01
1.308445254007229441e-01,8.691331050343664710e-01
5.349273286484114154e-01,4.650950679122292097e-01
1.630132417910861165e-01,8.369643434991864694e-01
4.143306574867833825e-01,5.856466511950223497e-01
4.745307749804193453e-01,5.254465182726660855e-01
5.454115064683052738e-01,4.546112601282718546e-01
1.736583221057961257e-01,8.263188508033535440e-01
2.597886427677390531e-01,7.401884931318273297e-01
7.806538930629658424e-02,9.219117152882635446e-01
6.427857630986832937e-01,3.572372179768489864e-01
1.920600142235528440e-01,8.079165924074114269e-01
5.424919185541354771e-01,4.575314842652926650e-01
5.802560397678901971e-01,4.197675882394705793e-01
2.954108741290651374e-01,7.046127658434815366e-01
3.836929223016345009e-02,9.616070469004035504e-01
3.967260287108799188e-01,6.032978089579145164e-01
5.945207497592186474e-01,4.054552990891378550e-01
5.791004441534870484e-01,4.209236743294325622e-01
3.948796344102926681e-01,6.050962414662059974e-01
3.997291221527686511e-02,9.600513988557547451e-01
6.503314343196685554e-01,3.496441937952720069e-01
5.994662156127418262e-01,4.005093631064121640e-01
3.721816304485714433e-02,9.628063772378614438e-01
2.566153727790941308e-01,7.434091805073507198e-01
3.031947841606069671e-01,6.968297799072431520e-01
4.581050560594230880e-01,5.419195164640161488e-01
6.221180711850234080e-02,9.378128658829785191e-01
4.634807847404779357e-01,5.365441066412381943e-01
3.989505018736705377e-01,6.010744103308569564e-01
3.402426044926752935e-01,6.597321183840838543e-01
1.226993045470714389e-01,8.773261425205078901e-01
2.899261190579811853e-02,9.710329348855045728e-01
6.260874626641321772e-01,3.739380912642528143e-01
1.066617278790715911e-01,8.933125183394931002e-01
2.532033786674954823e-01,7.468223961424640400e-01
1.183770102101188715e-01,8.816488237152187990e-01
5.718478696389837912e-02,9.428411178369492385e-01
6.099073515131329115e-01,3.900667385109271579e-01
3.082767364758367545e-01,6.917491867180517451e-01
1.432295596076983701e-01,8.567444912904251808e-01
5.844642987938072354e-01,4.155096274092816011e-01
4.676080285745898846e-01,5.324181550530289186e-01
1.652368215632027126e-01,8.347894328223324223e-01
1.372029309294906796e-01,8.628233358581753887e-01
4.046695511842257065e-01,5.953569316497153707e-01
4.613603259066416662e-01,5.386666633693005801e-01
4.170445872059938552e-01,5.829824743857657809e-01
4.190084968089087814e-01,5.810186085626661834e-01
6.042002294198356438e-01,3.958269003737255320e-01
3.367433428570363874e-01,6.632837994182898544e-01
1.308274275180138224e-01,8.691453767423811261e-01
4.882815019789511490e-01,5.117457521244133112e-01
2.145375957133736355e-01,7.854351353891378951e-01
6.006131157725800307e-01,3.994142027319815824e-01
6.301617901524593224e-01,3.698108608907774153e-01
4.469020299650727779e-01,5.531254031522644388e-01
5.978728858591442208e-01,4.020995267909153736e-01
1.659988358565382405e-01,8.340288968450912943e-01
5.588959521561834842e-01,4.410763078865184705e-01
4.970217685573779520e-01,5.030060081676539507e-01
2.405892757281783145e-01,7.594385625903278259e-01
1.993777986180311768e-01,8.006500717746370954e-01
3.035156642050980125e-01,6.965122304908161199e-01
4.877514161195382059e-01,5.122766038020475365e-01
4.802963157899125535e-01,5.196755208152679106e-01
5.488765918630864604e-01,4.511517044085819883e-01
5.402410254092853137e-01,4.597306697528739661e-01
4.119619742152445530e-01,5.880664515774426393e-01
1.005242427751265460e-01,8.994471877520042735e-01
6.678262050210548306e-02,9.332461347428078202e-01
4.129963733608212895e-01,5.869748224022738325e-01
5.816858281152232912e-01,4.183430569684037370e-01
2.713054548233584939e-01,7.287234977491863219e-01
4.139050183749058420e-01,5.860658648736445375e-01
6.584703581643702730e-01,3.415589281148692091e-01
2.391390498071665205e-01,7.608316240688887122e-01
1.889703158357310397e-01,8.110591959734284595e-01
5.309764483203908148e-01,4.689939315003026632e-01
3.416956977854397892e-01,6.582745886007120850e-01
6.477463679777736294e-01,3.522239061501157287e-01
3.563794384882057464e-01,6.435908318514331761e-01
6.099381156252297043e-01,3.900918259563502244e-01
4.106795909137904710e-01,5.893504457120398721e-01
5.636862922461102210e-01,4.363438541685354388e-01
3.501526279250734563e-01,6.498171718369064598e-01
4.241176235313609544e-02,9.575579261138300602e-01
2.135103115436616517e-01,7.864592820732260181e-01
3.236667202503021312e-01,6.763027405116923685e-01
4.946082187221668702e-01,5.054223296158320000e-01
4.509982904464406306e-01,5.489711351869839273e-01
4.540764084409955603e-01,5.458929821704583407e-01
5.888203935078343276e-01,4.112102849448033837e-01
1.511245592044385966e-01,8.489061491747680321e-01
5.115977524899973927e-01,4.883714618326316370e-01
5.642637555076316508e-02,9.435428337660127784e-01
2.009414473846296012e-01,7.990277422784550776e-01
5.244937983352001565e-01,4.754752874634776139e-01
3.149331450767223900e-02,9.685377607418915735e-01
2.726352063805002057e-01,7.273336535846357531e-01
1.282924238863408506e-01,8.717389190330665505e-01
5.794570181866315339e-01,4.205113218340789660e-01
5.487122886527164844e-01,4.513196250518549113e-01
3.606689147145739627e-01,6.392990886152787322e-01
6.425254461382596816e-01,3.574425558759190547e-01
2.882478091428724021e-01,7.117200468010799197e-01
3.065243144981540935e-01,6.934434118887227161e-01
3.128690281820399322e-01,6.871633509261737549e-01
5.531325177458480402e-01,4.468350787044942929e-01
7.519948589396149852e-02,9.247678907898645440e-01
8.303078121806280187e-02,9.170022676431522912e-01
5.665828910248689176e-01,4.333839503763292078e-01
5.138665942691215127e-01,4.861665824459203700e-01
4.788554187413837093e-01,5.211113790736585649e-01
4.252938741259040256e-01,5.746729060188348059e-01
3.624490734647363710e-01,6.375176728665007397e-01
1.989927509698629360e-01,8.009739728915239443e-01
1.074317673648326338e-01,8.925348062401390337e-01
7.661215313515892800e-02,9.234212740773245498e-01
6.023325632013395436e-01,3.976339845883066770e-01
5.910411658301955029e-01,4.089923494314497976e-01
5.000254740249379104e-01,5.000080665276740444e-01
5.550148999186791388e-01,4.449513971021250569e-01
1.485970876451630784e-01,8.514367204589767812e-01
3.280022948770766056e-01,6.719638559313619863e-01
2.993954306309846158e-01,7.005707132848126850e-01
6.532801763502219528e-01,3.467537141426518810e-01
2.129475359911712773e-01,7.870863550638328432e-01
8.531722459955873306e-02,9.147167132383444699e-01
5.806897127452356200e-01,4.193442834498282146e-01
2.984982736873053044e-01,7.014677046611208500e-01
1.766131292742706971e-01,8.233526005260288771e-01
5.823429889968747553e-01,4.176913680553112629e-01
1.709923291357416664e-01,8.290420564555156524e-01
1.899871724649002669e-01,8.099784394068426652e-01
1.106073406853301799e-01,8.894271348353961493e-01
3.731729936097120670e-01,6.268615153144279084e-01
2.491541243119017035e-01,7.508804780641705756e-01
3.696931480992220465e-01,6.303415117242762156e-01
4.782739944195232296e-01,5.216912003540860043e-01
2.654114176693322391e-01,7.346233876194023793e-01
2.261814914091767048e-02,9.774167875588140042e-01
2.556349071162388742e-01,7.444001260758986716e-01
5.168853833369313477e-01,4.831497199695935496e-01
1.988557153015540757e-01,8.011090592203437000e-01
5.082729723190100302e-01,4.917623939806419209e-01
4.807876997787325912e-01,5.192476839747600659e-01
5.963330865335345621e-01,4.036313452863899975e-01
5.093769370984985168e-02,9.490264235291215877e-01
4.912540128330248890e-01,5.087100907087342971e-01
3.924839088161733436e-01,6.075521383423651001e-01
6.180991217315980890e-01,3.819369277091455572e-01
3.932619909165597227e-01,6.067740824987567505e-01
6.063193570620624140e-01,3.936443923277861967e-01
6.341491072547624785e-01,3.658145031218366094e-01
1.808225490624859877e-01,8.191410185554269807e-01
5.061888881515329563e-01,4.938476097747082627e-01
5.694806951389522753e-01,4.305560127622163891e-01
3.339367402097763171e-01,6.661000066816386012e-01
4.081406855113186016e-01,5.918962325473373642e-01
6.197017300610691004e-01,3.803352149878874155e-01
1.378595072575649061e-01,8.621035421498490781e-01
1.095192040109279064e-01,8.905177465961744421e-01
6.604253733150831085e-01,3.395376640710817684e-01
5.896010506868969436e-01,4.103618349554167266e-01
4.723172562699890498e-01,5.302316295067357466e-01
5.741856736315507082e-01,4.281421023940632509e-01
2.752530866514772967e-01,7.202136353225382370e-01
7.837004799269978172e-02,9.164087802683319461e-01
6.414907652366235169e-01,3.623093171562403736e-01
2.270220698323447139e-01,7.722834610817302936e-01
2.740593858966745566e-01,7.220796882795381677e-01
5.087097219869612941e-01,4.905731503821547101e-01
3.946637131135026233e-01,6.063640411194122226e-01
4.175093027154381242e-01,5.793930325402577575e-01
1.233392387398170031e-01,8.743348096639894651e-01
3.635545508339624310e-02,9.618311908591226089e-01
4.032743665901954433e-01,5.976582671387470347e-01
5.273294942932085227e-01,4.714200368959141629e-01
2.346714373617491689e-01,7.597048348423364184e-01
1.053656654425892403e-01,8.905601139618152251e-01
1.149645900998595427e-01,8.808024729375317774e-01
6.327078446017145863e-01,3.676689108056655497e-01
3.320108797707849724e-01,6.669834134014945848e-01
6.544770914584829846e-01,3.489823249702762031e-01
3.997873930100362405e-01,5.998247566666575770e-01
5.424302563395760890e-01,4.608091239413271145e-01
4.692985867750225637e-01,5.308512480010065815e-01
3.562840927716087042e-02,9.623423509544185572e-01
5.959227302210274857e-01,4.083657110444977034e-01
4.152450920946678115e-01,5.856318344784171570e-01
5.563577575741572856e-01,4.405431906326804370e-01
6.351414845607981086e-01,3.655261866002452731e-01
4.943924171117894395e-01,5.047019248868992447e-01
2.499695079135791087e-01,7.475786471116027121e-01
5.954436015111862490e-01,4.046283363382041087e-01
5.632952953168794963e-01,4.361252832875773255e-01
2.193754542144424335e-01,7.753482505702545824e-01
5.437543934647267596e-01,4.587304758470696631e-01
6.625398678441374312e-01,3.357624641972260515e-01
1.422992881130081821e-01,8.527130077255490326e-01
9.420372543733548931e-02,9.004957248846436890e-01
1.401087582782618302e-01,8.535265544776833302e-01
5.446853955653381263e-01,4.592581636663985445e-01
4.605976197277530937e-01,5.378362963801490704e-01
3.609552809384282690e-01,6.398686555512499430e-01
6.486667806607530062e-01,3.516936302732039388e-01
1.700427268737126907e-01,8.281774094332978731e-01
2.077816072268975633e-01,7.906808419138958710e-01
1.115031932041219143e-01,8.819940695861341329e-01
2.598315781286639203e-01,7.385782676435886929e-01
2.878261978109286634e-01,7.117507209177852401e-01
4.280886280623980022e-01,5.731581718311518081e-01
1.441432570962479787e-01,8.517404301221778162e-01
6.553554626440145636e-01,3.471358280150704800e-01
3.411942554439846287e-01,6.562334706211923052e-01
5.280703200549952819e-02,9.465056187438430912e-01
5.012174521267378502e-01,4.952935343886401554e-01
4.301254220962625885e-01,5.672319233249073500e-01
4.861824939286997771e-01,5.120260269647185503e-01
4.090345117072075598e-01,5.908327193759771445e-01
2.810794773928606549e-01,7.153138829778905583e-01
2.059414479625254479e-01,7.903324184107771710e-01
3.912074872095035460e-01,6.059681605435152107e-01
2.351169607246781160e-02,9.744513505263200370e-01
3.931112906186171041e-01,6.035392230823660720e-01
1.650443655037815982e-01,8.328057867188495278e-01
1.159072234163471826e-01,8.789179470869127320e-01
2.900409042195197795e-01,7.088990053315477047e-01
1.748400625800255181e-01,8.239078097273880852e-01
4.006490730192143745e-01,5.985315651298778183e-01
2.951157224737678206e-02,9.638228854288020120e-01
3.070253075922398933e-01,6.921541375720553502e-01
4.378495993061709002e-01,5.587925658522064909e-01
2.434502288560218622e-02,9.714963883596585692e-01
5.216583624307202793e-01,4.814817347762039845e-01
1.254605728161344580e-01,8.698987702442815273e-01
1.721644694107823115e-01,8.232861915885919535e-01
2.557771836355099415e-01,7.407110899660351855e-01
3.191959022673147572e-01,6.817120702608273630e-01
3.662978531683426242e-01,6.316736303423027277e-01
4.084286834658143461e-02,9.594532336164139918e-01
2.293638406898567683e-01,7.679137157978288553e-01
5.498559338250258444e-01,4.472254750921086930e-01
2.273052524885940673e-01,7.711022758478223160e-01
6.228024131730135471e-01,3.793497868037060683e-01
2.829514193235678210e-01,7.124552629282902005e-01
5.059844398600201743e-01,4.961571758682640221e-01
1.573656534761055104e-01,8.393931418983789916e-01
2.009760838140535189e-01,7.957911970347548714e-01
5.507346714060664672e-01,4.475368018496944655e-01
5.132688953709622220e-02,9.441877702621908064e-01
5.847930148291409502e-02,9.379499941861384471e-01
5.264507473918199343e-02,9.468400140445316637e-01
1.829473979047983034e-01,8.124130855551329189e-01
6.599699551621830418e-01,3.440594054842482930e-01
4.362306825064838911e-01,5.635141855427358015e-01
2.499436142365368124e-02,9.721635860506122606e-01
5.203110583736332284e-01,4.810101081993458094e-01
4.656554296960194184e-01,5.369171890564999883e-01
3.591551832845008563e-01,6.394967542955560802e-01
3.592817771228242751e-01,6.414584383288484126e-01
6.511543889931402651e-01,3.487575281967864038e-01
3.837552441283605398e-01,6.166231219131921293e-01
8.124338462443278508e-02,9.171893847368877140e-01
3.523413131231953321e-01,6.470941793214203264e-01
1.696467035989089878e-01,8.297094976590119186e-01
3.200670519814734494e-01,6.779677212656260998e-01
5.035019603896088158e-01,4.953153082040063770e-01
2.092862630596609985e-01,7.849406910089365974e-01
2.363757481805403293e-01,7.633132529502278940e-01
1.563357097798164508e-01,8.400298036765245779e-01
6.014615670018498284e-01,3.968928657786615632e-01
4.382587063182051823e-01,5.615317387044370667e-01
9.878756374830735543e-02,8.975828162411380040e-01
1.195319947283591255e-01,8.805527579141476657e-01
5.959425192597416210e-01,4.011224413448357118e-01
4.805763640802778736e-01,5.220568931222453468e-01
8.477658356174450072e-02,9.156050301845399808e-01
2.499282646689054421e-01,7.465215990316961259e-01
1.519245423188406441e-01,8.426158992484422683e-01
5.260547981735663736e-01,4.706607699778515563e-01
2.382232601577042030e-01,7.607921345045323136e-01
5.961486874269986691e-01,4.010329526056140570e-01
5.553618294403148692e-01,4.451542050003988726e-01
2.041326922356246076e-01,7.906587091900777464e-01
4.966866963256131862e-01,4.996695295335737419e-01
6.080388231409405986e-01,3.938181437051611611e-01
8.487072904749720648e-02,9.152223261685717981e-01
4.307252425703492760e-01,5.702811301908162767e-01
5.074786944178353298e-01,4.912136158877147274e-01
2.925421046452617024e-01,7.089824285165752249e-01
3.929462225545030801e-02,9.578567563671855911e-01
1.619972278639879582e-01,8.318008385305797336e-01
3.789841619392043670e-01,6.177285207960655500e-01
1.966168153179100320e-01,8.036510711328164192e-01
1.540523105486016620e-01,8.459891629306741656e-01
1.878727536156397926e-01,8.103201820049150683e-01
3.396701500288782372e-01,6.588318216568074259e-01
5.224494491626741066e-01,4.767969159366139409e-01
5.003742710374777802e-01,4.965139953399996808e-01
5.536707763560194673e-01,4.444529320287846641e-01
6.070878605106144743e-01,3.940566080346621369e-01
2.053982862174774382e-01,7.902269363077312203e-01
2.785895715986191346e-01,7.180757832973596599e-01
2.919756663885355041e-01,7.077741672488325753e-01
4.174687318661524094e-01,5.805613543357824868e-01
9.571855807665233251e-02,8.982470197852386873e-01
4.015155475840386234e-01,6.013307770912451611e-01
4.012249202515344448e-01,5.944674201392292634e-01
2.884104056129264126e-01,7.091446324855210648e-01
5.639467017206867272e-01,4.358023458914740966e-01
6.616867792982268348e-01,3.378519190043436371e-01
3.776257935680568112e-01,6.247347808437555550e-01
7.930930405150921070e-02,9.146700281634788654e-01
3.871247440713372623e-02,9.596675186125788182e-01
4.752792701285300514e-01,5.251352341484361030e-01
6.243177239259821709e-01,3.801032440659519729e-01
4.833592907829507013e-01,5.202384752187493300e-01
3.967010755383068576e-01,6.039992128647679870e-01
3.996910710207188799e-01,5.980721505588469933e-01
1.604809863604435005e-01,8.363142314814405731e-01
1.296025553101428085e-01,8.642389780530344012e-01
1.843003546619240429e-01,8.165573709508577860e-01
2.633574127987635682e-01,7.349413629930836578e-01
2.313076816701238603e-01,7.701914878615290228e-01
1.596307418740082751e-01,8.399315686232358136e-01
4.880309490012228468e-01,5.101513328504275746e-01
3.649967795207843535e-01,6.363510207838097843e-01
1.732182734276762337e-01,8.252561873655971381e-01
6.087547390001032399e-01,3.898568926855097150e-01
9.824862100966388900e-02,8.978515269299769397e-01
2.893881152212110508e-01,7.075252100850716319e-01
5.682903520417815768e-01,4.308478690235160724e-01
8.736810070670944506e-02,9.076585848890895702e-01
4.745324395607443679e-01,5.288110231985627685e-01
4.143141981670677709e-01,5.862957847350039886e-01
1.368058864300256694e-01,8.626554707713113279e-01
2.847638215445842669e-02,9.663655061354299303e-01
4.998693053754167392e-01,4.976947163016164910e-01
6.348653790477695735e-02,9.308157925549814804e-01
1.881247029335506860e-01,8.112501869590728054e-01
4.543722246640545803e-01,5.474346093624857801e-01
4.362937959738725224e-01,5.643403873911877477e-01
2.978409041485356457e-01,7.023779053599004119e-01
2.990138947740545450e-01,7.000680437673044709e-01
1.526803653575880826e-01,8.432074798422009021e-01
2.562961567417829101e-01,7.396554371106345283e-01
4.523638137173713325e-01,5.444176892353542740e-01
4.970988797155265204e-01,5.019172451005098345e-01
4.055272754091301390e-01,5.958072974143706624e-01
3.897889511917329020e-01,6.128306967406448313e-01
3.368025283674094261e-01,6.595378831811702369e-01
1.824124433166508796e-01,8.167453136256653812e-01
1.522303140154746826e-01,8.449999986306155897e-01
1.549519724900238482e-01,8.427924613040200796e-01
5.985449273616314514e-01,4.051587685914386783e-01
3.572484835000853676e-01,6.392380307591555288e-01
4.131966539791840365e-01,5.846812215209298280e-01
6.523059808144912042e-01,3.479924493674120267e-01
1.727583054479676639e-01,8.248937774334595963e-01
3.314560975693640055e-01,6.658584932339326468e-01
4.920424364797650052e-02,9.440203134043942956e-01
3.304674258157587752e-01,6.685601975029600297e-01
5.853809368108383593e-01,4.173061861829714392e-01
1.063782984383087049e-01,8.927621592914580795e-01
3.472625217230302930e-01,6.516063301087149373e-01
2.113040833616613434e-01,7.901612593268826368e-01
2.051605547819340958e-01,7.927030841854998400e-01
4.424138040562657359e-01,5.602867997824939605e-01
3.759091912174918337e-01,6.206036318482014424e-01
6.244767476254748928e-01,3.761259853307925560e-01
5.877313776517746335e-01,4.107468491952704359e-01
3.165848822808774998e-01,6.782888416612348204e-01
6.042685920281442025e-01,3.940394349583293820e-01
5.616105970047893248e-01,4.420360118580625164e-01
2.140998683000516767e-01,7.855745095571529113e-01
4.930444079462535378e-01,5.070262045289671837e-01
6.230384997393558638e-02,9.348155023642746864e-01
3.868347259954839357e-02,9.561980694494820465e-01
1.109963132319300716e-01,8.876317098214806522e-01
5.392864001390913486e-01,4.592129958776138277e-01
3.240759853702420701e-01,6.766227416319614552e-01
6.404767970403054678e-01,3.570132194878080090e-01
5.554360701607373718e-01,4.433225974788182477e-01
1.309885885053342913e-01,8.672318181276041926e-01
4.735053112934388686e-01,5.230759780282060456e-01
1.269503319715128420e-01,8.672203214163194396e-01
5.541689628153355640e-01,4.452275042547614858e-01
5.818711296866696525e-01,4.199828132284959548e-01
1.638341275085137272e-01,8.348839170015071032e-01
2.000920275441015472e-01,8.011170248567905938e-01
7.154999904636483166e-02,9.275019477048661587e-01
3.117818803614338941e-01,6.895698330471963233e-01
5.689751194502407072e-01,4.319581310688024312e-01
3.541135439670385632e-02,9.626987496173843306e-01
3.768584000471312256e-01,6.236951965940167320e-01
1.756521019405730133e-01,8.251789248387396691e-01
2.016046511934975749e-01,7.946206865428472321e-01
5.073128567556310919e-01,4.943600620191547779e-01
4.137780255699743392e-01,5.818399204287740822e-01
2.658338100029470907e-01,7.321463881586096623e-01
5.578646890775649236e-01,4.427546322450591765e-01
1.190069525980775311e-01,8.743669528320561213e-01
5.624851438010880500e-01,4.377445286132621849e-01
5.381030051451096696e-01,4.644827066833321361e-01
3.410662927048441206e-01,6.548640917630218494e-01
4.218013494493509374e-01,5.759769605090641065e-01
1.754629094869707417e-01,8.208583566456031377e-01
5.400628977226558103e-01,4.597961984310000583e-01
5.264250805408454692e-01,4.764903080537037927e-01
3.194407135270008746e-01,6.813875971620935168e-01
4.324165605875133767e-01,5.682738967020410925e-01
8.575353796836904241e-02,9.119773302011749960e-01
5.952797285073702094e-01,4.069482546708236836e-01
1.776293636368151685e-01,8.178351546480427947e-01
5.723213056564671053e-01,4.255843769004903909e-01
9.577644161601694961e-02,8.991957263778482812e-01
2.797059193929244403e-01,7.222703945224258071e-01
4.319058767609084137e-01,5.713178936406893005e-01
1.135832375772388714e-01,8.833283512058092146e-01
9.568916070552610509e-02,9.016719733752764920e-01
2.159002169427873541e-01,7.790357051693086454e-01
4.056971888034650864e-02,9.578671983211207719e-01
4.308426818669003899e-01,5.702801811695684675e-01
6.070361859049031583e-01,3.941812015730586372e-01
2.761229152086112637e-01,7.210586383543128308e-01
3.297658475307028159e-01,6.712033161816371996e-01
2.643811738392763400e-01,7.303934887756954319e-01
3.188800295632655546e-01,6.793258966098710827e-01
6.218295271623266451e-01,3.770217172090304936e-01
4.397421043940010765e-01,5.566669575063706299e-01
1.625446862718252783e-01,8.366008513951144199e-01
7.899701754007647236e-02,9.148625023312796367e-01
1.200594768074880747e-01,8.802639761303457933e-01
2.610631877768704867e-01,7.378468350011799792e-01
2.022260927890334181e-01,7.940897648307023715e-01
2.411433668704484889e-01,7.596241212737268045e-01
1.988753056051676404e-01,7.981065650441390158e-01
4.684502656487710692e-01,5.285911615343394931e-01
1.603456926143183858e-01,8.367330001147915697e-01
2.299463530593725824e-01,7.678237723961652827e-01
4.103910386494787899e-01,5.902777677842193649e-01
5.407077373680714283e-01,4.578480414141795074e-01
3.156938687192081261e-01,6.860000076620410558e-01
3.440749486417981617e-01,6.564046881973631953e-01
3.833714940276730099e-01,6.176464288626277721e-01
5.406445781980809828e-01,4.602146124380773196e-01
4.017952648488630762e-01,5.999797980220078486e-01
1.795154137995560173e-01,8.149591458915391717e-01
3.622198901396425641e-01,6.360423667698055228e-01
6.594080598325198217e-01,3.388924722606874163e-01
5.919572814974262132e-01,4.083141651260907001e-01
3.084542695091606612e-01,6.885890664627503099e-01
4.515005929045117217e-01,5.510024611881260137e-01
2.634826654958825065e-01,7.383924131437719085e-01
5.121916762555172031e-01,4.912519026146762169e-01
2.959952220190908978e-01,6.996877956401069687e-01
8.965027973152428498e-02,9.054195090879377794e-01
4.761648094869816439e-01,5.226625303692002955e-01
1.394506490290319534e-01,8.589651422379517287e-01
6.064027599130121793e-01,3.950322060778893030e-01
2.222655123874169303e-01,7.736063702810118681e-01
6.274116852871720607e-01,3.756551289223197254e-01
2.425454205946049602e-01,7.559161599326087444e-01
4.567620371678478564e-01,5.452325323562041692e-01
6.302455253529100077e-01,3.716851669364676369e-01
5.774528054654580744e-01,4.266714558782537803e-01
3.478734697129239328e-01,6.490806990937055820e-01
1.733689664860234847e-01,8.242488317514446994e-01
4.960577398597144638e-01,5.065815544474159271e-01
1.135207642937406669e-01,8.872820367387466156e-01
6.646594611062154323e-01,3.379176103222192307e-01
5.266044306373875994e-01,4.741954426034388215e-01
2.616164420649463307e-01,7.371329565141906404e-01
3.805711304253291405e-01,6.193980952400086615e-01
4.893922095891698465e-01,5.071169263784899295e-01
2.303012302386907850e-01,7.640544727478489895e-01
4.998546598470764435e-01,4.964339796770294577e-01
2.736750207914222591e-02,9.715582441462692342e-01
5.547836612905585607e-01,4.450170947861744053e-01
5.203678300031652215e-01,4.834878468134702900e-01
6.401975248361340132e-01,3.575862683423364219e-01
5.186565514462269100e-01,4.825278082700183990e-01
3.133667618835291879e-01,6.855023871663276092e-01
5.281817107573005821e-01,4.710272652190897746e-01
5.664801273698025774e-01,4.323572015045985539e-01
3.528298748296924137e-01,6.489791508258280217e-01
2.289553029720091670e-01,7.671428885120905594e-01
1.042888681199791168e-01,8.895956927302546280e-01
7.497054189377105882e-02,9.191915169809106168e-01
3.760202508000051735e-01,6.207025060131727834e-01
6.056406398685348913e-02,9.326504371238307778e-01
1.077169663675021094e-01,8.893059820168253138e-01
3.925413700339042689e-01,6.085481388751087239e-01
1.150114642868275971e-01,8.794388598820332970e-01
6.391427064182007012e-01,3.637961340996690440e-01
6.401745312092729234e-01,3.613346211045909140e-01
3.300988454925062876e-01,6.721609354776169054e-01
5.385641145998845136e-01,4.653150187682242866e-01
6.221493831705701139e-01,3.754670430109722790e-01
4.785288558795336988e-01,5.192031910829725261e-01
2.207593775054847995e-01,7.779315748534210151e-01
5.098014034238992354e-01,4.905473470577460526e-01
5.986144717082730882e-01,3.993265159566379841e-01
2.686633886980752672e-01,7.283138907720998478e-01
2.773676955208963513e-01,7.232432999720933564e-01
2.418189830728906808e-01,7.540488166696831529e-01
6.250676014870633068e-01,3.791951682326215045e-01
4.480066593642298423e-02,9.553886710365901980e-01
5.640381536542179441e-01,4.394288526986039334e-01
6.029846304628897480e-01,4.008715975792045416e-01
5.533620811962767227e-01,4.436201685096783920e-01
3.437085658492819995e-01,6.583475099956601628e-01
3.065422165609507088e-01,6.937431242251599350e-01
2.635792781111415128e-01,7.316506896972796437e-01
3.473292416435389690e-02,9.644447598930647736e-01
6.134259471571793659e-02,9.369108708510159866e-01
2.909175126268355449e-02,9.679384220830000718e-01
2.859747832083821550e-01,7.139464193607282239e-01
2.248521394528274486e-01,7.763753509646883488e-01
9.358638933014837291e-02,9.040935455803065235e-01
3.853646091946997254e-01,6.133012382530823592e-01
1.915914460805996367e-01,8.082349596403077818e-01
1.251489871786745089e-01,8.716188834255697016e-01
4.586837059041796172e-01,5.406873208461976388e-01
5.383917847125815337e-01,4.585022969497766776e-01
5.497827026677238882e-01,4.536815012174394979e-01
6.140692111883287729e-02,9.340017874545968324e-01
5.489752695795871995e-01,4.537855546237058446e-01
3.707799993307174247e-01,6.293066569078487049e-01
6.211084404421111094e-01,3.791031748357148734e-01
2.455403822296321759e-01,7.550724382842084470e-01
4.252934028123868671e-01,5.776302260937993260e-01
2.353064329251116360e-01,7.660480723147398141e-01
4.949038170437269901e-01,5.013222336923147671e-01
3.631807466825023312e-01,6.391990735004879909e-01
2.749588688562759620e-01,7.210555746010293143e-01
1.057245419253558805e-01,8.884926861544780730e-01
2.036100495368723395e-01,7.939779924872484296e-01
5.400264264030949501e-01,4.584971841093017919e-01
4.464385203445993544e-01,5.568012894824271308e-01
2.456998576060294703e-01,7.501678071373216738e-01
3.516565362026292108e-01,6.445545570818412839e-01
6.587275386658839604e-01,3.423302312694506688e-01
5.095911782582218663e-01,4.930748549980842887e-01
3.604444768542980349e-01,6.384547560144254730e-01
9.959409442192401762e-02,8.971626424190012328e-01
1.872177567485881211e-01,8.081210956820213953e-01
4.797364338953583607e-01,5.207308570117787916e-01
6.591296208721042493e-02,9.329548468022255125e-01
3.550533305054135447e-01,6.422888273559508310e-01
2.437126404397047530e-01,7.579661853866764831e-01
5.755384452252240157e-01,4.233419266112261603e-01
3.254249221778907075e-01,6.703266553381205251e-01
2.564909761956360446e-01,7.441169050179350375e-01
1.980753066762336589e-01,8.013032930516345020e-01
2.252864410650071425e-01,7.761896251820719073e-01
1.234681397184587137e-01,8.754596889550632088e-01
1.227610381245611837e-01,8.762212312572457140e-01
2.646131334204822674e-02,9.716544941373442823e-01
4.660313974781433166e-01,5.314265502013201248e-01
2.347787583736417605e-01,7.614493695872761592e-01
6.411676653150091276e-01,3.612699897722826403e-01
2.697188965487558598e-01,7.260699085238497830e-01
