7.904370374670878496e-02,9.209466507549620706e-01
5.942740803335436750e-01,4.057402498922771383e-01
4.764406042087482862e-01,5.235431690730237841e-01
2.344203424969539817e-01,7.655526918326699404e-01
3.850047787136977595e-01,6.149665015946965685e-01
5.595738854903690163e-01,4.404581913702700913e-01
4.725200805805254145e-01,5.275129756868245368e-01
5.842815377326784354e-01,4.157698347784672399e-01
3.168353068740368261e-01,6.832291746565953838e-01
4.756786002419249870e-01,5.243934556704994421e-01
4.224546999690227678e-02,9.576805700900801188e-01
4.388989034535197842e-01,5.611753626576695408e-01
3.312117914410496189e-01,6.686969758254109886e-01
6.273462313251012556e-01,3.725556711167443136e-01
4.299239890979829615e-01,5.699749598246602877e-01
3.315005623738468965e-01,6.686059797315512254e-01
5.565857674616465633e-01,4.432981330932911357e-01
3.558195584022239566e-01,6.440370004948390292e-01
1.236507848379474195e-01,8.762053376353696743e-01
5.399375555722025766e-01,4.602197603262532244e-01
2.388509032345247918e-01,7.613117504750944731e-01
6.427292830309100369e-01,3.574345237901342398e-01
2.807028930627467056e-01,7.191064750703746178e-01
5.525559973043436823e-01,4.472515699102342368e-01
3.308362817804497147e-01,6.689672043651907485e-01
5.548347179553447805e-01,4.453661770034573752e-01
6.480581395819584589e-01,3.517405624880383108e-01
1.665692111684126953e-01,8.336509756202507004e-01
5.721734266230714683e-01,4.276047301238909415e-01
5.938430366070970301e-01,4.059339243775038075e-01
2.901083000336220352e-01,7.101182531425275224e-01
4.866413002812755573e-01,5.135887832827159549e-01
2.848128804760476918e-01,7.154190776748112768e-01
2.750545057407340899e-01,7.247126187325315660e-01
3.266388681571047448e-01,6.731056107259243415e-01
4.594281431527191262e-01,5.403149724105630325e-01
8.770354908585230314e-02,9.120395450723989272e-01
4.610280023402224536e-01,5.387144446497045269e-01
3.778395816348718572e-01,6.224304015354021891e-01
5.087540055433981134e-01,4.915255122221743322e-01
2.737770059333995420e-01,7.259370090968858547e-01
3.821166978063035846e-01,6.181706041654095873e-01
1.127767190687804372e-01,8.869283734566992816e-01
5.722912825940045245e-01,4.280100244832173439e-01
3.900797302204465078e-01,6.096182417770098505e-01
3.183855151814598550e-01,6.813055734122881457e-01
3.873298455859048861e-01,6.123517506697702117e-01
1.930240484151119207e-01,8.072996504784579752e-01
1.853747822954078528e-01,8.142987536630831302e-01
5.470850989543893927e-01,4.525775361725741797e-01
4.191983977525921556e-01,5.804509576792474812e-01
6.725699336802212769e-02,9.323838204288649179e-01
7.041923910187788960e-02,9.292201626831602113e-01
6.359143337514489014e-02,9.360468653377163051e-01
3.302992313639324107e-01,6.700712103956794063e-01
2.027284772700972404e-01,7.968944085265116106e-01
1.010515431738423231e-01,8.985649214102345850e-01
1.875198505979192298e-01,8.128681856801410754e-01
6.257378508125356342e-01,3.746532780439283394e-01
1.205332017436294700e-01,8.790728535291857382e-01
4.023866498538962166e-01,5.972145737758035589e-01
5.757084538707636368e-01,4.246977750267435514e-01
1.967004216859149779e-01,8.037060198100679509e-01
3.864558873255514171e-01,6.131129120401760391e-01
3.878101380201253723e-01,6.117576834213446224e-01
3.129899521540704943e-01,6.865763380912143221e-01
2.860485571348359013e-01,7.135173962441347939e-01
5.923711825721933444e-01,4.071925973110464003e-01
4.915114737716299587e-01,5.080511829493596920e-01
4.672666713031868313e-01,5.322759681976712010e-01
4.167879248450522267e-01,5.836775507618665593e-01
3.641320768224901583e-01,6.353946105443221137e-01
5.913724014886928559e-01,4.091091018205335605e-01
5.602781241842601512e-01,4.402050353786557402e-01
2.108503881079525355e-01,7.886661046982698098e-01
5.378242349623333363e-01,4.626746265946553027e-01
6.231938580380944059e-02,9.371704907684282881e-01
4.749800794892145017e-01,5.244928777844301004e-01
3.176012930207623985e-01,6.829320642322250778e-01
9.267153296578450883e-02,9.067933775961930509e-01
1.849514831152030137e-01,8.155867563286228750e-01
5.896477315476885694e-01,4.098108621088750736e-01
5.293231771858521173e-02,9.465239327322636509e-01
1.531775513681379319e-01,8.473738980234392093e-01
4.319055208344361185e-01,5.686633570368226920e-01
3.062991389587789159e-01,6.931309672884673478e-01
1.394973091513245222e-01,8.599307959563813331e-01
3.342799502301672665e-01,6.662919866636333177e-01
5.368889988397326229e-01,4.625288598699515696e-01
4.693706184329720643e-01,5.312349156248824533e-01
6.270568410690382510e-01,3.691878469287072084e-01
5.007986470283793956e-01,4.928780382636585577e-01
4.668656187419307768e-01,5.343125843163009092e-01
5.004283491750238788e-01,4.995144483067381347e-01
2.834134929289452431e-01,7.186606132365163102e-01
4.338030324928252579e-01,5.672759253905800270e-01
3.507735688474580282e-01,6.492542423065437163e-01
4.518160580995104203e-01,5.519495295065701690e-01
5.608622003045197202e-01,4.358800641050706859e-01
5.755600970041288011e-01,4.317126092600497844e-01
