7.752929450616552476e-01,2.247070549358796687e-01
6.827226658657963299e-01,3.172773343363017307e-01
8.227628301114949805e-01,1.772371701301223290e-01
6.985439771447199409e-01,3.014560225660641857e-01
7.141721944214953766e-01,2.858278060863996273e-01
8.283089205163922664e-01,1.716910805721930111e-01
7.987545945734437769e-01,2.012454042373890417e-01
6.006917542724793391e-01,3.993082470512935855e-01
5.669446293195762321e-01,4.330553721739333062e-01
6.594983766286419691e-01,3.405016251438561237e-01
6.010331944971110119e-01,3.989668031931674075e-01
8.752328554324058096e-01,1.247671479366827541e-01
9.189859996636300377e-01,8.101400420699876592e-02
7.402576675661041161e-01,2.597423364616126551e-01
6.287170420541283722e-01,3.712829621777243294e-01
5.437438009265309624e-01,4.562561947176943522e-01
6.719293474336147654e-01,3.280706468568568290e-01
6.872592279050295794e-01,3.127407784525688128e-01
8.872453833016158420e-01,1.127546103338330913e-01
5.459014008322483624e-01,4.540985924379868921e-01
5.542293495268650894e-01,4.457706434007492891e-01
8.961628441650731913e-01,1.038371631505123766e-01
6.671545141253443223e-01,3.328454940094240921e-01
7.448779273288412828e-01,2.551220808320507905e-01
5.940679079055776191e-01,4.059321010850612255e-01
6.230112755269101577e-01,3.769887335835189757e-01
8.123680431118187606e-01,1.876319474184267866e-01
8.175600969468080903e-01,1.824398935379584197e-01
5.972943396462591092e-01,4.027056490770579145e-01
9.567978161329639963e-01,4.320219524925800192e-02
9.090950724355235657e-01,9.090491584695369054e-02
7.370318519241831901e-01,2.629681598651363306e-01
5.898068163335409286e-01,4.101931955027491306e-01
7.313511812216153540e-01,2.686488307446514012e-01
6.073186064787197136e-01,3.926814060581918508e-01
5.640434670667278105e-01,4.359565457585957704e-01
5.914460430695009929e-01,4.085539439945256590e-01
9.251787541199949505e-01,7.482125886352075650e-02
6.875803557977380187e-01,3.124196311764853018e-01
5.895279837642182219e-01,4.104720023973131848e-01
9.059136746006610785e-01,9.408633960198012347e-02
6.450438283068985479e-01,3.549561865366254176e-01
9.041840592885062033e-01,9.581592537864645764e-02
9.470665782208167460e-01,5.293343718089706801e-02
8.208868650140317413e-01,1.791131188295120302e-01
6.217664329849764693e-01,3.782335506132646907e-01
6.963354637808285563e-01,3.036645527401088396e-01
9.461788910716890655e-01,5.382112545860433944e-02
8.804621211167695805e-01,1.195378958279177117e-01
5.608543225197084592e-01,4.391456602312452939e-01
5.844605119650299052e-01,4.155395054175587410e-01
5.442476502184206977e-01,4.557523674283443516e-01
6.788035700393346694e-01,3.211964476988361517e-01
7.722597008619267456e-01,2.277402812719001857e-01
8.592972235521437741e-01,1.407027944329648506e-01
8.234641598111228644e-01,1.765358586187210921e-01
9.494051525137903180e-01,5.059486601822201640e-02
6.330284065872548993e-01,3.669715741432976186e-01
6.343277329515382146e-01,3.656722872060263474e-01
7.980613074986575572e-01,2.019387140026470961e-01
6.184798463639558097e-01,3.815201753552128761e-01
5.374716798065723999e-01,4.625283425253172709e-01
6.907513364395455602e-01,3.092486860752109434e-01
9.343213238322543024e-01,6.567869885579945277e-02
6.663967352343000972e-01,3.336032420196163861e-01
6.169672855497970732e-01,3.830327373604212049e-01
6.801218701464851746e-01,3.198781530403326800e-01
5.486263576519432306e-01,4.513736656961978566e-01
6.583976446897354950e-01,3.416023317536028281e-01
6.750951771036269866e-01,3.249047986782770958e-01
7.925440066777137416e-01,2.074559684415799299e-01
9.340804785144636302e-01,6.591949605810284996e-02
5.815735439790657990e-01,4.184264815822821837e-01
6.584783304650284608e-01,3.415216960087928411e-01
6.523856857785241825e-01,3.476143408345439001e-01
8.927238487791894217e-01,1.072761788071961847e-01
9.011391566627519056e-01,9.886081561876881862e-02
7.753728848864537282e-01,2.246270865046605392e-01
5.445332207142783432e-01,4.554667504373904330e-01
7.972428973381348039e-01,2.027570733002119485e-01
5.481434217240441775e-01,4.518565488503554772e-01
5.835247307679265472e-01,4.164752988818572477e-01
8.424509824515322709e-01,1.575489877536971339e-01
9.051445807427680457e-01,9.485544914584442822e-02
7.719160330380737678e-01,2.280839369656544602e-01
5.586585824013153845e-01,4.413414477034958150e-01
7.064116759665862721e-01,2.935883546334996930e-01
5.565347151523933888e-01,4.434652539115019332e-01
7.579526185321674436e-01,2.420474126614505228e-01
8.849892244192552049e-01,1.150107441562890631e-01
5.739212023721755873e-01,4.260787657438893650e-01
6.952345621410304100e-01,3.047654698547204166e-01
6.653479196891987080e-01,3.346521123451722257e-01
7.018609998263020122e-01,2.981389680965125799e-01
6.167089344755133373e-01,3.832910981170689624e-01
6.874575276966425896e-01,3.125424395759395790e-01
9.181389913828288396e-01,8.186104144962921825e-02
9.385975876643437577e-01,6.140237942200612448e-02
8.637330910911003024e-01,1.362668758703744487e-01
9.094962264204111690e-01,9.050374029014086885e-02
5.647874287014303940e-01,4.352126046081737920e-01
5.542675607135933991e-01,4.457324056705455062e-01
8.857550195196823850e-01,1.142449463616102001e-01
7.252956320490465680e-01,2.747043334900675648e-01
5.876722560629242809e-01,4.123277788507650476e-01
7.378197125401142475e-01,2.621802518211139854e-01
6.911030092785701573e-01,3.088970265648837144e-01
8.987700503972639865e-01,1.012299855131131993e-01
8.687394818975568977e-01,1.312605547515782733e-01
7.961311083909685671e-01,2.038689286230711273e-01
7.738555240482960507e-01,2.261445130404184101e-01
9.603271552705006098e-01,3.967288186834097563e-02
6.492241342617496302e-01,3.507759034068616555e-01
7.793341665581803301e-01,2.206657952401057665e-01
7.299373538171557430e-01,2.700626848643459255e-01
6.764630343324673500e-01,3.235370046995925675e-01
8.069204613421472327e-01,1.930795778173011179e-01
6.213556723826160200e-01,3.786442881682502981e-01
7.389274624094372967e-01,2.610725772414607126e-01
8.733602435239637973e-01,1.266397167829860226e-01
7.064051898178815847e-01,2.935947704243135337e-01
6.732605387779928563e-01,3.267394213152247651e-01
8.805184106543143541e-01,1.194815491810905517e-01
5.617485015863606934e-01,4.382514576921714422e-01
6.372942734496352957e-01,3.627057680041075871e-01
8.005312546938507801e-01,1.994687879972295852e-01
8.823638407797067540e-01,1.176361163857314734e-01
6.623920219874805948e-01,3.376080218514080911e-01
8.464772051897981875e-01,1.535227509696842074e-01
8.891191082516054500e-01,1.108808478743730647e-01
7.660704974291457914e-01,2.339295470597149151e-01
6.213352786846522147e-01,3.786646760074919849e-01
5.382964798976680454e-01,4.617034744886504005e-01
6.045876534528392687e-01,3.954123925112525417e-01
8.947049975101257768e-01,1.052950484729552605e-01
7.092805126646689606e-01,2.907194413134137068e-01
7.336852164350677885e-01,2.663147369826947553e-01
6.533653086245156949e-01,3.466346446449074525e-01
8.063309880435957089e-01,1.936690588107654043e-01
7.559971867768211506e-01,2.440027662566921773e-01
5.704207230097310122e-01,4.295793248172902201e-01
8.486239560854227371e-01,1.513760918892433360e-01
6.513886073939607613e-01,3.486113444337303746e-01
7.466013841715968269e-01,2.533986649752256737e-01
7.780315134153339418e-01,2.219684367988366547e-01
5.475046598444764934e-01,4.524952903451750497e-01
6.161340099990556540e-01,3.838659401718738096e-01
6.562785463072671188e-01,3.437215045284721104e-01
6.895820381913000396e-01,3.104180134024159265e-01
8.857686103147236478e-01,1.142314418952902616e-01
5.676415274566029012e-01,4.323584202932611031e-01
8.294057135078709564e-01,1.705943389734149995e-01
6.376031450544547008e-01,3.623968020888985175e-01
8.892939001215683925e-01,1.107060464195804284e-01
8.916503541857244697e-01,1.083495920337161217e-01
7.750941833746078924e-01,2.249058706106473182e-01
8.546244040659567442e-01,1.453756499853358364e-01
6.584286388214739549e-01,3.415713051291655589e-01
6.581721813626874029e-01,3.418278752007203880e-01
5.656684463091259385e-01,4.343316103696944208e-01
6.235206330384628348e-01,3.764780522755016290e-01
6.424950122398027652e-01,3.575137315618883149e-01
6.638847154370364212e-01,3.361260388633749985e-01
5.398749710891529441e-01,4.601410847535205018e-01
6.226666290161276818e-01,3.773589339463626069e-01
7.357551009650971086e-01,2.642441728704968962e-01
8.412999671821232983e-01,1.587121191347109217e-01
6.577046314166558050e-01,3.422836151556400974e-01
6.538752089357857677e-01,3.461238852883196659e-01
7.971726901761925221e-01,2.028415601248082234e-01
8.250692738614273658e-01,1.749460884969943064e-01
8.075661928039870041e-01,1.924576914120737781e-01
7.742891523067243487e-01,2.257229307874370206e-01
8.703882527435289340e-01,1.296251984726676520e-01
6.962260493936169858e-01,3.037753434280009435e-01
6.855290722760741806e-01,3.144595321219537110e-01
6.244686576865879912e-01,3.755456724096059573e-01
8.849827644223270395e-01,1.150496862854496899e-01
6.357418676507998745e-01,3.642734114547198643e-01
8.747392423297439823e-01,1.252573911778527005e-01
8.651030840975969527e-01,1.349038309767996158e-01
7.004864129257944994e-01,2.995112842619007676e-01
6.564267065165506621e-01,3.435797704995792734e-01
5.809177355308010604e-01,4.190764446629178797e-01
9.205856754942793874e-01,7.942331056640937470e-02
8.930526170882653325e-01,1.069454644800722082e-01
5.839633961719474797e-01,4.160614128498890674e-01
6.906484098671247240e-01,3.093393135296725882e-01
6.619751672426061884e-01,3.380464840069234422e-01
6.776635564515564036e-01,3.223316762884749775e-01
5.760138116970289213e-01,4.240000163359522456e-01
7.846212651335282562e-01,2.154107027214854919e-01
8.041934565885262565e-01,1.958163263013808775e-01
6.498231686831923426e-01,3.501850006635646162e-01
6.215497478828532207e-01,3.784460624088395453e-01
8.800793049218651465e-01,1.199269660024344514e-01
7.651663331853626460e-01,2.348269041515151645e-01
9.236929555038752016e-01,7.633016861697464184e-02
6.103824719282474609e-01,3.896212062006576549e-01
7.080636153560659896e-01,2.919668542440112535e-01
8.739723149456652962e-01,1.260566481620175039e-01
9.432786633408428711e-01,5.674233934622820857e-02
7.245078760377980931e-01,2.754990007861605195e-01
5.674742820449243386e-01,4.325428328996351324e-01
6.551729437292881375e-01,3.448499375058958205e-01
9.490810085805692076e-01,5.093701137320062050e-02
7.454837289383811072e-01,2.545068793833755172e-01
7.170314656353601324e-01,2.829811033014237309e-01
7.194259030120293552e-01,2.805751338654096094e-01
7.119193000755795753e-01,2.880953789212030158e-01
5.667854388341947436e-01,4.332151173483772544e-01
8.782303933065982449e-01,1.217764918649723721e-01
6.788936077437579542e-01,3.211140284123266131e-01
8.775243273265183053e-01,1.225119878037201626e-01
8.436311656486185084e-01,1.563863967326833415e-01
7.509623475528776071e-01,2.490500700330459671e-01
7.842695961272925231e-01,2.157525269460571216e-01
6.858169367815533102e-01,3.141911105691715944e-01
6.058188970705556953e-01,3.941977813180974621e-01
7.247295513950002821e-01,2.752749427977330132e-01
9.579592830466836517e-01,4.204378054418184130e-02
5.794655350074436884e-01,4.205445714487143216e-01
6.316038045540821599e-01,3.684078939303592759e-01
5.537663595361498325e-01,4.462494096648455533e-01
6.680064038382156344e-01,3.320205681578454748e-01
6.180518693661212204e-01,3.819637327607694477e-01
7.418532439848410931e-01,2.581415386811181101e-01
7.062640987900474787e-01,2.937501371891679813e-01
6.343516269651769957e-01,3.656533265126161725e-01
6.448706572124406344e-01,3.551506088770579606e-01
7.929254317755756176e-01,2.070881719535140608e-01
8.349280294940313318e-01,1.651058843766071982e-01
7.901035744649355097e-01,2.098900458844277506e-01
5.456609738618325434e-01,4.543414864050508428e-01
8.716952687914635289e-01,1.283170819207057889e-01
7.626135754956442359e-01,2.374144490653244122e-01
6.238588946594277873e-01,3.761402806331997084e-01
8.697690569697590357e-01,1.302406484736594594e-01
6.874872457685642368e-01,3.125027985233400640e-01
9.334607881493817150e-01,6.654905452610240801e-02
9.102289084278059050e-01,8.978796732555216487e-02
6.956819045539184287e-01,3.043372955615413766e-01
8.932593234107195634e-01,1.067480520046545506e-01
9.013542238974905363e-01,9.865293437010069777e-02
8.721833571122857842e-01,1.278483450066301430e-01
6.977160037745461230e-01,3.022918921347181875e-01
8.752964295771905601e-01,1.247006873479510752e-01
7.106087841321292453e-01,2.893965480645437349e-01
8.512698472610678024e-01,1.487553378673600601e-01
8.311937219349028183e-01,1.688083672746679975e-01
7.760569087890489826e-01,2.239462251858758413e-01
5.991289437933233764e-01,4.008914451462402551e-01
6.607964960780823294e-01,3.392006638292009990e-01
8.048045278100403044e-01,1.952290345482431966e-01
7.598043352834760178e-01,2.402212910279141467e-01
7.333246579597958448e-01,2.666727624359578330e-01
7.837061504025311098e-01,2.162865506089884371e-01
8.751119237885465196e-01,1.249050066363009831e-01
5.738780521044771765e-01,4.261113205721830388e-01
7.027908332974505123e-01,2.972316861045701253e-01
8.707187386791280792e-01,1.293043632687055078e-01
8.260131842212172781e-01,1.740203702540414621e-01
6.898136701287711503e-01,3.101800710820149520e-01
5.545284866476188901e-01,4.454527596708446335e-01
6.760030558925600452e-01,3.240017227084139861e-01
6.208358117717416302e-01,3.791608035079597760e-01
7.277334382972806548e-01,2.722901712616651038e-01
5.380903436701928166e-01,4.619308275119770046e-01
5.393395645477612188e-01,4.606527227829534943e-01
5.623406910931473268e-01,4.376574093526306997e-01
7.672026268264273696e-01,2.327874509112752288e-01
8.818253266052166195e-01,1.181866597637015737e-01
8.419193854090216700e-01,1.580849018398077510e-01
5.709353445794584925e-01,4.290613267003800524e-01
8.620454969512693078e-01,1.379663427624499006e-01
7.102188818595108755e-01,2.898101723267077490e-01
9.401909249963655846e-01,5.984207607251868649e-02
7.175802308058174539e-01,2.824479818391127939e-01
6.520847807998065848e-01,3.479308050560690480e-01
8.013069606261296052e-01,1.987114304086507188e-01
5.907059854141907262e-01,4.093149783449988588e-01
6.442429293006417534e-01,3.557557309214324226e-01
6.620953117361763063e-01,3.379325877589960392e-01
7.290472647659473893e-01,2.709468359347370070e-01
7.601514829563852382e-01,2.398586260817206772e-01
8.418416220656230742e-01,1.581582046153248433e-01
6.341268601406916394e-01,3.658780593540290615e-01
8.351104808566786053e-01,1.649176613528482715e-01
8.567985918913832988e-01,1.432190369794903717e-01
6.885148470852444635e-01,3.114821773264656590e-01
9.478106124658119969e-01,5.222956057406445696e-02
8.121169314809792983e-01,1.879015229521581176e-01
6.566295328304558865e-01,3.433560117243594778e-01
9.030914400650917884e-01,9.692265074265542235e-02
8.856688691424621229e-01,1.143431053283951310e-01
6.841953895759603776e-01,3.158036554581732935e-01
8.714224544138802209e-01,1.285960459030545400e-01
5.396366700520560666e-01,4.603687662431541483e-01
5.763383331002893684e-01,4.236713870447808006e-01
5.596982995702208807e-01,4.403108743758444299e-01
5.377095257284350005e-01,4.622797374790560410e-01
6.375481050393744242e-01,3.624674949028289239e-01
8.666631130623456691e-01,1.333398845042053082e-01
6.183958798779128907e-01,3.816076632130159241e-01
6.828243165070452259e-01,3.171962052642919305e-01
7.900274841417431748e-01,2.099873966952389981e-01
6.139510170801576461e-01,3.860629050058143608e-01
5.828673652586081610e-01,4.171223024515012812e-01
6.296870806204958315e-01,3.703377014553068114e-01
7.156407399090244370e-01,2.843482495929754439e-01
9.402901738255254882e-01,5.971935762233190892e-02
5.451641667625219956e-01,4.548255355403846845e-01
6.942776749393164692e-01,3.057213441678891530e-01
7.870688613526830579e-01,2.129560658257876049e-01
9.315797132166274697e-01,6.845606877434128046e-02
9.535986084031933263e-01,4.643459270310614645e-02
7.050619853173328844e-01,2.949403331278613316e-01
8.632686315233535357e-01,1.367673231603147299e-01
7.927649451994268626e-01,2.072272004602903062e-01
8.145305561733443556e-01,1.854634691993123641e-01
5.845354063993928317e-01,4.154582983280267205e-01
5.866949239763197266e-01,4.133026928071022454e-01
6.265140543272479379e-01,3.735038411722610974e-01
8.753504621464092139e-01,1.246595597287520618e-01
8.699933624665747711e-01,1.300383197548667380e-01
9.565157295712847230e-01,4.349886993464453788e-02
8.854604239747390082e-01,1.145556050438090445e-01
9.323709771785247957e-01,6.765439801097160311e-02
9.404710689651991640e-01,5.954092219557921561e-02
8.365633388230584444e-01,1.634719209433651288e-01
6.042957368869213974e-01,3.957000412241138410e-01
9.171627616499067326e-01,8.285571881072265055e-02
5.957993979769399262e-01,4.042071375475606021e-01
8.751356194395689680e-01,1.248741940521201632e-01
6.765099654143948982e-01,3.235034159942795084e-01
8.280033814066352083e-01,1.719968348372571953e-01
6.635089126521936942e-01,3.364806340631522064e-01
7.188332697757564560e-01,2.811589746576100834e-01
8.677440316328890457e-01,1.322801242200811189e-01
8.904830260542216935e-01,1.095139184436138419e-01
8.952908028204222823e-01,1.047210417050926656e-01
5.458310496811504819e-01,4.541645980144308203e-01
7.425092811607999499e-01,2.575124326186503665e-01
9.204542556983807966e-01,7.954313382056156512e-02
7.148087150875066520e-01,2.852099655189445637e-01
7.044788543390199109e-01,2.955112030423395209e-01
5.992357123197645796e-01,4.007843281768777577e-01
6.996862754865842415e-01,3.003034518076892478e-01
8.136055740177877693e-01,1.864291472875083955e-01
6.825591662935883708e-01,3.174323310012242549e-01
6.799939959225514974e-01,3.200212692262563996e-01
5.424035110394711534e-01,4.576018150912639637e-01
7.148709099475301088e-01,2.851239339317876431e-01
6.044840017481635241e-01,3.954995862175708643e-01
6.033768934219162494e-01,3.966423911339074238e-01
6.715804276472634449e-01,3.284069056802766950e-01
7.282317501057361531e-01,2.717878172397159564e-01
8.977400807571812580e-01,1.022953979280979558e-01
6.776208567079341494e-01,3.223822997325771489e-01
8.647224344560970888e-01,1.352893232478833974e-01
8.782702448244666948e-01,1.217630479250929182e-01
7.725972131914156105e-01,2.274085640402044584e-01
6.921888844868280266e-01,3.078092040359105552e-01
7.148994515913920100e-01,2.851244053228775277e-01
6.008211487101325909e-01,3.991724219758147063e-01
9.403748571540958556e-01,5.965362921105776123e-02
5.711169204620968332e-01,4.289016357612154273e-01
8.503599943425501628e-01,1.496749613976691429e-01
6.482262581538751345e-01,3.517632866270319347e-01
6.682358337982373664e-01,3.317820999416671301e-01
7.322582071278620486e-01,2.677468535332863109e-01
9.142347072338172786e-01,8.577839098164072307e-02
7.172352703496489568e-01,2.827883481662055720e-01
5.441001746844194020e-01,4.559122535702359036e-01
7.470160461580213074e-01,2.530160025902051801e-01
7.962636022435958250e-01,2.037650781460279004e-01
5.944440000957411652e-01,4.055499459297194909e-01
5.488491708641816125e-01,4.511513900768587271e-01
5.454573212764097789e-01,4.545340390848496837e-01
8.783818355233155017e-01,1.216163051781669058e-01
6.191615899572923132e-01,3.808615991100369746e-01
8.075589691292361927e-01,1.924621030803460309e-01
9.255654944908671133e-01,7.444324394014484314e-02
8.803547522407857429e-01,1.196823077943466457e-01
7.097855522030818154e-01,2.902207263458089215e-01
8.097270084082738295e-01,1.903021234364957459e-01
9.002028547300902073e-01,9.979694701340725838e-02
6.599733450672681245e-01,3.400522746895415782e-01
6.384907661867977868e-01,3.615121550221282454e-01
9.484806168987161001e-01,5.153628869799629225e-02
7.421091489035762656e-01,2.578807548647835124e-01
7.985637897557704701e-01,2.014468388238657426e-01
8.407669701434130616e-01,1.592308480220624989e-01
9.402797486665990245e-01,5.974730954219658469e-02
8.728245686450296636e-01,1.271972006069477246e-01
9.228400928072937326e-01,7.717360783448279360e-02
7.568255983354554850e-01,2.431765414723150165e-01
9.165810946842111173e-01,8.342713117569171277e-02
7.137762304128304480e-01,2.862191178310956596e-01
9.575649338334530913e-01,4.244387617850895605e-02
9.145115804081316302e-01,8.552666807531805748e-02
7.891029641408902062e-01,2.109075408705196886e-01
7.702337412489586033e-01,2.297666585932044425e-01
7.151748529322563552e-01,2.848301978939302703e-01
9.263834014852390109e-01,7.364192113638305670e-02
9.020579240399564380e-01,9.796324517164352319e-02
8.999917781773627556e-01,1.000300499597976261e-01
7.723016082182285746e-01,2.277103106408070454e-01
7.779463989742149144e-01,2.220656536250279478e-01
9.478940034657838964e-01,5.213376529714453672e-02
5.558754108246837244e-01,4.441332822129570590e-01
5.698426698694585291e-01,4.301570199298124231e-01
5.374702194045017922e-01,4.625161828503782102e-01
5.827376795950233168e-01,4.172738036372243831e-01
6.922046770199099530e-01,3.078243221789543904e-01
5.474087736325261577e-01,4.525994745916246953e-01
9.085972942651576734e-01,9.141206880880299590e-02
8.937667218297153937e-01,1.062624896260127988e-01
7.996142128066328070e-01,2.003787569658316559e-01
8.106535428076984129e-01,1.893653921397251139e-01
5.751456572184482363e-01,4.248684514770459941e-01
8.853176422708779469e-01,1.146900439242259651e-01
6.911930550842863008e-01,3.088029215637299041e-01
8.136992956366291274e-01,1.863294848854852026e-01
8.083913813738630161e-01,1.916265887722801431e-01
9.357907818642807740e-01,6.421351745477014983e-02
9.570057819325827886e-01,4.302886982069430849e-02
7.963661992084501984e-01,2.036449930318893764e-01
7.893472282674036666e-01,2.106819772173648131e-01
9.083581316929258964e-01,9.167467758185796067e-02
6.451445340534716077e-01,3.548641967581749879e-01
5.971507454689960470e-01,4.028421100486320183e-01
7.107902493584754566e-01,2.892080801647521349e-01
7.181224381943045465e-01,2.818720782078425469e-01
9.535221080697826590e-01,4.650069142884953599e-02
6.963266513581855000e-01,3.036834798433437066e-01
6.994540033143898938e-01,3.005518217620480881e-01
6.029066243782873480e-01,3.970879373188509476e-01
6.525786055346357584e-01,3.474163357521323769e-01
8.468656475512149617e-01,1.531638409345511265e-01
6.587898207081911428e-01,3.411959528024602339e-01
7.219208809921613401e-01,2.780851339318004545e-01
5.811351448934415354e-01,4.188897258634666221e-01
8.617724698606407108e-01,1.382549290864434344e-01
8.679294183676536933e-01,1.320955167315170375e-01
5.727362684710519680e-01,4.272574546378002380e-01
6.579729488348113886e-01,3.420232859581744389e-01
6.010654497614357217e-01,3.989371014007594418e-01
8.155446936719700224e-01,1.844891844887369681e-01
9.244868680756446189e-01,7.555209327380529860e-02
7.465978385770680736e-01,2.533972446631508890e-01
5.791237756869536124e-01,4.208588352728779292e-01
6.883510205451036645e-01,3.116504117790242501e-01
6.845446306007503257e-01,3.154733788886094903e-01
6.103743370761942622e-01,3.896272532312154424e-01
7.190765188469834257e-01,2.809386449411632736e-01
8.380079321027309458e-01,1.620187127132514948e-01
5.621181147893833385e-01,4.379047177134302027e-01
6.151139443765274439e-01,3.849111311050720796e-01
9.232687714837488624e-01,7.675661186157320404e-02
7.235279550701188001e-01,2.764981063732115940e-01
6.386414440543268789e-01,3.613828604774645403e-01
8.250454846099944950e-01,1.749600880599140595e-01
8.584998536982308970e-01,1.415061713733902771e-01
7.922874278917928503e-01,2.077370801444331505e-01
6.679022163257990474e-01,3.321263446455256507e-01
5.520912583046391209e-01,4.479094820175001934e-01
5.465997014788763764e-01,4.534078146134528642e-01
8.996781861754328258e-01,1.003544197057296833e-01
7.811446188067696639e-01,2.188646760975694050e-01
5.925871724555410447e-01,4.074177972524218871e-01
6.283261857040739473e-01,3.716969865594408895e-01
8.134869653492462493e-01,1.865120545950655351e-01
7.379253023590074401e-01,2.620820496879978090e-01
9.199156591170739583e-01,8.008870628073298803e-02
7.569530680054592509e-01,2.430763477106150927e-01
8.760027111314054871e-01,1.240306828051956078e-01
8.661591072528347368e-01,1.338756894886615478e-01
9.271429436280432812e-01,7.287960497732882958e-02
9.026749626779593250e-01,9.732887313182683742e-02
8.600832884580933424e-01,1.399425404250718707e-01
6.044941407228281438e-01,3.954927584598327273e-01
7.739349853699204473e-01,2.260901240361880282e-01
7.790711511934974576e-01,2.209482493726033225e-01
6.231261324241886834e-01,3.768702141051770704e-01
6.132505216948953564e-01,3.867683210400922333e-01
6.988124282105341312e-01,3.011919487472995982e-01
6.902535598268262351e-01,3.097464109924679687e-01
7.342322898274140641e-01,2.657792174873745417e-01
6.893696710216729029e-01,3.106582646777962808e-01
6.392384960245605097e-01,3.607482077702852119e-01
6.639832531407131588e-01,3.360433937646340463e-01
7.545099514632449544e-01,2.454836490237435886e-01
8.152172723224526685e-01,1.848090649452891199e-01
6.745150573270310979e-01,3.254757343343230303e-01
7.954603749223602138e-01,2.045514635800846082e-01
7.317018106964071622e-01,2.683117428851258257e-01
7.303377959226252658e-01,2.696680812887332634e-01
8.859657235576725576e-01,1.140348315172921567e-01
9.463779854457279317e-01,5.363545043648278166e-02
7.141911495605991478e-01,2.858013882397300587e-01
9.323960949034930668e-01,6.762416605545309989e-02
6.355176345630300094e-01,3.644970661251890065e-01
8.201112885828387711e-01,1.799210503669375072e-01
7.117054555984299036e-01,2.883234838285788637e-01
8.333341698155565247e-01,1.666940384315637735e-01
8.087753256195211460e-01,1.912372920774314533e-01
9.373700329637602024e-01,6.266629865478198780e-02
6.156992159128433784e-01,3.843130226366550661e-01
7.597564158572657211e-01,2.402647342860751156e-01
9.155491975491872880e-01,8.448635918278875334e-02
6.832795847855823723e-01,3.167447469181881581e-01
7.591049229607741422e-01,2.409180029155024438e-01
8.280151244987909998e-01,1.720185105397111780e-01
6.116679915117863020e-01,3.883513639571108400e-01
7.428440148581153535e-01,2.571601079317036853e-01
9.377324545665529643e-01,6.227581320749236288e-02
9.376553557223599178e-01,6.237913351112782390e-02
7.628265581909083881e-01,2.371672702084552942e-01
7.876415302121251294e-01,2.123882637330295198e-01
6.400785227830600999e-01,3.599129673927621287e-01
6.620626095906525510e-01,3.379270476667424195e-01
7.528311200674449033e-01,2.471774188868943178e-01
6.818583142029284172e-01,3.181677008767414550e-01
9.045696017406348322e-01,9.543758838435581482e-02
6.521411126956597748e-01,3.478596791985310577e-01
8.739592651042209503e-01,1.260559385826335865e-01
5.952097548166327412e-01,4.047756811475610172e-01
6.765961635432437005e-01,3.234099697171961552e-01
5.698729877278009281e-01,4.301444668209842281e-01
6.591305245173888494e-01,3.408814227126621965e-01
8.477136812547867439e-01,1.523004561591892458e-01
7.391310222634692728e-01,2.608790401080722243e-01
8.048711282486386009e-01,1.951446266175856925e-01
9.323405009250600450e-01,6.769470709508097761e-02
8.618165940019006932e-01,1.381852586866506305e-01
7.763174257095415420e-01,2.236959958414666549e-01
6.931590595996729443e-01,3.068424078976519365e-01
7.585505827092837716e-01,2.414669975525298162e-01
8.442571610342526345e-01,1.557489386553788657e-01
9.222999641738125476e-01,7.770102651882095091e-02
9.527315973420071860e-01,4.727385462531744770e-02
8.776885232071878207e-01,1.223318039317451839e-01
6.121784154374783071e-01,3.878205952105492349e-01
8.712526919744123521e-01,1.287805245337558524e-01
6.116830157873995866e-01,3.883067005250425141e-01
6.138691488024604626e-01,3.861363236303336222e-01
6.398709527502465244e-01,3.601202545631601026e-01
8.181675693268553040e-01,1.818372735639610938e-01
5.559259146775913374e-01,4.440834599049846565e-01
6.112125599033607637e-01,3.887813580713093131e-01
7.338575659350292657e-01,2.661718152546123095e-01
9.225305304474786805e-01,7.750742180579459073e-02
6.247676073285158838e-01,3.752243445870244165e-01
6.206530200403929109e-01,3.793373160060448668e-01
9.509149376139620635e-01,4.912537415426616871e-02
9.578716772006898861e-01,4.216872507670561820e-02
8.770263963986262290e-01,1.230003260763602169e-01
6.178216132461759047e-01,3.821629789476690964e-01
7.109179922409669672e-01,2.891041826167188855e-01
5.483683975515066811e-01,4.516369715239392790e-01
8.464594633500701626e-01,1.535546808725486434e-01
5.674152026596261944e-01,4.326080949289549671e-01
5.888871918674063455e-01,4.111020867504203702e-01
6.387557669644707836e-01,3.612530029901239725e-01
6.650336230717881492e-01,3.349592262038773027e-01
8.450298519947974096e-01,1.549755268722784740e-01
8.192626110713782106e-01,1.807460719209030287e-01
8.902314339368906371e-01,1.098039304072461475e-01
7.320291420222273526e-01,2.679814390125728196e-01
9.083589913425842433e-01,9.166668021589761961e-02
6.895621824456558135e-01,3.104482640462177256e-01
6.070276499058802067e-01,3.929577915069790151e-01
7.547779360940495286e-01,2.452478666108494076e-01
7.096950644168417144e-01,2.903020310583064867e-01
8.639663230147774931e-01,1.360417007562835512e-01
8.109636980201799794e-01,1.890631594896420020e-01
6.217950332829343951e-01,3.782131621856910098e-01
7.816108067169273976e-01,2.184047238222740217e-01
9.024740166077734882e-01,9.753520634807964773e-02
5.840324335495254982e-01,4.159782687952057745e-01
8.551748612807004157e-01,1.448482075099754851e-01
7.956243986666267087e-01,2.043843085058857645e-01
8.110527835337610902e-01,1.889683938853843892e-01
7.047522846646592232e-01,2.952443747745339131e-01
6.611780495477539432e-01,3.388254948172924053e-01
6.846825767487338954e-01,3.153090640298596425e-01
8.970799277428717078e-01,1.029352083839314147e-01
9.418843076286058658e-01,5.812863315801920089e-02
8.455379151017767825e-01,1.544674823135991637e-01
9.127227976836911338e-01,8.730409870456834476e-02
9.515591103436940035e-01,4.848077997048198806e-02
6.976251652936871217e-01,3.023947198451267804e-01
6.318239849414559739e-01,3.681667485746697444e-01
6.463341570640950273e-01,3.536794766193120387e-01
7.749224456660804838e-01,2.250811384369268142e-01
6.264597255855228752e-01,3.735581225676770645e-01
7.256466308114871699e-01,2.743829710282171264e-01
8.937457077326956822e-01,1.062855484564460967e-01
9.562006187865130791e-01,4.383622725175052859e-02
5.865517984034901433e-01,4.134419941246595953e-01
9.332056698504369585e-01,6.679241365387147966e-02
7.662842302987413756e-01,2.337395629841594324e-01
7.192732293677253086e-01,2.807507936037359486e-01
8.831389595494594236e-01,1.168870537376158480e-01
9.372376407674389842e-01,6.279922354765270220e-02
6.975056392733832711e-01,3.024934457383776643e-01
6.523199701337958345e-01,3.476663402812298354e-01
8.340904288224353369e-01,1.659254821444026973e-01
5.755805535960003549e-01,4.244026183887567027e-01
5.598855745340873824e-01,4.401004978875796003e-01
6.354769161274947953e-01,3.645086891967450060e-01
6.791295900541683972e-01,3.208895936819572969e-01
9.313665785183409263e-01,6.864121065717677939e-02
5.937339717807254003e-01,4.062781212294210298e-01
7.993469674151536530e-01,2.006458344336870814e-01
5.989852194308122879e-01,4.010244412048570295e-01
6.260283324083519840e-01,3.739582205727521313e-01
6.471910019016590132e-01,3.528105229834185841e-01
7.537424030899141369e-01,2.462741163854530735e-01
6.858560761925112104e-01,3.141322971379384987e-01
7.726214455077274890e-01,2.274113774876909966e-01
9.223663567770727933e-01,7.763071099040604051e-02
6.791567891086617292e-01,3.208380980688396722e-01
8.131607830594621555e-01,1.868724608900123318e-01
6.835116739552677956e-01,3.165059177847462379e-01
7.501505678101346719e-01,2.498718726328371387e-01
7.767692773082325308e-01,2.232302854896382194e-01
9.243148521505332171e-01,7.570790265450079437e-02
8.921174480427966902e-01,1.078962031946127942e-01
8.366014191721455884e-01,1.634267369438802686e-01
6.256469377310794888e-01,3.743576531061120205e-01
6.277322655123331874e-01,3.722554112615924504e-01
7.196410365631094042e-01,2.803788450104495733e-01
6.897766181685904829e-01,3.102150010817192327e-01
8.718584063397498696e-01,1.281603511588005062e-01
9.011024334321378060e-01,9.892247333571024814e-02
8.939708110926010143e-01,1.060319620206794933e-01
8.304082076354153408e-01,1.696139876675995806e-01
7.642053752601187799e-01,2.358141365839849235e-01
6.838713315777371626e-01,3.161338898115621521e-01
7.542366506873164900e-01,2.457537886538000704e-01
8.758396716053129527e-01,1.241955460068322886e-01
7.463790240924617070e-01,2.536357724703295347e-01
7.376606107334637841e-01,2.623399277420289111e-01
5.397994971500474914e-01,4.602059290786591483e-01
7.030039258751299425e-01,2.970049378111757066e-01
7.415008932552119569e-01,2.584973999387822907e-01
7.252216856817931268e-01,2.747867499191245511e-01
7.841279626839646744e-01,2.158942964075483417e-01
6.267699903500217884e-01,3.732164466019177729e-01
7.454744318770859524e-01,2.545280233174683215e-01
8.592176756241765023e-01,1.407880420169856095e-01
7.366182085386683287e-01,2.634063572948476817e-01
6.804089944164907200e-01,3.196136460143315650e-01
5.760134747412076761e-01,4.239949097116126331e-01
7.177634372844302613e-01,2.822476117252039063e-01
6.027008943393306062e-01,3.973020501016431560e-01
9.217309913428856083e-01,7.828090372111198847e-02
9.586724762515523857e-01,4.134989546748664424e-02
9.388770766005778423e-01,6.113756458469165461e-02
8.394334465652293353e-01,1.605795608477145475e-01
5.823980513738142850e-01,4.176105390240834603e-01
6.104287869054668692e-01,3.895809861454885836e-01
7.210576670706984048e-01,2.789635526586022873e-01
6.409724467332547082e-01,3.590518987481923774e-01
6.243027007497338188e-01,3.757028185128259978e-01
6.923781495500117567e-01,3.076361058798383619e-01
7.547595965805700136e-01,2.452706831352034489e-01
8.332644086509981562e-01,1.667700211057233095e-01
7.841155076181093309e-01,2.158889085381970052e-01
5.869707162368329456e-01,4.130481540128491114e-01
7.471685629775886017e-01,2.528344150587220618e-01
7.154458766630626965e-01,2.845602636334614854e-01
8.683241406794381945e-01,1.316819286668054756e-01
9.088290761885349234e-01,9.118356727641598047e-02
7.109205468493902114e-01,2.890741303536793483e-01
7.554283491789319793e-01,2.445636426904664318e-01
8.621915955325273329e-01,1.378415559094963438e-01
5.446339566729953008e-01,4.553531484426574516e-01
9.083135633915184748e-01,9.172064237363106165e-02
8.342239158532829268e-01,1.658090469561696589e-01
6.137865600523968457e-01,3.862311982468691895e-01
6.775026656959958204e-01,3.225145048170865447e-01
6.228245072823086481e-01,3.771982562816915685e-01
6.935915758712920542e-01,3.064096815875417268e-01
8.100954244825993023e-01,1.899117436106451673e-01
6.083175459846634769e-01,3.917029740126142245e-01
7.009331960357979563e-01,2.990584438847544990e-01
7.400831509071201797e-01,2.599196657112940456e-01
7.209582858761256485e-01,2.790429650748665891e-01
9.023724933225496514e-01,9.763916924959070709e-02
6.988762559450657497e-01,3.011489383112034846e-01
7.663740184024631086e-01,2.336517562274900706e-01
9.090166340956538082e-01,9.101542050273692119e-02
7.401527081462542235e-01,2.598712059332243807e-01
7.151675976284521674e-01,2.848560839556393276e-01
9.185966319544318637e-01,8.140199760014267538e-02
7.105702019813514569e-01,2.894566829388250384e-01
6.673809311117042675e-01,3.326064612936262543e-01
6.555061591682904698e-01,3.445177915110074207e-01
6.782058523227936231e-01,3.217965302535661376e-01
8.409385876918622493e-01,1.590773499364676602e-01
6.785477966247235315e-01,3.214436642757937390e-01
7.023535635602038418e-01,2.976516785636977303e-01
7.493138755037613841e-01,2.506935715044708024e-01
7.447684583984754969e-01,2.552400344016451661e-01
6.112997814421368137e-01,3.886934071885632669e-01
8.326986067217837517e-01,1.673098818070869465e-01
6.490252483709784137e-01,3.509748274917829924e-01
7.154830519543764478e-01,2.845366639444170120e-01
7.989325222275434069e-01,2.010956238741013757e-01
8.172857831452067234e-01,1.827424006242119869e-01
6.765263351506228817e-01,3.234710765580985359e-01
6.949489964031236866e-01,3.050751866985547678e-01
6.143126365411868406e-01,3.856833707470895822e-01
6.086349705459497272e-01,3.913635560143886583e-01
7.989220697904445556e-01,2.011064118851896287e-01
5.657405248995925895e-01,4.342669114017165821e-01
8.676156892521252884e-01,1.323787429713938479e-01
5.719824488430820253e-01,4.280302889790237875e-01
8.939625064817777744e-01,1.060347341163034585e-01
6.263104698428159089e-01,3.737161364837125466e-01
8.333746488464672808e-01,1.666548177050273249e-01
8.572213604407803444e-01,1.428094147969903582e-01
5.848195365139206015e-01,4.151931684510443699e-01
5.778127420411559578e-01,4.221711968139977289e-01
7.090407574069386154e-01,2.909730463316358429e-01
9.594037816440090793e-01,4.061825222647486022e-02
9.550449811679917467e-01,4.496386628113883260e-02
6.178031446894874934e-01,3.821880763345014143e-01
7.242276295280236642e-01,2.757871798441855482e-01
9.179253131680989997e-01,8.210231759851005506e-02
9.525804502041927968e-01,4.745615087534887228e-02
9.141716078236518106e-01,8.583436485065680521e-02
7.749199849415331354e-01,2.250833789588652933e-01
6.257568502378764164e-01,3.742303191277642771e-01
8.213920162689811733e-01,1.786183877278556542e-01
6.565175952123832870e-01,3.434757384882418663e-01
5.714227964764152512e-01,4.285679185637181754e-01
6.977413382537333009e-01,3.022558032742441170e-01
8.718961301155282451e-01,1.281244362707873174e-01
8.439507316567946837e-01,1.560747159819537710e-01
7.435822687480156956e-01,2.564139690188533272e-01
7.981858555941552247e-01,2.018369117332055873e-01
7.605931101633280900e-01,2.393999981841512525e-01
6.231483427213779791e-01,3.768551033520865512e-01
8.528095060220400869e-01,1.471929340166752698e-01
5.883387291163154620e-01,4.116775193167167557e-01
8.378188133544257621e-01,1.621994265746587727e-01
7.925073299418770034e-01,2.075092871117532323e-01
9.272410353962223795e-01,7.277697259748014402e-02
7.925683666371609037e-01,2.074595919907771258e-01
5.798395507264351156e-01,4.201664811348359008e-01
5.417538214444921341e-01,4.582598999680266849e-01
6.480934630804416896e-01,3.519030675568305400e-01
6.291511148222312944e-01,3.708617601784085505e-01
5.867408626894186074e-01,4.132527781034605052e-01
5.878882667458873446e-01,4.121223086158834481e-01
8.424839907892703872e-01,1.575191319932132406e-01
8.559768057532188834e-01,1.440429805031929467e-01
8.254363256062398069e-01,1.745860902669302550e-01
7.744464277584577339e-01,2.255783290733750779e-01
7.771771808374616786e-01,2.228539448591178029e-01
5.715123590858407487e-01,4.284939093528196130e-01
8.025885822703775485e-01,1.974108398037393575e-01
9.385613584551393274e-01,6.147422642146409266e-02
7.967070862405054577e-01,2.032901975271433626e-01
8.429913450220636317e-01,1.570292628850866734e-01
5.738825049286619961e-01,4.261291275619593089e-01
5.548879238648521950e-01,4.451224962161900445e-01
6.054513995179601205e-01,3.945601913765520719e-01
8.614541008110403464e-01,1.385801126123956117e-01
7.290549082295261218e-01,2.709353449581525242e-01
5.450386765798592714e-01,4.549569558395635815e-01
6.826395246768415248e-01,3.173610121490093028e-01
7.633861602342273400e-01,2.366235714910631949e-01
7.481485330286734570e-01,2.518585729963039865e-01
9.365231472910169330e-01,6.350465312790576355e-02
8.418601197509038014e-01,1.581748755025660924e-01
5.581342897371864842e-01,4.418498523822407265e-01
9.303784198655064008e-01,6.963164434954677295e-02
8.406404346951961148e-01,1.593619000178210232e-01
8.524531207256289544e-01,1.475685004159164038e-01
8.333360225890578121e-01,1.666794873058786985e-01
7.260304081006364596e-01,2.739864064818505751e-01
7.044716943091235972e-01,2.955287910675050700e-01
9.282954592911734082e-01,7.171399630432033490e-02
5.405431540520450051e-01,4.594524642799647229e-01
8.269718274979181993e-01,1.730331879152959829e-01
6.753789298727190804e-01,3.246236734019771752e-01
6.192810856203057046e-01,3.807119068786596339e-01
7.790504898186219052e-01,2.209612268533290291e-01
5.696545848480447649e-01,4.303634803088612903e-01
8.816234872924728627e-01,1.184083209246058338e-01
8.506966679942526977e-01,1.493157783042260989e-01
7.245778076156766945e-01,2.754121834927531487e-01
5.854528198633235370e-01,4.145643580182769572e-01
7.147733995946139451e-01,2.852506138810507186e-01
6.601304526104820880e-01,3.398635310013582989e-01
