8.950193331547932729e+00,6.038946836416600128e+00
4.648681070161785556e+00,9.224126638565197212e+00
9.257862851470774146e+00,5.813528350772124931e+00
9.901228061148977133e+00,5.000549459077491044e+00
9.390521173185787163e+00,5.720720102586906997e+00
5.492157096353029289e+00,8.561426144459174381e+00
4.733161297711979465e+00,9.087393941647370355e+00
9.981155348277619410e+00,4.835348243720913430e+00
6.756628436288877104e+00,7.713983985262824916e+00
6.775274892798115900e+00,7.657253691515019334e+00
6.937696342127645188e+00,7.535716426078242769e+00
7.672292923792451980e+00,7.149711332917161322e+00
8.115773022925589331e+00,6.609388441328835739e+00
8.325984271173856754e+00,6.724275908350906050e+00
4.044359758821426176e+00,9.474056639246152045e+00
9.985328067224090276e+00,4.665355387434673595e+00
9.986709894922700670e+00,5.261323556284298597e+00
9.985982762236044863e+00,4.662954642417032503e+00
9.982258404646906058e+00,4.666302764040928253e+00
9.977277544926677066e+00,4.670951184407826418e+00
9.971782931628910163e+00,4.675118614041147147e+00
9.968619451609892934e+00,4.678240634662871322e+00
9.983094252869038954e+00,4.660656808623333980e+00
9.959828288555879539e+00,4.685239852120455240e+00
9.982034608226140193e+00,4.660706756116963945e+00
9.970986771127634540e+00,4.671495686331926578e+00
9.959075469331203578e+00,4.684378714755032647e+00
9.973518766484733789e+00,4.668284717058505784e+00
9.983066109358603057e+00,4.657678991529224710e+00
9.980326409936552068e+00,4.660318179231086155e+00
9.964250205356300683e+00,4.676336285392234338e+00
9.947783107928398039e+00,4.694226833975632118e+00
9.985030203408074456e+00,4.652993738325040596e+00
9.974491771957321617e+00,4.662819094168364487e+00
9.971698976272929116e+00,4.665012500868749079e+00
9.952218831381468789e+00,4.686454592517054429e+00
9.967688770786633512e+00,4.669077976383308126e+00
9.970475363649189404e+00,4.666009514976846795e+00
9.965324446535669622e+00,4.670979324532195776e+00
9.983454405267256249e+00,4.651539359689278008e+00
9.964033249471365039e+00,4.672161069787896359e+00
9.971550915042437069e+00,4.663620252992203064e+00
9.947579763085403926e+00,4.690141087915062457e+00
9.957424070442744579e+00,4.678958111003658438e+00
9.932578876548271651e+00,4.706899764131626362e+00
9.973091271551375314e+00,4.660823763954542898e+00
9.964609172765770850e+00,4.669159662562424096e+00
9.932054364355089149e+00,4.706200563029792505e+00
9.949381027213622275e+00,4.685365491152490236e+00
9.978918062268007816e+00,4.652829859219483666e+00
9.976321987576710626e+00,4.655224279608021654e+00
9.981357877731936057e+00,4.649357258656900527e+00
9.940379126083131567e+00,4.694656459500680334e+00
9.927971966061804210e+00,4.709099712735781651e+00
9.981324179304605693e+00,4.648882770697696287e+00
9.974770953957136754e+00,4.655698675319573709e+00
9.956273794379738362e+00,4.675787479971002192e+00
9.952062220259216829e+00,4.680098730506862204e+00
9.922583880006975221e+00,4.714236292091183778e+00
9.971311495029755889e+00,4.658429919561632104e+00
9.950211643717949528e+00,4.681596170331180140e+00
9.985039547249753511e+00,4.643180324018356231e+00
9.925070832593370085e+00,4.710302323293116267e+00
9.940452603790632224e+00,4.692068175372120287e+00
9.939118325456554714e+00,4.693535129151625185e+00
9.936634997912982215e+00,4.695093758369290882e+00
9.917185322410384529e+00,4.718024107034300307e+00
9.945271197119241791e+00,4.684555533554284779e+00
9.931901916834824817e+00,4.699983039471829827e+00
9.958812746467991417e+00,4.668859098217107650e+00
9.968373507111742526e+00,4.658198450421449976e+00
9.962779995635946406e+00,4.663690645521411327e+00
9.978080026153458348e+00,4.647138462606604570e+00
9.909374837372608269e+00,4.725362408418379623e+00
9.958084098486994051e+00,4.667850992580026670e+00
9.971202118610285936e+00,4.653402991469301142e+00
9.948761955700383908e+00,4.678017444502065914e+00
9.940285204945983111e+00,4.687741983359724252e+00
9.969295170400954476e+00,4.654509035946757578e+00
9.949875889191030609e+00,4.675985062397203684e+00
9.949247294230412209e+00,4.676485946164484986e+00
9.975954415419254317e+00,4.646660253985981370e+00
9.904033966922980881e+00,4.730017012834479395e+00
9.984781605564894136e+00,4.636839664531866134e+00
9.917260734732721517e+00,4.713060392084044814e+00
9.917839479607371445e+00,4.711803893686369982e+00
9.984207392893196698e+00,4.636570335209066585e+00
9.935715527775593969e+00,4.690086222232091373e+00
9.900649633138826289e+00,4.732686534448084181e+00
9.942727800497600299e+00,4.681680886948448084e+00
9.940725500430206196e+00,4.683853669994601177e+00
9.967816581920185826e+00,4.653157297994026109e+00
9.944282332139877667e+00,4.679414390043231009e+00
9.949994103967554793e+00,4.672837435433411457e+00
9.941630368595639311e+00,4.682110353169552930e+00
9.899395972393056908e+00,4.732707505321297248e+00
9.976037633690411965e+00,4.642631892520598491e+00
9.920563600148380345e+00,4.704303254015154145e+00
9.939293288736338994e+00,4.681945374453229114e+00
9.893292053539150643e+00,4.738167262559874082e+00
9.894485554450522358e+00,4.736586891229740637e+00
9.947153461239432559e+00,4.672527198154889483e+00
9.952622827295162011e+00,4.666282315698063066e+00
9.963234014723276744e+00,4.654487523623958012e+00
9.935309190689135761e+00,4.685980269940773546e+00
9.892163467886586403e+00,4.738440743447939418e+00
9.893585754609336647e+00,4.736450790867678506e+00
9.891774782735948790e+00,4.738737253575689756e+00
9.981606496263118800e+00,4.633497242244001946e+00
9.981952101122367083e+00,4.632983104358576298e+00
9.920733217462176512e+00,4.701997093580450482e+00
9.893985852276520276e+00,4.734994468048882688e+00
9.887749238460909140e+00,4.742940275707818287e+00
9.933186734400376139e+00,4.686226008428787893e+00
9.917104835233246263e+00,4.705415009640340429e+00
9.939972127870698060e+00,4.678218881991074163e+00
9.978546605773431111e+00,4.635474839947416825e+00
9.929716817695274145e+00,4.690032412518982952e+00
9.980927619145379737e+00,4.632636480190314821e+00
9.920211555091707822e+00,4.700740999799978503e+00
9.911279598599982421e+00,4.711205696190175374e+00
9.884823381625301053e+00,4.744872465520044713e+00
9.966583806262004686e+00,4.646972386761053286e+00
9.938696731200110435e+00,4.678260509345252061e+00
9.889630434280366700e+00,4.738466859709451029e+00
9.950505621982046023e+00,4.664698699882984911e+00
9.895092091956874114e+00,4.731371477625454958e+00
9.935975169279245733e+00,4.681055187263305051e+00
9.969875325175879155e+00,4.642845475192368454e+00
9.960539954571117960e+00,4.652411640628548284e+00
9.913030083520268931e+00,4.707628827130588611e+00
9.918087268329324857e+00,4.701266989436485133e+00
9.903074291092170967e+00,4.719631968089155194e+00
9.947002777259093875e+00,4.666933958977978136e+00
9.900754677841513640e+00,4.722332789698981514e+00
9.906685204038700121e+00,4.714889800486352200e+00
9.895238806230738149e+00,4.729176886405091373e+00
3.229147710526164783e+00,1.003697405769374740e+01
9.933908726199964789e+00,4.681661937117714167e+00
3.219609958769432012e+00,1.004455616546576380e+01
9.924405361882895349e+00,4.692776650495426694e+00
3.230835445629565150e+00,1.003532177328193242e+01
9.880828948935363343e+00,4.747470236878243988e+00
9.891349679430275543e+00,4.733652995953682385e+00
9.904020471948490112e+00,4.717389151674182379e+00
3.215722151162336395e+00,1.004736698143874918e+01
9.982336571802958858e+00,4.627319093640927861e+00
3.270208412710287948e+00,1.000429493582842966e+01
9.934682009359992350e+00,4.679999165571939734e+00
9.961784064173125230e+00,4.649267058869658520e+00
9.933115970936732708e+00,4.681787290719494621e+00
9.954576870919764175e+00,4.657172677920799586e+00
9.900998395949562436e+00,4.720792170709934510e+00
3.274611702261970514e+00,1.000079776239416773e+01
3.249050000974864183e+00,1.002019176925841215e+01
9.924798723114642840e+00,4.691120941114206744e+00
9.980803130010748703e+00,4.628184452919029468e+00
9.899637952325036849e+00,4.721850265884087072e+00
3.234074560095979489e+00,1.003163334774609794e+01
3.294504657119830426e+00,9.985465345475674326e+00
3.273839994485370664e+00,1.000073047311461139e+01
9.985506241582960740e+00,4.622818863259318789e+00
9.959629638207470492e+00,4.650511079935665926e+00
9.915450457328232048e+00,4.701818159291327959e+00
3.192126610942033427e+00,1.006613629889979400e+01
3.195472066374686726e+00,1.006306319484923151e+01
9.924442503345733968e+00,4.690620506575819526e+00
3.250519156676567878e+00,1.001819821431939772e+01
9.961210458386814182e+00,4.648365199861347996e+00
3.267171880428869635e+00,1.000532230859803384e+01
3.256594379512110837e+00,1.001338656426797513e+01
3.214913520421703641e+00,1.004652511502104772e+01
3.232531385049882022e+00,1.003223067876023400e+01
9.943781441745802141e+00,4.667586813098697718e+00
9.883429759473930432e+00,4.741164964759997602e+00
3.287002268277335215e+00,9.989999845061285910e+00
3.302049383613773426e+00,9.979000528122712765e+00
3.209765016133287130e+00,1.005014488757123203e+01
3.240163573416475984e+00,1.002548912768371636e+01
9.941691120341532795e+00,4.669247364420930246e+00
3.175517910036175895e+00,1.007932110098054679e+01
3.212417862315210204e+00,1.004775132723787401e+01
3.183233315024212917e+00,1.007250930296016733e+01
3.270986207136991286e+00,1.000162629059375874e+01
3.193955682867907875e+00,1.006321968147922341e+01
3.284017747490865169e+00,9.991902517973679565e+00
9.925346777093729145e+00,4.688054087192734087e+00
3.257015168524073800e+00,1.001205798579167627e+01
3.179811469971714821e+00,1.007526171169312867e+01
3.183618241384985392e+00,1.007175299345520969e+01
3.293709829887534024e+00,9.984454029112328044e+00
3.228151776186277022e+00,1.003438307184575784e+01
9.955014281275269994e+00,4.653292085848542925e+00
9.928901198539412221e+00,4.683252554628277053e+00
9.926524802340727760e+00,4.686014955729104869e+00
9.938456963613383266e+00,4.671868112840367182e+00
3.230053233215822495e+00,1.003256525156895052e+01
3.224357166770321026e+00,1.003711150043342215e+01
3.283586714326015343e+00,9.991414882230680305e+00
5.338237282657447125e+00,8.997515477163261721e+00
3.261082485475511383e+00,1.000818096672410640e+01
3.298740341507605756e+00,9.980217848172143746e+00
3.177816859015047068e+00,1.007605640191645868e+01
3.254714484769247740e+00,1.001292781786466790e+01
3.234771376961990352e+00,1.002848322745118637e+01
3.239947053087309126e+00,1.002437670456879282e+01
3.256131028783423087e+00,1.001180179317547392e+01
6.214441256713834072e+00,7.918254988338075506e+00
3.181094789166958758e+00,1.007296433539271341e+01
3.180438950048532831e+00,1.007348318033113976e+01
3.221888194046153675e+00,1.003861516992060032e+01
3.302270099754578858e+00,9.977392662438072435e+00
3.219527751976947183e+00,1.004052210764561792e+01
3.196193163791504865e+00,1.005981847388699535e+01
3.202153034121208108e+00,1.005475143338496480e+01
3.172899593391456108e+00,1.007994497661522360e+01
9.903231672335669700e+00,4.713451717209889757e+00
3.213527706397862005e+00,1.004528515042559178e+01
3.282331147485714862e+00,9.991745436403606462e+00
3.188451915140718462e+00,1.006624916325850272e+01
3.302789559442669720e+00,9.976808556503295122e+00
3.241585946950593655e+00,1.002256932010479495e+01
3.218330241512986856e+00,1.004106138511427027e+01
9.869918232929430602e+00,4.756286082659442194e+00
9.972502081698085163e+00,4.632634713027469431e+00
9.932719445461652086e+00,4.677161339203514068e+00
3.314425451424735769e+00,9.968225595443241716e+00
3.265673516491079287e+00,1.000377288128252040e+01
3.223311663146194217e+00,1.003676578765230509e+01
3.323020168025668575e+00,9.962022159846112501e+00
3.246875076664505588e+00,1.001799558663129197e+01
3.248030648087112393e+00,1.001709066781196356e+01
3.166467043434206818e+00,1.008474502642132897e+01
3.224755675357998008e+00,1.003526713505687162e+01
9.884713762598169140e+00,4.735935400431956488e+00
3.189677439955654226e+00,1.006426303711820758e+01
3.306964036612246804e+00,9.973004400871859687e+00
3.320361514796208002e+00,9.963465421489621221e+00
9.935599487951890296e+00,4.672917614855403023e+00
3.250346113185252239e+00,1.001488672778622480e+01
3.285248793036194215e+00,9.988615744870447344e+00
3.210499538943096809e+00,1.004661519503589595e+01
3.157318418300656404e+00,1.009265354306936224e+01
3.312665084544573979e+00,9.968802126080205994e+00
9.911315096330692853e+00,4.701864624286021588e+00
3.161616420948937467e+00,1.008862487829093446e+01
3.205319371824598917e+00,1.005071419952652789e+01
3.315946494539372846e+00,9.966347664236071324e+00
3.283558300779242600e+00,9.989647964661898527e+00
3.276138378408714136e+00,9.995057539894380838e+00
3.226074059692389362e+00,1.003363207841722549e+01
3.311878679283635663e+00,9.969087618752714874e+00
9.916804452201798625e+00,4.694755307751164786e+00
3.303998602926342176e+00,9.974663307849478855e+00
3.318322309011858096e+00,9.964500776700738527e+00
3.209919050255817030e+00,1.004654189144002530e+01
3.233583476297371195e+00,1.002744819494453665e+01
3.160836102579726248e+00,1.008881430175216565e+01
3.207022974195965492e+00,1.004884050123937911e+01
9.888613288955692582e+00,4.729707838613471438e+00
3.329789871185525385e+00,9.956266791291017881e+00
3.205012139928131276e+00,1.005041231881676111e+01
3.269878239600341185e+00,9.999320481635301405e+00
9.930778395029751238e+00,4.677517406433566727e+00
3.166169717222266033e+00,1.008371677761178020e+01
9.912653679351867808e+00,4.699248099189031080e+00
3.147393917365252314e+00,1.010078862963222868e+01
3.143857578852963908e+00,1.010408762052930776e+01
3.216499241423971256e+00,1.004075862890060478e+01
3.158977644488790038e+00,1.009006702154773016e+01
3.254863102911067063e+00,1.001049200308345100e+01
3.263168386735279647e+00,1.000410757533938266e+01
3.257146035456891742e+00,1.000866738794711708e+01
9.923841787174819018e+00,4.685399708777675087e+00
9.873342889091233587e+00,4.749197278738120254e+00
3.254883078280719211e+00,1.001020272180676152e+01
3.141937905311929846e+00,1.010534011051424841e+01
3.156105779122964972e+00,1.009218255609768455e+01
9.973242473582368817e+00,4.629185372884229821e+00
9.967356554695061988e+00,4.635492239963606487e+00
3.196795855380999640e+00,1.005640885815979679e+01
3.185711114413244172e+00,1.006579436488405399e+01
3.274867776357866855e+00,9.994818340058742479e+00
3.185331402475590323e+00,1.006607355131634307e+01
3.258377899189886406e+00,1.000717569293706610e+01
9.969503420659625803e+00,4.632831255019067562e+00
9.920717872500926404e+00,4.688401314569913936e+00
9.886057776387822571e+00,4.731701526160466464e+00
3.232037520582328405e+00,1.002751773728054907e+01
3.134489338415344051e+00,1.011194251738652561e+01
3.205898251099112084e+00,1.004836208820924526e+01
3.309705040810492882e+00,9.969189946461016305e+00
3.251483996374180840e+00,1.001206743759068551e+01
3.167418347279949753e+00,1.008121774006992766e+01
9.901090271356734362e+00,4.712038599870233213e+00
9.974445619856918910e+00,4.627012849217013724e+00
3.162925464908976636e+00,1.008517007105702668e+01
3.201853999054052213e+00,1.005156301943192076e+01
3.292009945156553652e+00,9.981735578593022851e+00
3.328384034386650647e+00,9.955948573933127932e+00
3.345146155799022303e+00,9.944434642524141665e+00
3.297477860556002671e+00,9.977731999404667818e+00
3.161456044861980175e+00,1.008636141764379879e+01
3.317820445093614623e+00,9.963253957363644275e+00
3.318278015972476069e+00,9.962905250151235848e+00
9.861989614490394018e+00,4.763025972345278802e+00
3.139669447167070970e+00,1.010637688388144362e+01
9.926041353314500881e+00,4.681264346883329708e+00
3.194459526127551019e+00,1.005745821918842609e+01
3.288058758668400472e+00,9.984337823494200848e+00
3.165121370848805959e+00,1.008271597807611286e+01
3.216784300879316660e+00,1.003888816455292243e+01
3.237190549727842814e+00,1.002261102788049918e+01
3.254920491678193972e+00,1.000887819925895172e+01
3.267287350419168845e+00,9.999482661682751683e+00
3.168913068224682661e+00,1.007917699162482528e+01
3.209145554826879465e+00,1.004494024626140636e+01
3.187310134016347885e+00,1.006313307616957786e+01
3.217623233060022514e+00,1.003799429337741600e+01
3.193918294195560392e+00,1.005753180895222876e+01
3.144128076115535908e+00,1.010152383932229903e+01
3.131328188351393926e+00,1.011356848371404205e+01
3.210567508025962802e+00,1.004357838797321101e+01
3.241453389752324554e+00,1.001896655332526720e+01
9.879849651749427863e+00,4.738141717734434266e+00
3.198810091854197069e+00,1.005319785656675080e+01
3.124056257692959360e+00,1.012051375082727134e+01
3.164404718336082833e+00,1.008277702987136948e+01
3.181820143056020900e+00,1.006752464470861774e+01
3.247712935004309465e+00,1.001397873935785654e+01
3.146023406050691751e+00,1.009943033696819192e+01
3.140509359541210355e+00,1.010457587243202404e+01
3.339332442257680444e+00,9.947599078666740979e+00
3.131843773052476632e+00,1.011275973331098932e+01
3.316045353253985972e+00,9.963687117264056425e+00
3.267732148507310530e+00,9.998627804213350956e+00
3.246974579999998500e+00,1.001438481313587658e+01
3.192320725884745691e+00,1.005836817261251248e+01
3.271994939844120154e+00,9.995405259033541157e+00
9.861499492587146420e+00,4.762300229386346118e+00
3.149515138303714767e+00,1.009584924772597958e+01
3.152313957754381946e+00,1.009328305389660230e+01
9.932007372379263899e+00,4.672810312240721409e+00
9.916539836312502132e+00,4.691202778111930982e+00
3.168058871254217923e+00,1.007906928734903751e+01
3.266432000027089444e+00,9.999380716717947593e+00
3.207624704343492894e+00,1.004538852859928966e+01
3.266110004999013494e+00,9.999585503719785606e+00
9.872318390912528940e+00,4.747417114665597460e+00
3.150554771334150850e+00,1.009466912846760067e+01
3.202500820394998726e+00,1.004948169820358395e+01
3.301885469252153094e+00,9.973307957877151964e+00
3.228519514357648390e+00,1.002838236600520361e+01
3.252796233928516578e+00,1.000943957852244637e+01
9.955495680741684339e+00,4.645575770196024301e+00
3.180956218294148208e+00,1.006738866099662566e+01
3.148039200437772411e+00,1.009664986171096857e+01
3.349816651059286166e+00,9.939807993181908330e+00
9.965553681771499583e+00,4.634255648336195854e+00
3.182482690409084825e+00,1.006597051791934838e+01
3.159155437611760764e+00,1.008640967141208655e+01
3.280966978452992677e+00,9.988119906512915591e+00
3.288296932854141374e+00,9.982744486593633226e+00
3.294529028162855422e+00,9.978227937094512612e+00
3.339166940849632059e+00,9.946918998454396643e+00
9.898523310888377225e+00,4.712699337638345476e+00
3.204877710264858237e+00,1.004703674697345406e+01
3.306651699358587493e+00,9.969486416779478333e+00
9.957117734247267649e+00,4.643279649891036698e+00
3.121116529850731069e+00,1.012191533947946631e+01
3.128956408862165084e+00,1.011413522692939182e+01
3.125986211988021513e+00,1.011696729856817889e+01
9.978397679904231765e+00,4.619949828186023844e+00
9.876273059812680444e+00,4.740992251004243485e+00
3.353150025740405216e+00,9.937152603713133914e+00
3.206831913200502093e+00,1.004502975473712567e+01
3.294926650359344844e+00,9.977483631504115991e+00
9.869875310652082234e+00,4.749321839783549493e+00
9.872429267895849847e+00,4.745806278310711335e+00
3.242129875917067139e+00,1.001676713299117161e+01
3.273540917737493672e+00,9.992927727763413870e+00
3.202536036049524082e+00,1.004829940516205156e+01
3.313252641034019952e+00,9.964252681912507015e+00
3.330107147699082670e+00,9.952503193949814531e+00
9.933375122827339254e+00,4.669456253050064731e+00
3.200908652560776613e+00,1.004956646027591383e+01
3.129522897597672326e+00,1.011290176802729945e+01
3.111626696253930735e+00,1.013042170920254748e+01
3.363318737050260410e+00,9.929972954633482729e+00
3.121740500643075844e+00,1.012033954283710635e+01
9.970564362213337972e+00,4.627604325872460400e+00
3.234391313164011184e+00,1.002241214430678617e+01
3.307333825391059356e+00,9.968172686689380058e+00
3.329216673518227143e+00,9.952830259160078796e+00
3.349117577797628531e+00,9.939273984111249405e+00
3.333999719009572260e+00,9.949508272999468161e+00
3.224836746748116489e+00,1.002980430875667395e+01
3.156684314767314259e+00,1.008722233283513248e+01
3.202866399434822764e+00,1.004753471124590547e+01
3.339744568227245747e+00,9.945537363091396799e+00
3.362356595652843172e+00,9.930344195811223074e+00
3.327126476148937861e+00,9.954098404163355340e+00
3.350614616281953673e+00,9.938095176812749898e+00
3.200230118825277081e+00,1.004945449861205198e+01
3.220945473678046955e+00,1.003255934812103689e+01
3.217217018252181759e+00,1.003553386108009349e+01
3.233052914797744481e+00,1.002290617895764768e+01
4.096319707037354263e+00,9.401002871440196529e+00
3.159332593201571449e+00,1.008437863018470892e+01
3.249253612227475774e+00,1.001032236499713868e+01
3.189216785924015252e+00,1.005839393755351097e+01
3.273107537605546735e+00,9.992259532312422365e+00
3.227975223797513671e+00,1.002666479951931677e+01
9.901969676466078951e+00,4.706062238125183761e+00
3.369268899606552736e+00,9.925240998586222219e+00
3.198614650878023991e+00,1.005033076322649244e+01
9.983429671319761667e+00,4.612781043489152744e+00
3.250217130292617718e+00,1.000931715287492274e+01
3.216503962643368020e+00,1.003569781810670847e+01
3.152924769292619889e+00,1.008970954275767795e+01
3.232571110296240224e+00,1.002289822079397830e+01
9.900189341327875425e+00,4.708103100791778850e+00
3.258798683786833461e+00,1.000270369425492589e+01
3.145087628890683717e+00,1.009679272727997557e+01
3.192100829124532080e+00,1.005557640368893146e+01
3.239658188895396584e+00,1.001729164789492010e+01
3.155517084923495919e+00,1.008724239844565496e+01
3.191587716055535040e+00,1.005596293744734915e+01
9.939040413982468181e+00,4.661204487959474285e+00
3.199396882652384200e+00,1.004942888628978537e+01
9.915699542304025726e+00,4.688754209832882935e+00
3.123214890591632376e+00,1.011729000925843458e+01
3.168649559841276719e+00,1.007543058208186615e+01
3.183394238583468816e+00,1.006248584762927578e+01
9.888908831641694874e+00,4.721788329184376742e+00
3.311906983144453420e+00,9.963640958516753798e+00
3.232101435819928259e+00,1.002272469432404733e+01
9.907277221193464101e+00,4.698568386762888238e+00
3.196183157225904292e+00,1.005163476339057560e+01
9.905898469774811588e+00,4.700223939323891820e+00
3.186972868092033728e+00,1.005932277362782656e+01
9.894498960734264159e+00,4.714515318268420963e+00
3.113525341341029762e+00,1.012625545313434650e+01
3.189208673755044021e+00,1.005741797910274293e+01
3.203675089133154241e+00,1.004537900063342448e+01
3.270453570390436493e+00,9.993415259048340715e+00
3.324608726140827919e+00,9.954662617193759999e+00
3.305179285078324813e+00,9.968251609050604145e+00
9.881630556310803115e+00,4.730957785192561715e+00
3.178110923128085297e+00,1.006674718368544674e+01
9.973241516074258683e+00,4.622537038052235481e+00
3.354418551017856576e+00,9.934347890077761534e+00
9.980505234107834411e+00,4.614778146627369182e+00
3.182087974804035824e+00,1.006324410754653975e+01
3.134817403711387840e+00,1.010539419746276302e+01
3.171019303888329421e+00,1.007270720567361266e+01
3.213564939828120082e+00,1.003711510919638172e+01
3.279776270268551563e+00,9.986258102927925151e+00
3.142780454941955792e+00,1.009779778554337426e+01
3.237194744116315803e+00,1.001829221958128002e+01
9.868334090307879336e+00,4.748140672731688383e+00
3.238567097304756892e+00,1.001721041970363224e+01
3.291792202625223318e+00,9.977392995117822849e+00
3.299333611187813542e+00,9.971957716144837391e+00
3.369421244433449036e+00,9.924023743490499427e+00
3.193833203912507912e+00,1.005285266025856572e+01
3.134264582070448668e+00,1.010537482626992656e+01
3.176051784997645289e+00,1.006782556479314117e+01
3.285019712893582966e+00,9.982113853150007543e+00
3.141289999683554601e+00,1.009876152855714615e+01
3.314559267810598175e+00,9.961063025420886063e+00
3.136204042625093447e+00,1.010347285901474379e+01
3.110532769996487534e+00,1.012824151309288290e+01
3.301918675074793974e+00,9.969903728462311321e+00
3.286165082355843925e+00,9.981201469036463436e+00
3.180736742639312720e+00,1.006366846099080803e+01
3.160036557637488475e+00,1.008163750191974373e+01
9.853271855232566878e+00,4.768070787758506235e+00
3.361282598880222405e+00,9.929108566868359631e+00
9.952219859732933216e+00,4.644394929732895250e+00
3.241645844856686054e+00,1.001428436497107199e+01
9.894726627754181436e+00,4.712910660932099205e+00
3.152860333625580491e+00,1.008784366245703623e+01
9.932785348803479408e+00,4.666429336553326479e+00
9.933114810208550693e+00,4.665979994470299985e+00
3.170551461511347036e+00,1.007205830636394595e+01
3.280923790830294173e+00,9.984650892155972457e+00
3.124469258679876127e+00,1.011398670424753909e+01
9.891851171517339836e+00,4.716260674896290084e+00
3.144629020682468745e+00,1.009503413543431449e+01
9.853499986277800105e+00,4.767220056864648114e+00
3.102509563145643412e+00,1.013564396632446574e+01
3.129057152975884826e+00,1.010952700946431904e+01
9.919852172170841698e+00,4.681492845000727598e+00
3.107942575718027456e+00,1.013003297315279916e+01
3.142551426555825866e+00,1.009683640702434282e+01
3.113300633672130502e+00,1.012468715185252854e+01
3.226777161297531560e+00,1.002548226247784591e+01
3.320646961139939179e+00,9.956212283805069063e+00
9.852033407748795213e+00,4.769060200242815739e+00
3.328404594943022321e+00,9.950800912406073451e+00
3.127169129551247373e+00,1.011105443287177152e+01
3.153594074747580134e+00,1.008659588570798249e+01
3.336832578580961606e+00,9.944977708806945316e+00
9.875223669715740726e+00,4.737421604114069318e+00
3.248413208514182138e+00,1.000852993087068121e+01
3.250904938623117690e+00,1.000655240820044867e+01
9.858507103984534226e+00,4.759788006454402698e+00
3.287887387404561768e+00,9.979119163787453672e+00
3.106869180868887081e+00,1.013060634766706158e+01
3.246536911391014524e+00,1.000966552180982205e+01
9.871878539518831985e+00,4.741389043720488417e+00
9.955062140158521089e+00,4.640018242642340418e+00
9.948083628232154751e+00,4.647694263521119140e+00
3.097488145637674162e+00,1.013961826913790887e+01
3.109743994295328218e+00,1.012712462352134857e+01
3.118395316970643094e+00,1.011860653171842195e+01
3.307771782269385508e+00,9.964470550034734586e+00
3.287723340348826628e+00,9.978752303435244997e+00
3.270673810860669661e+00,9.991182195091592888e+00
3.299942792000177150e+00,9.969979192378659150e+00
9.908553956530006701e+00,4.693957900164846819e+00
3.292805820411508044e+00,9.975027549690899775e+00
3.335495816159728566e+00,9.945184584516393755e+00
3.235804457026415726e+00,1.001745892051317632e+01
3.224549060714878124e+00,1.002624522118942352e+01
3.237194724292759229e+00,1.001636136941950816e+01
3.373725482959321731e+00,9.919689801173676713e+00
9.923500625260762931e+00,4.675718410628753929e+00
3.172257845797147535e+00,1.006920960118084096e+01
3.368159262614072169e+00,9.923210565377827308e+00
9.957079830371014850e+00,4.636928114239637466e+00
9.922764069391167396e+00,4.676324134787130049e+00
3.378717442129930415e+00,9.916231612366987136e+00
9.898257607546828041e+00,4.706291626610681789e+00
9.858549669457190134e+00,4.758345697275449204e+00
3.111939699686693483e+00,1.012427629723284994e+01
3.328886307749026052e+00,9.949394463470710548e+00
3.394011682169244093e+00,9.906346571132910839e+00
6.852610515147505410e+00,7.475513318360269110e+00
3.345206995037228292e+00,9.938268417805740995e+00
9.947937813075714786e+00,4.646933027398245208e+00
3.120457905829213452e+00,1.011589317884706141e+01
3.111586353701645269e+00,1.012453304398999876e+01
3.246565899374426856e+00,1.000871943669589470e+01
9.944117384708466290e+00,4.651136960640084084e+00
3.303895310332453317e+00,9.966521442402532571e+00
3.291807260519752365e+00,9.975114843111574814e+00
3.270296993343730474e+00,9.990736113398812179e+00
3.302805400798543012e+00,9.967251801572592385e+00
3.365133279426764101e+00,9.924752699131593303e+00
3.105378506163183783e+00,1.013026512764090548e+01
3.247751376736745410e+00,1.000748469406767782e+01
3.391808104093810616e+00,9.907343547384492410e+00
3.201349301535311387e+00,1.004398780331064600e+01
3.202345790827813232e+00,1.004316726034614859e+01
3.345476470174493677e+00,9.937662852385859225e+00
3.144430384696557557e+00,1.009286071874260493e+01
3.249572397604894025e+00,1.000600705617375041e+01
3.129536817279592320e+00,1.010658251683335074e+01
3.376988254920002319e+00,9.916803661977688478e+00
9.889413412369748357e+00,4.716624901254721891e+00
3.280256512513685330e+00,9.983144986091856410e+00
3.092117871199382861e+00,1.014346621468265042e+01
3.302503452012486296e+00,9.967185172965281836e+00
9.846863664574769359e+00,4.773599422761106936e+00
9.905092048887603084e+00,4.696754099275547212e+00
3.271532530750723922e+00,9.989465642107209220e+00
9.902302253938893628e+00,4.700157593117393340e+00
3.124056911147254034e+00,1.011154091912049147e+01
3.178569437170722711e+00,1.006260718644001351e+01
9.887761036105581880e+00,4.718481885074252702e+00
9.974584756355241666e+00,4.616708957744909192e+00
3.367981999803692617e+00,9.922447600972207127e+00
9.874720887219389454e+00,4.735374233439445746e+00
3.179315577005019655e+00,1.006183166369614490e+01
3.279673251099632036e+00,9.983297341616713894e+00
9.885299719496041249e+00,4.721453206819809623e+00
3.230176013290127379e+00,1.002052757720632670e+01
9.886599011294496364e+00,4.719750337094549941e+00
3.177421508729948219e+00,1.006338791104551689e+01
9.920100984656004428e+00,4.678049273507541628e+00
3.169173222289622061e+00,1.007037604092183614e+01
3.378200251379604779e+00,9.915622022140418323e+00
9.881533155299431215e+00,4.726201414325023720e+00
9.917163367995078360e+00,4.681506002015596302e+00
3.173820468174331388e+00,1.006633702628275628e+01
3.088198531308728345e+00,1.014685604917278106e+01
9.894783252794784545e+00,4.709052571473553606e+00
3.093721046224598759e+00,1.014105440663862900e+01
9.898320189060850538e+00,4.704583892339235796e+00
3.301706401752946274e+00,9.967266016991493061e+00
9.891533042670401343e+00,4.713080880616563384e+00
3.172053105417893093e+00,1.006762746076598525e+01
9.872185619481360419e+00,4.738154501718964795e+00
3.119517998261518432e+00,1.011516949616047079e+01
3.092626658825774477e+00,1.014196482083701589e+01
9.863447402465030933e+00,4.749820615610136798e+00
3.091302871203873259e+00,1.014331058542335917e+01
9.950937703655796440e+00,4.641856210463517485e+00
3.257592317125968862e+00,9.999154253454461738e+00
3.326302463873098247e+00,9.949911427738920011e+00
9.852699785303567381e+00,4.764414159753768807e+00
3.304395373551384019e+00,9.965134301784853932e+00
3.188297840059937549e+00,1.005373884914589233e+01
3.266360718267531826e+00,9.992589500911719824e+00
3.091939554871708573e+00,1.014248160480071625e+01
3.116085065972754808e+00,1.011828753107755574e+01
3.314986128498477846e+00,9.957684172425164348e+00
9.968958770539643410e+00,4.621922019622164868e+00
9.938296690048549209e+00,4.656015003336435143e+00
3.147395089572119886e+00,1.008900548907993056e+01
3.259735312397796569e+00,9.997426372106568593e+00
3.125608830654585280e+00,1.010907732367740763e+01
3.201563439327591798e+00,1.004261917091974432e+01
3.125901008893396060e+00,1.010861360258380692e+01
3.124167406038754091e+00,1.011023333583257156e+01
3.372189658848149474e+00,9.918965854174784269e+00
9.887500572406088040e+00,4.717604553933792744e+00
3.360980450243799211e+00,9.926251036765597391e+00
3.323642642113200818e+00,9.951353095173868013e+00
3.373951362491887984e+00,9.917691775299040557e+00
9.978653372011009992e+00,4.611076508447211175e+00
3.260862913183181000e+00,9.996140975045177512e+00
3.343625556123927201e+00,9.937604496450338942e+00
9.959090151032524929e+00,4.631788033532752813e+00
9.906307739889683717e+00,4.693262209593898504e+00
3.210252141113714153e+00,1.003499378898013994e+01
9.923685162082456657e+00,4.672174838786189888e+00
3.201315084283159695e+00,1.004216647899135317e+01
9.874789814720147163e+00,4.733346733387154615e+00
3.231612999526523922e+00,1.001803025435342853e+01
3.408675028580850697e+00,9.894196815796890476e+00
3.107256294927911444e+00,1.012565306118286657e+01
9.893590304030078997e+00,4.708834332825928115e+00
9.924402851101007172e+00,4.671014716872025296e+00
3.306025571335810653e+00,9.963002079599046823e+00
3.101916862965945043e+00,1.013082735010787516e+01
9.965702645432767071e+00,4.624052314596414526e+00
3.122687774013242379e+00,1.011053662536379782e+01
4.966557962828130890e+00,8.656131532237511195e+00
3.778376658663196608e+00,9.600942307714161572e+00
6.262725963664834694e+00,7.625470081536222189e+00
4.528557050261637684e+00,9.004387987888096134e+00
9.117832814888366499e+00,5.355162946772089150e+00
8.333667771464492446e+00,5.978700224195206303e+00
7.075098027763804254e+00,6.979485469276126786e+00
6.926123123945471249e+00,7.097939486878791726e+00
6.806635799268526910e+00,7.192968243828576469e+00
3.886531258959322166e+00,9.514946125865167303e+00
6.949790905837573973e+00,7.079143127027412774e+00
3.116926338222971271e+00,1.012688057232498551e+01
8.415575726700474490e+00,5.913579828940394911e+00
9.134157230234098535e+00,5.342196003077498645e+00
5.109596320955327897e+00,8.542405551106956096e+00
8.535715660096975910e+00,5.818028731402843157e+00
9.199272009747677004e+00,5.290405560548473218e+00
8.874285090122095099e+00,5.548818227819187321e+00
6.837805095690261403e+00,7.168186542278006002e+00
9.873792670854253828e+00,4.754042010698160681e+00
6.658897437991826429e+00,7.310446773612806481e+00
4.194003707259060576e+00,9.270424514244957948e+00
3.096529513111064169e+00,1.014312733764371011e+01
4.963959208117300292e+00,8.658180226003759472e+00
7.474471489279610026e+00,6.661919336173610873e+00
4.474771201727977932e+00,9.047172709789839118e+00
7.091016416112051246e+00,6.966819698772706460e+00
4.554198000041322913e+00,8.983999271133018993e+00
8.596297846348640803e+00,5.769875514795084648e+00
6.513135068573958186e+00,7.426342407666621348e+00
3.324890552629593543e+00,9.961543970916142854e+00
4.150323739280069368e+00,9.305178417291173787e+00
4.146404932776331265e+00,9.308263540819712745e+00
9.003573932744981079e+00,5.446030094145140943e+00
9.814386931223658905e+00,4.801272444093500624e+00
9.346456004809661877e+00,5.173367757149868851e+00
3.938144578074685320e+00,9.473866929547508420e+00
3.930772943907530514e+00,9.479743569402966585e+00
6.442944836497320082e+00,7.482160409597293338e+00
7.357947870955921843e+00,6.754563609960418269e+00
9.106896323187527287e+00,5.363871791712812254e+00
6.629907883638653132e+00,7.333483020676530906e+00
6.953071276689398950e+00,7.076534597980936425e+00
9.488174146579128276e+00,5.060693438155627000e+00
5.212739188262856871e+00,8.460385344743542646e+00
4.929981407021678308e+00,8.685216437004960710e+00
7.830493138781967843e+00,6.378834210522033032e+00
7.743907165475331311e+00,6.447671954132649041e+00
4.352255300946077377e+00,9.144593512394264323e+00
7.800530367263307951e+00,6.402637169518285987e+00
3.655881130631998488e+00,9.698328840111544835e+00
6.199081870926934634e+00,7.676074200599798836e+00
9.654130912325850744e+00,4.928725647042830893e+00
6.406946586115054743e+00,7.510767149320201064e+00
9.421840032228271156e+00,5.113440036797363142e+00
7.118153005079447482e+00,6.945244614645726067e+00
4.798224329946013889e+00,8.789981113207554486e+00
4.343896961632244924e+00,9.151237513101644794e+00
4.245419565446487020e+00,9.229536815344641099e+00
8.680410710022208320e+00,5.702974185474472435e+00
5.662110863769834523e+00,8.103026836332693605e+00
7.605357209494316706e+00,6.557817414124438749e+00
9.618336748817322146e+00,4.957161011337401391e+00
4.221330740200389009e+00,9.248716530615816112e+00
9.136616043374774065e+00,5.340242472234447924e+00
9.703484093852182468e+00,4.889456217349118283e+00
6.612186734491425355e+00,7.347567643415619187e+00
9.619201136301414934e+00,4.956495730853474946e+00
8.456294068118234364e+00,5.881207185248158886e+00
9.192939617314399570e+00,5.295442144620762903e+00
4.147574991811453060e+00,9.307343786132419083e+00
8.567060851082008099e+00,5.793137189689349320e+00
4.348314315454845591e+00,9.147715107096530573e+00
7.002659854838833020e+00,7.037090293033364752e+00
9.974638380774775825e+00,4.673868504056065909e+00
5.603981179197754514e+00,8.149257937767286464e+00
4.633710842697973398e+00,8.920780497277414511e+00
7.087477389382285331e+00,6.969633416371249446e+00
6.767108876732732980e+00,7.224372115264519500e+00
8.323631366294629075e+00,5.986690048050260948e+00
6.941500101367850561e+00,7.085729208589957473e+00
3.280468956626128030e+00,9.996854576818606120e+00
7.485033557682239547e+00,6.653521620478882070e+00
4.448408885874762575e+00,9.068138227820437436e+00
4.269652576243167630e+00,9.210277501002495981e+00
3.402824129394788066e+00,9.899564020824296762e+00
8.240014564880722148e+00,6.053170194596835252e+00
6.037072077725508024e+00,7.804889355655635796e+00
5.606589319865764587e+00,8.147211792161924038e+00
9.174288423386109059e+00,5.310286625637752778e+00
3.269582000279350531e+00,1.000551665336893237e+01
5.037172404391481173e+00,8.599975429753534684e+00
5.984905153080553042e+00,7.846385306301903562e+00
3.925921672264935491e+00,9.483605539230927306e+00
7.894609644295941919e+00,6.327838582667104639e+00
8.331895819127693059e+00,5.980112062142894480e+00
6.201495253486232428e+00,7.674122883323594380e+00
9.617094092211663892e+00,4.958162953957753416e+00
5.623905651558221308e+00,8.133422179907437766e+00
6.367135767444943362e+00,7.542415331176651527e+00
7.561872825979234491e+00,6.592404736509657859e+00
9.868751974132161209e+00,4.758060631879407865e+00
5.119183513165440402e+00,8.534744162655380606e+00
6.057390277436972781e+00,7.788743634702382401e+00
6.404215336536921654e+00,7.512948685401231508e+00
7.145946587212099743e+00,6.923126190784373968e+00
7.942626632702133094e+00,6.289668157837017048e+00
7.566719248949878462e+00,6.588552364645752668e+00
5.053591472101462756e+00,8.586936916445617740e+00
9.393669897204759422e+00,5.135846828683518162e+00
9.757669071658030546e+00,4.846381029017183373e+00
5.800975625741481068e+00,7.992610722429437153e+00
9.001838074710891036e+00,5.447417466313780210e+00
6.495688373775549529e+00,7.440214261449168198e+00
6.547730062222295366e+00,7.398813040535629604e+00
5.333020442091942925e+00,8.364723960687575399e+00
4.224532839622402669e+00,9.246155094305546385e+00
5.297019068809318831e+00,8.393335307910250620e+00
9.859553859157198730e+00,4.765393420711071748e+00
5.947185283119377885e+00,7.876352954632810821e+00
9.703307263924918047e+00,4.889613845074292975e+00
3.965020137584616133e+00,9.452512197931827842e+00
7.744866509877990524e+00,6.446883288902822251e+00
3.287808895062389603e+00,9.991013174000652697e+00
4.463616487195182003e+00,9.056037353888061858e+00
8.547471108102360660e+00,5.808698877687858086e+00
8.255464564324439536e+00,6.040905866361466536e+00
5.010796580251032140e+00,8.620953345162034154e+00
7.116409295524157130e+00,6.946653147551196561e+00
8.972657679896617111e+00,5.470598233339342364e+00
8.408987881136836151e+00,5.918836177618843841e+00
6.399193172969450671e+00,7.516937499695747427e+00
5.452539580050318690e+00,8.269705032931689459e+00
8.479142812957960018e+00,5.863039675723528354e+00
6.858031731900680938e+00,7.152067347519283302e+00
7.760327119324506029e+00,6.434615556831781547e+00
5.410403997377727592e+00,8.303172204093922204e+00
5.847449743428036584e+00,7.955660410767818824e+00
3.773311763503223837e+00,9.604968962888891681e+00
3.940035286181965635e+00,9.472393637490975848e+00
8.799794629553343128e+00,5.608048529811934024e+00
3.926452665438625811e+00,9.483204074139266027e+00
6.206532878698743261e+00,7.670120501230718091e+00
5.345103775228475129e+00,8.355122299852240531e+00
4.057415050248050825e+00,9.379047321238022761e+00
7.914851371527788615e+00,6.311735816341152550e+00
8.706897632845635115e+00,5.681918003783413162e+00
9.120449859402333104e+00,5.353094763877361828e+00
4.466299100214523143e+00,9.053931498776048414e+00
4.345186381627548222e+00,9.150198868296875787e+00
4.106493133352452141e+00,9.340003118039591712e+00
8.703212983065293784e+00,5.684866113897957263e+00
8.514156906121678858e+00,5.835197970903259090e+00
9.955772718431816770e+00,4.688843611338301187e+00
3.701442431167115465e+00,9.662103085970578320e+00
8.857785974254856143e+00,5.561954770287528937e+00
6.461445223333676324e+00,7.467421595958605884e+00
4.574171509742993358e+00,8.968128351383402475e+00
4.107434745376976615e+00,9.339273220847076118e+00
5.637171574048522871e+00,8.122855455787346912e+00
