8.391447883091589510e-01,1.608552112803117717e-01
7.157825874233522123e-01,2.842174136509005855e-01
8.821858875826079638e-01,1.178141135182875221e-01
8.826578243845908389e-01,1.173421722659124949e-01
9.377752236636480720e-01,6.222477986959853991e-02
9.055053285801437646e-01,9.449467623050702980e-02
5.265847086099325614e-01,4.734152849815407849e-01
9.656026357071738619e-01,3.439737207204648928e-02
6.658618797088420305e-01,3.341381117090858055e-01
7.995362776395111837e-01,2.004637309951003976e-01
8.690556716006908600e-01,1.309443172522115895e-01
8.180384416148072102e-01,1.819615464886142064e-01
8.273264612278998786e-01,1.726735512874710832e-01
9.458896767730307076e-01,5.411034002548494731e-02
5.114647768893538782e-01,4.885352048722758078e-01
5.006319374032404124e-01,4.993680438598925853e-01
8.253801700452476631e-01,1.746198498707553504e-01
5.478643559356141113e-01,4.521356228792949294e-01
8.451474072657034764e-01,1.548525708615831054e-01
7.344551480540083555e-01,2.655448763680994251e-01
7.354859616645563758e-01,2.645140633961877152e-01
7.048813814764565144e-01,2.951186440987922932e-01
7.788190470282906341e-01,2.211809265125416202e-01
6.436665718152854154e-01,3.563334016012814076e-01
6.564625580992716758e-01,3.435374686681374468e-01
9.504804233131681768e-01,4.951954945100386918e-02
8.238416753581879748e-01,1.761583520008614678e-01
9.891228997770276088e-01,1.087706753228493035e-02
9.029340014933174841e-01,9.706596525193696146e-02
5.094395961314501786e-01,4.905603690529701244e-01
6.114144489291596374e-01,3.885855866531335856e-01
8.851242307522937391e-01,1.148758085898215764e-01
9.676536848657697476e-01,3.234635912484563891e-02
8.223247428076939647e-01,1.776753052619527984e-01
9.396722662194862963e-01,6.032768520995040323e-02
8.289703738235599806e-01,1.710295759461955001e-01
8.591363224280952338e-01,1.408637288315870983e-01
7.680608015611707362e-01,2.319392508754709870e-01
6.797506793496294053e-01,3.202492672034022991e-01
7.457980263583270375e-01,2.542020274262600243e-01
5.947193155721587354e-01,4.052806295188862151e-01
9.697957666191832082e-01,3.020417760182687178e-02
9.822373312146901458e-01,1.776261114027020624e-02
7.862208236134482497e-01,2.137791166937637877e-01
7.162072372918474317e-01,2.837928270814226162e-01
9.824615892128895078e-01,1.753834600921936465e-02
9.392641041426006421e-01,6.073596270307862061e-02
6.663895582637958670e-01,3.336105089447864436e-01
8.672680093365537912e-01,1.327319231336194505e-01
7.569226573368184052e-01,2.430772748988272169e-01
5.933709133098108435e-01,4.066290172980969175e-01
5.732660237143155646e-01,4.267340462679037327e-01
7.090117544017194851e-01,2.909881749351297398e-01
9.605070426324641142e-01,3.949288477193098335e-02
6.338247915115288178e-01,3.661751342650630403e-01
9.199870592125254376e-01,8.001302021439417322e-02
5.140388146379194501e-01,4.859612666756354393e-01
5.926436426703848293e-01,4.073562750562917389e-01
5.473720322042867625e-01,4.526280500730822109e-01
6.770633104743303265e-01,3.229366072456991699e-01
5.525753241562524343e-01,4.474247621496859617e-01
7.187484028088997334e-01,2.812516835023812223e-01
5.369638612897786878e-01,4.630360488837722555e-01
8.998338298251036260e-01,1.001660802451124904e-01
8.734767840823904894e-01,1.265233059969984308e-01
6.647092552715351266e-01,3.352906541543425600e-01
5.354585242644868126e-01,4.645413848452381589e-01
8.095310941129534310e-01,1.904689999242258902e-01
7.897103803584850645e-01,2.102897138411584099e-01
8.098476249042650954e-01,1.901524711475804097e-01
7.013823042833984278e-01,2.986177929264079989e-01
9.840683443794090435e-01,1.593175519715437499e-02
9.473414667869388683e-01,5.265863526310551879e-02
8.443915489395070750e-01,1.556083485618964535e-01
9.389083413572520964e-01,6.109155519749838448e-02
5.540608459090216042e-01,4.459390502519770538e-01
5.532829367926084263e-01,4.467169592254230381e-01
6.341459743458693898e-01,3.658541296989751279e-01
5.692693390039536006e-01,4.307307657630236597e-01
9.769441260192675003e-01,2.305598207897844448e-02
7.753557108932782604e-01,2.246443975037061835e-01
7.250833888767268531e-01,2.749164952409413054e-01
8.131991429088971657e-01,1.868009785712141657e-01
5.566464104076117581e-01,4.433534661364800233e-01
5.695455885605007484e-01,4.304545350941770820e-01
7.160594662507810959e-01,2.839406592946537300e-01
7.876331975203747504e-01,2.123669284368338572e-01
9.609986043369195263e-01,3.900152187526104847e-02
9.489605166143704196e-01,5.103961395057602518e-02
9.813140016367818408e-01,1.868612893313930517e-02
8.039140417423136231e-01,1.960860904371950209e-01
5.348842847655609356e-01,4.651158482474082034e-01
9.196075676431736401e-01,8.039256742194141048e-02
6.744322876954049750e-01,3.255675746232800094e-01
8.355776657566005294e-01,1.644221958474296474e-01
6.078657524125246070e-01,3.921343862640965239e-01
5.852479573234290466e-01,4.147519014863696452e-01
8.700453435945565417e-01,1.299548002425233439e-01
5.027977176121971592e-01,4.972021358353879705e-01
7.070491145602694205e-01,2.929510332557848651e-01
8.058977032261755991e-01,1.941024447274358744e-01
9.754706170296856271e-01,2.452953095199072661e-02
6.736904332820103924e-01,3.263097149438593525e-01
7.506848682377356141e-01,2.493152817191728043e-01
9.651584033544855501e-01,3.484144641525768055e-02
9.471315404231841484e-01,5.286830613575322496e-02
9.790972455865949442e-01,2.090259892438408110e-02
8.767483711793828682e-01,1.232517854082816333e-01
9.019483764143039206e-01,9.805146596285251037e-02
5.583306971537145280e-01,4.416694616445878130e-01
7.356069702716846459e-01,2.643928700181884528e-01
9.248158694607531150e-01,7.518429071737189884e-02
8.690355679647154830e-01,1.309642710942462707e-01
5.948258532975231327e-01,4.051743080315644563e-01
5.941611967567413943e-01,4.058389646998604161e-01
9.625533984995946479e-01,3.744676505203877598e-02
6.402590728164987421e-01,3.597407626239644274e-01
6.344149294423534480e-01,3.655852396742869659e-01
6.407906295702591182e-01,3.592095431233416902e-01
6.220018374823239604e-01,3.779983358896475965e-01
6.945184269780850794e-01,3.054817471238699400e-01
9.025447818008821566e-01,9.745539325265055453e-02
8.013663442492964251e-01,1.986334798366497234e-01
5.435305470715051657e-01,4.564692725773015769e-01
5.992146835588917364e-01,4.007851316280062748e-01
6.564561680082807715e-01,3.435440173166556810e-01
5.743688501407600011e-01,4.256309617158731684e-01
5.027579993268195269e-01,4.972421917559558535e-01
9.495989430856683899e-01,5.040086363488735510e-02
9.879171182413217789e-01,1.208307643580838579e-02
6.156025124488578859e-01,3.843976837722020146e-01
7.998149861464924903e-01,2.001848146557731745e-01
5.087777666099216889e-01,4.912224328100079918e-01
9.891887615977729142e-01,1.081143894672988680e-02
7.886627580960045014e-01,2.113370382622572763e-01
9.129414071855066481e-01,8.705879779834539700e-02
8.029237902231505242e-01,1.970764162602735570e-01
6.963262871120869946e-01,3.036735059208587328e-01
8.642519894932820801e-01,1.357482198340682622e-01
6.679466472832952251e-01,3.320531420535811074e-01
5.914404808835912464e-01,4.085593071883902305e-01
7.002459562071172705e-01,2.997538275698748422e-01
7.705711391766114637e-01,2.294286387583543418e-01
6.009126832315074829e-01,3.990870920221179508e-01
9.603200151815181052e-01,3.968021043414757948e-02
6.262657235943860368e-01,3.737340501917906233e-01
7.610419662980264510e-01,2.389578055750703200e-01
5.408134435103719717e-01,4.591867860579202931e-01
8.841645930874596493e-01,1.158356374263175143e-01
9.821209554179126666e-01,1.787927818071376532e-02
7.867100729960786465e-01,2.132901606792277083e-01
6.760598357738921704e-01,3.239403987256765372e-01
5.393768355940079529e-01,4.606229296038065746e-01
8.804367018127616795e-01,1.195635340897496374e-01
6.936758875128441471e-01,3.063238760151963391e-01
6.174670131303258147e-01,3.825332239142035795e-01
9.476214791744457244e-01,5.237875963095518089e-02
5.501163809636475666e-01,4.498838589959858747e-01
7.151935803866056318e-01,2.848066616775325466e-01
5.709420801216732455e-01,4.290581650260376079e-01
5.492803648485017343e-01,4.507198814131526676e-01
9.443708163724470195e-01,5.562893455669087189e-02
9.429030426535943699e-01,5.709670801398228357e-02
5.856123706586309208e-01,4.143878793400483374e-01
7.155571515419862916e-01,2.844430996667705602e-01
9.536103716483990134e-01,4.638988033742643541e-02
6.138158399386580699e-01,3.861844135112495469e-01
6.499953943389483735e-01,3.500043510491214205e-01
7.749672224859917025e-01,2.250325224097617927e-01
7.001273213585506028e-01,2.998729363519735958e-01
8.539167096928251821e-01,1.460830292157489219e-01
5.179340147950479700e-01,4.820662468649636323e-01
6.743200002635093560e-01,3.256802634185292367e-01
7.690859998842904943e-01,2.309137357774461996e-01
7.221122862665718678e-01,2.778879791713035341e-01
9.022084178084659456e-01,9.779131653352829412e-02
9.505133954414337616e-01,4.948633672563514802e-02
8.126956818542434569e-01,1.873045882990398148e-01
9.337572087387889797e-01,6.624306160218021433e-02
6.073186092633792166e-01,3.926811199996680379e-01
8.037135826337175049e-01,1.962866881211220438e-01
6.780153996884241696e-01,3.219848717042175235e-01
9.888515279542851033e-01,1.114874399244228896e-02
7.692625454412965746e-01,2.307371822373320558e-01
9.818156928359269564e-01,1.818458011490427587e-02
8.237721111092068949e-01,1.762281629919654757e-01
8.778269582055511222e-01,1.221727629287107098e-01
8.967972652145180801e-01,1.032024556122888015e-01
7.487370229392505960e-01,2.512632652071904449e-01
6.659031205501717565e-01,3.340971711973054203e-01
6.264270164084771997e-01,3.735726890612108830e-01
5.174089784297574157e-01,4.825913161112388994e-01
7.336428434757783501e-01,2.663574513732274163e-01
5.553918229857032207e-01,4.446078821577345574e-01
5.509412842300711599e-01,4.490584154836778641e-01
8.871167557542162241e-01,1.128829423890736899e-01
8.785009080076839894e-01,1.214987894774359339e-01
7.614808063076832223e-01,2.385188910247318106e-01
6.533881902941902631e-01,3.466121173971116742e-01
7.487168342220035244e-01,2.512834741040612108e-01
7.011870405055873334e-01,2.988126506019009865e-01
8.721361999654591024e-01,1.278634892723822247e-01
9.702731008738543217e-01,2.972658496160456715e-02
5.836281155034261925e-01,4.163715700172240797e-01
5.746241011704817936e-01,4.253755764508307391e-01
8.019818584447080401e-01,1.980178188718933197e-01
5.878713234941581600e-01,4.121289996250803722e-01
8.653709777643217027e-01,1.346293481926362778e-01
9.687440122826783684e-01,3.125631450588367555e-02
9.310623215208529979e-01,6.893800556419885095e-02
6.299875337539607711e-01,3.700127939949072187e-01
7.464548443690172119e-01,2.535448253250406903e-01
8.618035154807416331e-01,1.381968172498184155e-01
7.808420821933718114e-01,2.191582515225719563e-01
8.916816170309891376e-01,1.083180482498838221e-01
9.799825196736429156e-01,2.001714417480943836e-02
6.493588319638800010e-01,3.506415048571808746e-01
7.978673113626331137e-01,2.021330287575630047e-01
9.183937501215446719e-01,8.160659124862149061e-02
6.168838453812014455e-01,3.831164982314412826e-01
5.658862705250919944e-01,4.341133856936986168e-01
6.054394666393986268e-01,3.945601892022358448e-01
8.436540671682957182e-01,1.563455879928933312e-01
8.883872665069900698e-01,1.116130799570098642e-01
8.814243159916930193e-01,1.185760327627897459e-01
6.674796770426749681e-01,3.325199704079078167e-01
8.923221581424182203e-01,1.076781960183063602e-01
5.155894465606469801e-01,4.844101987802733045e-01
6.045244498385461407e-01,3.954759070152691347e-01
5.661508360973062093e-01,4.338495224683986962e-01
7.156291220967749833e-01,2.843712382731957700e-01
5.323358300608455052e-01,4.676638095018541552e-01
6.825213306521429324e-01,3.174790302430047229e-01
5.685085031940018130e-01,4.314918621363825202e-01
6.146986341154581091e-01,3.853017315375651952e-01
5.831322842426466257e-01,4.168673500879016003e-01
9.027297347018916618e-01,9.726989753576534281e-02
9.528753772767519781e-01,4.712499061498024583e-02
9.507574285963947824e-01,4.924294064825639194e-02
6.719977798551488579e-01,3.280018493270149271e-01
8.760840077985597718e-01,1.239156192690235025e-01
9.803113729650209107e-01,1.968900066435327542e-02
9.790096009830839829e-01,2.099077354157682929e-02
7.048963701547243943e-01,2.951032548569338942e-01
8.986503125287043092e-01,1.013500629039118389e-01
9.834942299101945284e-01,1.650614605277275423e-02
7.429206141803157415e-01,2.570790072975812635e-01
8.418467970727159244e-01,1.581528243372845310e-01
7.623540119372941293e-01,2.376463670169295939e-01
9.670820858932546171e-01,3.291829307818817940e-02
6.738130789317972047e-01,3.261873030814614327e-01
9.037396029647509765e-01,9.626001486441260191e-02
9.821340330241397076e-01,1.786635489167356927e-02
7.619082878639189538e-01,2.380921033781402407e-01
6.501928461008037452e-01,3.498067625677385717e-01
5.079867934222771497e-01,4.920135981396804858e-01
5.222094041186746693e-01,4.777909878081100792e-01
9.424955351709671802e-01,5.750407256973063402e-02
6.916850856787656321e-01,3.083153081941991669e-01
6.276921578100811416e-01,3.723074466091424450e-01
8.762937032709006147e-01,1.237066931827881106e-01
5.235369191947399914e-01,4.764634792628875681e-01
5.609006373961413772e-01,4.390997634616611855e-01
5.847836802491231945e-01,4.152167224234166731e-01
8.257998553220169402e-01,1.741997381830532043e-01
8.858247482867480649e-01,1.141756586138521906e-01
7.439629980478594806e-01,2.560374091505387417e-01
7.774025090117188119e-01,2.225970831183005094e-01
7.690239714269211380e-01,2.309756176514575488e-01
5.541346661050745581e-01,4.458657458051098477e-01
8.431926261736443218e-01,1.568077866449952007e-01
9.123434270850782069e-01,8.765615612936118739e-02
8.126853851252644478e-01,1.873150334515202575e-01
5.571863172069336789e-01,4.428141049587279721e-01
8.813745385508957586e-01,1.186250375248292244e-01
8.176458774745667402e-01,1.823545468096868516e-01
9.915560741402824618e-01,8.443499373050252291e-03
6.892274264717659360e-01,3.107730003307652700e-01
7.898299721592385580e-01,2.101704601217793678e-01
6.714730425646973089e-01,3.285265249716840530e-01
9.189673108937268520e-01,8.103225072396173789e-02
7.237350619243720917e-01,2.762653786998600092e-01
5.289741977289704744e-01,4.710253611186676626e-01
8.334765506267685087e-01,1.665238920534549416e-01
9.115111607751643641e-01,8.848928230754583846e-02
8.021485769840001057e-01,1.978518682838184828e-01
9.256757344950971023e-01,7.432471122026014509e-02
7.465145686623424481e-01,2.534849853643021400e-01
6.752956312096438651e-01,3.247039215828667058e-01
7.054325649914990892e-01,2.945678844409139185e-01
9.740240662585736287e-01,2.597548250500782835e-02
6.866717122634505843e-01,3.133287409941783452e-01
9.676152525072195809e-01,3.238520380533073395e-02
5.670273397177523211e-01,4.329731174011285377e-01
5.332538133651408829e-01,4.667457268423664818e-01
8.985981316690334619e-01,1.014014058389672984e-01
5.366984994263813702e-01,4.633010379160279468e-01
9.664188030365863380e-01,3.358073321906578784e-02
7.633266672283759435e-01,2.366737988432259243e-01
9.511618882967316502e-01,4.883764455734155435e-02
9.362853802095825184e-01,6.371415223549153906e-02
9.501333917307694943e-01,4.986613984744291822e-02
9.075272301163470612e-01,9.247323970523152470e-02
6.185803620168985884e-01,3.814201083052957131e-01
7.444283384794353475e-01,2.555721330550155268e-01
6.511795835359893703e-01,3.488208893712124170e-01
5.954890610025290743e-01,4.045114124612803619e-01
8.793683997075181225e-01,1.206320753883467628e-01
7.737837331091252935e-01,2.262167422833858965e-01
9.759048143986962520e-01,2.409470976894791117e-02
6.687701830124550550e-01,3.312302958306032052e-01
9.498603517583863454e-01,5.013916907724795535e-02
6.343862919454972271e-01,3.656141880781130227e-01
7.210596462712434151e-01,2.789398736006560298e-01
6.098879995541676147e-01,3.901115195399995628e-01
9.515537341173010422e-01,4.844578080198193304e-02
5.074542349515810402e-01,4.925452787770040475e-01
8.624170507629157489e-01,1.375824609857486391e-01
9.566592107501514786e-01,4.334029881641204840e-02
6.205812671480004372e-01,3.794182417717867906e-01
7.264951061884677985e-01,2.735044025316645810e-01
6.839538614103346514e-01,3.160456450599475886e-01
7.879107954687724069e-01,2.120896992937694736e-01
8.678465445931766720e-01,1.321539520806409296e-01
9.361665927850373325e-01,6.383291012232719663e-02
6.460402379805340045e-01,3.539592630919140004e-01
5.893460220708155450e-01,4.106534764500137102e-01
5.992648702343881251e-01,4.007346262797313319e-01
9.320263134389101811e-01,6.797318178627358154e-02
7.692918669271917587e-01,2.307086388381458242e-01
7.777526029788355277e-01,2.222479029005630657e-01
7.075607166117712232e-01,2.924397917231081889e-01
7.637617107574172781e-01,2.362377799617925433e-01
6.132583597205376602e-01,3.867411309291065580e-01
9.670049766125667912e-01,3.299553281134360444e-02
6.790957844109358765e-01,3.209037045487374007e-01
9.571154611240928478e-01,4.288402598638074714e-02
7.136252492088694943e-01,2.863742351073848558e-01
5.501497193522093543e-01,4.498507980918132199e-01
6.589153398893106139e-01,3.410841402406903367e-01
9.541461172947787173e-01,4.585440368784214626e-02
8.576938659404746979e-01,1.423056127550692551e-01
7.079760363045939364e-01,2.920234408973256257e-01
8.283939406560613117e-01,1.716065833798954277e-01
8.962469385858867765e-01,1.037535858919264725e-01
5.898139705957400336e-01,4.101865548451663623e-01
8.623441419337364300e-01,1.376553322117278211e-01
9.553573936392041333e-01,4.464207950180743012e-02
9.046266255070694040e-01,9.537284633995661565e-02
8.977832105469547574e-01,1.022173192701529287e-01
6.158960333986541746e-01,3.841044973888790293e-01
8.609153988153965820e-01,1.390851353265827317e-01
8.037491188796255237e-01,1.962503459730615962e-01
5.480362362366010265e-01,4.519632284897752705e-01
7.195880285410365396e-01,2.804125068356239092e-01
6.097428064634901057e-01,3.902566548206297670e-01
5.136517516566996289e-01,4.863477081220897724e-01
7.051583445131043293e-01,2.948411134055684002e-01
8.084670407225047484e-01,1.915324152846526462e-01
7.408984670922548199e-01,2.591009877496310843e-01
7.156458490247288307e-01,2.843536058131553856e-01
6.042270434358683051e-01,3.957724111391693333e-01
6.425896537566526678e-01,3.574098000991280388e-01
8.169275168696830125e-01,1.830730293145076681e-01
7.102895383361755854e-01,2.897099135564455974e-01
8.035959160372565524e-01,1.964046326871711490e-01
7.964016307274988105e-01,2.035989184687473363e-01
5.397983473745459060e-01,4.602022042716409356e-01
8.483676581834327379e-01,1.516328966098235143e-01
9.772485165786668482e-01,2.275204110011844541e-02
6.578437703599187003e-01,3.421556708511244715e-01
5.290265143046738450e-01,4.709740451622693169e-01
7.719340091704828266e-01,2.280654251002600663e-01
9.649322837834574118e-01,3.506828611741615725e-02
5.403355340341833291e-01,4.596650390122485330e-01
8.054437109060726963e-01,1.945557144464286348e-01
8.452008347736907901e-01,1.547997399405206809e-01
9.022260625912233989e-01,9.777451227545384815e-02
6.172478823351595922e-01,3.827526931942110688e-01
8.116754374993202514e-01,1.883239867394106981e-01
7.134092801302605036e-01,2.865912976620929031e-01
9.418577288624738753e-01,5.814169190898108019e-02
9.490316570214611946e-01,5.096776338898720976e-02
9.575653957455645404e-01,4.243402401814734548e-02
7.587697663538028880e-01,2.412308143512749692e-01
8.008792865865661526e-01,1.991212948396167137e-01
5.850849497634850183e-01,4.149156320656724461e-01
9.336409074226432736e-01,6.635851056081717991e-02
6.183148631217112445e-01,3.816845535393302291e-01
6.450204307011480065e-01,3.549801537967494647e-01
6.129736275478517848e-01,3.870269585317929750e-01
6.574746674381247713e-01,3.425259224404439418e-01
7.767423988687708336e-01,2.232570103974608755e-01
5.082907289026722397e-01,4.917098643396988766e-01
7.100189101430611771e-01,2.899816840880979352e-01
5.642483716391880622e-01,4.357510307587975640e-01
7.388547577683863832e-01,2.611458422689926784e-01
6.653543290343916228e-01,3.346462741566382237e-01
6.771967737641908514e-01,3.228026213856340920e-01
9.241969735077072423e-01,7.580242162480485546e-02
6.886911080767609272e-01,3.113082831333566225e-01
8.529601081992890244e-01,1.470405026180831021e-01
9.722387800785641243e-01,2.776183098773986682e-02
6.029869398488651999e-01,3.970136720481181603e-01
6.373977960085969174e-01,3.626028182136541433e-01
7.748155020574845064e-01,2.251838802366214753e-01
8.296594672750803312e-01,1.703411508357766391e-01
6.381274412460244960e-01,3.618719400699199618e-01
9.266245955872666196e-01,7.337478287237411689e-02
6.967259664417057019e-01,3.032734115399858821e-01
9.882343018294089676e-01,1.176632231776916435e-02
5.829314978951675164e-01,4.170678758003465991e-01
6.497756794733251517e-01,3.502236939327900145e-01
9.116495880934381013e-01,8.835103858467432958e-02
9.047071896624723220e-01,9.529218335812542073e-02
6.131983137123858674e-01,3.868023167334221357e-01
9.655243407010867251e-01,3.447502791557855578e-02
6.327731325894603298e-01,3.672262331960844395e-01
6.547904095051293449e-01,3.452089555444756153e-01
9.394322822954617180e-01,6.056835373567821812e-02
5.304666251878741301e-01,4.695340111131415251e-01
9.801300950804292533e-01,1.986926807908093520e-02
5.394882928516829823e-01,4.605110700489656872e-01
8.729424910875539512e-01,1.270581461417067404e-01
6.225686815631047422e-01,3.774306790387663701e-01
9.319480968661247866e-01,6.805126309440859278e-02
8.366017553752882474e-01,1.633988894090218080e-01
9.477236386100486021e-01,5.227571482436298850e-02
8.290742852223971227e-01,1.709263624749498278e-01
6.050367668729147441e-01,3.949625821965357941e-01
7.754919501242281132e-01,2.245073976095531554e-01
7.688627318260763399e-01,2.311379231820546443e-01
8.783877252693164106e-01,1.216116182177975347e-01
8.655609591876182174e-01,1.344396976361910689e-01
9.754669567323889234e-01,2.453370028901582720e-02
9.899788194071583725e-01,1.002183875655703743e-02
9.271676763846457003e-01,7.283166290044877644e-02
9.202948259473429093e-01,7.970583619476891146e-02
5.204501716104182885e-01,4.795504918149210427e-01
7.113428099208003452e-01,2.886578545018102515e-01
7.272842728023478642e-01,2.727150621239105566e-01
8.273439203902041017e-01,1.726567456905798159e-01
5.320598824603569588e-01,4.679394445096908828e-01
7.847942767994646740e-01,2.152050493469772896e-01
8.819679252394718727e-01,1.180327539197876946e-01
7.289704599893627179e-01,2.710302201376640352e-01
7.861746754139573579e-01,2.138260062888716340e-01
7.446328857072752605e-01,2.553664285411944568e-01
9.007475390419861228e-01,9.925177442683515150e-02
6.576980876416160804e-01,3.423025996306318652e-01
5.074882527382236219e-01,4.925110596408217023e-01
5.070630323533631412e-01,4.929362778695471903e-01
6.024703211632033151e-01,3.975289884045629663e-01
7.074939344020345633e-01,2.925067567549436975e-01
8.976461981269461265e-01,1.023531097546932084e-01
8.048498155604085769e-01,1.951508769734736359e-01
9.248863394865655119e-01,7.511435322170156859e-02
7.440168896402452603e-01,2.559838054293653298e-01
9.204678976920239730e-01,7.953140609197154043e-02
9.191790085296793755e-01,8.082029205864561805e-02
8.200761052792435724e-01,1.799245942088236183e-01
8.054129766503430599e-01,1.945877229631014227e-01
7.049301094022909497e-01,2.950691879825654285e-01
9.903136089749012827e-01,9.687093999505198144e-03
7.892611431277003486e-01,2.107381530949541115e-01
5.119598247555592341e-01,4.880408791190239959e-01
6.383868681058622041e-01,3.616138403075319641e-01
6.171196248874071255e-01,3.828810857607336526e-01
8.032367528246395771e-01,1.967639593144890064e-01
7.291818507131559990e-01,2.708174370679160003e-01
7.859008868641792489e-01,2.140998277502133840e-01
8.961901762354305134e-01,1.038105412453188964e-01
5.884192619968408033e-01,4.115814631174513627e-01
8.222098676416420560e-01,1.777894056227507513e-01
5.688089977133119479e-01,4.311917294252226029e-01
8.254409727156752918e-01,1.745597547500633284e-01
7.559094915740417475e-01,2.440912371328614050e-01
8.038552759308310591e-01,1.961454529227029953e-01
6.830722625100793532e-01,3.169284665132577339e-01
6.776675309104051026e-01,3.223317356551662627e-01
6.119073068404808913e-01,3.880919591409718317e-01
6.719525425993975176e-01,3.280467230231675080e-01
6.672023941784770429e-01,3.327983415309948012e-01
7.507470000563791768e-01,2.492537361504534310e-01
7.718652704569413103e-01,2.281354669090208676e-01
7.458388673043235828e-01,2.541618734312344752e-01
5.096555081636058304e-01,4.903452334778711230e-01
8.924907712632988988e-01,1.075084865956723312e-01
5.075464622411458571e-01,4.924527912429178533e-01
7.128190867068597836e-01,2.871801657196161872e-01
5.080965319001586877e-01,4.919027193860161518e-01
8.953783731773763410e-01,1.046208766008864532e-01
6.935898242526488122e-01,3.064094245549454643e-01
5.024932445118472923e-01,4.975075103273315369e-01
5.613224924545816563e-01,4.386767523154151971e-01
8.827618927184091024e-01,1.172388646662677059e-01
8.144134678402883409e-01,1.855857739628635483e-01
7.888703385393870393e-01,2.111289029597172850e-01
9.135729007644106670e-01,8.642785998023838623e-02
8.698866115908958641e-01,1.301126272294015618e-01
5.748027986844119752e-01,4.251964373147520959e-01
6.435459088571646724e-01,3.564548573140441934e-01
9.103882094781097223e-01,8.961102401455482702e-02
5.636606516227300467e-01,4.363385791901219779e-01
9.133709594731118653e-01,8.662981019046682440e-02
8.336935400100193849e-01,1.663072309639599955e-01
7.253856160885271409e-01,2.746151550068934855e-01
8.563628873499014027e-01,1.436378848494074822e-01
8.449318699796732890e-01,1.550689027104378281e-01
6.802476162089445832e-01,3.197531565997338565e-01
9.749356500504251510e-01,2.506357349392033390e-02
9.249217356350348807e-01,7.507748658211965687e-02
6.540245636842074717e-01,3.459762211788003361e-01
5.081230660407869415e-01,4.918777198358001423e-01
7.329186809560204185e-01,2.670821063216239355e-01
8.477329625356901932e-01,1.522678259286970037e-01
9.549701309762033130e-01,4.503065833832901876e-02
5.160786931869368876e-01,4.839220962452029373e-01
7.614162663555832378e-01,2.385829433053083537e-01
6.842133580472882226e-01,3.157874336931464909e-01
6.901359522445856820e-01,3.098648435874476470e-01
9.428529082856782484e-01,5.714788783345053913e-02
7.471733773611972662e-01,2.528258261650433991e-01
7.916168352762584792e-01,2.083839627348406387e-01
7.864639027291053797e-01,2.135368961067664606e-01
8.471976393253419779e-01,1.528015617340226229e-01
8.869673970288161069e-01,1.130334039014026237e-01
8.271940898356477945e-01,1.728067112053169596e-01
6.414261120731150623e-01,3.585746890872060222e-01
6.573600764952309827e-01,3.426391213955302106e-01
8.425437272761333585e-01,1.574570748368120943e-01
8.233564971382432152e-01,1.766426988773644735e-01
9.269629010997846308e-01,7.303790307968477391e-02
6.459997318064324423e-01,3.540010729323074812e-01
6.552238465626660791e-01,3.447769637912572183e-01
6.293189358860180604e-01,3.706818753207334338e-01
9.276147608040742343e-01,7.238605133180099627e-02
7.728449204785157178e-01,2.271558920971326889e-01
5.532924066798632357e-01,4.467067801635255520e-01
7.894865979785055110e-01,2.105125885780835815e-01
6.785857281578211442e-01,3.214150856919210097e-01
5.275025822420532640e-01,4.724966019395506200e-01
8.751424540652518180e-01,1.248567294824058371e-01
5.711650411319104670e-01,4.288357754971121039e-01
7.414319265745670240e-01,2.585688934003989581e-01
7.134778177250139519e-01,2.865230052315747566e-01
8.862174694514127760e-01,1.137833557714100635e-01
9.033556919653642492e-01,9.664348135556791175e-02
6.471278656582608590e-01,3.528729624489819194e-01
7.976358722600098705e-01,2.023649579342658156e-01
9.739672012712734528e-01,2.603363042576946687e-02
7.691223956652188942e-01,2.308767701226415725e-01
9.730885378974807320e-01,2.691229717527348145e-02
6.128732816912666470e-01,3.871258802660262344e-01
6.473818583762247503e-01,3.526189827291070222e-01
8.246215474153453240e-01,1.753776109569373520e-01
5.276442519279265220e-01,4.723549045834835591e-01
8.802583303672693038e-01,1.197425132446190699e-01
9.743998330088063931e-01,2.560101432041433228e-02
9.326940244312080797e-01,6.730682431141589428e-02
8.438929127212309034e-01,1.561079363791472996e-01
7.622229438027092741e-01,2.377779060179947557e-01
6.993265717056900144e-01,3.006725739910084405e-01
9.501103996718035516e-01,4.988874466070086777e-02
9.747271649861177778e-01,2.527369136828386265e-02
5.625082538209749128e-01,4.374908878577755678e-01
9.422424433112178699e-01,5.775841548394271274e-02
8.466376357551544940e-01,1.533615048666353009e-01
9.353152169734917365e-01,6.468564480298473474e-02
8.699750245465708298e-01,1.300258382575470162e-01
6.184034711393120443e-01,3.815956647584088368e-01
9.372918796949852860e-01,6.270898489850398883e-02
9.704990146037903997e-01,2.950185172854960861e-02
8.351155843353941233e-01,1.648852832172806870e-01
7.523842371839136733e-01,2.476166314548439717e-01
5.964339269770798646e-01,4.035669445807212874e-01
6.991090905341671435e-01,3.008917810482499289e-01
7.469049929930834386e-01,2.530958824296479226e-01
8.453361351822137326e-01,1.546647412343856720e-01
9.766996473010727264e-01,2.329947562789366419e-02
9.213117595779849456e-01,7.868911820356280784e-02
5.284433993403662155e-01,4.715574795875274727e-01
6.174545929382911913e-01,3.825445266770249875e-01
6.279213297494408152e-01,3.720777893578013917e-01
8.889264969278141137e-01,1.110726206508958064e-01
5.076624657904202920e-01,4.923366500088233733e-01
9.861371964736224127e-01,1.386368772912976305e-02
8.624217933458946383e-01,1.375773201028073212e-01
8.003984718448580171e-01,1.996006413153273984e-01
6.975618719290580527e-01,3.024372401566220447e-01
7.228201632903996643e-01,2.771789487664123586e-01
6.027713408875874368e-01,3.972295471671758449e-01
8.633611338393236689e-01,1.366397556703045080e-01
7.315307540169649902e-01,2.684683558466658404e-01
9.324733307801625903e-01,6.752577768584201723e-02
6.111316797239249032e-01,3.888692120331523339e-01
6.194493742318439855e-01,3.805515183648906508e-01
5.226623227095045232e-01,4.773385704387028139e-01
6.276655192363561619e-01,3.723335819528343915e-01
5.267802304589970230e-01,4.732206687741430939e-01
9.634728505818166422e-01,3.652624540576785567e-02
9.343065365541327605e-01,6.569255425260837888e-02
5.040282888767541047e-01,4.959708003233626039e-01
8.519729631940456960e-01,1.480261240734830064e-01
9.590055855797565698e-01,4.099533003136908438e-02
5.256613100196465549e-01,4.743396074129363482e-01
6.298378753994470225e-01,3.701630426883459890e-01
9.106578119697639195e-01,8.934126612303150416e-02
9.509232574282526773e-01,4.907581531824655591e-02
9.771141787144971280e-01,2.288489136416829717e-02
7.226175907459428949e-01,2.773833392448352142e-01
9.888218035229607850e-01,1.117726648618322903e-02
9.628377543029231767e-01,3.716131549093680542e-02
6.905404954272671425e-01,3.094585699999411466e-01
8.284006855698989868e-01,1.716002499227593792e-01
5.916395005440219235e-01,4.083595629364216162e-01
5.039487642746719454e-01,4.960521723914214087e-01
9.159262468532426427e-01,8.407281403347678650e-02
5.662801990718995260e-01,4.337207432867657975e-01
6.888286367290328283e-01,3.111704194601196960e-01
8.140437953181469677e-01,1.859571535591131031e-01
5.728565566228158712e-01,4.271424932699189325e-01
9.664964428014373166e-01,3.350450756262192409e-02
9.896490309345931102e-01,1.035001608501045535e-02
7.868324783211736451e-01,2.131665676250067698e-01
6.963109854834644841e-01,3.036899705503338653e-01
9.109251942726022122e-01,8.907384925707614864e-02
5.256457162866123856e-01,4.743533271293545739e-01
7.917757240368589189e-01,2.082233182339247035e-01
6.499981497664084618e-01,3.500008914686052464e-01
6.029720529905012727e-01,3.970269882439744213e-01
5.930210579913464120e-01,4.069779795009449419e-01
6.879646772850636083e-01,3.120362862402093485e-01
7.492774368953498687e-01,2.507215984939388242e-01
6.883673904151985656e-01,3.116316444150929454e-01
6.403548972462189681e-01,3.596460684687714515e-01
9.697187885983107325e-01,3.028024510482336604e-02
6.490936428615462495e-01,3.509073253458478425e-01
9.766620220881689907e-01,2.333894774771313324e-02
9.147909900947428508e-01,8.520998029777532290e-02
6.002337820916817668e-01,3.997671886825199805e-01
5.239256444988894534e-01,4.760733786129305867e-01
6.742562766013956432e-01,3.257447010951551869e-01
9.686160955284612850e-01,3.138488250278601704e-02
7.979848120324068983e-01,2.020161688190242888e-01
7.706057012726905686e-01,2.293952822755741805e-01
6.483856805895787945e-01,3.516133325354822703e-01
7.628349277287285179e-01,2.371660598318989233e-01
5.192042366496854022e-01,4.807947755896854747e-01
9.092596385623188393e-01,9.074135030095925591e-02
8.005338406465376533e-01,1.994671515922087912e-01
7.673963339864611211e-01,2.326046596425374591e-01
9.201837138191331089e-01,7.981728040849894734e-02
8.201888486627975094e-01,1.798101538358134743e-01
5.343825231109269325e-01,4.656184755372378414e-01
7.334001362678328473e-01,2.666008628569239702e-01
6.428878828866511075e-01,3.571131172443094970e-01
5.310391654192812005e-01,4.689598334214103992e-01
8.163595881882148575e-01,1.836414144522910685e-01
8.836480004121446408e-01,1.163509947447807918e-01
8.900481448210728619e-01,1.099528602812871042e-01
6.124202911427762963e-01,3.875807144507883439e-01
5.996766621443788692e-01,4.003223316104094764e-01
6.253220187862843504e-01,3.746769744459478857e-01
5.926855438242834007e-01,4.073154657464440609e-01
6.764417346642711548e-01,3.235572510399500890e-01
5.716270544383563745e-01,4.283719275725890174e-01
6.256011648739687736e-01,3.743978163449445673e-01
5.969605369069621581e-01,4.030404835619740278e-01
5.223445799952642910e-01,4.776543980876095108e-01
8.614171227785807350e-01,1.385838993169640487e-01
5.979304490126852167e-01,4.020705732436441471e-01
7.443662453270163404e-01,2.556347792189637147e-01
6.007326710965464889e-01,3.992683535139901485e-01
7.019873729862166067e-01,2.980136516380861855e-01
6.439514528175822594e-01,3.560495727632882468e-01
8.466999695632237977e-01,1.533010582024486035e-01
7.929143793929065431e-01,2.070866512525505743e-01
9.623287620169619361e-01,3.767020708444997201e-02
6.680053177515306029e-01,3.319957149894266490e-01
7.042605971890880667e-01,2.957383675626225616e-01
7.932963257855087935e-01,2.067026365268049282e-01
5.351579151332090944e-01,4.648431231026493027e-01
9.914586332793745571e-01,8.542405454625827746e-03
8.915568153103559101e-01,1.084421428193371589e-01
5.143922046460710495e-01,4.856088372571061851e-01
8.302418174029394526e-01,1.697592254863928840e-01
9.899279865315883109e-01,1.007306422051621776e-02
9.018914060900142804e-01,9.810964586528238274e-02
8.006037464474946574e-01,1.993952011295873628e-01
5.017259127621407355e-01,4.982730339363857786e-01
5.918073565142170089e-01,4.081915865703962254e-01
6.873058469929538283e-01,3.126952130090975279e-01
7.031675739170356598e-01,2.968334872966447158e-01
5.780321746560728169e-01,4.219688870125135050e-01
7.593185592258135941e-01,2.406825122442769471e-01
8.293510090512438149e-01,1.706479186684613791e-01
5.466809447986746839e-01,4.533201275462842017e-01
6.422098793975921094e-01,3.577890455257138891e-01
5.655555284981703679e-01,4.344433961618422435e-01
9.732280316619346117e-01,2.677304945969953553e-02
5.297248923916830776e-01,4.702740239416077217e-01
8.533828357713175716e-01,1.466160804974845355e-01
8.066520303064529385e-01,1.933468815340728952e-01
9.740988031105737299e-01,2.590010256389181642e-02
8.501825384539021258e-01,1.498163649477597947e-01
8.742039713639246923e-01,1.257949320227711998e-01
9.311580546561639693e-01,6.884084740180537731e-02
8.390376653259286055e-01,1.609612363547010538e-01
8.700867469461759374e-01,1.299121509071348157e-01
9.186535818763492678e-01,8.134752307532905347e-02
5.554284793830152056e-01,4.445726296350288598e-01
9.242325245906914954e-01,7.576636615238831196e-02
5.662020208232506624e-01,4.337968659657318038e-01
6.698119790382316419e-01,3.301869068611757441e-01
8.300543218028595405e-01,1.699445616797549130e-01
6.415219753987360107e-01,3.584791425641226104e-01
7.995082610340975560e-01,2.004928595219920839e-01
5.566984906613595685e-01,4.433026324043616850e-01
5.273784070345894914e-01,4.726204683487597591e-01
8.417406222091778911e-01,1.582582510711202928e-01
8.317921672599890570e-01,1.682067040735181207e-01
5.042868005152251198e-01,4.957120707869533960e-01
8.082078101302001549e-01,1.917933187768932624e-01
7.168348814957692383e-01,2.831662504219119025e-01
5.212235312576795065e-01,4.787753360716910933e-01
6.655530967393348263e-01,3.344457695742465986e-01
9.290451525316619774e-01,7.095371374279381416e-02
9.771973550863488622e-01,2.280377953669796010e-02
9.346266864000614127e-01,6.537444832421410168e-02
8.466247186195974272e-01,1.533741424270269049e-01
7.300243142791229545e-01,2.699768270052997909e-01
8.013291707419942789e-01,1.986696848071381472e-01
6.320143903283144127e-01,3.679867553817376957e-01
8.960933603338583353e-01,1.039077875553556241e-01
7.489428596895344459e-01,2.510559923552467265e-01
6.172857201551146256e-01,3.827154283603788065e-01
8.985767824550789928e-01,1.014220689768607214e-01
9.652509045577093438e-01,3.474794559387274495e-02
6.161488613414429771e-01,3.838522896038049637e-01
5.175795892249175356e-01,4.824192574675000844e-01
8.527432023180910869e-01,1.472556402631582106e-01
9.130447922424123064e-01,8.695636523105056137e-02
8.249253253654922347e-01,1.750735141727921551e-01
9.480380168030715371e-01,5.196082268073081573e-02
5.728354724722474201e-01,4.271656895003936860e-01
5.291715333991303671e-01,4.708296327043287044e-01
5.106297666063557283e-01,4.893714039446160902e-01
7.568014451828155575e-01,2.431973835862648592e-01
6.889296966993558868e-01,3.110691319419637835e-01
9.288074181663082962e-01,7.119140978240637296e-02
6.881185678853961596e-01,3.118826060674145251e-01
9.528016830587706654e-01,4.719714296737736320e-02
7.027880393525094416e-01,2.972131355069371761e-01
5.069542547369038088e-01,4.930469216835320356e-01
5.388863489569298837e-01,4.611148284031107991e-01
6.334225019758565889e-01,3.665763175940481289e-01
7.284827148157742016e-01,2.715161033540639535e-01
5.639280243038293783e-01,4.360707926157110226e-01
7.232641561159024457e-01,2.767346598873516306e-01
7.844954478216568106e-01,2.155057407390179314e-01
9.121798943699428452e-01,8.781891637221490854e-02
8.859512205260332562e-01,1.140499696425885390e-01
7.253417968452728903e-01,2.746593942868426619e-01
6.892043873769813089e-01,3.107968074585842344e-01
8.221395384423322295e-01,1.778592659679095744e-01
7.364633485808874669e-01,2.635378479944205377e-01
9.257963336736223514e-01,7.420246958274664961e-02
6.070891244743072956e-01,3.929096787022953730e-01
6.154494649363191350e-01,3.845517328405964608e-01
7.278984806148418585e-01,2.721003210083833834e-01
5.515866312422947892e-01,4.484145673832971579e-01
9.405054773728078743e-01,5.949572190518230552e-02
5.366160228634283547e-01,4.633827770255645739e-01
8.818022549826042278e-01,1.181965448856041045e-01
5.141391915098139087e-01,4.858596046549296110e-01
7.690627965021661350e-01,2.309359996560460537e-01
7.312829718219677755e-01,2.687158242156340027e-01
5.754016473237207885e-01,4.245971477221309187e-01
6.457476121794967217e-01,3.542511818759064846e-01
8.525640260135469717e-01,1.474347679665727606e-01
5.610871650718952663e-01,4.389140411994809088e-01
7.017988797360602549e-01,2.982023283245073264e-01
9.662902649597621130e-01,3.371094354482057770e-02
8.192257429720207762e-01,1.807730473169110452e-01
7.622129265043442459e-01,2.377882846194744049e-01
7.769733338239261933e-01,2.230254543923851918e-01
9.357410029045056810e-01,6.425778495257844503e-02
6.553117037658984234e-01,3.446895088727204848e-01
7.471089852052705815e-01,2.528898013757077678e-01
5.651527518573129516e-01,4.348484618674695046e-01
9.003189185230129343e-01,9.967986501932465937e-02
7.843950332806123305e-01,2.156037473413577876e-01
8.323661518674827509e-01,1.676326285120947057e-01
5.567922515570062902e-01,4.432089710693981055e-01
5.252174511357491360e-01,4.747837718592670120e-01
8.461284025197147729e-01,1.538728209160064864e-01
9.652845462516467245e-01,3.471667820655082587e-02
6.286036193241496539e-01,3.713976114496807535e-01
8.537644366547756380e-01,1.462343314912234460e-01
5.270240674631913036e-01,4.729746982843300862e-01
5.401347010245729496e-01,4.598665332845326414e-01
6.666393663390588475e-01,3.333618686040478174e-01
7.378641136041386162e-01,2.621371215490561624e-01
7.584067587000355992e-01,2.415919986806852882e-01
5.935929162967001904e-01,4.064083298704611047e-01
8.145677761034793019e-01,1.854334703443459575e-01
9.283393599183389355e-01,7.166188712736987210e-02
5.323732601008808185e-01,4.676254922138131098e-01
7.320797458645607048e-01,2.679215052692916488e-01
6.963121839513946032e-01,3.036890674014390834e-01
5.737114689223165032e-01,4.262897837033852722e-01
6.709274766841908377e-01,3.290737793655921783e-01
7.792938917520981779e-01,2.207073661505677964e-01
9.281011585199496761e-01,7.189758174509398858e-02
5.403853986404250076e-01,4.596133415778279607e-01
8.684586112313366080e-01,1.315426529430648861e-01
5.374119856540059414e-01,4.625867500366184770e-01
7.248159844179524747e-01,2.751852804318968282e-01
5.547612588675616685e-01,4.452374753199560553e-01
5.845895426137940332e-01,4.154117255483843474e-01
7.496535049516930282e-01,2.503477658220885638e-01
8.610473787335011231e-01,1.389538935990901891e-01
5.656842875231152812e-01,4.343144401173088531e-01
8.602757821887347944e-01,1.397254904802038011e-01
7.450357824356127479e-01,2.549629440694471949e-01
8.743400100237097572e-01,1.256587152381105910e-01
5.765473016077757862e-01,4.234539734278768286e-01
9.055475618657542469e-01,9.445116223468726091e-02
9.225899084863796729e-01,7.740881188296915016e-02
6.193421666487062272e-01,3.806565527712759134e-01
8.403741595418223742e-01,1.596245589293685818e-01
9.325491374953753798e-01,6.744958095406121401e-02
6.528846911388894725e-01,3.471165917677711543e-01
8.830070807461923854e-01,1.169942032940049365e-01
8.081207748224528142e-01,1.918779408358546879e-01
5.862190900339282473e-01,4.137821970281654327e-01
5.863071040322483940e-01,4.136916077793282853e-01
7.977761203564281978e-01,2.022251698159575894e-01
8.552663343845495758e-01,1.447323640864579541e-01
8.823477939700592465e-01,1.176509021626487572e-01
6.844706494159744636e-01,3.155306554558182652e-01
8.013354599542933387e-01,1.986658461513526597e-01
6.309087957919459200e-01,3.690925113426415383e-01
7.283098298388295255e-01,2.716888620990019487e-01
5.167769602162469722e-01,4.832217293283296300e-01
8.838323679335671201e-01,1.161689428995837103e-01
7.663553622336838345e-01,2.336433259619928315e-01
5.752368683845927588e-01,4.247618174925312795e-01
7.752881797874013881e-01,2.247131362918343978e-01
9.325863664473048598e-01,6.741231740192833721e-02
5.225305612108366304e-01,4.774681209824567785e-01
7.038174547881053122e-01,2.961838638015750758e-01
6.418001259516011858e-01,3.582011939399005196e-01
9.177320973021287909e-01,8.226922321619584144e-02
5.831681064163404260e-01,4.168305714157193309e-01
5.144052607343968520e-01,4.855934160107799324e-01
8.224100297945922122e-01,1.775912943064734129e-01
7.273683621862035986e-01,2.726329647721026372e-01
9.371514154923822337e-01,6.284725636807951543e-02
6.403096819609470636e-01,3.596889876923218266e-01
8.325865864026199548e-01,1.674147449702189649e-01
8.304454310024020902e-01,1.695559027806717300e-01
9.594716838562953320e-01,4.052697846440714985e-02
5.004774888546486000e-01,4.995211725146154746e-01
8.704725609904566674e-01,1.295261002521423122e-01
6.009631114598776858e-01,3.990382274726949063e-01
6.120619811703387203e-01,3.879366797742354045e-01
5.951931672130663653e-01,4.048054816714178328e-01
5.967700655866442494e-01,4.032285807255313603e-01
8.980994216459741164e-01,1.018992241366734469e-01
8.743908406455502824e-01,1.256078025883675675e-01
6.983664946749009728e-01,3.016321450702333373e-01
5.210413659278696485e-01,4.789572706783605249e-01
7.379638644785480039e-01,2.620375025752391118e-01
6.062983963478350002e-01,3.937029713712802970e-01
9.118038786022714115e-01,8.819749315941700918e-02
9.125478609129017427e-01,8.745351318879578117e-02
5.918748182327084884e-01,4.081238070524723094e-01
6.437350201531232274e-01,3.562663566766297585e-01
7.382110447135751263e-01,2.617875780731824253e-01
9.510119893626849397e-01,4.898938942155813686e-02
8.975353227083575636e-01,1.024632942949965514e-01
9.428083925106744978e-01,5.719022201201014177e-02
6.019967145850667611e-01,3.980018995871472121e-01
6.678306718805674391e-01,3.321707145156283514e-01
7.983398931189609193e-01,2.016587128253684857e-01
6.064792146373140236e-01,3.935221799051141223e-01
5.919602967928776494e-01,4.080410983087675580e-01
8.359052555400130480e-01,1.640933493089972162e-01
9.200732424293026623e-01,7.992815413395359947e-02
7.199145302952333347e-01,2.800840723147015043e-01
7.063404451824634167e-01,2.936609560829567256e-01
6.538382688134315446e-01,3.461603286818665248e-01
9.300493982014564898e-01,6.995200512459834319e-02
9.552958850325707907e-01,4.470552033298193229e-02
8.171540670614625412e-01,1.828445275126880654e-01
7.005109117008282427e-01,2.994904971011401185e-01
5.541922642240846297e-01,4.458063252708563406e-01
6.273006603487331079e-01,3.726979288165226945e-01
8.651182665518855064e-01,1.348803201865632351e-01
9.053714606446168212e-01,9.462995299641331626e-02
6.619929954019381224e-01,3.380084198696460263e-01
6.839816871073272075e-01,3.160197296935096656e-01
7.938459349999553716e-01,2.061554829994705906e-01
6.331442574480893315e-01,3.668571634649099300e-01
9.057840048359380170e-01,9.421457355525184041e-02
6.811951035802020771e-01,3.188034723998863784e-01
9.639250759667532531e-01,3.607634833189060641e-02
7.658770758939944523e-01,2.341214960598227701e-01
7.269624662997447029e-01,2.730389620679823937e-01
7.080844903511678279e-01,2.919140796973499485e-01
5.369021834867133691e-01,4.630992528090858706e-01
5.699501165844244044e-01,4.300484469338357041e-01
9.444163754089773821e-01,5.558218791615272131e-02
7.339087882023203058e-01,2.660897738934160373e-01
8.960119447287560046e-01,1.039894980720095785e-01
8.653393646241673842e-01,1.346620797949016901e-01
6.102935120265831070e-01,3.897079332574824306e-01
7.198006280543516322e-01,2.802008173860429663e-01
6.261472121235043264e-01,3.738513412109737977e-01
9.653066885775847261e-01,3.469476145393798200e-02
8.583886991064224592e-01,1.416098507934980544e-01
9.229241788398370172e-01,7.707727168660793993e-02
9.763054349176520930e-01,2.369601613337935994e-02
7.704362445218613242e-01,2.295623027281853135e-01
5.579549822826090910e-01,4.420435638461549521e-01
5.492276093397511216e-01,4.507738446475400562e-01
8.226054574316645773e-01,1.773930873156067123e-01
5.552507347981604502e-01,4.447507217357952736e-01
5.769317461399642299e-01,4.230667972492319628e-01
5.702863993867489656e-01,4.297150631886734184e-01
9.149908552586760724e-01,8.500768011924121625e-02
7.249103799471879883e-01,2.750881515003580358e-01
6.580262854212608481e-01,3.419722449263656316e-01
9.292163161516328040e-01,7.078221057684404294e-02
6.728567804581669920e-01,3.271417452202394771e-01
5.560885251041883803e-01,4.439129498138502661e-01
7.064343135578530219e-01,2.935671675597980035e-01
7.326197925739657002e-01,2.673816889228299298e-01
6.868405507769395069e-01,3.131579649485654038e-01
9.712507072276721498e-01,2.874780605212086393e-02
7.009798729186375033e-01,2.990186391736098792e-01
6.464455104789218476e-01,3.535529953470374909e-01
5.123167346278930667e-01,4.876817709846421045e-01
8.996067166881843713e-01,1.003947777828764487e-01
5.518399449373949661e-01,4.481585564704645974e-01
6.624575650390807091e-01,3.375409357134090405e-01
5.212194111540512376e-01,4.787820902854607041e-01
8.755667609938462270e-01,1.244347426809627871e-01
9.738897689788622580e-01,2.611173510762814648e-02
8.875414369700860284e-01,1.124570550984123896e-01
7.681235183537840072e-01,2.318779907910382132e-01
5.170898017182091744e-01,4.829117082051550547e-01
7.463889570912668470e-01,2.536095280641739724e-01
6.771055904467162545e-01,3.228959245642386011e-01
7.146204884610763974e-01,2.853779956283546415e-01
5.520856634713197097e-01,4.479158553718396441e-01
6.480033882529588896e-01,3.519950917740618523e-01
6.604444285383295199e-01,3.395570931550710991e-01
5.324592612991687623e-01,4.675422646978216745e-01
9.147359999955126941e-01,8.526552699187550655e-02
8.959078358361165506e-01,1.040936970438040565e-01
5.918244981628920653e-01,4.081770351737245006e-01
8.124704468798074064e-01,1.875280194963741265e-01
5.731427348371039843e-01,4.268557296273602919e-01
6.826267326029652471e-01,3.173748060584663522e-01
5.525682031396811356e-01,4.474333360458785380e-01
5.050018720857097909e-01,4.949996694976019906e-01
8.014505657929091864e-01,1.985509764300283364e-01
5.118603042797826852e-01,4.881381520816303055e-01
8.040082534999997144e-01,1.959932910629567926e-01
6.160200835837261746e-01,3.839783712122432635e-01
8.983517133486815798e-01,1.016498327683419273e-01
5.823930429682552257e-01,4.176054107299835283e-01
9.456857784073535722e-01,5.431576867648160029e-02
6.723326547440431344e-01,3.276688937516214484e-01
5.333781792699632263e-01,4.666233704518687464e-01
6.786923056502487395e-01,3.213092446707881411e-01
8.594704725435964310e-01,1.405310789010486006e-01
5.804001242312643027e-01,4.196014381948682259e-01
5.715760956537347948e-01,4.284223402007594217e-01
8.309351092662340399e-01,1.690633248960924095e-01
6.156199353108904315e-01,3.843784963315100001e-01
7.019036309664570261e-01,2.980979384801382692e-01
6.114225904612710094e-01,3.885789795639023048e-01
7.855648334027389712e-01,2.144367374157681860e-01
7.688699770450335702e-01,2.311284512416585113e-01
9.251218921284611874e-01,7.487653521661152833e-02
6.723165750908580707e-01,3.276818503423930551e-01
6.320788905860287299e-01,3.679226846255936323e-01
6.185817498238139756e-01,3.814166745124873970e-01
5.659990967902382986e-01,4.340024795228055177e-01
8.856528504644523014e-01,1.143455712013979886e-01
6.448810669225190084e-01,3.551173534504263873e-01
8.829246601916748149e-01,1.170769208449619347e-01
7.626501575628399365e-01,2.373514241822917703e-01
5.410953649829236545e-01,4.589062178346354770e-01
5.077294066788203830e-01,4.922690087819782678e-01
6.406601183950365597e-01,3.593414668863099126e-01
7.757997621147034728e-01,2.241986523208533699e-01
9.239380873254844362e-01,7.606032541497342869e-02
8.655385277474797467e-01,1.344630619013446049e-01
8.121900157430663736e-01,1.878083937521556335e-01
7.292348550380769456e-01,2.707635534436166336e-01
8.968336703977114466e-01,1.031647360092380478e-01
5.269504467273049553e-01,4.730479577873537012e-01
6.034816642391453989e-01,3.965199320076348011e-01
8.539110032428112174e-01,1.460905940289797811e-01
8.999521363782887473e-01,1.000494611608067491e-01
9.716716771226060478e-01,2.832672514362026203e-02
9.076852055513190409e-01,9.231639255828578972e-02
6.115712792018236366e-01,3.884271200489642917e-01
5.824822869591395058e-01,4.175161121397151787e-01
5.151985732049066957e-01,4.848030278668481463e-01
8.433391453556779993e-01,1.566592524909584117e-01
9.169774860415160767e-01,8.302411664303134542e-02
7.356733915543710589e-01,2.643282119396450636e-01
7.607422135991870338e-01,2.392593902591535204e-01
9.329839847060834579e-01,6.701441136746211225e-02
9.011266818976914061e-01,9.887492257626472048e-02
8.469396392461850942e-01,1.530587525405117388e-01
9.134863880552936966e-01,8.651200171880639445e-02
6.513995229316018598e-01,3.486020907488795451e-01
9.339373955769532110e-01,6.606099073821029843e-02
9.533032215591495939e-01,4.669516402238117064e-02
7.886305782380913509e-01,2.113678046782410946e-01
8.239721536383073364e-01,1.760262264560964740e-01
7.852549491250615521e-01,2.147434290025167225e-01
8.826693930622020456e-01,1.173322291917221066e-01
5.980161947503769282e-01,4.019821826222750305e-01
9.519353705115158881e-01,4.806625231556404393e-02
6.418851696262223294e-01,3.581164538219928639e-01
7.211236471248896329e-01,2.788779763602365347e-01
5.977779788270674022e-01,4.022236462130570067e-01
6.828866071357916345e-01,3.171117672864411929e-01
7.488685578891569605e-01,2.511330680647109181e-01
5.050421209901065911e-01,4.949562482494539450e-01
8.483062302659449827e-01,1.516954006094460572e-01
9.129524017839377725e-01,8.704596711313483670e-02
7.638710300487174809e-01,2.361273367839042125e-01
7.084041120282876802e-01,2.915942547904059046e-01
6.908826045236137192e-01,3.091190324277897639e-01
9.793640228157030059e-01,2.063761485862510708e-02
5.719164198969527435e-01,4.280819399737827435e-01
6.854674931453291764e-01,3.145308657275748820e-01
8.863768906285365290e-01,1.136247542807148347e-01
9.048758117318684846e-01,9.512254090532336337e-02
7.864670063261629540e-01,2.135346415733406222e-01
5.151215788282266228e-01,4.848800697145201344e-01
7.584949110338348177e-01,2.415067386813085082e-01
8.525355113485850733e-01,1.474661393957439059e-01
7.972033871796486704e-01,2.027982640610799803e-01
5.886821853847515884e-01,4.113161632824235969e-01
6.556215391575531681e-01,3.443768070621785471e-01
9.236046591962101537e-01,7.639699524983604995e-02
6.154725833167418170e-01,3.845257594309643978e-01
5.743371470163526338e-01,4.256611951541731664e-01
8.143942412264471020e-01,1.856074173092559232e-01
7.018926621908434527e-01,2.981056753376078450e-01
6.815200490264073929e-01,3.184782842172970696e-01
7.071002300497494231e-01,2.928980994896754342e-01
8.549537232765134220e-01,1.450479473103593875e-01
5.070111547256072049e-01,4.929871719396217711e-01
6.706003067348105251e-01,3.293980198197269393e-01
6.885898726214924048e-01,3.114118011145347031e-01
8.972241112950729569e-01,1.027742144072194275e-01
8.257078947136698988e-01,1.742904286886641507e-01
7.430725790174647072e-01,2.569257398239239154e-01
9.040634304196630833e-01,9.593488611623179896e-02
8.263715533001042557e-01,1.736301308422917300e-01
9.383907858474678232e-01,6.161089865141806260e-02
9.778961410418988143e-01,2.210554355697722309e-02
8.607466863795891765e-01,1.392550030036021347e-01
9.764149646394197912e-01,2.358672584762744676e-02
9.069433476590302856e-01,9.305496063599177914e-02
9.423323992195995480e-01,5.766929253269500316e-02
6.416373931006502662e-01,3.583609053427400659e-01
5.941236313820367210e-01,4.058746659630537712e-01
8.920465162230220013e-01,1.079517793332930853e-01
9.243022986607047908e-01,7.569940597475043054e-02
7.627906013657019813e-01,2.372111052546102550e-01
8.266294507401862335e-01,1.733722562219275898e-01
8.228714286759155616e-01,1.771302790365118229e-01
5.776540125822896554e-01,4.223476965508084491e-01
6.086504316286790450e-01,3.913512793135249246e-01
7.254653110490989487e-01,2.745329759154943039e-01
8.904745968920206867e-01,1.095271164771211558e-01
8.993818993153062102e-01,1.006198162881669633e-01
9.049344290307954619e-01,9.506385507543786695e-02
7.615378683774219892e-01,2.384638475481559161e-01
8.325972510107981783e-01,1.674010322114758142e-01
9.011896133331771530e-01,9.881210541405771597e-02
8.532253757714249875e-01,1.467763487186700688e-01
9.663682207128129198e-01,3.363005307567661084e-02
6.408433648505488245e-01,3.591549085265884900e-01
6.438409391579897889e-01,3.561607901061617509e-01
7.607425556178202264e-01,2.392557130731975956e-01
9.371556413838904032e-01,6.284262701883866487e-02
5.110135353794146296e-01,4.889881999702799242e-01
6.112170789301138996e-01,3.887846568803662306e-01
9.397602411284520230e-01,6.024149531918693290e-02
5.112309777094629082e-01,4.887672805810575616e-01
6.296041109091035093e-01,3.703976321102899205e-01
5.740207634041754048e-01,4.259774923905499389e-01
7.853667779556994244e-01,2.146349674072703106e-01
8.179072030326081100e-01,1.820945427144128881e-01
9.818118959521591194e-01,1.818985266608965853e-02
9.320034132961425577e-01,6.799483505672654360e-02
6.923522950879164028e-01,3.076494569175030058e-01
9.195676296810366690e-01,8.043412326461812922e-02
5.844318465992114353e-01,4.155663997672408017e-01
8.168468562208044403e-01,1.831513891370879776e-01
8.151420479032566169e-01,1.848561956048120070e-01
8.276259019159772912e-01,1.723723400968535935e-01
8.292064755714764201e-01,1.707952844303778361e-01
9.875672867594316173e-01,1.243447489122420473e-02
6.144630462683247085e-01,3.855351901498890732e-01
6.376364019769449332e-01,3.623618330456477854e-01
7.493014631916250501e-01,2.506967674299543924e-01
5.043939479027211847e-01,4.956042814909126237e-01
5.279937602334120461e-01,4.720044686631969522e-01
7.025774296397608865e-01,2.974207973843407404e-01
7.941594341790212397e-01,2.058423423550423681e-01
7.707078241945797270e-01,2.292939543249052081e-01
5.407318617046595888e-01,4.592663580578110749e-01
9.186153922628239599e-01,8.138282725743616053e-02
7.941340414747460885e-01,2.058677406115622666e-01
7.585210846561959430e-01,2.414806983954081998e-01
7.058902667393039954e-01,2.941115210012202885e-01
6.670265202862316611e-01,3.329752720735356109e-01
5.156423846268397559e-01,4.843594109774873036e-01
5.419059063633639983e-01,4.580958935035644441e-01
5.634280861318441413e-01,4.365701130921262885e-01
5.808140629778929531e-01,4.191841360795916516e-01
5.857268622679786541e-01,4.142713339058267108e-01
5.604584604659159641e-01,4.395397325501728680e-01
6.934973028804168882e-01,3.065045067798545242e-01
6.168576298323127372e-01,3.831405600405429768e-01
9.562967528152073182e-01,4.370143329836907731e-02
5.945983553435574276e-01,4.054034623919680613e-01
9.240232875295608661e-01,7.597853492276547549e-02
8.118681717567850509e-01,1.881300052485542496e-01
8.919416839393639052e-01,1.080564912923160231e-01
5.174127817750887592e-01,4.825853928798911063e-01
7.323363212960347646e-01,2.676618522484759399e-01
7.433059322452207907e-01,2.566922411280977423e-01
9.754877833349154814e-01,2.451038936563397844e-02
8.762650125911308763e-01,1.237368177082100451e-01
7.617685799748765696e-01,2.382295881425184891e-01
6.919330735734309235e-01,3.080650938373481473e-01
9.096812248168063553e-01,9.031694171858146991e-02
6.480291477904268627e-01,3.519690178917984080e-01
8.619868855551974240e-01,1.380149497452513863e-01
9.798855335026813718e-01,2.011630363756597081e-02
6.847004699937765393e-01,3.153013695889378409e-01
5.281863993745268271e-01,4.718154446322225248e-01
8.239192162832598143e-01,1.760789383129074404e-01
7.135463960070196343e-01,2.864554506318880978e-01
8.399413447188953663e-01,1.600605025143961024e-01
7.172018829105150095e-01,2.827962697804353165e-01
5.502929438588581856e-01,4.497089056596639267e-01
6.068849147050013881e-01,3.931132346293891300e-01
7.854773472148821600e-01,2.145208009023829021e-01
8.447148157468440388e-01,1.552833300976376729e-01
8.105493769370760715e-01,1.894487677060402164e-01
6.863220984983908757e-01,3.136797590513218936e-01
6.261385170107502951e-01,3.738633438291952826e-01
7.008833200579113187e-01,2.991148185868721665e-01
7.839355994760732749e-01,2.160625382607369305e-01
6.420743452309998212e-01,3.579237918234322580e-01
6.544863196688012197e-01,3.455118170591415794e-01
7.207577092648407291e-01,2.792441586006961241e-01
5.925026395132806378e-01,4.074992284406286358e-01
6.807494270296278183e-01,3.192487043260024970e-01
5.738064076645250644e-01,4.261954615335634688e-01
7.225431959084783751e-01,2.774549287988398172e-01
8.529987873476078120e-01,1.470030894638892360e-01
9.521561784677443629e-01,4.784194456890965286e-02
9.048280625391302845e-01,9.517381494325596880e-02
5.165023499168580612e-01,4.834995276703831779e-01
8.023384511772994054e-01,1.976596707995619817e-01
9.889816123178610807e-01,1.101650774505017263e-02
8.129193399970846556e-01,1.870825407613146696e-01
7.551256035695348423e-01,2.448762816584554303e-01
7.033528874088335048e-01,2.966490023041932211e-01
5.491413886122366028e-01,4.508567213379298111e-01
5.274314240960636946e-01,4.725704664842843572e-01
6.569401902532476800e-01,3.430617041591129679e-01
5.594245674931197509e-01,4.405773271436907446e-01
5.514112310172004650e-01,4.485906647141076897e-01
5.291599602733941810e-01,4.708381436355568161e-01
5.355503707421515047e-01,4.644515260813029123e-01
8.050731587725671323e-01,1.949249414086931531e-01
9.120872600738361147e-01,8.791083950806985459e-02
8.754527027199703326e-01,1.245492009228202218e-01
8.610605374178141869e-01,1.389413667441870004e-01
8.115406252578905022e-01,1.884612797556808883e-01
6.252979179562374590e-01,3.747001724317967630e-01
6.864481820278942603e-01,3.135499064420374515e-01
9.491457796625838439e-01,5.085613227152219890e-02
7.026913394203218033e-01,2.973105760670510800e-01
8.662119777521348762e-01,1.337861054875917888e-01
8.696601226707171284e-01,1.303417955677349527e-01
5.212269410739170938e-01,4.787749782947950394e-01
7.410915336469042769e-01,2.589103867259562874e-01
5.821447440433558107e-01,4.178571774673519035e-01
6.060455126332390252e-01,3.939564098311998386e-01
8.749804854510863095e-01,1.250175902362390956e-01
7.154359325990887752e-01,2.845659940783172304e-01
8.177084088109102256e-01,1.822896633651835130e-01
7.518651526835455901e-01,2.481367767691826098e-01
9.066467223631671235e-01,9.335520856597039063e-02
5.187937577438982428e-01,4.812043062775125390e-01
8.381103104200167131e-01,1.618877527088632695e-01
5.884531824743777229e-01,4.115448791300957976e-01
8.079938697415476323e-01,1.920041893675288047e-01
9.909254177342582404e-01,9.076530224799803093e-03
5.548904906344599430e-01,4.451114584641559513e-01
8.640549537299120342e-01,1.359430969204014072e-01
5.231293096167972667e-01,4.768687401119699465e-01
7.458394275369356619e-01,2.541625227812310817e-01
7.842440107303773056e-01,2.157540377363507955e-01
6.436917059560037790e-01,3.563063409362055567e-01
5.185137595688281698e-01,4.814842865650934001e-01
6.621808103662877310e-01,3.378211437039405629e-01
9.037406412466264527e-01,9.626131680985602901e-02
9.324388669195434742e-01,6.755917369311670306e-02
5.317660136381748837e-01,4.682359471860869649e-01
9.130988989499730923e-01,8.690306201073487447e-02
8.497975516612308322e-01,1.502044120601593868e-01
6.091087978456671825e-01,3.908892369720293192e-01
5.103659853278342817e-01,4.896359801519259980e-01
9.705448195544544854e-01,2.945714993565118692e-02
6.361508076254460686e-01,3.638472227100031375e-01
5.941339180680746956e-01,4.058641117682287303e-01
7.306840754190031539e-01,2.693178959828277375e-01
7.945775085356499012e-01,2.054205194941195745e-01
8.669997185942306395e-01,1.329983090457124151e-01
5.376171113316516870e-01,4.623848623679435721e-01
5.702981770353678925e-01,4.296998487816047207e-01
6.708255969105898497e-01,3.291724277893561257e-01
9.476769533490372321e-01,5.232502282682531536e-02
6.233005074413292546e-01,3.766975157757908033e-01
6.254860116046436769e-01,3.745159704136245549e-01
9.504284308800556857e-01,4.957355129650728442e-02
6.316145309184488799e-01,3.683874513537295781e-01
9.051066992068221850e-01,9.489528839775171476e-02
6.152757372283608195e-01,3.847222747955050814e-01
8.305202693456343876e-01,1.694817222414926050e-01
9.051155446328837950e-01,9.488246258588699245e-02
7.701745275420703862e-01,2.298274661909838756e-01
8.219832451594437650e-01,1.780147566819895444e-01
7.291849718568744754e-01,2.708170276272877097e-01
7.047472748315397606e-01,2.952507255559331800e-01
8.153582348450045814e-01,1.846437655798698063e-01
7.768828644665333183e-01,2.231151350010331935e-01
8.203546960558720791e-01,1.796432981183042898e-01
7.524413630838868716e-01,2.475606432010317159e-01
6.112661176182392353e-01,3.887318721087436590e-01
8.403470167924121936e-01,1.596726996370619323e-01
6.759428981096613498e-01,3.240613216004150643e-01
8.387527522217790299e-01,1.612721106087735001e-01
6.133152112450392934e-01,3.866848040436965950e-01
6.427105891118132242e-01,3.572762869449477852e-01
9.677636392220851924e-01,3.223661481569280868e-02
8.295022924795198982e-01,1.704916515583179970e-01
9.596943871265282144e-01,4.030928298412649047e-02
9.435065090163541335e-01,5.650568082388140317e-02
7.532039883631158617e-01,2.468126328772035083e-01
5.340221130481658252e-01,4.659630293068517393e-01
5.499935180984834027e-01,4.500241775944532896e-01
8.303097611655329002e-01,1.696933962904159654e-01
6.560112997125115974e-01,3.439790259354106317e-01
9.319801895740631448e-01,6.805820312759081059e-02
5.277704256498360058e-01,4.722388289221945978e-01
8.277413914759745861e-01,1.722819225807794841e-01
6.457151324120244951e-01,3.542796344686837684e-01
5.281764440769162183e-01,4.718175003934002021e-01
6.640102757676121792e-01,3.360039285258916708e-01
9.386262968358776160e-01,6.137677849318006612e-02
8.374917761698696950e-01,1.625175013266700053e-01
9.635568675554145868e-01,3.647869089605727810e-02
8.007769926988790310e-01,1.992490062371785886e-01
6.221743754225825818e-01,3.778291869132319181e-01
5.664534422230051991e-01,4.335310108237300786e-01
8.768431846038824418e-01,1.231532434540526660e-01
9.362789874128903955e-01,6.375412624162252184e-02
8.242189107373704138e-01,1.758063097070784453e-01
7.639471139449096615e-01,2.360727647967468534e-01
5.182040568735941655e-01,4.817851468919678859e-01
9.591236801830903547e-01,4.089581391947418043e-02
9.183381580518859000e-01,8.166737699750163670e-02
8.709701407186289934e-01,1.290566567626464656e-01
7.205553739678582925e-01,2.794425751464030827e-01
6.949211894588079863e-01,3.050703008173141217e-01
8.571634407035146896e-01,1.428473232800546167e-01
6.857426248511867550e-01,3.142773273184359395e-01
5.994057556331807701e-01,4.006102967611226418e-01
9.610523706546090228e-01,3.896811694363094825e-02
7.588589220488284326e-01,2.411550453611411016e-01
5.534969398926929962e-01,4.465054258361473294e-01
9.570757925278439160e-01,4.294346409192748709e-02
8.948014350182089682e-01,1.052344044752490382e-01
7.214405110986092939e-01,2.785681413999824274e-01
6.036682281909266923e-01,3.963287170760568245e-01
9.517840760586883109e-01,4.823947746263210906e-02
8.151974262972735419e-01,1.848026018204601273e-01
6.846474005165491539e-01,3.153563730308217572e-01
9.153942938600571066e-01,8.461112775456369750e-02
6.054493831430780570e-01,3.945550110970293956e-01
8.184535537148253104e-01,1.815541197033921639e-01
8.655371472141846212e-01,1.344714215983010275e-01
7.841601697688674877e-01,2.158700212205038327e-01
6.230045151658027969e-01,3.770205338070174439e-01
7.324190913548256354e-01,2.676071913405748126e-01
5.341155326553933547e-01,4.658710538752557917e-01
7.195746605701767162e-01,2.804143489449123505e-01
7.327491817062415924e-01,2.672558176783896844e-01
6.130080299982922920e-01,3.869905279175194224e-01
8.805771230663463900e-01,1.194608790066297027e-01
7.841423888897880445e-01,2.158680047154391823e-01
7.053028201688855692e-01,2.946848147979231891e-01
5.259247553761964289e-01,4.740597127700239555e-01
6.339407303776154468e-01,3.660748490400749788e-01
8.272737090147425087e-01,1.727532572616106710e-01
7.599631195533605998e-01,2.400462698241492554e-01
5.780535452038475519e-01,4.219477070311098421e-01
5.891614144874099956e-01,4.108388745279867860e-01
7.167014918990241013e-01,2.833141943485173453e-01
6.017480753624191436e-01,3.982695938287617587e-01
5.979977121979277443e-01,4.020036772188155805e-01
9.591946358516565407e-01,4.084213165958525127e-02
9.663584273721383955e-01,3.364207483786013642e-02
8.266783366705393599e-01,1.733299425721978870e-01
7.094389793309393566e-01,2.905914791412698150e-01
9.110619991844568499e-01,8.896136058765531651e-02
8.485741066930931886e-01,1.514548969199396855e-01
9.735565203215046370e-01,2.645945170098053592e-02
6.345070516684183648e-01,3.655112870024390670e-01
6.738453773148708192e-01,3.261520993690914527e-01
6.253076776843728979e-01,3.746789986861073229e-01
5.598711068340501695e-01,4.401336480271236806e-01
9.512206172216712829e-01,4.878711078224644976e-02
6.146674450592313210e-01,3.853215496546034124e-01
8.599121712596018430e-01,1.401114465489868566e-01
6.710243468710657133e-01,3.289733104175079359e-01
9.796240514386332920e-01,2.038421252380860291e-02
5.485510378849228763e-01,4.514322845672646412e-01
7.224806277563441403e-01,2.775446453474930686e-01
6.287472424150301054e-01,3.712433030667493528e-01
8.539237135593658046e-01,1.460896154215587384e-01
5.242599558923594083e-01,4.757423070279077626e-01
9.431511516798124495e-01,5.687673978598987989e-02
6.881618306381571681e-01,3.118553438070999495e-01
7.571941505503396730e-01,2.428342460481320575e-01
7.395409672715804739e-01,2.604872531179441841e-01
8.033138995450829212e-01,1.966959391635594301e-01
5.203964714118424206e-01,4.796044051129028096e-01
5.903797227289584448e-01,4.096184439561476043e-01
5.868902602572069194e-01,4.130963620700581207e-01
8.807915235470071824e-01,1.192346018447216632e-01
9.165788489592465726e-01,8.344479885020004983e-02
7.885175915626909671e-01,2.114958495149970863e-01
6.606400834840260305e-01,3.393580633776038802e-01
7.848786408455166175e-01,2.151346187979543134e-01
8.562819168426900607e-01,1.437331466464249197e-01
5.660479890028126126e-01,4.339502723407871465e-01
9.692185904348636916e-01,3.081032486585713256e-02
5.973172353318518812e-01,4.026900386728330394e-01
5.957815212874151278e-01,4.042280360452769061e-01
7.274119266177828669e-01,2.725904037684401260e-01
8.156415827228200577e-01,1.843929551619753471e-01
9.908008367331440081e-01,9.241404610651588261e-03
6.461260581139474102e-01,3.538986301276678126e-01
7.685393121059629351e-01,2.314518435410344854e-01
9.366117926315753461e-01,6.342237708003627128e-02
9.371220075915929204e-01,6.291607972657543846e-02
7.268871181651592739e-01,2.731398054018804311e-01
9.629002904320569378e-01,3.712484273475399887e-02
8.303261783097889426e-01,1.696880980489927082e-01
8.933718264723162772e-01,1.066389978798636951e-01
7.847541203966306167e-01,2.152604375800423464e-01
5.034286627839528183e-01,4.965671263632803756e-01
8.682846772546941594e-01,1.317250575803261547e-01
6.589449059580925194e-01,3.410833138377951657e-01
6.573916673566553293e-01,3.426212843985320111e-01
5.175594693952869640e-01,4.824239422097440499e-01
8.162370048519660415e-01,1.837583636424484634e-01
7.402272736854227375e-01,2.597839607989728683e-01
9.812621038866234935e-01,1.876630963437688274e-02
9.720162421907502237e-01,2.800702307485476023e-02
9.873552586684031240e-01,1.265817007463890947e-02
7.594418212269893331e-01,2.405520213891303161e-01
8.045846564946887991e-01,1.954323326599624044e-01
9.189849303084476340e-01,8.101810902959920291e-02
6.804719635630471775e-01,3.195496363764862013e-01
9.840976829556747907e-01,1.594030639717789952e-02
9.162706520362986495e-01,8.373194396835910436e-02
8.749693037077483915e-01,1.250373054788767313e-01
