9.132244664445195781e+00,5.921254252819188935e+00
8.529425897728019734e+00,6.373587456802185969e+00
9.402934314371709235e+00,5.495196465061111368e+00
9.402128463187345631e+00,5.495735862538874805e+00
9.401103756393606403e+00,5.496692038117709345e+00
9.401391070576739395e+00,5.496038399399166607e+00
9.400477297907682939e+00,5.496780752115109081e+00
9.399698308442950179e+00,5.497460340980507176e+00
9.402689506754288828e+00,5.494309650313967452e+00
9.397247186975029365e+00,5.499627096836584350e+00
9.398054020282495813e+00,5.498639089862934703e+00
9.396603516063409600e+00,5.500038506442114894e+00
9.397477531302641296e+00,5.499149410806191796e+00
9.395950907106929151e+00,5.500549828598558122e+00
9.395548632947148704e+00,5.500923645786328642e+00
9.402940652583854586e+00,5.493496821459487478e+00
9.396691885138571010e+00,5.499636002396676382e+00
9.396822369881085990e+00,5.499445688755478123e+00
9.398504168112387092e+00,5.497738852165281465e+00
9.397270326630874138e+00,5.498833310608413072e+00
9.395556111061251769e+00,5.500426591989569403e+00
9.399000747600680938e+00,5.496598797568034378e+00
9.391392447409781852e+00,5.504113376451303274e+00
9.395050955404972370e+00,5.500426753459536577e+00
9.390838272003207976e+00,5.504601018010368385e+00
9.393725060819132722e+00,5.501543605399263015e+00
9.395931874547613916e+00,5.498983874384892445e+00
9.388585430466921622e+00,5.506186601854011542e+00
9.390602727896979474e+00,5.504160116648384005e+00
9.398180973580201325e+00,5.496548071067450358e+00
9.389716056972176261e+00,5.504880249053265118e+00
9.397394945107841124e+00,5.497165129237066239e+00
9.388176397411539753e+00,5.506366360935858850e+00
9.387763988666950610e+00,5.506709004014000541e+00
9.386485542325450737e+00,5.507863367301258251e+00
9.388417989259441043e+00,5.505810034950384235e+00
9.393308968993014929e+00,5.500838886910523584e+00
9.389496666792831903e+00,5.504647640248324869e+00
9.387127181438765788e+00,5.506981708186788893e+00
9.387051618804175490e+00,5.506932244068179827e+00
9.384417373665574047e+00,5.509445471927240767e+00
9.385670576479355987e+00,5.508088373734736365e+00
9.386712601894195984e+00,5.507042406501468257e+00
9.391666289778161314e+00,5.502073987054916238e+00
9.388069395238671788e+00,5.505478948408628170e+00
9.384583054214127529e+00,5.508813527317303560e+00
9.382191856309301414e+00,5.511199096003357667e+00
9.386074961337605771e+00,5.507277681689100923e+00
9.384922135594640835e+00,5.508417328712669203e+00
9.383946536957255447e+00,5.509294602302722943e+00
9.383183003903049269e+00,5.509983129134202073e+00
9.381216119271144294e+00,5.511865795269023316e+00
9.382891105936231213e+00,5.509988381357650233e+00
9.380285049991540447e+00,5.512509364714868632e+00
9.379056837638538369e+00,5.513618319119467870e+00
9.379957061410408414e+00,5.512683356215875463e+00
9.399335189119446099e+00,5.493226896634198830e+00
9.388775006013322155e+00,5.503720575794094572e+00
9.378660446275224771e+00,5.513438265433300067e+00
9.376787892607627128e+00,5.515288268917006853e+00
9.401730058946185409e+00,5.490225970168132186e+00
9.380944482659947070e+00,5.510939329755065508e+00
9.376617808145233823e+00,5.515249775834815793e+00
9.377621100866971204e+00,5.514151530699178849e+00
9.376311320186047737e+00,5.515458302711687466e+00
9.376694705937804741e+00,5.514943384960553807e+00
9.376034348208605707e+00,5.515546602902541728e+00
9.374719850494017237e+00,5.516770871921307773e+00
9.373875721732792599e+00,5.517512336745005186e+00
9.375001515214398395e+00,5.516271414179050758e+00
9.376077995050266622e+00,5.515162985281638619e+00
9.397309623670302869e+00,5.493635733240695096e+00
9.394295996009747185e+00,5.496642419090223441e+00
9.371663181479071625e+00,5.519134485097092480e+00
9.377464608443228045e+00,5.513286077232786297e+00
9.382901201629847421e+00,5.507514913944810964e+00
9.372042776343112891e+00,5.518361416205601166e+00
9.377891444216514216e+00,5.512479522594451176e+00
9.373565245877751195e+00,5.516794720776763583e+00
9.371256439895526924e+00,5.519085541339503465e+00
9.395415927591555416e+00,5.494878490553105621e+00
9.370157130171957505e+00,5.520071232033972208e+00
9.370399593884085832e+00,5.519746683623824701e+00
9.377594387423128452e+00,5.512297937950466853e+00
9.367771817149820990e+00,5.522111644041423517e+00
9.370041024355586501e+00,5.519821376480630093e+00
9.368571842021019336e+00,5.521155004723165227e+00
9.367241852986250450e+00,5.522480674537678880e+00
9.366932707792797075e+00,5.522723276736955178e+00
9.369013908943820468e+00,5.520634375177481346e+00
9.386495045416983984e+00,5.503032448354437278e+00
9.365966668732905731e+00,5.523535427427560762e+00
9.367911289200250735e+00,5.521509302341965686e+00
9.372640116848991454e+00,5.516738475465388092e+00
9.364991897464699733e+00,5.524327435819034626e+00
9.364955791926462325e+00,5.524230959937537655e+00
9.374628014891094097e+00,5.514544245737141637e+00
9.394924087794796819e+00,5.494226449572641613e+00
9.367587192350478986e+00,5.521541350684068483e+00
9.366014330092312434e+00,5.523052412137794853e+00
9.365192936266987900e+00,5.523757708589240423e+00
9.385239030964045881e+00,5.503614235898467655e+00
9.364844986889796274e+00,5.524001734260999719e+00
9.365803501455971514e+00,5.522894276958334459e+00
9.366966946718644493e+00,5.521634022765006478e+00
9.363595641302916661e+00,5.524972712628122729e+00
9.363572915825649545e+00,5.524952714107070229e+00
9.373794544086862857e+00,5.514706149845795657e+00
9.364028367020781118e+00,5.524406409112117444e+00
9.360963909001839056e+00,5.527425912344742009e+00
9.401376630421758307e+00,5.486992636710803062e+00
9.373769836317238813e+00,5.514473463198815928e+00
9.400069251077278309e+00,5.488167836223383667e+00
9.392852264837118881e+00,5.495369580639029472e+00
9.361266804950171050e+00,5.526771186835333971e+00
9.360920876713864303e+00,5.526992795523489654e+00
9.359638644498559756e+00,5.528244153735808020e+00
9.360788970920742358e+00,5.527080029592229771e+00
9.401331567252530164e+00,5.486434424266893650e+00
9.358753064630400686e+00,5.529011655109306034e+00
9.361117457591660695e+00,5.526633330202859185e+00
9.403968184496156013e+00,5.483749523744055665e+00
9.390508779929177763e+00,5.497180547711211673e+00
9.358491038011905516e+00,5.529058796598588010e+00
9.359147432901545827e+00,5.528342897070773532e+00
9.357308115903208545e+00,5.530114388255424451e+00
9.358709508674760258e+00,5.528695482273029427e+00
9.359124575119901479e+00,5.528253233299562197e+00
9.385749673611195831e+00,5.501590273366766759e+00
9.359427815359058656e+00,5.527875884119971772e+00
9.357934681766920448e+00,5.529298073902818800e+00
9.403261608195903065e+00,5.483947277102909190e+00
9.401682069300001388e+00,5.485508429221706450e+00
9.366261743545013729e+00,5.520903456254287356e+00
9.357361010352910569e+00,5.529693904792148729e+00
9.365542353300327250e+00,5.521509954495055439e+00
9.355883453115019677e+00,5.530980449330600734e+00
9.376806634138333152e+00,5.510015483889430854e+00
9.402611548100020755e+00,5.484085478542302994e+00
9.396028795111091014e+00,5.490454755964442768e+00
9.391982909593783901e+00,5.494403291559382119e+00
9.362763703419798134e+00,5.523612312094497767e+00
9.354064191152163588e+00,5.532262598062768433e+00
9.394735493341245913e+00,5.491521978922115466e+00
9.377918559984797398e+00,5.508295043998490570e+00
9.381466893494751602e+00,5.504741318288161267e+00
9.359623373469643681e+00,5.526569341390644041e+00
9.358565790129810935e+00,5.527499958621418408e+00
3.854554719823189313e+00,9.739194179152860897e+00
3.861631655457041568e+00,9.733756203036064036e+00
3.856823694286912296e+00,9.737432158856076825e+00
3.871684629585301352e+00,9.726070215564119437e+00
3.864549260219067861e+00,9.731512246262578714e+00
3.842032623992992946e+00,9.748734485822300400e+00
3.893140925041675970e+00,9.709675457159939072e+00
9.350592119599099306e+00,5.535120648948850253e+00
3.814598793160820733e+00,9.769755979565786674e+00
3.913887594421090910e+00,9.693813567303498857e+00
3.911323634119801884e+00,9.695758769691593670e+00
9.386962200177876525e+00,5.498672013313876228e+00
3.876794959855736966e+00,9.721940368156545276e+00
3.859546817047945666e+00,9.735106593435718381e+00
9.350939918287863861e+00,5.534608172283184579e+00
3.887411140265942588e+00,9.713829902049784693e+00
3.817668535124236318e+00,9.767174455784042308e+00
9.385624068212841564e+00,5.499880044494673825e+00
3.900366628457959450e+00,9.703922381860028423e+00
9.402920070329628288e+00,5.482574574676242207e+00
9.400148619389035787e+00,5.485304511740810796e+00
3.911811434542369792e+00,9.695163168641695250e+00
9.351082335394909961e+00,5.534362934894172525e+00
3.800554321394856494e+00,9.780254047622157998e+00
3.785477268901084269e+00,9.791793389745196308e+00
3.855709946960165446e+00,9.737780961002050262e+00
3.867211814215851362e+00,9.728988548775388878e+00
3.781861597770525663e+00,9.794552564060294841e+00
3.845856940848824568e+00,9.745312684360994737e+00
3.959586204473314996e+00,9.658848851197857854e+00
3.859954616517240478e+00,9.734513614185607011e+00
3.831887413330443692e+00,9.755996703554105309e+00
3.832020255196799230e+00,9.755889336425214609e+00
3.822253532395957443e+00,9.763344202874453259e+00
3.812096764488944522e+00,9.771129236464277668e+00
3.941953425571751879e+00,9.672090582257823144e+00
3.812634746727932455e+00,9.770710670395281738e+00
3.810431293679126252e+00,9.772400938109237600e+00
9.390660470227885526e+00,5.494572979974986282e+00
3.945972240077288085e+00,9.669023666598294042e+00
3.804229011290117146e+00,9.777141076027570321e+00
3.950514959170187801e+00,9.665569288003458936e+00
3.805543563199290436e+00,9.776120844745042504e+00
3.971871431050322254e+00,9.649434280932730701e+00
3.831223605128750265e+00,9.756295501242531643e+00
3.816311464892208072e+00,9.767714457279460305e+00
3.786095514379444360e+00,9.790995482525286064e+00
9.387538416787537088e+00,5.497555835889405884e+00
3.890321455422530050e+00,9.711087467783681149e+00
3.888712946186550834e+00,9.712311675870076044e+00
9.349842073917773888e+00,5.535227683757526940e+00
3.900620344504905468e+00,9.703205722848224468e+00
9.347273677184231744e+00,5.537968205080709971e+00
4.217513037812848253e+00,9.461872936161634939e+00
8.428733881864609145e+00,6.240560323195351700e+00
4.677861168973918460e+00,9.109743815849077109e+00
6.128317036781426808e+00,8.000236838197531952e+00
5.225829091128225912e+00,8.690598805502117941e+00
4.698634814664814030e+00,9.093870440270846345e+00
6.246723689268318225e+00,7.909671155581810886e+00
5.427518041040640284e+00,8.536295677889755851e+00
4.068659059303975312e+00,9.575745446035940134e+00
5.362065658335115614e+00,8.586365352059953437e+00
8.426923804619860903e+00,6.241956881427787707e+00
8.048088602871064978e+00,6.531734633907765541e+00
7.324455807480390490e+00,7.085261756197981597e+00
7.229620350157894393e+00,7.157818631586311042e+00
4.418702956466338705e+00,9.307993624602019622e+00
4.480199835948866394e+00,9.260941837168671142e+00
5.217640237767233735e+00,8.696851820433819213e+00
7.558702039984929399e+00,6.906107709811529105e+00
4.893621170718176039e+00,8.944721415978746037e+00
5.021215803201013017e+00,8.847119063290124430e+00
4.876255525088477150e+00,8.957991010263846476e+00
6.913872943909510127e+00,7.399332924020747271e+00
4.091870814236298948e+00,9.557992752225695554e+00
6.708847984289857180e+00,7.556157718528295320e+00
7.102399852616123610e+00,7.255148850031896579e+00
9.050012702135923348e+00,5.765328655938217750e+00
5.872629955757557418e+00,8.195811927500431082e+00
5.353487521291816265e+00,8.592922042190950904e+00
7.055690369657331651e+00,7.290845172636583271e+00
4.204945064631484541e+00,9.471511950788524814e+00
4.313313200118860991e+00,9.388577927250807420e+00
8.813116355059261053e+00,5.946568545544256956e+00
4.378896318766537732e+00,9.338441457316580596e+00
6.048826570562440885e+00,8.061052414020622336e+00
5.461105205569024790e+00,8.510609859607887628e+00
7.236636171151962671e+00,7.152472704686470450e+00
5.442482475179751589e+00,8.524871621604148686e+00
4.448513632391226658e+00,9.285179685267836547e+00
7.936522188382298282e+00,6.617092643303096544e+00
4.018882796375896405e+00,9.613811071938755504e+00
9.340618654204558169e+00,5.543043521400210061e+00
5.773088599460295178e+00,8.271964463435487858e+00
7.166870426740590716e+00,7.205834490964677208e+00
3.869733224724852150e+00,9.727887421673459656e+00
8.735940294832431618e+00,6.005567764322339741e+00
9.338997984775918582e+00,5.544281472866442684e+00
3.899489817399985903e+00,9.705156094781399290e+00
3.943151332205081072e+00,9.671747232978741948e+00
6.759713540709292090e+00,7.517248785777757014e+00
8.757759723360566184e+00,5.988895811692098725e+00
9.258967949612515014e+00,5.605508727257258350e+00
4.332292700504095428e+00,9.374065859692876757e+00
8.729830917677187330e+00,6.010262020951023132e+00
7.558309117721329962e+00,6.906376404498198340e+00
6.456496315401905051e+00,7.749206268865738600e+00
6.809718818958708120e+00,7.479023466025515710e+00
4.231276234003304104e+00,9.451351347552281013e+00
6.842088149131172692e+00,7.454267621605559668e+00
7.053701071995721605e+00,7.292401449569135607e+00
5.163116020143483809e+00,8.738576643432820035e+00
7.763791612243679197e+00,6.749220440284361189e+00
4.367800814352034600e+00,9.346910248947191135e+00
4.898011541783770184e+00,8.941364693895135218e+00
8.459584222348489391e+00,6.216997777488737498e+00
5.540402607250357825e+00,8.449974581114485517e+00
4.933640213698648580e+00,8.914069490148856190e+00
6.558944027912151142e+00,7.670856513454764602e+00
8.708676239981375744e+00,6.026448768231270847e+00
6.452965746017994775e+00,7.751890957308003927e+00
7.456934956487943467e+00,6.983948454936331984e+00
6.584529368688954776e+00,7.651267966222336625e+00
6.708024819074646317e+00,7.556793661268075724e+00
4.963693841619375213e+00,8.891108957134555624e+00
4.093747852565500445e+00,9.556567315873419233e+00
5.576624081981337966e+00,8.422262335970401637e+00
6.436673632642865961e+00,7.764370706910458608e+00
5.022995643587096382e+00,8.845742550852678576e+00
4.158892480158628224e+00,9.506707140745776385e+00
5.644170820055298243e+00,8.370581755314191241e+00
4.990029205506763432e+00,8.870975448221111392e+00
6.678005627454005833e+00,7.579756382967577366e+00
6.236487853182391738e+00,7.917484807495964283e+00
4.696062987338320838e+00,9.095841135985244463e+00
5.538621874736253226e+00,8.451332945063125379e+00
5.437880882510260250e+00,8.528377601843558864e+00
7.499234431479838037e+00,6.951604121459236119e+00
4.657243703030044202e+00,9.125520049985968996e+00
6.825337276228948369e+00,7.467089917745459715e+00
3.869705800185127220e+00,9.727921781927912903e+00
3.918478063801313027e+00,9.690630647904434625e+00
6.816676061749225468e+00,7.473684900968454947e+00
6.630504102488862017e+00,7.616083356058520160e+00
7.363484029477064041e+00,7.055412122798595753e+00
7.610512650467676110e+00,6.866445793696404287e+00
8.734351519186148494e+00,6.006822530597577980e+00
5.348901989259086776e+00,8.596445148314236562e+00
5.279474564372198309e+00,8.649570643558725180e+00
4.215160983087706370e+00,9.463674178954791572e+00
5.325293548392773246e+00,8.614501372654761013e+00
7.826808647085739423e+00,6.701003750565358352e+00
4.684653644707609921e+00,9.104545650390367229e+00
7.929549186289554186e+00,6.622415730091090857e+00
6.107837783534593612e+00,8.015914370394124688e+00
7.184628411633990908e+00,7.192246214645347635e+00
7.706110713688892666e+00,6.793334203072877386e+00
7.832143560633247681e+00,6.696944369958008458e+00
7.677443372838139268e+00,6.815264494926698724e+00
5.047039887218065957e+00,8.827350320670129591e+00
6.413884319558619040e+00,7.781804391213757555e+00
6.052146960434099832e+00,8.058520028600108631e+00
8.096198686605882600e+00,6.494950484434634852e+00
6.715136031951304929e+00,7.551386186843000559e+00
6.028849354532734850e+00,8.076349837826452216e+00
4.305693786225335273e+00,9.394424673230858502e+00
8.736524091741085130e+00,6.005132503743703332e+00
4.198523484525159333e+00,9.476393173234704648e+00
7.614917218587730297e+00,6.863113046554387253e+00
8.253675500027053857e+00,6.374484366936664870e+00
4.485875057014238720e+00,9.256595469194770942e+00
8.909537357454029305e+00,5.872803977994985658e+00
6.773060939718235751e+00,7.507068698702805243e+00
9.048491363984744851e+00,5.766524189005359347e+00
8.354693907761784999e+00,6.297232906720919843e+00
4.842001025886264465e+00,8.984169468729987784e+00
5.468600988207777291e+00,8.504885526354186709e+00
4.342811145021527430e+00,9.366015391428089032e+00
6.047793878669035728e+00,8.061857632295410525e+00
5.020348538351733225e+00,8.847785162338750453e+00
7.189504988336197222e+00,7.188500064065497241e+00
7.669411961669577948e+00,6.821391229343755747e+00
4.054515951826747511e+00,9.586546147248380834e+00
4.888722587214488158e+00,8.948437765639260633e+00
7.346719325348967544e+00,7.068266326542193667e+00
8.526488983039596903e+00,6.165787426547978178e+00
5.123954220046439190e+00,8.768519640365006751e+00
8.388590577858995090e+00,6.271274991298936285e+00
8.033103417861152451e+00,6.543215389373823854e+00
8.205862858535631688e+00,6.411060286239413486e+00
6.486281667849064902e+00,7.726424639491558111e+00
7.647377052916187523e+00,6.838244052573712928e+00
4.220605890436358365e+00,9.459526107238017900e+00
7.759464736356552095e+00,6.752504839435646389e+00
7.258578634095652404e+00,7.135649222797179725e+00
8.744683914790947199e+00,5.998896101300846162e+00
4.179065788096335332e+00,9.491287812181425920e+00
8.210376072394485192e+00,6.407602574845935095e+00
5.513326383472159087e+00,8.470659201032045615e+00
8.479670622985285178e+00,6.201616498349062034e+00
5.561925057168972231e+00,8.433482484812287794e+00
5.472433108997560858e+00,8.501938705585914136e+00
8.443452466522813893e+00,6.229298690745979528e+00
6.454909891866508431e+00,7.750403157019885469e+00
7.568375786753415824e+00,6.898676489842543447e+00
5.794166603897867418e+00,8.255845381529642424e+00
6.402358521051707996e+00,7.790604904299650357e+00
5.160117421998753784e+00,8.740833702558846952e+00
3.921959181724478327e+00,9.687964267779662464e+00
4.774083387603723416e+00,9.036119655044855037e+00
7.530973594150031758e+00,6.927301860027783142e+00
6.142271034365005988e+00,7.989577693570616646e+00
8.572827388666738102e+00,6.130359351068003448e+00
4.113522287367493924e+00,9.541433510116121397e+00
6.300936971818794419e+00,7.868192991748688137e+00
5.115477334011615085e+00,8.774987827862354095e+00
4.587093448216588598e+00,9.179191477755844986e+00
8.045024988525998566e+00,6.534089141304198378e+00
4.723768695029966658e+00,9.074609886919210666e+00
4.660699947423203149e+00,9.122876128475150281e+00
6.085486333375509815e+00,8.033012610882602544e+00
5.295107259932631649e+00,8.637579656663517014e+00
4.205577352714170658e+00,9.471001064297915661e+00
6.212457065465786243e+00,7.935880972940725364e+00
6.952410278107171493e+00,7.369881438882021740e+00
6.479704445035759264e+00,7.731442293742045280e+00
8.215061969848404644e+00,6.404010516965118249e+00
7.786090963227489503e+00,6.732149336761700020e+00
7.756157222531196993e+00,6.755042560096571336e+00
5.573329758358401165e+00,8.424784027181118518e+00
9.228464731249028219e+00,5.628836905857699691e+00
4.850295907546072094e+00,8.977826300749946142e+00
8.031943577711947668e+00,6.544084026771322726e+00
4.851731214077267929e+00,8.976740621641761564e+00
8.582731739413613781e+00,6.122764171220831386e+00
6.345068837315496424e+00,7.834441709409287746e+00
6.711684474161307534e+00,7.554019799933231027e+00
8.072666767516842867e+00,6.512932045190645169e+00
8.510720792116718059e+00,6.177856631710147539e+00
8.694552335829666134e+00,6.037257568817149256e+00
5.331601567444991474e+00,8.609678655405232917e+00
5.222690855275120114e+00,8.692991148373328869e+00
6.133663186767204678e+00,7.996141266522908353e+00
7.737697569948025489e+00,6.769173600359294163e+00
7.381649483575706050e+00,7.041523859949847974e+00
7.664196462789564457e+00,6.825410718409965050e+00
5.051784515205520520e+00,8.823722450310251375e+00
6.001073007709436524e+00,8.097567517022850936e+00
8.735367808825110103e+00,6.006005012010714239e+00
6.471954994585939147e+00,7.737374383289619573e+00
9.106190837614427380e+00,5.722383743710947712e+00
7.874405879656904084e+00,6.664611986407066979e+00
4.771953561986387982e+00,9.037760849620157799e+00
6.831622569191818428e+00,7.462248349392087476e+00
6.622394869348702251e+00,7.622312254912906759e+00
6.997424114292114083e+00,7.335434794042896556e+00
7.340268879081494724e+00,7.073179320842856832e+00
5.515558081036139981e+00,8.468944347412723062e+00
4.595847200564334045e+00,9.172483585430322606e+00
8.973949982950653492e+00,5.823512193082779120e+00
8.996786589596636574e+00,5.806064615866454837e+00
4.228061033581103523e+00,9.453827197374819136e+00
7.928071658765658114e+00,6.623552929554807456e+00
8.043506793739663152e+00,6.535238568628036759e+00
7.301128489046179837e+00,7.103132825312284737e+00
5.911846551686462448e+00,8.165827807345097611e+00
4.960529318254360831e+00,8.893507729660781180e+00
7.888987850903492749e+00,6.653446373091693289e+00
4.078928655147998406e+00,9.567907542265150056e+00
7.016368791346004663e+00,7.320944685057417800e+00
5.626838674382466543e+00,8.383850136406396203e+00
3.853628078711864191e+00,9.740207996086706288e+00
6.923358386321082136e+00,7.392107816634617024e+00
8.480259998921049203e+00,6.201143148138761774e+00
4.189565489198569637e+00,9.483270492817025499e+00
6.680840878372940495e+00,7.577603287601473170e+00
6.520754359855818194e+00,7.700046981597624018e+00
6.069634871727127567e+00,8.045140254475949604e+00
9.135875287832192271e+00,5.699670359540695230e+00
8.262425769789132346e+00,6.367788272258185778e+00
8.410223658955999326e+00,6.254745088657744923e+00
7.405524936964113181e+00,7.023284376914069149e+00
4.981653450882210343e+00,8.877352860598772821e+00
8.627683884929169267e+00,6.088380272460748088e+00
4.503700158557621513e+00,9.242960272355643880e+00
4.959337563529110149e+00,8.894454894630300146e+00
5.619410782978130570e+00,8.389532544613519605e+00
4.195956525691212136e+00,9.478353975844498791e+00
8.966825094277609765e+00,5.828990478032667788e+00
5.717328561272440268e+00,8.314618522983218796e+00
4.456293854252033171e+00,9.279244580810685150e+00
8.331511435764003437e+00,6.314962832243224966e+00
4.699278663982034310e+00,9.093350297971655394e+00
8.998727664541494420e+00,5.804589785865085005e+00
6.851977080191741010e+00,7.446684785491164860e+00
5.742298761080405711e+00,8.295534903687324046e+00
8.614092951355370786e+00,6.098774485824240976e+00
4.368314523876772881e+00,9.346536271661928907e+00
5.696670022242143361e+00,8.330409574612982482e+00
4.154323964291580573e+00,9.510221331346132345e+00
6.047873940915685864e+00,8.061773184843524120e+00
8.007806978900067207e+00,6.562542269193140321e+00
5.110450487728944502e+00,8.778857181953380717e+00
4.613482589070608597e+00,9.158987204748523681e+00
9.107498102866301792e+00,5.721375321756917209e+00
8.527888493678515758e+00,6.164739081199097193e+00
7.368873820881825409e+00,7.051308933504873089e+00
8.037465050514434495e+00,6.539888049720624430e+00
8.530802173899946439e+00,6.162491404156392960e+00
4.023776483462277120e+00,9.610070897528949274e+00
6.512295746501020055e+00,7.706518947335499803e+00
6.758876880916321994e+00,7.517894433371510310e+00
4.866589695841778251e+00,8.965381232443952797e+00
8.573119036923433356e+00,6.130154993760863036e+00
3.871527140768434627e+00,9.726536706485193307e+00
8.173507285543109901e+00,6.435804482559620787e+00
7.676542402777309704e+00,6.815945274775015328e+00
8.575131704370107855e+00,6.128595130455137152e+00
6.394096826110850174e+00,7.796921994388702259e+00
4.928237662752048998e+00,8.918214082396881182e+00
8.394559092032976011e+00,6.266709448625550571e+00
8.916683590491672362e+00,5.867341894767132082e+00
5.122433727291140215e+00,8.769654669709783690e+00
6.205793916774450025e+00,7.940974194337798941e+00
4.087994455377763181e+00,9.560968408119375539e+00
3.797356714323525839e+00,9.783254748346037033e+00
8.888772793075606415e+00,5.888684750069505647e+00
8.074236029126204528e+00,6.511727257153586912e+00
8.157209864569802349e+00,6.448293171425811821e+00
8.507799526179603333e+00,6.180103637774402081e+00
8.122473926148423118e+00,6.474865488942590730e+00
7.369207633044492667e+00,7.051062996540916394e+00
6.100750741702113622e+00,8.021326553430659700e+00
5.681807193852441706e+00,8.341783649313898152e+00
4.818685670519664122e+00,9.002010593672743255e+00
4.850859633421498174e+00,8.977425423475635213e+00
4.990002477076118659e+00,8.870975710160019290e+00
5.703297762793248182e+00,8.325337100193635820e+00
7.860804586963718421e+00,6.674998000496707995e+00
8.871933942417154384e+00,5.901562550185367684e+00
4.336709527421253263e+00,9.370683599342260806e+00
4.111900321452949036e+00,9.542654010401797393e+00
6.214386916586800425e+00,7.934418477161048422e+00
8.056297618014626849e+00,6.525452570776065997e+00
4.068341292421486344e+00,9.575979880652308651e+00
4.118047365370922641e+00,9.537948727193350962e+00
5.698442903427666018e+00,8.329087620774494383e+00
9.399401639036597089e+00,5.498086600385544642e+00
6.426759644962444895e+00,7.771951585267579787e+00
8.701152152596282718e+00,6.032204989336772627e+00
9.070975753420315257e+00,5.749285500051158238e+00
