7.547839387258727939e-01,2.452160600727238959e-01
8.329566398726793164e-01,1.670433615001659933e-01
8.543333947447391274e-01,1.456666066616142396e-01
7.071185761158800265e-01,2.928814221934505357e-01
6.638083686476474732e-01,3.361916333121284794e-01
8.560930261028391053e-01,1.439069716673913868e-01
9.382593309084951150e-01,6.174067200356717078e-02
9.067157798704820193e-01,9.328422365119615201e-02
7.353310093938816294e-01,2.646689943865894179e-01
5.245505905555370996e-01,4.754494136254130421e-01
9.252310765147051530e-01,7.476891928780855789e-02
6.096737558921018207e-01,3.903262488031739585e-01
8.493009409492693340e-01,1.506990517615900971e-01
7.395542355324736805e-01,2.604457728509963488e-01
6.351516951476359196e-01,3.648483132829690723e-01
5.346104188859654993e-01,4.653895712503017812e-01
7.845181703128267792e-01,2.154818408941863161e-01
7.823328931538393594e-01,2.176670942666347197e-01
6.362145777186717366e-01,3.637854355035732845e-01
6.049990051511909828e-01,3.950010087353573174e-01
9.268074626780224978e-01,7.319255143358409377e-02
6.498966223878865911e-01,3.501033611480889873e-01
7.951298372075971121e-01,2.048701795002271786e-01
9.164972126636956595e-01,8.350277001512225461e-02
5.953003550956112999e-01,4.046996628969263821e-01
5.531335775144297084e-01,4.468664419493992845e-01
5.971271182217497975e-01,4.028729012714223345e-01
6.164623359597184438e-01,3.835376436747285345e-01
8.463059152465381985e-01,1.536940620999363016e-01
5.378656617126130746e-01,4.621343148910384002e-01
6.025899769868743316e-01,3.974099994534104341e-01
7.653747251076779001e-01,2.346252987045846505e-01
9.673842699541694845e-01,3.261575402954387110e-02
6.300884432888049780e-01,3.699115319773885746e-01
8.985427268186829686e-01,1.014572483939834568e-01
6.347065410148079456e-01,3.652934335568029378e-01
8.328918393149608024e-01,1.671081343743392178e-01
7.142136029096789462e-01,2.857864238660849932e-01
7.278297750227303853e-01,2.721701967848558779e-01
7.529322343491358094e-01,2.470677371434686076e-01
8.036228130336120490e-01,1.963771580174406561e-01
7.512396826147793583e-01,2.487602856106045091e-01
6.490846485000270061e-01,3.509153187828722431e-01
9.598851541345914118e-01,4.011487923907020026e-02
7.948797838998451493e-01,2.051201822947967823e-01
9.516864366588817514e-01,4.831352910241171195e-02
9.465971789239218115e-01,5.340278636158083542e-02
6.933323921380630805e-01,3.066676445093216574e-01
7.842283969475065675e-01,2.157715635297278445e-01
9.299349071165528002e-01,7.006513363143311579e-02
8.620542347716388942e-01,1.379458062807763508e-01
7.844143004209758185e-01,2.155857415395594501e-01
8.753691846491971074e-01,1.246308580249425868e-01
9.017925129300456977e-01,9.820744337752654318e-02
8.617575645246667859e-01,1.382424792574258876e-01
5.779345478407859060e-01,4.220654964599954151e-01
7.463986116192484754e-01,2.536013431893439640e-01
6.204534111613850822e-01,3.795466340684299222e-01
6.738348446527915314e-01,3.261652007461317004e-01
8.086445302286797698e-01,1.913555153252501639e-01
5.938910186308958838e-01,4.061089339261671483e-01
9.308886604885316940e-01,6.911139001194675779e-02
8.965683353500668584e-01,1.034317155663879995e-01
5.735183917012398602e-01,4.264815568636127763e-01
9.076692565709594263e-01,9.233068875381443552e-02
9.600901629196647580e-01,3.990978109774469956e-02
9.776956828191863957e-01,2.230437330871797713e-02
7.005741937570205691e-01,2.994258625319374811e-01
7.258592607910545613e-01,2.741407956038536264e-01
8.006128897949607026e-01,1.993870538080260157e-01
7.836294395376708355e-01,2.163705039466287394e-01
6.953857080877026142e-01,3.046143484353261988e-01
6.681432623389792491e-01,3.318566809121392125e-01
8.722577320006712487e-01,1.277422111274296723e-01
7.887192927212787197e-01,2.112807642716617862e-01
5.156587880479387431e-01,4.843411532490590754e-01
5.380710733249651767e-01,4.619289857301319135e-01
8.765503789849997673e-01,1.234496803348521660e-01
9.930648184887908014e-01,6.935240844722435731e-03
8.758154544244258766e-01,1.241846051550321434e-01
8.610922924975804582e-01,1.389076474627102820e-01
6.378971451806170201e-01,3.621029174128649886e-01
7.087193960647464319e-01,2.912805404731438341e-01
6.926217860448967700e-01,3.073781502994589188e-01
5.104684541714010759e-01,4.895314814228663436e-01
8.943707845201207540e-01,1.056292810502575952e-01
6.494953049228965325e-01,3.505046291013629856e-01
8.710018309897821220e-01,1.289981024295254186e-01
5.646313678882288745e-01,4.353685653170951131e-01
8.639530558827919204e-01,1.360468759539625316e-01
7.361407833746618223e-01,2.638592855769475998e-01
7.891428852406403571e-01,2.108570453364495556e-01
8.229640650925356127e-01,1.770360054595201127e-01
8.526678672259164760e-01,1.473322036075888075e-01
5.299687031997758480e-01,4.700312248019808958e-01
9.892115394765945702e-01,1.078838833585813416e-02
7.165670690659465825e-01,2.834330057672492242e-01
7.200621489972218736e-01,2.799377758656624304e-01
6.588292720484161258e-01,3.411706528062726229e-01
6.617296472767683069e-01,3.382702774649786193e-01
7.016366195141424678e-01,2.983633043456609957e-01
5.190590263741680088e-01,4.809408963934241332e-01
7.790923012944986903e-01,2.209076210912336580e-01
6.146967887378003148e-01,3.853032908774213228e-01
6.318914732660205757e-01,3.681086072882041593e-01
9.347565705663438695e-01,6.524334788833896503e-02
8.139421728787541443e-01,1.860577451829421858e-01
6.143427518830272271e-01,3.856571653541379652e-01
9.369148450648749904e-01,6.308507088163943510e-02
6.577381991998354493e-01,3.422618851294466635e-01
6.508608037424924442e-01,3.491392812691770930e-01
6.181052619929496839e-01,3.818948231579619712e-01
8.094948894551099450e-01,1.905051958354460617e-01
8.903988504030679874e-01,1.096012355346797362e-01
7.295531437234910044e-01,2.704467703289277214e-01
5.255352649062653425e-01,4.744648210638687802e-01
9.288986313656771854e-01,7.110145484297075713e-02
7.807667599393625091e-01,2.192331535797304720e-01
7.299345167304199800e-01,2.700653906055217601e-01
6.842149494318872094e-01,3.157851432581156303e-01
5.574421221796088677e-01,4.425577836648947883e-01
6.258853037441958200e-01,3.741146017478534924e-01
5.066316849285857904e-01,4.933684108788917722e-01
6.825599763417200538e-01,3.174401195825147792e-01
7.687747678876144519e-01,2.312251359115592708e-01
6.357873126694076893e-01,3.642127835427104166e-01
6.646880180186796050e-01,3.353120782319701787e-01
5.695594656533878863e-01,4.304404371443913968e-01
5.233708988051083422e-01,4.766291991513051385e-01
9.233185931744738451e-01,7.668150707351578665e-02
7.917610146016154093e-01,2.082388851036817423e-01
8.377059297395444970e-01,1.622941707469759409e-01
7.374082229298830615e-01,2.625916763950450483e-01
8.485961626516468348e-01,1.514037348459703891e-01
5.161373598984192457e-01,4.838625372074909503e-01
7.505063732560431911e-01,2.494935216215206364e-01
8.172719690417725724e-01,1.827281362206988891e-01
5.537382404146256043e-01,4.462618653219358467e-01
6.982035508529809142e-01,3.017965567903536095e-01
6.122427730695202408e-01,3.877571184607074839e-01
9.318784601565870407e-01,6.812143058684765051e-02
5.654781631670661168e-01,4.345217275629844611e-01
7.638730360052383705e-01,2.361270736410101545e-01
6.955968845850533100e-01,3.044030046034155723e-01
6.593850815398524245e-01,3.406150308903802548e-01
8.356989453375560650e-01,1.643009418137487965e-01
5.293585606994972714e-01,4.706413240780301654e-01
5.887601821330205043e-01,4.112399331512162637e-01
9.552038458151075329e-01,4.479603847425422253e-02
9.821740257317381761e-01,1.782609022717923999e-02
8.891918403254499559e-01,1.108082765795554703e-01
5.188664204087941600e-01,4.811334604583781815e-01
7.265506526650037378e-01,2.734494668707955212e-01
6.126456472275542131e-01,3.873542323211859872e-01
7.377698797162466349e-01,2.622302425694698624e-01
5.731177455726276238e-01,4.268821320190980262e-01
6.513100976068294523e-01,3.486900291857778500e-01
6.520355331204312765e-01,3.479643396225166052e-01
7.770925816598659441e-01,2.229072906452468084e-01
6.734169716852564935e-01,3.265828985122601891e-01
8.073230913567992495e-01,1.926770385718504230e-01
5.304825574249112385e-01,4.695175725314729154e-01
7.039129551250916661e-01,2.960871753009676755e-01
5.107528380175024862e-01,4.892470312904578789e-01
5.455084842879137641e-01,4.544913847985662114e-01
7.399295881110760087e-01,2.600705436688797167e-01
8.063754145745936075e-01,1.936244530516695872e-01
5.608619397366761961e-01,4.391381933973158014e-01
5.253669445858252240e-01,4.746329218828024277e-01
9.241829891694743893e-01,7.581714732475178242e-02
7.391576738990136564e-01,2.608424631506404689e-01
9.674078711506897132e-01,3.259226664859916217e-02
5.465370223183801945e-01,4.534628392911442818e-01
5.456408551310900634e-01,4.543590063446207306e-01
5.114513177416510903e-01,4.885488210353961525e-01
8.709362092813734968e-01,1.290639296452829043e-01
9.887206775963541805e-01,1.127918243784979159e-02
7.102191282795375926e-01,2.897807301740302210e-01
8.788120639198608863e-01,1.211880782410072466e-01
5.785876823256967949e-01,4.214121754536162001e-01
6.802924547888901108e-01,3.197076878448421033e-01
9.236797651348842564e-01,7.632008996227314379e-02
8.922937898362353071e-01,1.077063556324503596e-01
7.526159557309621828e-01,2.473841906388940803e-01
8.975817476763481295e-01,1.024183988444567484e-01
6.862422213280818806e-01,3.137576313626928570e-01
9.237555388781497623e-01,7.624431372043603827e-02
5.134953207673097486e-01,4.865045314322570258e-01
7.203349727760790522e-01,2.796651755402883022e-01
8.981151241319711431e-01,1.018850244304213698e-01
5.736446829211550025e-01,4.263554659104202282e-01
9.008792487704593288e-01,9.912060156392338284e-02
5.840343292663996433e-01,4.159655210580379125e-01
8.511288215771044552e-01,1.488710285365117680e-01
9.144245260614680681e-01,8.557532376411437769e-02
8.476591420939930677e-01,1.523407072089541792e-01
5.176247263428106482e-01,4.823751227787105855e-01
6.722614610191959272e-01,3.277386924162573045e-01
6.055318323714827811e-01,3.944683219966342302e-01
9.122016540905496518e-01,8.779850034518331403e-02
8.098085777547799902e-01,1.901912668102464232e-01
9.538806511937931720e-01,4.611950576662769002e-02
6.752497622510691411e-01,3.247500805277400149e-01
5.628174639055415485e-01,4.371826944861774700e-01
7.482084058618524436e-01,2.517917544567403465e-01
7.619217540951360723e-01,2.380780843351352205e-01
6.887819452457653036e-01,3.112182165396815137e-01
7.361650901013934156e-01,2.638350723313488966e-01
6.195502932150978026e-01,3.804495439561731418e-01
6.905316553911129418e-01,3.094685081222530720e-01
7.321846108835161626e-01,2.678155531328978434e-01
8.637167349153394014e-01,1.362830991508998391e-01
5.671229481775209580e-01,4.328772195508097664e-01
5.894340264573132426e-01,4.105658046508944836e-01
5.621740295676945776e-01,4.378258014190304914e-01
6.813167256822323381e-01,3.186831047237954628e-01
9.557284224661901639e-01,4.427174813931805675e-02
5.495867403652843208e-01,4.504134304712268388e-01
7.414788320133169908e-01,2.585209961082540753e-01
5.434311337119676066e-01,4.565686943426938704e-01
5.464532387247162948e-01,4.535469345503062022e-01
9.208254277328662418e-01,7.917474638563574973e-02
8.487278245162943602e-01,1.512720011100367745e-01
7.271367010541395226e-01,2.728631236276415351e-01
6.321328174806997158e-01,3.678673585322020934e-01
8.110066455816262732e-01,1.889935307429174427e-01
8.987985489253453864e-01,1.012012731718760217e-01
6.001914227781299793e-01,3.998083985921255246e-01
5.423320815727318278e-01,4.576680973481754289e-01
6.832420570199967402e-01,3.167581219142406868e-01
8.833735159895812483e-01,1.166263044607438321e-01
9.427436027749845904e-01,5.725657778623374078e-02
9.173799251525298626e-01,8.261989347507471548e-02
6.956559176293920510e-01,3.043442638959387159e-01
6.908012598378496794e-01,3.091989233798804193e-01
7.161859354210331485e-01,2.838142490934289497e-01
7.300953364030868808e-01,2.699048494188305836e-01
9.012778350377429470e-01,9.872235217900768300e-02
9.419235799224048300e-01,5.807623177575682583e-02
9.209758604424369555e-01,7.902432789951896464e-02
8.440912459352842845e-01,1.559085656786664276e-01
8.514300366676863518e-01,1.485701536937538425e-01
6.659077050819841581e-01,3.340921044550832497e-01
7.990419042604617328e-01,2.009579051225704738e-01
7.092702777822831317e-01,2.907295305157349685e-01
6.687309757452375436e-01,3.312692161775381838e-01
6.261554455559168453e-01,3.738447464227596662e-01
9.734284327632587441e-01,2.657175948702886550e-02
8.246855103002623810e-01,1.753142973873090260e-01
5.138146389201374564e-01,4.861851685508534193e-01
7.461189885446586345e-01,2.538808166526200227e-01
8.807505453612385349e-01,1.192496494833036880e-01
8.742772907326274989e-01,1.257229044289272513e-01
7.260206796290137321e-01,2.739795164124712579e-01
8.031284195541182891e-01,1.968717768728033279e-01
5.210921930186493967e-01,4.789076089531262292e-01
7.070997868519222074e-01,2.929000139910895029e-01
8.385843906016441363e-01,1.614154083800703465e-01
5.703812505025819268e-01,4.296185481906527048e-01
8.460401876499159535e-01,1.539596100293952885e-01
6.921891093373506720e-01,3.078106880515236732e-01
6.279445210065950356e-01,3.720556822644270345e-01
5.641569339849514808e-01,4.358432693122689106e-01
5.503887962355615837e-01,4.496114079398828012e-01
6.039532353714816004e-01,3.960469720990392739e-01
5.273142756931771258e-01,4.726859332220814114e-01
6.664160606597032688e-01,3.335841490003375598e-01
5.419754700203174291e-01,4.580243173179179283e-01
7.162924395885479356e-01,2.837077753620714793e-01
8.590555887044601935e-01,1.409446265677855303e-01
6.725865636212881027e-01,3.274132209069050559e-01
8.984546970699547330e-01,1.015455188786889701e-01
7.318746507317279715e-01,2.681251330705519131e-01
7.214046025721199129e-01,2.785951799240778959e-01
7.559063964220447129e-01,2.440933856297654858e-01
8.939878570675274805e-01,1.060119245662723142e-01
9.187372894507883636e-01,8.126292978917243337e-02
7.947989752911583938e-01,2.052008019810008244e-01
7.106078797275257042e-01,2.893918962529983818e-01
5.739465092815962954e-01,4.260532654714677681e-01
7.567209355237058954e-01,2.432788385739020898e-01
5.472540923324462625e-01,4.527461343513036196e-01
7.384418598226063501e-01,2.615583688199832335e-01
7.475396086037066068e-01,2.524601625744989364e-01
5.281297490399635697e-01,4.718704805590270834e-01
7.281906152131899512e-01,2.718091550188253547e-01
7.035458913144454485e-01,2.964538751073116929e-01
9.739372843531577395e-01,2.606295073157189821e-02
8.480114530328365374e-01,1.519883081919465306e-01
8.179456273852798720e-01,1.820541336998749149e-01
7.122551964068700725e-01,2.877450425119613686e-01
5.953550670498680697e-01,4.046451723884306184e-01
7.959568268191368201e-01,2.040434136013763444e-01
9.830269850882218385e-01,1.697325772961699730e-02
9.586696512109504908e-01,4.133010543775450518e-02
7.201862226652234744e-01,2.798135338463459409e-01
8.421144830651605684e-01,1.578852725575447258e-01
8.723226053362098664e-01,1.276776391569739710e-01
7.441738903150458828e-01,2.558263548409491217e-01
9.459470947354757797e-01,5.405315087450859174e-02
8.813500117866058803e-01,1.186497422130838725e-01
9.711318257708192458e-01,2.886842321550259910e-02
5.114010265953401468e-01,4.885992242827630894e-01
8.085333821388136499e-01,1.914668687767795696e-01
8.794371832992954330e-01,1.205630679126115101e-01
6.823771696038759549e-01,3.176230822290642131e-01
9.389187026936581804e-01,6.108104518879090006e-02
6.233872404314277915e-01,3.766125072419133080e-01
5.171290096413080351e-01,4.828707377831409908e-01
6.074508376251480657e-01,3.925489074719869520e-01
6.771031694346925089e-01,3.228970875860687761e-01
6.810122171846414441e-01,3.189875229778498800e-01
9.216261748296739054e-01,7.837356502366080169e-02
8.941630416373239632e-01,1.058372186010329979e-01
8.801256603525990929e-01,1.198746005983218760e-01
8.439718455218974125e-01,1.560284177294404273e-01
6.827746011279205440e-01,3.172251349144295518e-01
7.154677672434056612e-01,2.845324973019697223e-01
8.343303058265610916e-01,1.656694288009409322e-01
9.068415986912172766e-01,9.315866743209579026e-02
6.388266296659936838e-01,3.611731040586779740e-01
7.213945951905812448e-01,2.786056732389616264e-01
5.814538203528295535e-01,4.185464493175029554e-01
7.038528849299683365e-01,2.961473847769451329e-01
8.137412732102280444e-01,1.862589970520347193e-01
8.412861710882870714e-01,1.587140996782334668e-01
9.842343685674137532e-01,1.576535917501715664e-02
8.442500191107706886e-01,1.557497085614893417e-01
8.738860781385111576e-01,1.261136493801345848e-01
5.151564570563613721e-01,4.848432704111624858e-01
8.601129018275039950e-01,1.398868246555206030e-01
9.534552473469358747e-01,4.654447719857138926e-02
7.696891685017386298e-01,2.303111075703685451e-01
8.941609793931206696e-01,1.058392974000863795e-01
5.931378162891615125e-01,4.068624613893742636e-01
9.671194692263266335e-01,3.288025185377038001e-02
7.925354081907596271e-01,2.074643116636691598e-01
9.612690310384399694e-01,3.873068875348589790e-02
8.423997437153748491e-01,1.576005366931587104e-01
9.661428633817927825e-01,3.385685528006505268e-02
8.912992092361629037e-01,1.087010723415061386e-01
7.794298239267609674e-01,2.205704579546021171e-01
5.505129048436583350e-01,4.494868105171752060e-01
9.549485830125564734e-01,4.505112946781528876e-02
9.915895990733513132e-01,8.410690423700571336e-03
5.674227754590361883e-01,4.325775150716770767e-01
8.053787692462135439e-01,1.946215227413003457e-01
6.610398876730976259e-01,3.389604047957754940e-01
6.478859146167470495e-01,3.521137928535897355e-01
9.786117639332720941e-01,2.138794315920843070e-02
6.504852227191343372e-01,3.495144843385521449e-01
9.783139855654020556e-01,2.168572005336917574e-02
6.253208599360272624e-01,3.746788451801742470e-01
7.837264287408072239e-01,2.162738662001208179e-01
7.898089464012516547e-01,2.101913503421900808e-01
7.864809330042601410e-01,2.135187699986824672e-01
7.044392718998051528e-01,2.955610257566145260e-01
9.935371348305958028e-01,6.463162833638552880e-03
7.430440808984231094e-01,2.569556212046962829e-01
5.483194410721032863e-01,4.516808613781836956e-01
8.355939296676619943e-01,1.644063735852671071e-01
8.520091676658193558e-01,1.479911356844462178e-01
8.695204206435206418e-01,1.304792759718455264e-01
7.104932546846084440e-01,2.895064416652079475e-01
7.438643853200072042e-01,2.561353108113352817e-01
6.699610425547357639e-01,3.300392626582565603e-01
5.849546102949315651e-01,4.150456960775264492e-01
6.401953118457385239e-01,3.598043788965745171e-01
9.718078428861538498e-01,2.819246638921522538e-02
5.217184616164766142e-01,4.782812277872036111e-01
7.418861694340317392e-01,2.581141439664588755e-01
9.239898371993031656e-01,7.600984933416768397e-02
9.610573539203353111e-01,3.894233144057231144e-02
5.759018055162534733e-01,4.240985106700386198e-01
7.562422657001408588e-01,2.437574179031158639e-01
5.377589356885030814e-01,4.622413811810042739e-01
8.672095894201415911e-01,1.327900932614178298e-01
8.846479796443061927e-01,1.153517019500951979e-01
5.628630140138640714e-01,4.371373050911121494e-01
6.691931391950022290e-01,3.308065408493456871e-01
9.639567903209793620e-01,3.604353347890446035e-02
9.836536275765449533e-01,1.634604836458569688e-02
9.067026562277007429e-01,9.329701896256877014e-02
9.386525631409814441e-01,6.134711202939601565e-02
5.808775821942980810e-01,4.191220929538757023e-01
9.121600311597100053e-01,8.784029600299185503e-02
9.884810386220811429e-01,1.151929054236464425e-02
7.955445849710713890e-01,2.044550842307661098e-01
5.876504476507209418e-01,4.123498846535496032e-01
6.145738399305746835e-01,3.854258274058771638e-01
6.156094726798704286e-01,3.843901943777520147e-01
6.183861714317037128e-01,3.816141616035765294e-01
6.797413711219395527e-01,3.202582955991755131e-01
6.498641808033508438e-01,3.501361524803859870e-01
8.260586737761105303e-01,1.739416596294440231e-01
6.251918800120711550e-01,3.748084537835260632e-01
7.443687506197711468e-01,2.556315849813184937e-01
5.378503514077223047e-01,4.621499845387019301e-01
8.281949655146283451e-01,1.718046980645800415e-01
5.477996076460270869e-01,4.522000555657564869e-01
9.688039563141893629e-01,3.119638052620224075e-02
6.256015721497478754e-01,3.743980894436074180e-01
7.863441429526705218e-01,2.136555177523998261e-01
5.332082755931135676e-01,4.667913850071072623e-01
9.075962812131175284e-01,9.240405899999082351e-02
8.301991989073767009e-01,1.698004604208591672e-01
5.568012492939540259e-01,4.431984074424146214e-01
6.006152445635636328e-01,3.993850987558889010e-01
9.552262145673917626e-01,4.477412903734509508e-02
7.823586175603982618e-01,2.176417264413115227e-01
9.299292626313877541e-01,7.007108440194685650e-02
9.712242557376329355e-01,2.877609332576913995e-02
7.096037041104563681e-01,2.903959436187305565e-01
7.590293958224814119e-01,2.409702517346013484e-01
5.598741315334407886e-01,4.401255157313622157e-01
7.427385874166995139e-01,2.572610581481099001e-01
9.078461747413416605e-01,9.215347009035509962e-02
5.903897901105223944e-01,4.096105656934031503e-01
6.196842461216754971e-01,3.803161101239971309e-01
9.151322168909683530e-01,8.486742684226240840e-02
5.067402718591489386e-01,4.932593696630909741e-01
9.761539992410191990e-01,2.384636038848511955e-02
8.880078474620585194e-01,1.119925128477063520e-01
6.665603510163168322e-01,3.334392886546975188e-01
6.454807877240336111e-01,3.545188518980366132e-01
6.609864369622494573e-01,3.390139234710916605e-01
9.159869403087967932e-01,8.401269767480641637e-02
9.611635894959752457e-01,3.883677369179516781e-02
9.154429214498931433e-01,8.455671481272257484e-02
5.256375325741985405e-01,4.743628315472967483e-01
7.392371355491462737e-01,2.607632292329735146e-01
9.326724733955633617e-01,6.732789192009866475e-02
5.722252788450328254e-01,4.277743545265987324e-01
7.228130768708224130e-01,2.771865562666888105e-01
7.371965905811268538e-01,2.628037766380930118e-01
9.616981439298699641e-01,3.830222353780517869e-02
5.344027557418007390e-01,4.655976126268915882e-01
5.461320400659503971e-01,4.538683284793239014e-01
5.269055642542113116e-01,4.730940649751060878e-01
7.192228719490909583e-01,2.807767540150030161e-01
7.190206607434722619e-01,2.809797133715419837e-01
7.945146499092741177e-01,2.054857246141786054e-01
8.908719610791914212e-01,1.091284136812540329e-01
6.397871585442226339e-01,3.602132183564665802e-01
6.324025150591782163e-01,3.675971076334875187e-01
9.113857717485357446e-01,8.861385071290629745e-02
8.671927147835161165e-01,1.328069072825203978e-01
5.934093153087990347e-01,4.065910626267954520e-01
8.288625049141358225e-01,1.711378735267472251e-01
9.059985732553139659e-01,9.400104826379514222e-02
7.324815212525180863e-01,2.675180998418651979e-01
6.068178944745465930e-01,3.931824847320540273e-01
5.794328210983236138e-01,4.205667967890314718e-01
7.177009542462127190e-01,2.822994303128662508e-01
9.407990624371671551e-01,5.920132492899111976e-02
7.728998516159584220e-01,2.271005373197791666e-01
7.208244015726317233e-01,2.791752088831676026e-01
9.077732825134193773e-01,9.222632539037953214e-02
5.337484288375530239e-01,4.662511789110277971e-01
7.969206553030399043e-01,2.030797369496403493e-01
7.437154034081827625e-01,2.562842037078315038e-01
8.344372159845716563e-01,1.655623909572589147e-01
7.090743544378185215e-01,2.909252518201076998e-01
6.670891810501661245e-01,3.329112156145789259e-01
7.617955062485562978e-01,2.382048908726114300e-01
6.455990072102596455e-01,3.544013906364820721e-01
7.704154582443412114e-01,2.295841435771076300e-01
8.696852904322978084e-01,1.303143104816893716e-01
5.964009441531256117e-01,4.035986561670339978e-01
7.654168960580476355e-01,2.345827036984097780e-01
9.431420424828613758e-01,5.685755698233636163e-02
6.736308513091492367e-01,3.263695493570868966e-01
7.962888065571751550e-01,2.037115946958610313e-01
8.909888449290462864e-01,1.090115563924322212e-01
8.960503524301426381e-01,1.039500491535014781e-01
6.298765250872300214e-01,3.701230733242701909e-01
6.789989316978157774e-01,3.210006660948303558e-01
9.669801821382402185e-01,3.301941536460521742e-02
7.749030107853958071e-01,2.250973928694639248e-01
6.662551416445410268e-01,3.337444539712114966e-01
6.769731347967039570e-01,3.230272697918510905e-01
7.511241398760716281e-01,2.488754551163352147e-01
6.592175749458583089e-01,3.407820194157413218e-01
7.796652709913808321e-01,2.203351346528246990e-01
5.174636329100327226e-01,4.825367743625670891e-01
8.776542225045544932e-01,1.223461851396479144e-01
8.996796544685616848e-01,1.003199377771222256e-01
9.763928180470651252e-01,2.360677419193387902e-02
6.396497673257515171e-01,3.603498246923791393e-01
5.439802117974246176e-01,4.560193801192745089e-01
8.969045904492810584e-01,1.030950004970461048e-01
7.723502973479068334e-01,2.276492932986644568e-01
8.783514684132593953e-01,1.216489421096526996e-01
8.033546220369340851e-01,1.966457886801909749e-01
6.511986045725683958e-01,3.488018084840744382e-01
5.654274939804380118e-01,4.345720928324385834e-01
7.944350346223718606e-01,2.055645521664209996e-01
9.674813285240974059e-01,3.251825661264843431e-02
9.332709893075455954e-01,6.672942564597933446e-02
7.904238182037728322e-01,2.095757649822752589e-01
7.858492795196065916e-01,2.141511407526205113e-01
7.118073527832631253e-01,2.881922264213532814e-01
6.519327926359651526e-01,3.480667865617884660e-01
7.765764449161938199e-01,2.234231327341489048e-01
9.925258698851650019e-01,7.474555931162431797e-03
7.894425472780655095e-01,2.105578787394013773e-01
6.755606165131293750e-01,3.244389563362146123e-01
7.722643981995542806e-01,2.277360292376735262e-01
8.599384983931415150e-01,1.400619290659972371e-01
7.873745414100572493e-01,2.126258868205465058e-01
6.825967548795917050e-01,3.174028161233676815e-01
9.129170671821991156e-01,8.708336416210733788e-02
8.420883827286036460e-01,1.579120488423322866e-01
8.222872903495055397e-01,1.777122771474972107e-01
7.490681379947430329e-01,2.509322965360981650e-01
8.954080878867812787e-01,1.045914766025762832e-01
6.407845818896847900e-01,3.592158536574190930e-01
5.390818448940981611e-01,4.609185906639050034e-01
7.598462631797668898e-01,2.401533012036745629e-01
5.827635649202392853e-01,4.172359982366184439e-01
6.635512345431013870e-01,3.364483280407877808e-01
9.778722823552905563e-01,2.212815506797146878e-02
6.904799297968485794e-01,3.095205081224707278e-01
7.344050355140880892e-01,2.655954028933009692e-01
8.855996032140945884e-01,1.143999582171121021e-01
8.785131815630753405e-01,1.214863796815911362e-01
8.572531275513095572e-01,1.427464319726687580e-01
5.162715299351121612e-01,4.837280291448391445e-01
8.164550484278636500e-01,1.835445099546160752e-01
9.824005407053559846e-01,1.759901718165860288e-02
7.474467631770191911e-01,2.525527945450325995e-01
7.050366015517574025e-01,2.949638411177289976e-01
5.565945812747024046e-01,4.434049751970984832e-01
5.218082355225195368e-01,4.781922103876525831e-01
7.058337805970045231e-01,2.941666654960113370e-01
8.567451247339175069e-01,1.432544291072602449e-01
6.070213683889935652e-01,3.929790783487345784e-01
9.914829103159790158e-01,8.517537321539644241e-03
7.060999043704556666e-01,2.939005434501775205e-01
8.270098189597884231e-01,1.729897314404410247e-01
6.490284943854796040e-01,3.509710547515886847e-01
5.773730249447143192e-01,4.226265230448952859e-01
8.251157191637954469e-01,1.748838276905140265e-01
7.677487162708157564e-01,2.322517372320836160e-01
7.614652285338490145e-01,2.385352250849004652e-01
6.520076937112885274e-01,3.479927645766042188e-01
5.785822187156262064e-01,4.214173224481899127e-01
9.726198989581215093e-01,2.738056137287658148e-02
9.237640252213834557e-01,7.623643519925861478e-02
7.271424165738462619e-01,2.728580444511788383e-01
8.630081030100689166e-01,1.369914338109826102e-01
5.583716073499470633e-01,4.416279294573995373e-01
6.392852901598760074e-01,3.607151730722794603e-01
9.808734106252581242e-01,1.912612564521231837e-02
6.844248050812520301e-01,3.155747307578176675e-01
6.471953788452707856e-01,3.528050859415345908e-01
5.299063879776536590e-01,4.700931465848576241e-01
8.565922679750481716e-01,1.434082012168439724e-01
5.263546163884157414e-01,4.736458536190411017e-01
9.326642041790675908e-01,6.733626597316902385e-02
5.071024535412608225e-01,4.929003856847846143e-01
9.041391255919617453e-01,9.586971221099278850e-02
5.304011239945101153e-01,4.696178564091356700e-01
8.747432780877542058e-01,1.252581612241683018e-01
8.238430752093909293e-01,1.761536874353341053e-01
6.879583499010317738e-01,3.120415537247482884e-01
7.424660396014441943e-01,2.575303294270023802e-01
6.612100838702570371e-01,3.387783478814425653e-01
5.362623047121068964e-01,4.637538616783956069e-01
9.252606875642511719e-01,7.475203242787821500e-02
9.678248881682870453e-01,3.217710223304472150e-02
6.623507585907293382e-01,3.376400163134772869e-01
9.769447631157970324e-01,2.307586487205553691e-02
6.854076834338288515e-01,3.145849763102293029e-01
7.008388842753322523e-01,2.991900754881559044e-01
8.779089874886811806e-01,1.221118133253963345e-01
9.773004325392473657e-01,2.272859603587941424e-02
9.740774430631971015e-01,2.595946662606403790e-02
8.416526027061177473e-01,1.583665386004845521e-01
9.543459127926532393e-01,4.567403363834532382e-02
9.496878821969041429e-01,5.033809509260019771e-02
7.642134517747662947e-01,2.357956388607099774e-01
5.837362149165633562e-01,4.162514415378026911e-01
5.647600125381496694e-01,4.352488835219835983e-01
5.231035848914425967e-01,4.769063768151012850e-01
6.966871231578153356e-01,3.033166236523362480e-01
7.877892346521044864e-01,2.122098516274791846e-01
6.609256708934825308e-01,3.390690018412939044e-01
7.579516433724027280e-01,2.420464690361481541e-01
7.683631872532744600e-01,2.316488052072662174e-01
7.215024214785239476e-01,2.784994729996118079e-01
8.408486478115286822e-01,1.591708697459778832e-01
6.454596984863846254e-01,3.545495654557362930e-01
9.411171644402918091e-01,5.892264131418301076e-02
9.906602243425683962e-01,9.345639942973158962e-03
6.050023137329691991e-01,3.949996850439436158e-01
6.267646078288777733e-01,3.732387609303290943e-01
8.470654006411101333e-01,1.529541317272301304e-01
9.100647825822363313e-01,8.993485085937404089e-02
5.511273128078270078e-01,4.488626511812355280e-01
8.584129448176505139e-01,1.416176287886749541e-01
5.619619285962261790e-01,4.380529809454670742e-01
8.709171537280779862e-01,1.291071018298232953e-01
8.383875866631633755e-01,1.616441532681181237e-01
7.753972392710793970e-01,2.246213765406900320e-01
6.100544599738455531e-01,3.899619942620001223e-01
5.353932432258649010e-01,4.646287952335444449e-01
9.313392312427217767e-01,6.867653630464995440e-02
5.207503195704857868e-01,4.792640807497255961e-01
5.652824074491670236e-01,4.347355528751601916e-01
5.674073478701556761e-01,4.325967964217592998e-01
7.797585068277005371e-01,2.202596866732773884e-01
7.385884080230257220e-01,2.614298922633447875e-01
9.701536688783587437e-01,2.986957955477083024e-02
9.117789802827447332e-01,8.825439869080076161e-02
6.427199123146890569e-01,3.572824297089045587e-01
6.144644185690930627e-01,3.855468693303023553e-01
9.605246910218991907e-01,3.949001275210613227e-02
7.823967613887710115e-01,2.176366268110145052e-01
9.086471151956516668e-01,9.136604250719501663e-02
7.956159791613903742e-01,2.044020023003707276e-01
8.995747854832316648e-01,1.004488153957703717e-01
5.668759339131902442e-01,4.331095212702557595e-01
8.800993356514711374e-01,1.199068218606144931e-01
7.885551938433257302e-01,2.114745996795700245e-01
9.178056831737982924e-01,8.220484500998835597e-02
5.239732948506510279e-01,4.760464672766923644e-01
9.362502317585390532e-01,6.378775228799442309e-02
5.283041028132646755e-01,4.716795728240358865e-01
6.734467163299350245e-01,3.265537061898006743e-01
8.975968540405008245e-01,1.024375857171997140e-01
8.481356056782193287e-01,1.518691641986114893e-01
9.288448851553281482e-01,7.115542529142293571e-02
8.017977586020641478e-01,1.982143158279693063e-01
5.810261023219147614e-01,4.189974196959466157e-01
9.731200635246209929e-01,2.691269800052951619e-02
8.132882364359047545e-01,1.867203980233259619e-01
9.035424931446960350e-01,9.645723849637459490e-02
7.844392857831232746e-01,2.155766604016394195e-01
6.589868769847502250e-01,3.410174292539338570e-01
9.587082696674699145e-01,4.133056470714169955e-02
9.305836155221247630e-01,6.945151890961658026e-02
6.600843127734984384e-01,3.399193593091391907e-01
6.565157849896896547e-01,3.435103187932499469e-01
7.596545427001929474e-01,2.403357220482940926e-01
8.417376672312414376e-01,1.582947527683463418e-01
5.588259147652094860e-01,4.411858850658990083e-01
6.384967623090027633e-01,3.615275821194916528e-01
8.509714278366103946e-01,1.490308788472735069e-01
9.089736633465171911e-01,9.104308319276505079e-02
7.634321316978933680e-01,2.365912353660141465e-01
8.831163465414811897e-01,1.169147176082946937e-01
5.251965206907983630e-01,4.748020498961765257e-01
9.650113909280138014e-01,3.499450396891901072e-02
5.541905668314919264e-01,4.457962861016713796e-01
9.176847441987814324e-01,8.233380143668622697e-02
5.538950694383313333e-01,4.460875085802299966e-01
9.482893156505858290e-01,5.175017608134582781e-02
9.234290026030688159e-01,7.659147951483574746e-02
9.240995993168282796e-01,7.592733415771620031e-02
8.416803907351426695e-01,1.583185829046204196e-01
7.352884386824046770e-01,2.647319013954819167e-01
8.039418820838222235e-01,1.960758564219001465e-01
7.394097049915260289e-01,2.605888523719548377e-01
6.184221898375065196e-01,3.815691618528830875e-01
6.106694966014374337e-01,3.893516966378276489e-01
5.279078794337380698e-01,4.720977569020612385e-01
6.264013286320191387e-01,3.736067744342981278e-01
9.171531772768972690e-01,8.285803096965853320e-02
6.821603141841507956e-01,3.178436193844976776e-01
8.250643403805693055e-01,1.749547552730011390e-01
6.426694897572043930e-01,3.573253037773846952e-01
8.447514439331217373e-01,1.552743663530232743e-01
5.348609592229905951e-01,4.651372458501423224e-01
8.546739454401788283e-01,1.453526645996888189e-01
6.015618226385931466e-01,3.984424015577552325e-01
9.355592445940382751e-01,6.447720267209176848e-02
5.497742702806854842e-01,4.502377742414918615e-01
6.225771765717013073e-01,3.774135163430666351e-01
9.605413614022519919e-01,3.946328856706259741e-02
7.635667260192964267e-01,2.364468726072196103e-01
6.744048414007937087e-01,3.256111538339060973e-01
5.819949520629065232e-01,4.179954870988348836e-01
7.538247334067598171e-01,2.461755462096721636e-01
8.445106354483460365e-01,1.554898662908447138e-01
8.666650554980210863e-01,1.333608678815067783e-01
7.870717668377827936e-01,2.129351614359475953e-01
5.571313005265496887e-01,4.428678082103603697e-01
7.209074428427216796e-01,2.791163339669577859e-01
7.363305547214639146e-01,2.636656290239263734e-01
8.645521161488075590e-01,1.354645367061605987e-01
8.323740345252270689e-01,1.676382388970536486e-01
6.976955251970642369e-01,3.023185359078538470e-01
9.538339479626275486e-01,4.618241131447953229e-02
8.863282695297747260e-01,1.136919903627269385e-01
8.091114810663396772e-01,1.908989331973297010e-01
8.575485475344645225e-01,1.424586224263397483e-01
5.801802908856027452e-01,4.198219573994787512e-01
9.891278079856666849e-01,1.087264694763703105e-02
9.615736286196807647e-01,3.843313718462923467e-02
9.027145642792822056e-01,9.728412235844469125e-02
9.241596643694677260e-01,7.584902982321567455e-02
8.802467406930964966e-01,1.197625948887155317e-01
5.307271082313386179e-01,4.692846013079445266e-01
9.000422033872612637e-01,9.997477543226862551e-02
5.664515651310554345e-01,4.335688591324513563e-01
5.745507190167475908e-01,4.254468073497530423e-01
6.126425849033002580e-01,3.873659491705487845e-01
8.439450040105729300e-01,1.560746341623328870e-01
7.699118539420843899e-01,2.301058505186985015e-01
7.210750353493904363e-01,2.789375204144275977e-01
7.283367673689666866e-01,2.716645033830887845e-01
5.531858514340260990e-01,4.468147077188539540e-01
7.168818051969403360e-01,2.831131851838566416e-01
9.609265837433746960e-01,3.909159510362202744e-02
9.551476970150118984e-01,4.488290958390316748e-02
9.262960731592104757e-01,7.373225602890351449e-02
5.869222475792568172e-01,4.130804367818501910e-01
7.107299704036522670e-01,2.892942184396546934e-01
6.063887137875823008e-01,3.936000704517557680e-01
8.570998550640023250e-01,1.428989654835162715e-01
7.769904762658723651e-01,2.230341089753690165e-01
6.755315388154593537e-01,3.244731315818095707e-01
8.751574544719851190e-01,1.248519475909954379e-01
9.048875809225553901e-01,9.511106685029832586e-02
5.095288926859823375e-01,4.904686408335394709e-01
8.394269799744993321e-01,1.605847812684532416e-01
7.617694469907438926e-01,2.382261842429320708e-01
6.809512162830706483e-01,3.190506697735975838e-01
5.156919059399716065e-01,4.842983424295365658e-01
8.016609424600729117e-01,1.983682993658135441e-01
9.791575147156592607e-01,2.086602375739161214e-02
5.466393412926340289e-01,4.533661554418955131e-01
8.251311176543958403e-01,1.748993558242650237e-01
5.730940356426156290e-01,4.269095230549033171e-01
8.194054675139861299e-01,1.806050733684053944e-01
7.029709005714521730e-01,2.970324510440801591e-01
6.791321552022793195e-01,3.208651771218797855e-01
7.473404675459859314e-01,2.526681669674552544e-01
7.392966915960069718e-01,2.607150424588085547e-01
5.310233559900799927e-01,4.689947016502711841e-01
9.589813952632482152e-01,4.104906356165093778e-02
9.604483896953753819e-01,3.957089025807929150e-02
7.012950995754733130e-01,2.987246016434613738e-01
6.786277696496373357e-01,3.213864842126045729e-01
7.779593742638853948e-01,2.220325981062058196e-01
5.804534385810339314e-01,4.195609482665321188e-01
8.566974145799558515e-01,1.433354429157736309e-01
9.564355957489760751e-01,4.356419545331145088e-02
8.711661686943893423e-01,1.288580019180839975e-01
5.129054198330462722e-01,4.871009169968127384e-01
8.749293859792897088e-01,1.251012546745756404e-01
6.197642731444209518e-01,3.802622061266068276e-01
8.798661266663079239e-01,1.201328851307472828e-01
7.899706734444786882e-01,2.100424045682926788e-01
9.908428727493798771e-01,9.181211757679460725e-03
5.245180158328096587e-01,4.755034948818169238e-01
9.142902596433373219e-01,8.574034012955075723e-02
8.477250291229895263e-01,1.523102081071678049e-01
9.251969099426113896e-01,7.479992895241152628e-02
9.922354061834637307e-01,7.793916873914076213e-03
9.161309226767884173e-01,8.390219911649743345e-02
7.460826527338941805e-01,2.539341393527760893e-01
5.850884770344062513e-01,4.149134457099169504e-01
8.603557051396700794e-01,1.396622941761737346e-01
7.055245557516256483e-01,2.944808941293986515e-01
6.427080846627359900e-01,3.572807755695768250e-01
6.366030188844498117e-01,3.634161946519500197e-01
8.354683285948230065e-01,1.645648277775242363e-01
9.621355552108783460e-01,3.787744216438936051e-02
9.408993085575199089e-01,5.911407573595319626e-02
6.120968963062565216e-01,3.879245684011948248e-01
6.642258341212499140e-01,3.357659308725808311e-01
6.089064307088206673e-01,3.911023970552184315e-01
8.064833993206403928e-01,1.935401738532694649e-01
6.092443610939047849e-01,3.907478370418285274e-01
8.001373422818591763e-01,1.998809551836881193e-01
5.510991492306642758e-01,4.488915882098979959e-01
8.772091910987886987e-01,1.228155445054583406e-01
8.844159065690300192e-01,1.156174540022190111e-01
7.780350963788797980e-01,2.219923089542652495e-01
7.874834106611429130e-01,2.125245358359778569e-01
9.463249103668798234e-01,5.367509227579340264e-02
8.637965471430947284e-01,1.361994593478088045e-01
5.196718920492096050e-01,4.803161951925085660e-01
8.914767809654325914e-01,1.085295928016226930e-01
9.886631795952545154e-01,1.135326123689042559e-02
6.205662083067341461e-01,3.794328489984863384e-01
8.715877455268040697e-01,1.284418588637504799e-01
7.696876619549255505e-01,2.303241670158434062e-01
5.592631316923345475e-01,4.407322071492724702e-01
6.588007699184070809e-01,3.412120230828074030e-01
5.366012172332295105e-01,4.633798474854739502e-01
9.060038793983752337e-01,9.399699030605136729e-02
6.566728489942096347e-01,3.433313591068464232e-01
8.801218039291494044e-01,1.199123840630914178e-01
6.304453545709380879e-01,3.695756528036199251e-01
9.408476124087450376e-01,5.915209832587761674e-02
7.559797440869168161e-01,2.440520836881874545e-01
9.913186900986212802e-01,8.706115887825811514e-03
