1.979324875996839317e-01,8.020653185038310040e-01
6.470844549940349966e-01,3.529130345699423854e-01
2.174784573190322035e-01,7.825183480093517163e-01
1.972061930766537130e-01,8.027974215059894281e-01
6.387724208878640120e-01,3.612230166471850912e-01
5.871864823892342100e-01,4.128182099076588285e-01
5.228160308086635677e-01,4.771786395876179143e-01
3.952700419914408902e-01,6.047376740907736137e-01
5.709185089929129653e-01,4.290735543712085875e-01
1.952056629307491464e-01,8.047859092021019123e-01
3.133822989750329469e-01,6.866090303755763014e-01
4.602794822290739440e-01,5.397298010366383680e-01
1.537008944489985929e-01,8.462890504381112011e-01
5.222446865917220737e-01,4.777657019175689523e-01
2.177257978026445884e-01,7.822638100590914023e-01
1.443955710306402407e-01,8.555935448110171260e-01
2.489459376314163419e-01,7.510429977503926269e-01
6.101048041305729974e-01,3.898833740649710888e-01
2.788715836437017370e-01,7.211404571803943231e-01
2.702613432836399876e-01,7.297510828082008905e-01
2.734790601982103886e-02,9.726385779954607180e-01
9.543696308657464988e-02,9.045494642739511093e-01
1.097907136632819691e-01,8.902229020450259656e-01
8.140083286950153263e-02,9.186131962262900075e-01
6.145623252980114692e-01,3.854224372955095124e-01
4.212209897481478116e-01,5.787628386926050306e-01
1.601897248824862008e-01,8.397937070968128914e-01
4.245001478481357782e-01,5.754821912833972819e-01
5.694578342715012065e-01,4.305243182168633775e-01
4.397693749043793399e-01,5.602118678409441221e-01
6.476500557258695334e-01,3.523311258024623971e-01
3.178089575835318370e-01,6.822099276886524066e-01
1.514142629175169452e-01,8.486054451905374885e-01
3.261747876317059869e-01,6.738048270240557525e-01
2.305884098636936108e-01,7.694321422723596759e-01
5.687765509512847650e-01,4.312027180571657570e-01
5.659098318814443918e-01,4.340683539898174126e-01
4.057816252175941441e-01,5.942414539448263033e-01
5.653591420585523108e-01,4.346170362419716215e-01
2.677738570332267032e-01,7.322517918040295504e-01
5.650461022937957045e-01,4.349805991513085446e-01
3.795145320075430928e-01,6.204582164227421259e-01
6.053605800808409265e-01,3.946117710405734336e-01
3.513731760340282340e-01,6.485985923157000510e-01
5.131580150636939619e-01,4.868703418531062921e-01
6.195465114932222628e-01,3.804249421777977092e-01
3.291298946639686362e-01,6.708987279431897210e-01
4.415235270805459855e-01,5.585057740285213068e-01
6.443220469557507935e-01,3.557073697741620633e-01
2.307852787145513521e-02,9.769513940705564226e-01
9.079283017245626253e-02,9.091772395323178824e-01
4.790434910444875682e-01,5.209877017304263003e-01
2.007927886103632875e-01,7.992393302945273170e-01
2.028476252558230886e-01,7.971195292169490632e-01
5.645638561805934597e-01,4.354027750861207968e-01
7.274790383385827675e-02,9.272859087354036189e-01
6.071552911691592558e-02,9.392500308617703908e-01
5.613712591498698501e-01,4.386632855379906104e-01
4.300661572423624124e-01,5.698985146560793247e-01
3.677135947563285878e-01,6.322508139464836363e-01
5.029368348195786265e-01,4.970271976958486881e-01
3.913610747501650722e-01,6.086028126883218370e-01
5.481361265897923829e-01,4.518275156827347150e-01
4.743428724166097177e-01,5.256191700454428961e-01
1.943049861271542444e-01,8.056562924723638108e-01
1.006679802746439645e-01,8.993711111768745159e-01
1.726861252442266348e-01,8.272731207093372285e-01
3.246568772955702453e-01,6.753017859030314707e-01
2.885130145999575402e-01,7.114453689625653832e-01
2.556185501253190884e-01,7.443392332566477476e-01
5.452004266535229737e-01,4.547572605599770612e-01
6.109583205181025045e-01,3.890849615264019845e-01
1.336307652205578900e-01,8.664125295853977171e-01
5.179118047884451181e-01,4.820445662012077248e-01
1.992131399387744584e-01,8.008307213030372296e-01
2.805901037392313085e-02,9.719849660388998336e-01
5.415288310854078357e-01,4.584267977201456068e-01
5.244799615145320226e-01,4.754744402393056846e-01
6.471386346252025468e-02,9.352400492713456304e-01
3.581972075473951467e-01,6.417559780357489085e-01
2.320615047134645115e-01,7.678915703088377009e-01
2.944794247630396766e-01,7.054732596115966814e-01
6.380930006291729573e-01,3.618590521731042120e-01
4.933453571750011091e-01,5.067026177864695224e-01
4.500796170916309680e-01,5.498719331962915735e-01
4.477750201544138109e-02,9.552712685054504105e-01
3.182091696978563422e-01,6.817419079655480108e-01
1.603626389153513798e-01,8.396871589040202366e-01
2.672408723988182189e-01,7.328090464450756070e-01
4.106557732421535212e-01,5.892940000650834786e-01
3.598187928641190247e-02,9.639675998685726110e-01
2.533355458638173949e-02,9.747171334498400119e-01
6.196790611698127504e-01,3.802700819925474707e-01
4.867641304427672844e-01,5.132870101561662901e-01
6.436685658352795381e-01,3.563825884261200283e-01
1.747564618619804888e-01,8.252948272938730456e-01
5.822351897974996637e-01,4.178165406084477507e-01
2.029312926859038191e-01,7.970161617189820413e-01
3.870118731394331935e-01,6.130407400297875897e-01
5.064985044552504645e-01,4.934486159936923300e-01
6.089492823122388820e-01,3.909974666470108495e-01
1.094068420546461945e-01,8.905395786618924836e-01
2.030654778903690227e-01,7.968801725557902449e-01
3.663569511368710563e-01,6.336983956117568928e-01
3.292896399847903832e-01,6.707664735550640245e-01
4.261832054168240846e-01,5.737605467164734740e-01
2.691731162864451354e-01,7.307702438524341648e-01
5.416703740632153874e-01,4.582713314781966529e-01
5.366503199375950439e-01,4.634081455317489162e-01
1.386052730788605025e-01,8.613354629443318311e-01
3.947799643367875810e-01,6.052797991753644524e-01
6.974099781656475927e-02,9.303199731251841076e-01
1.807615519066964882e-01,8.191774349293239332e-01
2.943495934621884191e-01,7.057117716576574162e-01
3.684336372427483020e-01,6.316288921445295523e-01
3.955948169433118333e-01,6.043409926310602254e-01
4.400163858395431116e-01,5.600480013376565314e-01
5.476097873629213186e-01,4.524547477420759467e-01
8.695437689884985555e-02,9.129808463530139084e-01
2.259308743776110642e-02,9.774717030155951614e-01
4.299546406875527360e-01,5.701103438115380229e-01
7.158117459595672583e-02,9.283535918402407994e-01
2.355008870303920421e-01,7.645644060980139045e-01
4.484513322398421264e-01,5.516145282605298128e-01
1.473590736261757572e-01,8.527071605376793650e-01
1.656586136340113535e-01,8.342748406583261334e-01
2.065695177095180912e-01,7.934981414489193918e-01
3.563751720645046417e-01,6.435564455102975590e-01
4.227509704864473167e-02,9.576562234442043131e-01
4.788102610666548076e-01,5.212585442346667763e-01
8.100322178680073593e-02,9.189278510026605007e-01
6.191784154709627924e-02,9.381514625585121170e-01
4.800391932228456060e-01,5.200305786876371350e-01
1.180551826985489772e-01,8.820146212824279131e-01
4.204528610667941924e-01,5.794770733627020443e-01
5.248766556841671926e-01,4.750525838573348425e-01
3.228821440573823032e-01,6.771888352486846729e-01
1.111672813846131952e-01,8.889040397608275468e-01
5.716521903485185518e-01,4.282748341059420261e-01
5.468037583782822120e-01,4.532695914544398463e-01
8.741438462086549566e-02,9.126594975378397034e-01
3.830138416836145199e-01,6.169117312346888982e-01
2.274605436914573786e-01,7.726141429340575018e-01
2.014438318747845125e-01,7.986311131934490382e-01
1.189989631001621417e-01,8.809256824459366086e-01
1.132396349607069919e-01,8.866840549241773450e-01
2.848602065795935445e-01,7.150628176627733534e-01
9.577482183440615138e-02,9.041478211670693765e-01
6.178798084421798231e-01,3.821981645256030680e-01
5.446164076506301299e-01,4.554626393892231562e-01
3.579927160504545736e-01,6.419281502910957338e-01
1.819758523028768699e-02,9.818817900949255995e-01
4.290296459521875105e-01,5.710502532761589922e-01
1.235613929523609045e-01,8.763584013191674238e-01
4.966579507605876076e-01,5.034223457013331515e-01
3.888758785755546676e-01,6.112045538599771843e-01
4.068615150516886603e-01,5.930580023969396208e-01
1.688338948318915678e-01,8.310855126945897453e-01
6.451478836627161373e-01,3.547714133260924663e-01
3.991141311336500741e-01,6.008043124235519228e-01
5.785777571803920605e-01,4.215040771758062355e-01
5.739372611020929771e-01,4.261456325585458726e-01
4.197719009425413539e-01,5.801443059347463072e-01
6.931912089508568409e-02,9.307649400590987110e-01
4.247255020235246037e-01,5.751901172897514458e-01
1.784377416450011120e-02,9.820713623911320189e-01
3.089373247611974516e-01,6.911478401355695134e-01
3.410361904024990509e-01,6.588778775412523769e-01
1.641282715905594547e-01,8.357849758930921968e-01
2.779772116608926757e-01,7.219358346239234114e-01
1.910860285211050669e-01,8.088267968641076333e-01
3.599433042871545418e-01,6.401439242841301391e-01
5.299956266144228989e-01,4.700920081544111007e-01
6.127762692582374715e-01,3.873114907786551209e-01
6.104288954797389977e-01,3.894832820503198456e-01
3.865598958945482555e-01,6.135279388333348960e-01
5.822142683794465645e-01,4.178742404115663445e-01
5.038417646736732536e-01,4.960694911880831892e-01
6.525223071233193783e-01,3.475665049518343319e-01
4.315369006246763672e-01,5.683742026395075531e-01
4.465329301740625367e-01,5.535560888825108439e-01
3.069039674400940165e-01,6.931852207229135532e-01
1.989788561872573580e-01,8.011103548028281063e-01
3.413277296707946384e-02,9.659568270811875745e-01
7.762352616128372074e-02,9.224668194856275871e-01
8.430517630712351662e-02,9.156035205413651790e-01
5.198985736576573480e-01,4.801932997743830756e-01
9.055285894321710161e-02,9.095392242308635300e-01
2.789005239149265902e-01,7.211919425705825004e-01
1.565596544024356607e-01,8.433473115197719361e-01
1.574655788580189286e-01,8.424398741691709880e-01
1.522672053568283335e-01,8.476369098700926585e-01
2.018031912823982366e-02,9.799166264794469949e-01
1.705257310237533186e-01,8.293772867885336186e-01
1.212035469248526898e-01,8.786992190853474272e-01
6.407642097129226388e-02,9.360217257691928472e-01
4.590910926837798445e-01,5.408100394252474130e-01
3.880452547159683463e-01,6.118557656031492487e-01
5.013738616143035287e-01,4.985267771276983284e-01
3.562257147704292470e-01,6.436745730085758899e-01
6.533837327299482634e-02,9.347614596804899589e-01
3.836554254820627174e-01,6.164451137594101349e-01
4.392196381795829829e-01,5.606793533793833495e-01
6.000941146267864124e-01,3.998046239338124419e-01
1.267968628272571896e-01,8.733046392198009489e-01
1.385904089791948901e-01,8.613080806616719709e-01
3.375486868910416716e-01,6.623497579267120239e-01
6.582547431664750870e-02,9.340728334487974349e-01
5.964246604313812039e-01,4.034730976311333150e-01
1.839944002312936255e-01,8.161086893024381839e-01
3.846104406236529050e-01,6.107183440476424696e-01
4.728018896811533311e-01,5.264080286938909170e-01
2.604904659777412812e-01,7.383571544808370524e-01
3.768676239443098375e-01,6.216191358065075168e-01
2.328933595165033343e-01,7.646790193900072641e-01
1.644640284574162004e-01,8.366262043673792226e-01
5.862000661021409265e-01,4.187666447856029928e-01
2.610231260407748777e-01,7.340322018476846955e-01
2.969750539034240466e-01,6.972921049697924367e-01
5.093270325102169371e-01,4.900286584269539780e-01
3.264647326047518394e-01,6.713024105140568132e-01
3.140188359865946355e-01,6.886315658712899301e-01
3.461927498536730985e-01,6.513835296726419033e-01
8.136288681802211764e-02,9.185354890595848198e-01
4.938696546317332681e-01,5.089526421241111764e-01
3.437191284330466390e-01,6.553213838712564909e-01
3.936122858310876493e-01,6.038154611121724358e-01
1.323153240774301576e-01,8.669755667289803513e-01
4.204430510883759853e-01,5.790170125032380044e-01
4.524166277828399751e-01,5.464895003103090731e-01
9.928749588707605489e-02,8.991889038462796968e-01
3.580646618875437115e-01,6.395008885101156615e-01
2.084613626638952000e-01,7.853166195645586711e-01
1.125678267152732254e-01,8.870250407950766025e-01
6.551438325644461935e-01,3.425535148018692411e-01
6.004234122685024877e-01,4.003118553313586014e-01
2.628603904157719717e-01,7.359818595352526360e-01
4.787086593966743964e-01,5.198559574935941452e-01
6.140417558082141847e-01,3.846693313138356829e-01
2.996665401295522946e-01,7.024382424655206680e-01
2.247226087460986454e-02,9.699954207244124715e-01
2.884580850377739258e-01,7.076498886196236349e-01
6.438064792490171273e-01,3.599426390571557333e-01
2.357963338742207204e-01,7.634652242160541169e-01
2.988608770539705750e-01,6.989551500694937136e-01
4.554170281900989936e-01,5.399473076313285880e-01
5.665771142735210875e-01,4.299604398244923908e-01
3.834090627885998748e-01,6.134184704755112350e-01
1.646143578132247820e-01,8.354827969324393200e-01
6.113851136247023393e-02,9.321023919976537675e-01
2.709361520516295405e-02,9.683999311542934585e-01
5.230445140895467748e-01,4.765280615481449211e-01
5.985887655722376133e-01,4.010003498855566062e-01
3.090318097117334961e-01,6.858299379704286824e-01
3.919582388107085702e-01,6.114530718671465914e-01
7.921691486948262417e-02,9.161052550389549021e-01
4.051494523271532699e-01,5.981645103207099412e-01
5.482063705304974777e-01,4.547989218442959336e-01
5.992749016527784134e-01,4.033866616247212544e-01
6.468774185484462702e-01,3.534909487994865596e-01
1.316093377109688323e-01,8.657570699532859404e-01
5.861542432621948961e-01,4.130215287581415207e-01
1.144862325717058427e-01,8.813485372188438749e-01
1.748426637619265867e-01,8.227303599049536897e-01
6.314938342135121285e-01,3.655740951659415816e-01
1.832406576498144812e-01,8.116412923696163517e-01
4.340502263521984760e-01,5.681283219974885279e-01
3.436178737521264903e-01,6.528014239772922389e-01
5.999942974544719698e-01,3.988419636666879486e-01
1.782777574538712273e-01,8.143641954413459727e-01
6.311257829274375952e-01,3.661962314443094058e-01
4.056576209022630941e-01,5.926807729641377920e-01
4.088064046786603623e-01,5.876144523232434969e-01
1.236079647970481366e-01,8.765363450133706325e-01
3.885091075319264675e-01,6.140000945622574591e-01
2.179198817024080304e-01,7.768459176661083321e-01
6.241462928767774754e-01,3.738010907988003062e-01
5.220195269103322655e-02,9.435360040330924569e-01
1.944285402293996212e-01,8.052790293176383951e-01
1.384782744079328110e-01,8.549540067137636479e-01
3.541759268962432206e-01,6.469364456573936106e-01
4.535961692239260934e-01,5.468096056823968931e-01
6.151151592386038675e-02,9.362271246892365228e-01
4.202946852581688347e-02,9.552427006839551149e-01
6.261333348772859519e-01,3.720343089946823167e-01
4.066897067812953459e-01,5.882336574945976615e-01
2.213662573587804050e-01,7.728944626279256047e-01
4.311406268554380805e-01,5.686267352879879056e-01
4.469612110518698112e-01,5.515970445592708327e-01
3.269254600898686691e-01,6.677238686644884069e-01
2.349722783529023806e-01,7.648488547385392522e-01
2.427640739445474927e-01,7.575124136722443113e-01
6.052864117642620112e-01,3.952236467781530815e-01
6.334498789052269707e-01,3.689125505006345396e-01
5.379977151664900870e-01,4.643219336181679258e-01
2.701764145157791175e-01,7.262936945244701237e-01
4.568055637288040982e-01,5.413942383849446038e-01
4.812983346494814629e-01,5.195074195727982236e-01
1.966231929541619738e-01,8.024533244050472414e-01
3.629521059428703067e-01,6.369458990746956761e-01
