6.793566818112672934e-01,7.338084127894273223e-01
4.705052225527257548e-01,8.823970489181950372e-01
5.945295027774103458e-01,8.040744303774358670e-01
6.001691411518590424e-01,7.998723979779138737e-01
6.423184896493649987e-01,7.664398073645278808e-01
4.644499590633889285e-01,8.856012426883717037e-01
4.264870426468836406e-01,9.044917935446485924e-01
7.507422847726066273e-01,6.605917976529859237e-01
5.411955549656665143e-01,8.408995119085689307e-01
7.723263312396295710e-01,6.352299643136267715e-01
5.453654438201405164e-01,8.382017474372648325e-01
7.643875662008559058e-01,6.447618318118990555e-01
7.729693997390297833e-01,6.344368788643385271e-01
7.197400023458639939e-01,6.942371934848124981e-01
5.633070714981285310e-01,8.262419603091734066e-01
5.061075656723302840e-01,8.624644644114034531e-01
5.280797877689670239e-01,8.491885336273892193e-01
7.375806817734558152e-01,6.752499609845269424e-01
7.877456175000552285e-01,6.160111476523337792e-01
7.435508029154899168e-01,6.686921593822363619e-01
5.925825767852276327e-01,8.054988408171912528e-01
6.043430967792402519e-01,7.967124979901399895e-01
6.410685013880206284e-01,7.674962957983239020e-01
5.019111119552980282e-01,8.649292374816403006e-01
4.386619855715780947e-01,8.986609401020441146e-01
5.239701244259921120e-01,8.517471839496586483e-01
6.459809780270988622e-01,7.633672072327508662e-01
5.283279295871304848e-01,8.490518485778350000e-01
4.178608255110018432e-01,9.085019509751990352e-01
6.751531035642264200e-01,7.376626714608440771e-01
5.511229983586960479e-01,8.344364095413675519e-01
7.778156201844472761e-01,6.285101903711869387e-01
6.277032369527290045e-01,7.784671169506320876e-01
6.167736895410008691e-01,7.871551734279943480e-01
7.679331668779452169e-01,6.405485404690207663e-01
4.181319501324647359e-01,9.083968257870700391e-01
5.810771240939104354e-01,8.138321826168055662e-01
5.966042185889932625e-01,8.025177974700278272e-01
5.539967328734888286e-01,8.325016866222917367e-01
4.532562934967717672e-01,8.913943853619608060e-01
4.650215013284184074e-01,8.853142913378048151e-01
6.965079912271627816e-01,7.175260775927432277e-01
7.877636679559134603e-01,6.159497343420585747e-01
5.564068175720091602e-01,8.308902679653697998e-01
4.279388010332146886e-01,9.037925156721072772e-01
5.424309024172297988e-01,8.401198714958798552e-01
4.888618521137889639e-01,8.723436798728854136e-01
6.219093060507563386e-01,7.830658003050675608e-01
6.101029854241142303e-01,7.923454432745232756e-01
6.583052497130921221e-01,7.527773100213660529e-01
5.083599826397535715e-01,8.611240656133167803e-01
5.635072039223083529e-01,8.261340961543568451e-01
7.136806347050914656e-01,7.004421331735548595e-01
5.759591211295046476e-01,8.174535094862620532e-01
3.907487183414394827e-01,9.205143445954904191e-01
5.002932627680132249e-01,8.658777897506733101e-01
5.283401877649538392e-01,8.490569616315346568e-01
5.770672354549213345e-01,8.166699543942095296e-01
5.333796673077091377e-01,8.458504842087811726e-01
7.756347068270053047e-01,6.312207461086946081e-01
4.383128698727064565e-01,8.988449296291796120e-01
5.009271023140222656e-01,8.654634952417543658e-01
4.548391377427796201e-01,8.905982528944821341e-01
7.704219922732635784e-01,6.375761773527989229e-01
4.436357665398292793e-01,8.961822707234415875e-01
7.376104918065381488e-01,6.752681504970216020e-01
5.276195314262619451e-01,8.494503799906312214e-01
4.422721802613797104e-01,8.968544529166144752e-01
5.033324941258052743e-01,8.641229534171708249e-01
7.883054784956105010e-01,6.153317920103514860e-01
7.522315147390845613e-01,6.588527983123201315e-01
7.356402094298273298e-01,6.774194910294200067e-01
7.155319370232877674e-01,6.986261632342586347e-01
7.894174851974254947e-01,6.138050294174950405e-01
4.083670480019226945e-01,9.127909595097534190e-01
5.701157828391946181e-01,8.216018513558586145e-01
4.803974718542087241e-01,8.770838799693388976e-01
7.267895177216014968e-01,6.868101437673528320e-01
7.680399401303096285e-01,6.404549542748921853e-01
6.451377853048183564e-01,7.640217157795262670e-01
6.237111355169482341e-01,7.816115463445773015e-01
4.402965753153581518e-01,8.978214671762863031e-01
4.631621539096008044e-01,8.863066093504918808e-01
7.498905215086946185e-01,6.615082558976806970e-01
5.778806262997064902e-01,8.161628071945489227e-01
5.645048607528774243e-01,8.254708224150375528e-01
5.205489629666255613e-01,8.538708377887177514e-01
4.958860438381439417e-01,8.683498690237664297e-01
5.690412772523070206e-01,8.222652697256604970e-01
5.512710978376405002e-01,8.342836682453543817e-01
5.534070240881364677e-01,8.328681743780816937e-01
4.084489172484691011e-01,9.128139489257749428e-01
7.680833763333456687e-01,6.404116375630827251e-01
6.242205914170748660e-01,7.811971754343175478e-01
6.448626807439288289e-01,7.642457636491319928e-01
5.218821140852989426e-01,8.529748610033006662e-01
7.029728683496844210e-01,7.111583348380293712e-01
5.414788806272173849e-01,8.407603016426562492e-01
6.806461509649942565e-01,7.326708369700860590e-01
6.261294264841362756e-01,7.796652558075841677e-01
4.532857815186578931e-01,8.914043479575989304e-01
6.648967502168523502e-01,7.468777525176192311e-01
4.130549948299893082e-01,9.106702778787169050e-01
7.843825562086972347e-01,6.203461603204037944e-01
7.915935096651837144e-01,6.111179848763896860e-01
7.833964157867312483e-01,6.214528910843819531e-01
5.083877772425093866e-01,8.610827803268492620e-01
6.464096156012075767e-01,7.629323710708932893e-01
4.720623218344303096e-01,8.816080139537600946e-01
7.967675834472112140e-01,6.042113355323249779e-01
7.635309032696104836e-01,6.458427265851723886e-01
7.545364613462548498e-01,6.561864139503355009e-01
7.710716170515614643e-01,6.366750502545568402e-01
6.788085608520431080e-01,7.342501230431541792e-01
7.946592586516078027e-01,6.071330507021864831e-01
5.755674769781856659e-01,8.176978612489042009e-01
6.982685139038027344e-01,7.159044116719965878e-01
6.923720188564195244e-01,7.214720285438608327e-01
4.985932277715597327e-01,8.667866128140180315e-01
6.964212552649293730e-01,7.175638506297153940e-01
4.457352314626155665e-01,8.951197078569382848e-01
5.502377086496325065e-01,8.350638404466903530e-01
4.745690916145448024e-01,8.801700796152926998e-01
7.620790158728667496e-01,6.475615960751970324e-01
4.218743156995208854e-01,9.066973106783345893e-01
7.611136944636631707e-01,6.486969005553370193e-01
4.026731251141981716e-01,9.153853785087499029e-01
7.864047016453565853e-01,6.176293615758519095e-01
7.780302387292394872e-01,6.283086802800473825e-01
7.699819727974703820e-01,6.381469167331124126e-01
7.685536844804030654e-01,6.397036724568236910e-01
3.504761185958344405e-01,9.365338796592950210e-01
3.188232204097963263e-01,9.477791087117835023e-01
7.593303452628705763e-01,6.507888965628937372e-01
7.544160494329917865e-01,6.564810798354376864e-01
5.507668489637180809e-01,8.347229408003599138e-01
5.257454350335080129e-01,8.505792872424955409e-01
7.458919132822214859e-01,6.661560056836773880e-01
7.559014635677017147e-01,6.547762144458068034e-01
7.064707382307050532e-01,7.076573522182370013e-01
7.695613254565800698e-01,6.386657167953798675e-01
3.986280069618881039e-01,9.170644950341557688e-01
5.698657659104857665e-01,8.216683192824919546e-01
4.347825608790563123e-01,9.005886376506773150e-01
5.976455950700364506e-01,8.016869848470566939e-01
7.504201811204268546e-01,6.608686167517390242e-01
4.291109443875372742e-01,9.031982585493071314e-01
5.818312130782358205e-01,8.133822375577995922e-01
5.742323437013623355e-01,8.186205905508495695e-01
4.282780385275660739e-01,9.037007594851987902e-01
5.108735961245383095e-01,8.595914810783851223e-01
3.961376093828901657e-01,9.181412438438196766e-01
7.476855751672248918e-01,6.639586113006179513e-01
5.151411282184968909e-01,8.570402238077435841e-01
7.819998248866080193e-01,6.233776959207097956e-01
4.242240775815758203e-01,9.055033186433898429e-01
4.117314538155540937e-01,9.112526728068307547e-01
5.251325544940054213e-01,8.509531717990829192e-01
5.507286528727847186e-01,8.347550004199719709e-01
6.027991868286237676e-01,7.978147957135229840e-01
4.260977439872472017e-01,9.047327594612672996e-01
5.171881894488907783e-01,8.558027979335284252e-01
7.603141000454455289e-01,6.496575116069407407e-01
5.704232703646676672e-01,8.214278245304237336e-01
4.933061339773793241e-01,8.699224857964003021e-01
7.654960931509492417e-01,6.433351525858681530e-01
7.531035985612026806e-01,6.577977570639638172e-01
7.252186133708415916e-01,6.886215548735182823e-01
5.487821449155709796e-01,8.360432777945029370e-01
7.882508138561132860e-01,6.152421087728912052e-01
7.601438323558216137e-01,6.498642848590864274e-01
6.291057920196745368e-01,7.772289332876951562e-01
7.319329804361626168e-01,6.814826905241484489e-01
4.972689262338930716e-01,8.675243236835211702e-01
4.949981705026778034e-01,8.689667593133229007e-01
7.673127482578967484e-01,6.411590726371056981e-01
5.336928256262644110e-01,8.455984402869796135e-01
5.985471815224048253e-01,8.011778432948416517e-01
7.593808373859186611e-01,6.505318316216379682e-01
7.504059152147110057e-01,6.608635128807986980e-01
7.858481662538684409e-01,6.183000653756596243e-01
7.728719529502707797e-01,6.346803756146385256e-01
7.791754011787465073e-01,6.266863779668236933e-01
4.371300605616214030e-01,8.993308781280282549e-01
4.558057642176079893e-01,8.900076031328213455e-01
6.578669134519696815e-01,7.530304540107730649e-01
7.528176304299315502e-01,6.583501735343720851e-01
6.332700547385212708e-01,7.740327883421638244e-01
7.933891204670975306e-01,6.088425370838712603e-01
7.811899559993948916e-01,6.244203832618103744e-01
4.059862411405845695e-01,9.139455400479862268e-01
5.900333378146627172e-01,8.072814435004810329e-01
5.312838156368540066e-01,8.472821889571658938e-01
7.192729083885380792e-01,6.946079357853270908e-01
7.930898227462118699e-01,6.092369495061036311e-01
5.779707961367388513e-01,8.161538543741316820e-01
7.285216641723517572e-01,6.851446320479654961e-01
7.465182956975946471e-01,6.654902123455758156e-01
4.573517866348951189e-01,8.892087992123818285e-01
6.591879674914284948e-01,7.518670155877152927e-01
6.293731997361149411e-01,7.769961891474794768e-01
6.417394080101892495e-01,7.670318547335632786e-01
5.042996462130604485e-01,8.634422333612536971e-01
5.346400691406254513e-01,8.449881713814532125e-01
5.150875152253819866e-01,8.572259204711419889e-01
6.880740618908361972e-01,7.255217499720268970e-01
4.760647610283629261e-01,8.793269965646939301e-01
6.235693980585436114e-01,7.818774453329074836e-01
4.980778781293383473e-01,8.670447082340202449e-01
5.542403503015065347e-01,8.324545808798550217e-01
5.810736980741946223e-01,8.139536309812640535e-01
7.835723202677213894e-01,6.211619488176101100e-01
5.428054691580113111e-01,8.399547029247416141e-01
4.266849246212653934e-01,9.043246432960513337e-01
4.344216987959004794e-01,9.006320530535759650e-01
5.308253121862380741e-01,8.473860844718182905e-01
5.386983840429024895e-01,8.425962007486851313e-01
5.200075837814426283e-01,8.540673606599556988e-01
7.740454256232851549e-01,6.332712139826618403e-01
5.624453812886917037e-01,8.267304559762090888e-01
6.184037160702469116e-01,7.857452121328369898e-01
4.918341140024127256e-01,8.707806947719408663e-01
7.479583345848248577e-01,6.638856215523369908e-01
5.778426566481638105e-01,8.162571728134558890e-01
5.574780143525736031e-01,8.300860967513851163e-01
5.952625198954988317e-01,8.036443753615267749e-01
5.346220612393678406e-01,8.451934144107532410e-01
4.589533097044163346e-01,8.885492671885759641e-01
4.793844453537734474e-01,8.775103702840304498e-01
4.385774722080110211e-01,8.986067464732081511e-01
7.730806764485282923e-01,6.344605082441489019e-01
4.210310644945349789e-01,9.071297721137225878e-01
5.183049815772710067e-01,8.550924746801769061e-01
4.927893606670954996e-01,8.702483603449994165e-01
6.564924846109012613e-01,7.541994382765729865e-01
5.749389666683433209e-01,8.183144649837931217e-01
5.939270619708219012e-01,8.043967756646228651e-01
5.654172987692809293e-01,8.246883341809191359e-01
5.739120442053611271e-01,8.190355862356246686e-01
5.638725364339816082e-01,8.257451066524073013e-01
7.600985817097616337e-01,6.496496412032263246e-01
4.801967717489987741e-01,8.770607584544193314e-01
4.739409189460237481e-01,8.804577315859687392e-01
6.358543232565059267e-01,7.719425106678798887e-01
4.218591732867900679e-01,9.067502330871514138e-01
5.333123450988271896e-01,8.460313311421578941e-01
5.655880289915582448e-01,8.245681182701857237e-01
5.163372553919169938e-01,8.564951234866553520e-01
6.382473026932393712e-01,7.699680639124666381e-01
6.691050348810726467e-01,7.430242850478506744e-01
5.494273101945741367e-01,8.354233335063807608e-01
6.417982516538284221e-01,7.667350536136138262e-01
7.896013757452782222e-01,6.137905540405633742e-01
4.553042332548784543e-01,8.904345340513858398e-01
7.614642206841293337e-01,6.480390487487627249e-01
7.581730328568823118e-01,6.518845836080531253e-01
5.530809153743723172e-01,8.330042832423514287e-01
5.401083467882352718e-01,8.417158558108328581e-01
6.143156972452655795e-01,7.889233352078559580e-01
5.955962484597614459e-01,8.034169301118667672e-01
7.723238953060540535e-01,6.350563505451608526e-01
6.090936719121244902e-01,7.932345724646236995e-01
5.993175390014839898e-01,8.006461120818071375e-01
6.250297193278302466e-01,7.804601164120978929e-01
4.584349184932559051e-01,8.886235066503516133e-01
6.852784956021344964e-01,7.284376686340076068e-01
7.580673957528871743e-01,6.520028280030163437e-01
5.836031810746588055e-01,8.119054824081354260e-01
4.017488040187078280e-01,9.158429305304560675e-01
5.619724735118523107e-01,8.270254915680117502e-01
5.212642432812371052e-01,8.535173879385761220e-01
7.609737556122584401e-01,6.489620729648702957e-01
7.612158032216094217e-01,6.486781793428171294e-01
7.378130501097196481e-01,6.748310441400431348e-01
7.895488687588044785e-01,6.134998941930600580e-01
4.408964169699456370e-01,8.976631015045003492e-01
4.899943362429054483e-01,8.718425417812899481e-01
5.013009388736977545e-01,8.653928635333340003e-01
5.079098159566746151e-01,8.612869955255594290e-01
6.980438395971916288e-01,7.162247560181362882e-01
4.687592087558443144e-01,8.834401087445118428e-01
7.780852927207771996e-01,6.283492337049103593e-01
6.007847485122378428e-01,7.995581935859769063e-01
7.941678642428400270e-01,6.075024416436949348e-01
5.816497749643441129e-01,8.135840370345380768e-01
7.755181567241107299e-01,6.315184348679312443e-01
6.285498919534622253e-01,7.779260804554993802e-01
6.354662959883754514e-01,7.722884943449803696e-01
4.568105773398508651e-01,8.896791674288064833e-01
6.403166960854588252e-01,7.682730345133476080e-01
6.318430020556572435e-01,7.752576051388860856e-01
5.947579447057097513e-01,8.040565856287054114e-01
7.650417476891402391e-01,6.441781129495901537e-01
7.843879806068336791e-01,6.204730767887683962e-01
6.533543478198216015e-01,7.568833606622045185e-01
5.323656429765717402e-01,8.463750796536896326e-01
6.935983090642925397e-01,7.205436475230511117e-01
5.667711416964201776e-01,8.240237919875137429e-01
4.479438414184303552e-01,8.939437999442890748e-01
7.260816655092597882e-01,6.874167085205367123e-01
6.978230111333361130e-01,7.160857460825311716e-01
6.631074631544198184e-01,7.486995819910238215e-01
7.335985401420692664e-01,6.793881471411786777e-01
7.035679555072998914e-01,7.108159375453341200e-01
6.196252630649810023e-01,7.850634947909380656e-01
5.641863578982434513e-01,8.254963540766656616e-01
7.584897891508464163e-01,6.518889139161860857e-01
6.478954485640394667e-01,7.615547781041815956e-01
5.543832873547446249e-01,8.321092071237787824e-01
6.474973320826904466e-01,7.618896908208792063e-01
5.503769367815538605e-01,8.347646955790732903e-01
7.648888049225123220e-01,6.439502356239253933e-01
3.985710597665909072e-01,9.170266908419163476e-01
4.966198893547779103e-01,8.681063063516959444e-01
4.830995157588827138e-01,8.756998592397577941e-01
5.218800678717072650e-01,8.528727121015881041e-01
6.401461726993558088e-01,7.680736916268871006e-01
6.410468400558049229e-01,7.673205999765921881e-01
6.134564975786077623e-01,7.895531749336203164e-01
5.575655064482707424e-01,8.299733621829138430e-01
6.677937305977201810e-01,7.441550417636316750e-01
6.818296969398165430e-01,7.313134343207490229e-01
5.042276311800357735e-01,8.637168005462719789e-01
4.108810303118310414e-01,9.118083920354220773e-01
7.468243886325409697e-01,6.648036372490417900e-01
5.480658347171297740e-01,8.362754367476491479e-01
7.863986451659432664e-01,6.174894814235049045e-01
6.557439667393785143e-01,7.551749519378969655e-01
5.437594824181174458e-01,8.393999992874180416e-01
4.604130540481607414e-01,8.875701161412175022e-01
4.165058158198950422e-01,9.090111094731009311e-01
7.795765575209183673e-01,6.260784679115649620e-01
4.183140577073993782e-01,9.084250588318463215e-01
4.516339578978488811e-01,8.920697621238431463e-01
5.115850689144060270e-01,8.590808090522055185e-01
4.236095038410843672e-01,9.057191500738731582e-01
5.518345932651537167e-01,8.337897391330227892e-01
5.954781810713480894e-01,8.031941781961782212e-01
4.426587609319885819e-01,8.965578482013664141e-01
7.457726710436972661e-01,6.664235711218059466e-01
3.300997347546751337e-01,9.438470712237951865e-01
7.515261912157246149e-01,6.594776576802914292e-01
7.490171261491136434e-01,6.627762068023821396e-01
4.809067281400253302e-01,8.766268417119609246e-01
5.286056400731502514e-01,8.487079745291457034e-01
4.233576986716349189e-01,9.060906857718890040e-01
6.035546593813979621e-01,7.971369436442472534e-01
6.666645983184258384e-01,7.455619090750886802e-01
6.120122254452176058e-01,7.906600635970167934e-01
5.557584535464255016e-01,8.311724105917295269e-01
6.375228347731032308e-01,7.706281310693140485e-01
5.495861048910253288e-01,8.352671662891476556e-01
5.762692617993714350e-01,8.174383976008804398e-01
3.716741040992958545e-01,9.282480206458639804e-01
3.991834533530417839e-01,9.167468381777710285e-01
4.747612528242268759e-01,8.802625680165021560e-01
4.984035362806043534e-01,8.671014250806385881e-01
7.779396498049985231e-01,6.285835574066456211e-01
7.663962909408325030e-01,6.426094826601057575e-01
6.064134030860206526e-01,7.949584424798953330e-01
7.129664205130676891e-01,6.991309681735818904e-01
7.743920946392277571e-01,6.325008377459863107e-01
4.748474534206834630e-01,8.809812799478965450e-01
4.824962156266671132e-01,8.759077284460451418e-01
6.300901810593799723e-01,7.738243320373178191e-01
3.487530400731002067e-01,9.306407611816301939e-01
5.742256652798045646e-01,8.184503794342927741e-01
4.538203732740265228e-01,8.906827259831913146e-01
6.991223755462193656e-01,7.131450354603865449e-01
3.572471118278230384e-01,9.293299663960449264e-01
3.222330004115762092e-01,9.363310235433057738e-01
3.563728426633949176e-01,9.275104544748742352e-01
6.412476473026103019e-01,7.644562674359776100e-01
7.502448929212055528e-01,6.593521823633797796e-01
3.765516084849340195e-01,9.227271503556757626e-01
7.883871950305819665e-01,6.179153112627363553e-01
6.183050059187417125e-01,7.843244109070299785e-01
3.486517240235607051e-01,9.300164238070302014e-01
4.956490131171154001e-01,8.686172707659525205e-01
3.689618793150851728e-01,9.235722490232434190e-01
7.069631468143038333e-01,7.050192190601999309e-01
7.602478870453979187e-01,6.496362601502129186e-01
3.858225665198475873e-01,9.194894335011233322e-01
5.690789378642349128e-01,8.220597468168446831e-01
6.265321501458592790e-01,7.782993885221122232e-01
6.649743877163705186e-01,7.431612789421420118e-01
6.523398228398380461e-01,7.554088621621332100e-01
4.475812453592264983e-01,8.950858182654457540e-01
4.068344073966958518e-01,9.120050542882490729e-01
7.134151370998471631e-01,6.973369934807557291e-01
3.973276322362774282e-01,9.141456917576173957e-01
7.081308799698227130e-01,7.030795788804569124e-01
7.632946733337575562e-01,6.454618548704850189e-01
6.499243541848787054e-01,7.567000213780950002e-01
3.521194985752974516e-01,9.285994949713188840e-01
3.360182454761980186e-01,9.328674849935694180e-01
5.806059765287470142e-01,8.125013199651424101e-01
6.139005832891322179e-01,7.876561053121955425e-01
6.460110878523391831e-01,7.598015648594170779e-01
3.549245537809227469e-01,9.279975697559901260e-01
