9.779276689686145829e+00,5.212821055516960733e+00
9.311587109356771919e+00,5.653045319393338097e+00
9.390162084039539891e+00,5.662706667926967974e+00
5.840745043663806868e+00,8.408197969822580831e+00
5.125475279500541603e+00,8.860768860105304512e+00
4.354384443046992459e+00,9.501886827734821850e+00
5.697831985887919615e+00,8.553339476976741906e+00
5.915091557180759629e+00,8.385380826081302530e+00
8.904782282367202484e+00,6.150680408112839892e+00
3.752530635604593989e+00,9.894842215810744079e+00
8.885432054468694218e+00,6.009240211869818715e+00
5.604317660666520595e+00,8.654687738065398150e+00
6.554544378302797014e+00,7.867394891770137733e+00
5.508052197641511327e+00,8.737393368381026093e+00
8.255914528866675539e+00,6.674815951905931577e+00
8.819744856128862054e+00,6.257557791332077457e+00
9.906643811245835707e+00,4.933174907797252651e+00
9.906044877791206460e+00,4.933128972184735339e+00
9.905627945191119110e+00,4.931146290716196923e+00
9.905932520204414615e+00,4.929695710959541621e+00
9.905891982949349028e+00,4.929160478982938187e+00
8.753658740803581750e+00,6.317095568295582275e+00
6.834987186273366433e+00,7.675995175421656214e+00
9.899060530308107175e+00,4.939366545263692565e+00
9.904547957741618447e+00,4.930549660027100600e+00
9.900955471992961776e+00,4.936088938210035693e+00
9.900139300751018112e+00,4.937067587533913837e+00
9.897947634095963565e+00,4.939487939969663621e+00
9.907137403398579067e+00,4.924737500298899562e+00
9.897378270594174410e+00,4.939924151943691832e+00
9.895564531360641070e+00,4.942094781447214480e+00
9.907630785928082773e+00,4.921714897914299947e+00
9.895924649619342262e+00,4.940071729156512603e+00
9.906070034440267236e+00,4.923461558751045075e+00
9.905550360080448868e+00,4.923825606592572512e+00
9.905220062989094743e+00,4.924017977263141610e+00
9.895577111929442893e+00,4.939162570632502636e+00
9.899580534825798139e+00,4.932637631626316299e+00
9.892063636134588833e+00,4.944626297963547579e+00
9.894218595878360389e+00,4.939905762236460163e+00
9.895436944646352373e+00,4.937706566441018907e+00
9.893972613604049116e+00,4.940046139975407868e+00
9.892458498637729747e+00,4.940803493836307680e+00
9.898202242951553487e+00,4.931267426740626014e+00
9.892347875698074944e+00,4.940127720965858060e+00
9.886496431513213778e+00,4.949216915563338759e+00
9.903044999602771625e+00,4.921975193943851856e+00
9.901029486623372122e+00,4.925010097397287900e+00
9.898656649531325513e+00,4.928388345628887279e+00
9.894824589482201560e+00,4.934413263257244608e+00
9.885293257637751907e+00,4.950183808906452931e+00
6.659930211733543715e+00,7.897634712318470918e+00
9.888433211053506255e+00,4.944479296697389614e+00
9.900572833705773235e+00,4.924823007568551070e+00
9.906805353331542108e+00,4.915048337912524268e+00
9.887808213665024937e+00,4.945137877486514455e+00
9.896334262457447295e+00,4.931062918757892710e+00
9.896489714497704426e+00,4.930482979749888806e+00
9.899069442664909957e+00,4.925089665938782169e+00
9.889301420422018651e+00,4.940724765865706303e+00
9.904016442914940654e+00,4.916963868199974996e+00
9.890992170835838593e+00,4.936943566426642782e+00
9.898511975812521513e+00,4.924864962135368174e+00
9.883596563471520824e+00,4.949195220254614114e+00
4.739087154262816348e+00,9.305251211866588434e+00
9.881382951576004103e+00,4.952476182500919144e+00
9.902690398661556870e+00,4.917561004965492089e+00
9.893014404027397291e+00,4.932409646466330067e+00
9.897076654377599425e+00,4.925783037297131628e+00
9.884590452811176320e+00,4.945873934033207853e+00
9.906324778928333075e+00,4.911108787798434960e+00
9.888430963560892906e+00,4.938051221329609497e+00
9.904596372219751643e+00,4.912455134678824997e+00
9.881927038630598403e+00,4.948684071045867050e+00
9.901083903903368011e+00,4.917666676702212136e+00
9.907646823038820827e+00,4.907416884510614530e+00
9.890993708874356471e+00,4.932873085138554714e+00
9.879324071297222787e+00,4.951927481587613755e+00
9.882196883365107709e+00,4.946965560980932430e+00
9.905288557323132181e+00,4.909793237183192716e+00
9.897780497763573493e+00,4.921322007709549418e+00
9.897684636926674884e+00,4.920819419896960589e+00
9.892019880188446024e+00,4.929723050903331405e+00
9.896632520358226159e+00,4.922186417798274150e+00
9.885941005025996375e+00,4.939231359916252728e+00
9.876921656355229118e+00,4.954465732012794277e+00
9.896979638921541422e+00,4.921373066254147055e+00
9.877791902893655163e+00,4.952647166086252106e+00
9.904538413508596761e+00,4.908961707538166408e+00
9.877349304651325212e+00,4.952642373515203644e+00
9.898019360547653633e+00,4.918664540089421777e+00
9.900915080437078686e+00,4.913999307459991250e+00
9.892841309440006725e+00,4.926220003371225786e+00
9.881210133017820141e+00,4.945134733463691035e+00
9.889003271428480346e+00,4.932106350327923217e+00
9.905327523008853774e+00,4.906458509819890956e+00
9.879960231642037627e+00,4.946107462321536197e+00
9.898517430648109183e+00,4.915871869605864752e+00
9.900126367482560141e+00,4.913355765092783045e+00
9.889472028124577818e+00,4.929896408328630741e+00
9.882455154183386270e+00,4.941092724999315955e+00
9.873753672951336213e+00,4.955897396571643299e+00
9.870583865742680985e+00,4.961447505848971318e+00
9.880348146229838591e+00,4.944415932843813977e+00
9.891214889038431934e+00,4.926490989203892390e+00
9.873361322527642869e+00,4.956141687037438182e+00
9.903547832068529289e+00,4.906990873571906775e+00
9.881196038886770339e+00,4.942447863317237733e+00
9.891754423200771029e+00,4.925068088182971593e+00
9.884797449214648424e+00,4.936317073263349897e+00
9.880931225965909448e+00,4.942694967193461686e+00
9.895475175061564599e+00,4.918871267341046405e+00
9.908449164171784673e+00,4.899081423359538334e+00
9.877824178066243022e+00,4.947253087195615961e+00
9.884635020711904474e+00,4.935775979445602424e+00
9.869743740627127337e+00,4.960933952266548097e+00
9.896279529631781813e+00,4.916866541164830906e+00
9.876301420219711247e+00,4.949181828068040190e+00
9.870916244857323107e+00,4.958501167742197069e+00
9.879376220122299657e+00,4.943875558829837757e+00
9.887760632113849368e+00,4.930007313713297812e+00
9.898694707756831690e+00,4.912652897550629838e+00
9.867518688064071952e+00,4.964116883442574846e+00
9.875733185610602760e+00,4.949388952301750244e+00
9.896696224864452773e+00,4.915102617888411629e+00
9.888958151374728445e+00,4.927201241102496354e+00
9.904442187176853096e+00,4.903142809135182745e+00
9.872618814226001405e+00,4.953779925437218346e+00
9.887044369100056684e+00,4.929481596663783272e+00
9.896507341019631809e+00,4.914484200524987578e+00
9.882551955797449494e+00,4.936687171128935958e+00
9.881372892200504410e+00,4.938322156779662464e+00
9.871613399838855329e+00,4.954610343414462825e+00
9.890050143569286689e+00,4.923819892152126343e+00
9.884352006761655929e+00,4.932868476985633244e+00
9.890398188848129379e+00,4.922861310553972913e+00
9.868050176457654032e+00,4.959405422071957226e+00
9.871827209216412768e+00,4.952674496137968063e+00
9.904670873682675847e+00,4.900019995644972148e+00
9.901059820377074772e+00,4.905422200309607739e+00
9.888150653668271062e+00,4.925378422207462137e+00
9.884974383290439093e+00,4.930331140037727877e+00
9.876159990796811172e+00,4.944558444110525919e+00
9.898110723575218373e+00,4.909282375501958562e+00
9.875356217785078883e+00,4.945821970945009305e+00
9.876638425729927562e+00,4.943605477884991828e+00
9.863445835933717376e+00,4.966537590317113171e+00
9.884178587340423761e+00,4.931016159164490986e+00
9.884689120844651455e+00,4.930059051743300280e+00
9.874685542198166743e+00,4.946676062853399003e+00
9.863521049687925313e+00,4.965817919801795099e+00
9.891244198357524553e+00,4.918576702221119312e+00
9.889360471372523165e+00,4.921451217174607429e+00
9.866904346819937999e+00,4.958920511662206820e+00
9.888798574708452804e+00,4.922218641169207487e+00
9.876660195346135040e+00,4.941802764692285521e+00
3.403072848244808046e+00,1.003541876642238506e+01
9.877469343751304365e+00,4.940176693049098233e+00
9.900425043295548733e+00,4.903683163494759967e+00
9.881343440398341116e+00,4.933643094229516635e+00
3.424138404453452189e+00,1.001890942642280002e+01
3.403519580925363996e+00,1.003472261245803665e+01
9.868317947496970888e+00,4.955421644787246116e+00
3.405003147653040241e+00,1.003354065211955337e+01
3.397941764807325793e+00,1.003908551227599055e+01
9.885232424108659544e+00,4.926907054872300407e+00
3.434795674651418107e+00,1.001053799045354253e+01
3.392394410059699883e+00,1.004380752597212201e+01
9.863245862495457317e+00,4.964050174943398730e+00
3.423305788503868907e+00,1.001918800113747032e+01
3.428430677268945459e+00,1.001519455952731974e+01
3.429045063187746489e+00,1.001469399183448239e+01
3.429054937719931306e+00,1.001468443883049808e+01
3.449206398701375242e+00,9.999227567800405225e+00
3.450181390068230325e+00,9.998450695672907784e+00
3.451458688087739812e+00,9.997455943430409775e+00
3.405289225032213540e+00,1.003276799848513079e+01
3.405223886158522006e+00,1.003281422490633190e+01
9.879737042958522508e+00,4.935252376052514656e+00
3.408645953773258519e+00,1.003014536988536243e+01
3.459456918705941852e+00,9.991200312809581874e+00
9.860022756249662734e+00,4.969244459653809898e+00
3.387792755211655571e+00,1.004742325520100721e+01
3.401951563370060327e+00,1.003516274416071674e+01
3.463132925974851783e+00,9.988328870197841880e+00
3.464165708345384953e+00,9.987507403036474329e+00
3.398193581935324392e+00,1.003812607928558620e+01
9.880199667401909025e+00,4.934114019282244357e+00
9.864022069901182022e+00,4.961784761390859444e+00
9.869204551230787104e+00,4.952658042127534799e+00
3.424065507515734907e+00,1.001804206848702528e+01
3.441295067971288812e+00,1.000483226965269701e+01
3.473971057692387454e+00,9.979812298680082350e+00
3.399607084502984655e+00,1.003667150427400934e+01
3.387315162322363626e+00,1.004743251949603433e+01
3.430957249330012004e+00,1.001241265557153426e+01
3.390683325654565650e+00,1.004423975847529249e+01
3.487921382754532118e+00,9.968855855424035184e+00
3.417744798210304413e+00,1.002243080036764056e+01
3.424317076505675850e+00,1.001729346455365643e+01
3.422700059611787804e+00,1.001841198352468076e+01
3.496875574787720264e+00,9.961821525689481760e+00
3.389773240719357705e+00,1.004470718540395069e+01
3.458814047724870111e+00,9.990793265027507530e+00
3.472526790035362687e+00,9.980317540788577801e+00
9.876385179663687452e+00,4.939360914940539971e+00
9.878054789940915015e+00,4.936562775058967567e+00
9.897014676904410280e+00,4.906391029558300865e+00
9.873298403421054914e+00,4.944450838212028465e+00
3.452429500768285919e+00,9.995543113742586527e+00
3.479107984232917339e+00,9.975174749083969061e+00
3.490432646030709130e+00,9.966555103713112373e+00
3.454449162677871943e+00,9.993966414230023076e+00
3.459004516990583422e+00,9.990416529403576718e+00
9.872385712337360175e+00,4.945797884962824575e+00
3.377722588938826931e+00,1.005533516028601149e+01
3.462748959365173462e+00,9.987484639474525139e+00
3.486842778732611947e+00,9.969113714224070222e+00
3.448722024919711693e+00,9.998140842008316653e+00
3.512697240545394006e+00,9.949435776265287856e+00
3.513882242152881030e+00,9.948501661236306859e+00
3.492147347654960488e+00,9.964927209569474087e+00
3.469620516901776863e+00,9.982068947513978330e+00
3.439155108990402887e+00,1.000531069260760475e+01
9.906695716584623668e+00,4.891360882067667504e+00
3.518370136216119271e+00,9.944987124315019855e+00
3.450177900078152948e+00,9.996847407904024152e+00
3.397576522282354183e+00,1.003729891635870253e+01
3.426748133965706877e+00,1.001471984898422107e+01
9.877387127545869561e+00,4.936893280062935929e+00
3.412163051761341048e+00,1.002586745915876421e+01
3.496642047388367480e+00,9.961412193990334174e+00
3.484035220599182470e+00,9.970997331854432488e+00
9.877162658192009559e+00,4.937260445986937363e+00
3.460109515065700858e+00,9.989208499522483464e+00
3.377575025739549819e+00,1.005508135767781219e+01
3.455575693062615361e+00,9.992625373984802550e+00
3.415898340441112513e+00,1.002293150731921934e+01
9.865675060652355555e+00,4.956774594289208302e+00
3.523957682734277341e+00,9.940598933858980857e+00
3.392373788100928600e+00,1.004168144380788874e+01
3.387127982155632377e+00,1.004630823515063298e+01
9.857202931901841936e+00,4.971936206915456680e+00
3.394791999982805564e+00,1.003949995406923712e+01
3.380331702121619486e+00,1.005234223371513380e+01
9.861141977257823044e+00,4.964639552347146711e+00
3.455347146732337116e+00,9.992641074316193084e+00
3.454945224705817886e+00,9.992929867029868518e+00
3.505048706990288476e+00,9.954798548623463361e+00
3.462611980209120865e+00,9.987065115308649155e+00
3.508554539241757642e+00,9.952059244846344299e+00
3.476705386147139087e+00,9.976192557700725771e+00
3.402020046118594987e+00,1.003323227781314486e+01
3.448217723140895696e+00,9.997879685109857917e+00
3.537994655947568567e+00,9.929586760395974210e+00
3.390915127846130250e+00,1.004253848580559882e+01
9.889650614165022446e+00,4.916264459165843093e+00
3.397707833156964785e+00,1.003649538690866017e+01
3.434249046129638216e+00,1.000830710391185185e+01
3.461581640806712379e+00,9.987410511366478616e+00
3.462248085551743237e+00,9.986892375747238759e+00
3.429574618910853356e+00,1.001180650422275065e+01
3.493362592076122652e+00,9.963141377268161847e+00
9.870629204308473348e+00,4.947007362551935294e+00
3.376262135875956805e+00,1.005531109793546207e+01
3.517777619686043078e+00,9.944514428581269883e+00
3.406478328909460007e+00,1.002930757717185628e+01
9.881894408569209531e+00,4.928207737167915603e+00
3.401082522295618915e+00,1.003331093817991082e+01
3.460722592067072334e+00,9.987768534410616184e+00
9.903162763527198820e+00,4.895129420487716487e+00
3.487632268513821909e+00,9.967266282531310750e+00
3.444131182876201347e+00,1.000037373350893510e+01
3.503270045983881253e+00,9.955336585346607592e+00
3.535927740113130824e+00,9.930566711428872040e+00
3.431906696161507675e+00,1.000965072053063487e+01
3.478646392831445500e+00,9.973978849060268104e+00
3.408488439070972653e+00,1.002750562890566144e+01
3.494294101788851137e+00,9.962068340929663535e+00
3.458799454457361477e+00,9.989066761582568788e+00
9.855355999063313277e+00,4.973664248471902916e+00
3.529826122773306540e+00,9.935099974009963475e+00
3.410198039239085599e+00,1.002615342510093832e+01
3.436711297186617387e+00,1.000587961780283663e+01
3.385322588318326886e+00,1.004670628606158900e+01
3.521192051234680154e+00,9.941602643228424796e+00
3.503134458183714273e+00,9.955287646247750644e+00
3.366421208659727604e+00,1.006419423255954548e+01
3.470529061282674910e+00,9.980033192217611315e+00
9.878101029871100280e+00,4.933895819891420231e+00
3.426805999441051576e+00,1.001336962910574435e+01
3.415400600134669507e+00,1.002206337641122857e+01
3.443208952871631201e+00,1.000079641966300059e+01
3.487138611117143849e+00,9.967315840978567820e+00
3.468916624420198325e+00,9.981111704322970013e+00
3.477598075934857036e+00,9.974487834172654388e+00
3.436315359747431852e+00,1.000590568118790280e+01
3.387620786651087013e+00,1.004437229984777957e+01
9.863436084540577298e+00,4.958540350117467632e+00
3.514215248168118144e+00,9.946597009506652043e+00
3.385224028472085145e+00,1.004642278360416618e+01
3.369598412399040566e+00,1.006077403081153321e+01
3.524500160023444906e+00,9.938717242075155056e+00
3.477468829898659575e+00,9.974393181738681946e+00
3.459219819593591261e+00,9.988243318334083298e+00
3.524987647959224368e+00,9.938295158713605915e+00
3.461060002904584820e+00,9.986804624084198778e+00
3.403884495777139474e+00,1.003044171951366437e+01
3.529042765019505534e+00,9.935142798471403580e+00
3.461837529295392901e+00,9.986160100818596064e+00
3.474872657235343443e+00,9.976230752782523581e+00
3.579769964065533383e+00,9.896806445535618835e+00
3.506532188521003679e+00,9.952134707176812256e+00
3.441703823274254948e+00,1.000143464061276788e+01
9.862221435713099282e+00,4.960216815256073275e+00
3.496289228166899576e+00,9.959864354906670769e+00
3.396446244309621054e+00,1.003626813990401878e+01
3.496478391618208281e+00,9.959686469480109494e+00
3.508368078972467163e+00,9.950666289630273553e+00
9.892651295922924248e+00,4.909798150007868678e+00
3.457251175414392197e+00,9.989500226756122814e+00
3.546010871319439151e+00,9.922150467070384394e+00
9.887735204370372344e+00,4.917354645391782242e+00
3.512072230744210266e+00,9.947774403758430140e+00
3.397964976282301208e+00,1.003479093195720218e+01
3.578740004570888367e+00,9.897287374735128651e+00
3.378544517970578198e+00,1.005183076014510668e+01
3.361023349859776133e+00,1.006842445166240729e+01
3.383513478704165411e+00,1.004732191648725781e+01
9.857478602683016788e+00,4.968257235520162851e+00
3.530438090474222523e+00,9.933715033664997307e+00
3.456975021428516204e+00,9.989442015485153092e+00
3.430203239024947059e+00,1.000979689696749908e+01
3.391411897899633932e+00,1.004023199337246020e+01
3.510352480916376638e+00,9.948826363223481906e+00
3.522083262688975314e+00,9.939915786902261630e+00
9.893523970975689252e+00,4.907934105837376215e+00
3.405121306795047875e+00,1.002891117893895156e+01
3.483554883059330809e+00,9.969109793913430551e+00
3.421084416650175264e+00,1.001668237717526111e+01
3.433485943007842156e+00,1.000719670187104704e+01
3.476311773326292709e+00,9.974557787927258445e+00
9.859588823829241733e+00,4.964055683613842085e+00
3.509429420354889917e+00,9.949351323761764121e+00
9.892647521491669593e+00,4.909066517895917414e+00
9.882121836214187383e+00,4.925591840666324828e+00
9.853629061058398975e+00,4.974744451458715133e+00
9.872128894459114790e+00,4.942023647369846451e+00
3.549667382562840423e+00,9.918796029602496844e+00
3.592495283425465757e+00,9.886474367085277493e+00
3.487087253598440295e+00,9.966103936163337451e+00
3.380263336012303999e+00,1.004965010216556109e+01
3.380441794666127819e+00,1.004948434903804966e+01
3.510457406144079862e+00,9.948342445286456837e+00
3.499455357969316616e+00,9.956670065181022267e+00
3.357185289731479561e+00,1.007141329918689721e+01
3.371481601892928115e+00,1.005759146633005763e+01
3.562339855069792893e+00,9.909026656106785680e+00
3.469961513013901655e+00,9.978959107901903991e+00
3.407158302453872967e+00,1.002683560394138773e+01
3.507776634982662678e+00,9.950245752104134311e+00
3.431095990714096988e+00,1.000852485623805599e+01
3.364084181111568483e+00,1.006453804902745119e+01
3.384605793329752643e+00,1.004555354764604758e+01
3.504473871189261569e+00,9.952702967624269093e+00
3.404087945177609154e+00,1.002911004134902662e+01
3.611373223487555073e+00,9.872001232029173678e+00
3.360660322927251364e+00,1.006779818491467182e+01
3.601973471119522596e+00,9.879046753704059824e+00
3.487290648702214835e+00,9.965676830472506964e+00
3.395527659173854129e+00,1.003597994013327011e+01
3.562123192591784004e+00,9.909027110867134169e+00
3.488406270438574985e+00,9.964804555318817592e+00
3.409691707454942655e+00,1.002474880353661035e+01
3.461637897128814867e+00,9.985111926264742976e+00
3.415374747209531048e+00,1.002036753478581232e+01
3.359942431526053319e+00,1.006837353372461408e+01
3.396452490793954837e+00,1.003510618823396072e+01
9.879405648740560153e+00,4.929271509584008726e+00
9.874100970405358169e+00,4.937968468795665089e+00
3.466034221034474783e+00,9.981691365306073038e+00
3.405174858344298894e+00,1.002806332129304678e+01
3.466129554968675031e+00,9.981577692834992632e+00
3.513058049945877226e+00,9.945967609850253410e+00
9.897671638960627405e+00,4.900493088053617718e+00
3.378379565778914184e+00,1.005080662394338020e+01
3.540250334139996014e+00,9.925349380564416180e+00
3.394228516411866181e+00,1.003684901435576471e+01
9.904432672154786843e+00,4.890366758307403749e+00
3.517785911002996535e+00,9.942302115826411324e+00
9.875662194436126029e+00,4.935164665210468371e+00
3.391319383684440858e+00,1.003928195260195722e+01
3.593336629653231640e+00,9.885245175936224982e+00
3.486218727786373428e+00,9.966185091305078458e+00
3.621611786249080644e+00,9.863965773910205570e+00
3.537751593719679288e+00,9.927110567702913002e+00
3.379477236872416412e+00,1.004960197512859743e+01
3.379331693688847338e+00,1.004972399646041126e+01
3.598040674271882899e+00,9.881565722403358620e+00
3.534832252533855357e+00,9.929217530812543657e+00
9.859794533529004923e+00,4.962156653052112176e+00
3.407361421463070528e+00,1.002604896566829495e+01
3.425137758497088569e+00,1.001245839018401185e+01
3.600397245749439534e+00,9.879726921584975230e+00
3.480457010171206900e+00,9.970342559674540084e+00
3.409954685286002096e+00,1.002401777012402206e+01
3.578090325605512767e+00,9.896491612839870555e+00
3.392600678389418256e+00,1.003789857381873674e+01
9.872304157335017649e+00,4.940278971472078950e+00
3.595594571530402295e+00,9.883244395196685517e+00
3.510867791523765380e+00,9.947171819885896937e+00
3.613265666472523563e+00,9.869930005803436046e+00
3.387790154183897950e+00,1.004195043045849900e+01
3.631276738681191052e+00,9.856396877551571123e+00
3.612441824552082625e+00,9.870536655513042490e+00
3.621368656092906146e+00,9.863814980921899789e+00
3.387233827323366864e+00,1.004237647276404743e+01
9.859107599878766948e+00,4.962992155456647403e+00
3.623413829653341356e+00,9.862238480555779674e+00
3.516197309024088113e+00,9.942996835049031645e+00
3.480163220166022420e+00,9.970301555473460198e+00
3.552688098730666155e+00,9.915401551369480870e+00
3.422175693991693191e+00,1.001440504990166502e+01
3.436924263965252635e+00,1.000315156951761431e+01
3.636415981499111272e+00,9.852384429710934199e+00
3.602054610141706803e+00,9.878177847579250326e+00
3.626228167160036264e+00,9.860005051058520209e+00
3.380068838193181602e+00,1.004855000610193549e+01
3.454457256128962150e+00,9.989740423984372342e+00
3.571740999039850095e+00,9.900944734651613288e+00
3.571587483292585574e+00,9.901057729374368677e+00
3.455888224317646973e+00,9.988624107193974311e+00
3.584198673254681999e+00,9.891546445246925501e+00
3.573140520794396036e+00,9.899858373688214641e+00
3.487161422521118492e+00,9.964844458112761316e+00
3.390366809771342194e+00,1.003940142349014408e+01
9.854554717602999503e+00,4.970885672731433225e+00
3.612454778137465183e+00,9.870249709170076713e+00
3.452516281423040123e+00,9.991099645693308773e+00
3.459986509086675266e+00,9.985407054727282627e+00
3.623508058105191942e+00,9.861891038941415388e+00
3.545161454258243250e+00,9.920825337780661002e+00
3.434896183982175444e+00,1.000443368793633070e+01
3.555695422484758339e+00,9.912856318778926479e+00
3.616842127838329812e+00,9.866815006847719616e+00
3.381391313616765260e+00,1.004706515348295248e+01
3.493347162858525312e+00,9.959947726117649225e+00
3.453466726784903518e+00,9.990208733337730962e+00
3.581468361083643526e+00,9.893344654062453003e+00
9.869057003800449479e+00,4.944893668934205344e+00
3.466294496666177949e+00,9.980432365710996123e+00
3.619577832597570044e+00,9.864674496957682948e+00
3.467235541545686139e+00,9.979705615791727880e+00
3.603072110633960712e+00,9.877063590900137413e+00
3.454072931438825211e+00,9.989687332318220925e+00
3.467845277741315346e+00,9.979211868855825784e+00
3.467873746103944388e+00,9.979140455455429048e+00
3.360076146934041663e+00,1.006671843751367312e+01
9.885662918363514962e+00,4.917502008190147045e+00
3.470076793934591564e+00,9.977459125227172265e+00
9.893101497056942861e+00,4.905915288443179811e+00
3.379630065461769917e+00,1.004844276622237231e+01
3.445224191032825178e+00,9.996311539481711250e+00
3.568854166805522254e+00,9.902698031841113746e+00
3.554028306378626212e+00,9.913854596101710825e+00
3.608444800853985779e+00,9.872850195213102253e+00
3.463607812788723983e+00,9.982261623696457420e+00
3.400352624283411007e+00,1.003040094778561730e+01
3.462750390556222690e+00,9.982876567966924242e+00
3.432884629872006155e+00,1.000559828125075867e+01
3.364588228222694877e+00,1.006217448803838366e+01
9.891078950565125538e+00,4.908813162961793708e+00
3.475470086638437373e+00,9.973201189427646440e+00
3.476836626707366040e+00,9.972163223489342698e+00
3.384197940906695123e+00,1.004420960948701058e+01
3.579893491696982011e+00,9.894251129320792870e+00
3.357110496670017152e+00,1.006935670859551912e+01
3.530582456625571020e+00,9.931413021168955524e+00
3.480381354438741859e+00,9.969395528586902699e+00
3.402631414591386516e+00,1.002857245350232063e+01
9.876897345011688145e+00,4.931242853621381705e+00
3.498388169665086700e+00,9.955719992163309939e+00
3.404384441322097388e+00,1.002720349298880542e+01
3.602982911109770647e+00,9.876793582394599369e+00
9.891496924918950384e+00,4.907976714236339966e+00
3.623039038815028867e+00,9.861720073761388150e+00
3.359995795632480853e+00,1.006639336575758747e+01
3.386995227654885809e+00,1.004158334258416119e+01
3.472938346889271610e+00,9.974930479377029258e+00
3.566366362283249991e+00,9.904247175043238371e+00
9.857555644579255372e+00,4.964215399740075974e+00
3.444379771840664350e+00,9.996571002075455681e+00
3.626574733881269719e+00,9.858931292260736612e+00
3.381057365635079748e+00,1.004668358241087134e+01
3.445253879891641891e+00,9.995844617372164009e+00
9.894698748549323852e+00,4.902805738010979297e+00
3.462563313042815505e+00,9.982675430874879297e+00
3.528105602860410528e+00,9.932994368647326766e+00
3.447148269624852990e+00,9.994360481588614675e+00
9.863978302886057037e+00,4.952659207855885981e+00
3.590226536339403474e+00,9.886127575130823075e+00
3.540598164983591367e+00,9.923517691211342751e+00
3.610629790365899261e+00,9.870788741349043605e+00
3.509609571049212562e+00,9.946930403872732640e+00
3.353215655038209952e+00,1.007274286289578846e+01
3.482487535427869041e+00,9.967455664625312295e+00
3.450929125948334342e+00,9.991401533573789351e+00
3.573393665480798731e+00,9.898740353563891148e+00
3.352289057582132248e+00,1.007362586390244630e+01
3.587169456770042064e+00,9.888359376865313521e+00
3.481091243843112526e+00,9.968469710308232479e+00
3.631890907343608976e+00,9.854765432145846660e+00
3.484812363773806432e+00,9.965625450122411522e+00
9.868770345925511833e+00,4.944224187841139262e+00
9.868922247523887137e+00,4.943938847247173030e+00
3.425031520110459748e+00,1.001103771914804597e+01
3.352589823710928840e+00,1.007323811456861407e+01
3.437663004192621941e+00,1.000140019002288483e+01
3.604101157954187062e+00,9.875553919610613463e+00
3.577155579103025396e+00,9.895798754962660482e+00
3.656933632170067394e+00,9.835907472534715978e+00
3.487842505389802561e+00,9.963224477391730005e+00
3.517142832329848812e+00,9.941021100742005956e+00
9.904378757105831710e+00,4.887877902523312557e+00
3.364834205361778352e+00,1.006108226392978189e+01
9.867154660204128902e+00,4.946615829352793092e+00
3.562649518506778801e+00,9.906537597547009355e+00
3.553466847516144167e+00,9.913419171008353459e+00
3.505249561409881309e+00,9.949823728477040774e+00
3.506858361279984404e+00,9.948599177164336282e+00
9.852207324977555913e+00,4.973050661077956569e+00
3.379390827855206059e+00,1.004755450919379633e+01
9.887108179749194647e+00,4.913801752446525839e+00
3.656152725025604511e+00,9.836250554874876428e+00
3.352129685495347289e+00,1.007328174947729948e+01
3.499317399057949363e+00,9.954259876711917698e+00
3.353262550270367015e+00,1.007207428723774534e+01
3.469806129535267569e+00,9.976565386673453162e+00
9.877112233760037441e+00,4.929649746862403425e+00
3.547362403945927056e+00,9.917887501912685977e+00
9.852634652581137686e+00,4.972064918505385123e+00
3.500895216428053569e+00,9.952989735762141521e+00
3.487366648222210319e+00,9.963227562740856413e+00
3.422984404871257436e+00,1.001214256228107935e+01
9.856777992444296643e+00,4.964494350099328379e+00
3.512640622359390452e+00,9.944083893937234464e+00
3.498763988683156523e+00,9.954582914490297085e+00
9.880016648307034188e+00,4.924883665093811480e+00
3.444507559096583904e+00,9.995737399005355073e+00
3.626564567528651750e+00,9.858282047361440092e+00
3.616643135731472114e+00,9.865711257864004935e+00
3.456233313018949982e+00,9.986800567355409441e+00
3.539793053802477552e+00,9.923531923516419440e+00
3.427644272977655504e+00,1.000852071855261194e+01
3.540411226252203392e+00,9.923034768773851155e+00
3.413550617856968561e+00,1.001924003451268597e+01
3.370457538873774528e+00,1.005537894676349175e+01
3.561996812474057528e+00,9.906729216929193171e+00
3.647342464612437496e+00,9.842627580311706481e+00
3.513975824160787909e+00,9.942962244187759424e+00
3.383489089379000614e+00,1.004363239236667127e+01
3.533137511574156342e+00,9.928459865795593586e+00
3.534005548285661380e+00,9.927800715738742454e+00
3.515566535927353353e+00,9.941730341090392997e+00
3.415724494147255541e+00,1.001751669980512105e+01
3.363162425398959154e+00,1.006212698546806905e+01
3.478642484717914929e+00,9.969629828000757144e+00
3.494843692442611616e+00,9.957332004261353120e+00
3.434985831741339979e+00,1.000276572913799278e+01
3.584266102483347094e+00,9.889850194998130561e+00
3.567340680841052158e+00,9.902578342151235447e+00
3.658259525906619736e+00,9.834330156244186938e+00
3.347212688356176358e+00,1.007776885056321348e+01
3.537098983195543500e+00,9.925333881138410419e+00
3.624859776619092866e+00,9.859286618100059130e+00
3.362140268408894350e+00,1.006292159534031860e+01
3.439153090367697452e+00,9.999479845872858874e+00
3.470041313059133437e+00,9.976002251179210134e+00
3.645249628287544841e+00,9.843951935401380027e+00
3.559432887487527619e+00,9.908393929695769486e+00
3.514553156540446643e+00,9.942255603313270740e+00
3.399697451685615324e+00,1.002949196402635224e+01
3.618254397706871295e+00,9.864138358136868234e+00
9.906320373072270868e+00,4.884097648445118622e+00
3.403286795250643593e+00,1.002671657625172408e+01
3.561998313828369955e+00,9.906410412574027546e+00
3.473513145203072305e+00,9.973261971612068066e+00
3.528827325067881659e+00,9.931386405192382583e+00
3.671724905685630702e+00,9.824037787369805486e+00
3.365453931781472452e+00,1.005955657134119718e+01
3.630141225904350399e+00,9.855148111783808673e+00
3.349759015077472313e+00,1.007481906695770491e+01
3.615528793809073882e+00,9.866096001774156576e+00
3.492178777672314549e+00,9.959053400709281689e+00
3.431838516668212602e+00,1.000485724006036747e+01
3.555250015885136783e+00,9.911407241633853005e+00
3.352283602951550368e+00,1.007224942390311995e+01
9.852241245450491292e+00,4.971825066864864695e+00
3.522412517782694596e+00,9.936135257868770054e+00
9.866138916918959723e+00,4.947125854329852856e+00
3.623264105546101455e+00,9.860232050404860615e+00
3.395523378722466568e+00,1.003280230720002919e+01
3.520088330928345499e+00,9.937874394288044755e+00
3.409983953054851469e+00,1.002142627370848871e+01
3.667372800039948366e+00,9.827174726934572391e+00
3.494684447604683442e+00,9.957066319281688394e+00
9.896669515625521996e+00,4.898063213684370254e+00
3.394694220283609454e+00,1.003345635589747609e+01
3.520109550358692552e+00,9.937810702353797154e+00
3.683319238841664678e+00,9.815228118322425033e+00
3.643147758453564755e+00,9.845269816106045013e+00
9.861006486912089031e+00,4.955880847530249156e+00
3.536122441568129826e+00,9.925663382681610969e+00
3.551367233638945020e+00,9.914151073697359706e+00
3.455361639691473918e+00,9.986768899827826118e+00
3.685600058004515844e+00,9.813428283916373118e+00
3.678787557669648933e+00,9.818497003576004190e+00
3.655753665457574630e+00,9.835704114813825782e+00
3.696318328599020653e+00,9.805389565155119058e+00
3.583712724294701779e+00,9.889727535347386578e+00
3.419471480874554548e+00,1.001395899105735765e+01
3.527216137843423471e+00,9.932257153784721737e+00
3.501917225525565502e+00,9.951373870614672157e+00
3.486652372982673054e+00,9.962907626249565496e+00
9.851589039084775123e+00,4.972514807066651166e+00
9.894824783480821395e+00,4.900471275362153989e+00
3.653798481845731416e+00,9.837063241693396520e+00
3.541412861526722189e+00,9.921467575681182538e+00
3.449671546673357181e+00,9.990855009154500976e+00
3.669283468806894710e+00,9.825412303100071298e+00
3.691999752483846819e+00,9.808415467323488457e+00
3.428812302084922159e+00,1.000663373849599758e+01
3.692390272413652141e+00,9.808091549598879411e+00
9.859820963208374422e+00,4.957389794378047831e+00
3.350927209799035911e+00,1.007292721091114807e+01
3.546404345324566165e+00,9.917528482086618524e+00
3.562790567372697836e+00,9.905181471755360789e+00
3.563447578874317401e+00,9.904685765456761715e+00
3.410604120946900686e+00,1.002043655919494825e+01
9.867460407832910008e+00,4.944063898686496650e+00
9.868006203442133639e+00,4.943134883363936360e+00
9.866282962678422308e+00,4.946069002264369630e+00
3.412723496160730008e+00,1.001878904447002760e+01
9.858706570164303074e+00,4.959232264337912532e+00
3.536266058946439639e+00,9.925128244657029697e+00
9.848689466836844986e+00,4.977454813785377574e+00
3.648052787974452205e+00,9.841098866186364091e+00
3.622202649909657790e+00,9.860460923703307401e+00
3.369674497243817513e+00,1.005478160693685652e+01
3.629218015346214798e+00,9.855168714634558569e+00
3.549531073713132923e+00,9.915045910620197134e+00
3.640534647250692313e+00,9.846656443145450410e+00
3.355659852385359354e+00,1.006797703226586371e+01
9.847212641346141382e+00,4.980036315823191728e+00
3.359662497119320079e+00,1.006410172678791248e+01
3.375446271020682953e+00,1.004946959544918705e+01
3.698291596066764164e+00,9.803473561868353059e+00
3.683723372766003923e+00,9.814341718009936599e+00
3.596694619207807975e+00,9.879508190087230801e+00
3.531367114211678260e+00,9.928679824408778387e+00
3.554680717449943739e+00,9.911103459415452122e+00
9.871069861640968668e+00,4.937658039554007061e+00
3.340175355667900359e+00,1.008361725484556715e+01
3.374755020745518141e+00,1.005003139992577132e+01
9.884906849383371608e+00,4.915147086258988551e+00
3.359645588071698441e+00,1.006402094411479098e+01
3.390904402492182612e+00,1.003588526316666041e+01
9.866951954563027982e+00,4.944516846908567409e+00
9.884383952480353841e+00,4.915888607041886793e+00
3.572174017244539090e+00,9.897828665155733674e+00
3.695042256260871572e+00,9.805764673219872662e+00
3.554421686755029341e+00,9.911166866657049823e+00
3.601150121750737565e+00,9.876024752116491001e+00
9.905874802146104940e+00,4.883311077287111779e+00
3.447852622171965198e+00,9.991716522706425962e+00
3.674120927057587416e+00,9.821333983076364404e+00
3.602222359374695149e+00,9.875164957193748094e+00
3.335390374556457704e+00,1.008851030669383064e+01
3.655701209420409992e+00,9.835084033793110692e+00
3.448356234850499025e+00,9.991295053691601424e+00
3.620395904063645975e+00,9.861502330426631602e+00
3.555868257795470999e+00,9.909985799306404886e+00
3.674389840603676571e+00,9.821081433651153603e+00
3.562628785159124511e+00,9.904877915566517643e+00
3.594062906344869024e+00,9.881220400122275649e+00
3.404521784495371239e+00,1.002457454835173145e+01
3.348916439171644832e+00,1.007422871025305255e+01
3.560188470282704465e+00,9.906607687245690741e+00
3.390484827243923416e+00,1.003591861328627211e+01
3.659782293096028205e+00,9.831859437690383174e+00
3.708169677350240612e+00,9.795733026346479022e+00
3.490940439938647000e+00,9.958829707124374764e+00
3.567079201443986936e+00,9.901365578322703698e+00
3.358104775492548377e+00,1.006500458070723703e+01
3.565369873045839633e+00,9.902618586544251755e+00
3.701834550885799047e+00,9.800405414773724289e+00
3.424366673886105605e+00,1.000928975018720735e+01
3.458422113348362803e+00,9.983415034812217925e+00
3.564322370735877765e+00,9.903376970218427999e+00
3.627197485631593832e+00,9.856156841322478712e+00
3.696099268277311722e+00,9.804637109321886257e+00
3.635769207194910368e+00,9.849719935331796350e+00
3.357569806524249412e+00,1.006542786928296884e+01
3.622086425019764633e+00,9.859914315394309625e+00
3.484453732753761912e+00,9.963558375634839592e+00
3.445316243960649949e+00,9.993212458817133381e+00
3.613756072772310368e+00,9.866117070542092193e+00
3.348275980472608548e+00,1.007444824996510313e+01
3.356574275071908975e+00,1.006625938765286321e+01
3.404261900086698933e+00,1.002441935402478990e+01
3.338232440481756935e+00,1.008482796672554471e+01
9.866620641273891934e+00,4.944240561052897220e+00
3.604765146523994268e+00,9.872842107144657930e+00
3.397155777567567370e+00,1.003000683645173119e+01
3.652395941966064097e+00,9.837153609133792997e+00
3.552809650432167565e+00,9.911863856964181707e+00
3.407252494913971308e+00,1.002209456692269818e+01
3.541077296902995108e+00,9.920658624499157696e+00
3.336630546858082358e+00,1.008640894983025227e+01
3.408773720517674022e+00,1.002088329465310146e+01
3.682185538813160353e+00,9.814801401947324422e+00
3.572468920102048529e+00,9.896992718468425210e+00
9.886112568567531511e+00,4.912221131029474108e+00
3.346162944460809641e+00,1.007639335250619617e+01
3.634051215160215342e+00,9.850766349805606836e+00
3.503046839343832541e+00,9.949306785916206763e+00
3.702487165324561236e+00,9.799619420098691691e+00
3.578177514109224244e+00,9.892669598398663666e+00
3.354390816714691859e+00,1.006814427803124623e+01
3.602317203696932868e+00,9.874496201172901166e+00
3.652472358813507736e+00,9.836922183956216870e+00
3.570541523112359172e+00,9.898355930365553945e+00
3.544516806355407113e+00,9.917940696363213959e+00
3.719016237772545974e+00,9.787245170754937718e+00
3.531298252747518962e+00,9.927902776480967972e+00
3.363810992704390213e+00,1.005907655403186496e+01
3.581141489357433816e+00,9.890320094885867164e+00
3.382388231871034545e+00,1.004227294136047455e+01
3.343013112536850961e+00,1.007940562905105253e+01
3.572068179413305344e+00,9.897122269691571717e+00
3.720429547306031370e+00,9.786115195111925402e+00
3.660766666121239687e+00,9.830612040270882090e+00
3.373643468196920292e+00,1.004997098923912091e+01
3.417883082501562697e+00,1.001370352259944241e+01
3.336523764834470995e+00,1.008616951737456446e+01
3.605393307555786464e+00,9.872059991536390910e+00
3.344973595998348870e+00,1.007733131674241278e+01
3.333519840336189866e+00,1.008939310625600783e+01
3.714566346071868086e+00,9.790435688480528142e+00
3.633966242229030197e+00,9.850597247710068061e+00
3.549181063943586345e+00,9.914251427217628532e+00
3.684794504071247090e+00,9.812593567187732901e+00
3.550018919735397738e+00,9.913601104465252334e+00
3.599028175103228033e+00,9.876739101412292499e+00
3.642885166900311056e+00,9.843869086931052337e+00
3.424656331427247125e+00,1.000841572291452941e+01
3.717606522181711615e+00,9.788066101598005275e+00
3.669246404336013345e+00,9.824131646038662069e+00
3.627316891205880189e+00,9.855479286369529746e+00
3.426307587157594980e+00,1.000712140456380261e+01
3.484857627297205163e+00,9.962663023387513306e+00
3.506057851635315359e+00,9.946614057748567106e+00
3.692848293384650482e+00,9.806429381379413002e+00
3.352710427322466380e+00,1.006928646060728383e+01
3.588015370747184019e+00,9.884880215506473888e+00
3.706176577189990162e+00,9.796474655603100601e+00
9.849077225965828575e+00,4.974483037118952566e+00
3.706743234446661983e+00,9.796041656593867941e+00
3.579444546962531337e+00,9.891282894749313215e+00
3.509219881528008234e+00,9.944132771306462004e+00
3.411541602460385292e+00,1.001817843618342252e+01
3.471928208284221995e+00,9.972327759251067292e+00
3.392728220272855477e+00,1.003299400639250472e+01
3.701069645957726362e+00,9.800163249824173306e+00
3.545443198444346855e+00,9.916756231773540264e+00
3.335685085896341828e+00,1.008649732939972665e+01
3.716877138436283090e+00,9.788357939210738934e+00
3.560323351149648374e+00,9.905526607975497555e+00
3.649822228803536461e+00,9.838397736225260815e+00
3.349986953352309893e+00,1.007173238662218218e+01
3.685053603346947426e+00,9.812053431796918801e+00
3.407072973787951931e+00,1.002146633469249615e+01
9.859286565114601331e+00,4.955652501242938435e+00
3.513726939061389221e+00,9.940555860178513115e+00
3.712521349603114196e+00,9.791507699879431925e+00
3.527643242612728436e+00,9.930028430385680949e+00
3.704811571388703761e+00,9.797227562842744319e+00
3.674798558097235102e+00,9.819598571207851734e+00
3.374803873238461982e+00,1.004824334195457602e+01
3.349419877864553197e+00,1.007206766260308939e+01
3.743096511567614026e+00,9.768663186171826496e+00
3.599359161663726603e+00,9.875985437485772067e+00
3.728591229858189138e+00,9.779426182534720624e+00
3.568398199981032803e+00,9.899219337480825942e+00
3.377252247373864869e+00,1.004598849437617680e+01
3.351484530750369117e+00,1.006990176856790775e+01
3.666826697240830768e+00,9.825420080638291864e+00
3.642201772813470573e+00,9.843817776429489186e+00
3.746097708679382521e+00,9.766337419985797297e+00
3.521594482694593076e+00,9.934390194475113844e+00
3.657973540060132756e+00,9.831996564259917193e+00
3.710270115925653034e+00,9.792969748991296797e+00
3.390248403986805492e+00,1.003462308977326956e+01
3.559144390676217906e+00,9.906042773341519947e+00
3.732882765388082724e+00,9.776089706599796259e+00
3.487564789534440823e+00,9.960017605540361529e+00
3.559214303402055801e+00,9.905977323625499764e+00
3.350537058993531048e+00,1.007066783490240169e+01
3.685551987055665446e+00,9.811331497787364242e+00
3.341519207047927154e+00,1.007974722364632925e+01
3.670501030023058497e+00,9.822561245815638387e+00
9.852592300439683370e+00,4.967077004782158411e+00
3.335624654484646179e+00,1.008591257729227131e+01
3.433940042575885254e+00,1.000062847912650099e+01
3.535860208643096136e+00,9.923532733865148003e+00
3.603932214436924131e+00,9.872363449461740714e+00
3.573809132348435558e+00,9.894953299609300146e+00
3.352231796214453663e+00,1.006892097101936123e+01
3.720998404047523245e+00,9.784857759929035836e+00
3.538258412086853433e+00,9.921675609353060921e+00
3.467088683763212664e+00,9.975431229733175087e+00
3.371843309535983657e+00,1.005052790717787836e+01
3.655492564163070224e+00,9.833698058334555014e+00
3.588212346785149442e+00,9.884084824258790647e+00
3.599869873074693416e+00,9.875318037333180143e+00
3.510317354002224111e+00,9.942698158743606740e+00
3.696750118355026427e+00,9.802861230594137609e+00
3.494238910478210336e+00,9.954822510769377075e+00
3.623392704331454883e+00,9.857650752557043816e+00
3.576562738543616504e+00,9.892764984875991985e+00
3.540449984564295605e+00,9.919929425507980625e+00
3.674857566680250098e+00,9.819158236613132473e+00
3.639997473687834439e+00,9.845182394833065231e+00
3.708068744109505044e+00,9.794343165162047171e+00
3.738251206448704345e+00,9.771877969927334817e+00
3.485646745437510852e+00,9.961231810915299079e+00
3.335923375179982386e+00,1.008527053440863419e+01
3.544061055999597087e+00,9.917131755985963082e+00
9.846812735230059843e+00,4.977305354351612365e+00
3.497680786775540174e+00,9.952082685598092837e+00
8.401645127007274283e+00,6.114300498748913348e+00
3.858154880372785200e+00,9.678802757675226687e+00
8.430283212161416628e+00,6.091826437185365428e+00
8.423899520028431454e+00,6.096855865926960938e+00
6.375135661706343271e+00,7.704146672446290367e+00
6.397711782803988001e+00,7.686462674878030477e+00
8.554654266474884139e+00,5.994283471119243423e+00
9.528166581432923721e+00,5.230509965191992627e+00
5.915231817566924732e+00,8.064966945131377685e+00
8.161622663892222462e+00,6.302626845850265447e+00
8.195572265231575670e+00,6.275966604300543317e+00
4.216995861399430723e+00,9.397303697226217167e+00
9.533381416558389887e+00,5.226435235627259424e+00
7.540135227739858337e+00,6.790167276557355081e+00
5.535780318611564610e+00,8.362678203798674659e+00
6.763256160920961158e+00,7.399690505035634303e+00
5.205398779545448384e+00,8.621839298663884321e+00
5.209276490477873445e+00,8.618832267075269726e+00
3.463333159380180604e+00,9.988572977878211745e+00
6.961228746257409838e+00,7.244352092457035042e+00
7.188621286883977390e+00,7.065946666510710017e+00
4.091733594381250505e+00,9.495575231865732491e+00
8.471705518160392856e+00,6.059334499338961955e+00
6.878706697994239505e+00,7.309090094167522977e+00
9.154678549271164201e+00,5.523511462722581200e+00
5.004617077643334966e+00,8.779393557720220898e+00
6.314699800679114183e+00,7.751574799129330451e+00
4.624446286783672200e+00,9.077645546112892205e+00
9.190161577613075394e+00,5.495712696718453749e+00
7.781279177275468584e+00,6.600999747826325148e+00
7.855323155518004086e+00,6.542898325273974969e+00
7.007846769895742511e+00,7.207794515039325667e+00
3.887758189260810848e+00,9.655585794170344016e+00
4.017872925052749622e+00,9.553528199182583336e+00
4.072904852503868689e+00,9.510327533802266586e+00
6.004450163718230371e+00,7.994978517175705512e+00
6.778247556426403975e+00,7.387907893970607098e+00
8.329626825356051256e+00,6.170801754617438739e+00
8.137787173604912994e+00,6.321298533398981512e+00
6.899619974459916705e+00,7.292708466980743154e+00
3.486539787543597946e+00,9.970355966582069129e+00
9.724765999826662011e+00,5.076300294270602365e+00
9.303240303868648198e+00,5.406989226059014442e+00
3.410804312728918486e+00,1.002977754182576398e+01
8.905557955446186114e+00,5.718982017453026145e+00
6.073030910691548101e+00,7.941171787274742044e+00
8.357709503371118842e+00,6.148762647820764649e+00
6.715513918642599833e+00,7.437140642999676032e+00
6.708468215803004675e+00,7.442647543454842030e+00
4.773439302179375510e+00,8.960743637451129118e+00
8.249250787519271100e+00,6.233853416098975586e+00
6.687040272396461482e+00,7.459484528768307143e+00
5.900029972181131122e+00,8.076877855699317266e+00
3.372997371052917970e+00,1.005942803642038363e+01
7.262428421446950111e+00,7.008047278388372270e+00
4.952755655533326085e+00,8.820049372416736588e+00
4.505009883977830754e+00,9.171343123078251836e+00
7.919543554079927716e+00,6.492509244136145163e+00
4.558292556049763355e+00,9.129515718674735325e+00
6.857851734781172937e+00,7.325447717318512630e+00
4.088896679246170507e+00,9.497787813605059526e+00
9.575073600709215427e+00,5.193722828984118856e+00
7.698756223092637185e+00,6.665735483844481557e+00
3.994182789702044545e+00,9.572091706847530190e+00
6.113909444010314331e+00,7.909121014500761326e+00
4.948600214616551973e+00,8.823304979425541816e+00
6.422169670240331918e+00,7.667268107816608946e+00
3.967807754744469229e+00,9.592775010108208988e+00
7.291248424084214363e+00,6.985443066366233467e+00
7.951932627283103017e+00,6.467134122108105565e+00
8.902545968627803674e+00,5.721333448982114156e+00
8.360960089338375312e+00,6.146241984266036518e+00
5.835177565970984581e+00,8.127762843925339098e+00
9.675648384322574458e+00,5.114818145707404007e+00
5.837593036597318985e+00,8.125865169300128699e+00
8.449319348617880365e+00,6.076922358813757974e+00
5.005659525537959453e+00,8.778557097759756900e+00
7.792240170789526132e+00,6.592421643642861540e+00
4.849907690766189994e+00,8.900771844962369173e+00
5.108574280060006245e+00,8.697831867426295105e+00
7.421527437969716701e+00,6.883248225339337445e+00
3.718315761479411563e+00,9.788527335160681631e+00
7.087092658572616166e+00,7.145631259164148652e+00
6.804820956239611363e+00,7.367062697436017160e+00
5.691839819554427748e+00,8.240228455569818422e+00
9.291822206491014313e+00,5.415943785453792181e+00
4.307797870781014282e+00,9.326033247996363684e+00
3.815028323777998498e+00,9.712630314310652935e+00
5.429556976056884032e+00,8.445994886994077078e+00
8.751314295466654514e+00,5.839979206577643467e+00
8.067318655708467290e+00,6.376586588406230049e+00
6.179236269947862681e+00,7.857863082026912416e+00
8.301425279505801669e+00,6.192912175064857472e+00
7.699827718311174962e+00,6.664901863055397335e+00
4.914238946419848375e+00,8.850264329024172483e+00
9.593837143860346472e+00,5.178994863613740840e+00
8.464837152186216684e+00,6.064742242640980940e+00
5.430594988354945585e+00,8.445192283622894536e+00
7.768586931974336807e+00,6.610966360630318839e+00
3.653305801955724963e+00,9.839517751996332606e+00
8.888273155907420175e+00,5.732539846282938889e+00
6.266200631150171674e+00,7.789646353774177356e+00
4.885486870017233585e+00,8.872831883449968871e+00
5.463233329697269269e+00,8.419570202409712323e+00
7.152631154995427565e+00,7.094179453297124738e+00
8.866039619031431229e+00,5.749994184970313782e+00
9.847033754355681623e+00,4.980370452897824762e+00
5.230816352793183022e+00,8.601918582241097511e+00
4.405205654762550438e+00,9.249632144122372779e+00
4.345447484927960957e+00,9.296529587540979023e+00
6.881547089038274834e+00,7.306874978912473395e+00
4.622736893274553616e+00,9.078968354032346255e+00
4.421810431070985814e+00,9.236590614091214846e+00
9.651484365037532598e+00,5.133763984111396894e+00
7.369682781000202354e+00,6.923896323295625876e+00
4.663772961761927682e+00,9.046773774890834119e+00
6.146064642497170993e+00,7.883869672872341638e+00
5.934704530525337418e+00,8.049675015694957025e+00
4.695212232047449419e+00,9.022109525083530812e+00
8.912121018993010679e+00,5.713816249590733420e+00
7.025469304418509253e+00,7.193947515139026194e+00
5.765239667572204851e+00,8.182658063120618053e+00
7.486868526827201720e+00,6.831967784080462458e+00
9.430733443853728915e+00,5.306952040852947583e+00
3.664867729433365362e+00,9.830455371971321910e+00
8.144943101621812787e+00,6.315677025083310525e+00
4.819136027987168447e+00,8.924883973233050938e+00
7.233450994766329245e+00,7.030802857140836082e+00
7.265251169836033363e+00,7.005861816681163923e+00
7.670051219718837743e+00,6.688269336975058543e+00
3.756629139706487042e+00,9.758461648081816264e+00
9.080672140742120035e+00,5.581570775557050723e+00
4.667351009474753454e+00,9.043956138519865462e+00
7.280699702171845367e+00,6.993717082174383037e+00
6.533565409880084829e+00,7.579872957477113538e+00
5.333973079439243037e+00,8.520970203415695110e+00
4.731465715308534215e+00,8.993673660900359579e+00
7.797127391069720304e+00,6.588581374580425809e+00
4.345603446333662134e+00,9.296376278915348124e+00
9.351718527346557508e+00,5.368963113282438471e+00
5.979094664067254428e+00,8.014850392059566175e+00
8.961041782691658852e+00,5.675455761684957245e+00
8.299550982463884452e+00,6.194396954910165398e+00
4.229932641873804577e+00,9.387142787562234858e+00
4.651496222780411749e+00,9.056432358844210384e+00
8.090712931549411735e+00,6.358226023698215990e+00
8.516853558418707948e+00,6.023932159010231047e+00
3.821728589405313681e+00,9.707390674849147416e+00
4.966275966891597449e+00,8.809463706342313571e+00
5.474316887699943734e+00,8.410869389721664646e+00
6.729639013176889506e+00,7.426032707963693191e+00
6.600761935151921556e+00,7.527156504639269663e+00
8.936874392749126983e+00,5.694387296568744539e+00
3.762709838984053867e+00,9.753691461003898056e+00
7.729366938234973006e+00,6.641732494691144240e+00
6.655763624006642232e+00,7.483995727202193748e+00
5.812470790036621260e+00,8.145600039228078515e+00
5.568577808889146219e+00,8.336948500521284444e+00
7.895193512679863801e+00,6.511614486028763693e+00
8.643686414319542877e+00,5.924414699183984112e+00
7.639641517246618108e+00,6.712141253035268207e+00
8.340400699340424495e+00,6.162339610696759173e+00
5.656491262408556153e+00,8.267952118013582208e+00
4.814066061852686040e+00,8.928868841688888836e+00
8.085191920256736609e+00,6.362593508665301378e+00
9.904743351812296481e+00,4.935073736302959979e+00
4.384232211002879964e+00,9.266106843229914958e+00
6.193594441469029377e+00,7.846596801802801835e+00
8.204344064363661815e+00,6.269114002602694136e+00
7.023678266778420110e+00,7.195343883346813740e+00
3.719045731166198632e+00,9.787925137806224640e+00
7.951610441046614852e+00,6.467387988605485916e+00
7.832641377983495801e+00,6.560695216824848686e+00
9.480041859217017475e+00,5.268270050693001139e+00
4.225884681010438904e+00,9.390310822549061243e+00
5.728387140929513066e+00,8.211568027936053227e+00
9.085577034640758498e+00,5.577754962010883055e+00
5.071995536214171985e+00,8.726534716686636273e+00
4.863237604321918539e+00,8.890284997304071624e+00
8.454204230823144428e+00,6.073091347937034534e+00
5.382649172387193204e+00,8.482806321457697862e+00
8.849329449226011945e+00,5.763096380545395192e+00
6.224249887161030337e+00,7.822517915293942359e+00
3.964688678301959701e+00,9.595238757860863998e+00
9.882023620625556504e+00,4.952916406354598067e+00
7.542189577119369659e+00,6.788583129790176862e+00
6.144261196623920895e+00,7.885277106392704738e+00
5.974299446037100836e+00,8.018619934733864696e+00
6.543083566683528751e+00,7.572419760707282066e+00
6.571649593369643938e+00,7.549996460195239401e+00
8.853320191019550478e+00,5.759947035510947444e+00
9.555349921184106421e+00,5.209197072581794430e+00
7.893453964161420089e+00,6.512990345198691244e+00
7.496298923748673459e+00,6.824579890688680095e+00
9.449896963103395109e+00,5.291942853865448271e+00
9.632305151753563166e+00,5.148804388244228036e+00
5.973583302900314251e+00,8.019200195233521455e+00
8.518649588287644292e+00,6.022512249937213902e+00
7.128171216118829534e+00,7.113398730138300152e+00
8.754351719606528803e+00,5.837602889043004062e+00
3.465609454333553163e+00,9.986773559522809762e+00
6.965708415037065393e+00,7.240833804011954200e+00
8.962541384176377690e+00,5.674265679378323490e+00
9.078433377101658763e+00,5.583361062329880831e+00
4.969015774495741056e+00,8.807320203198054642e+00
5.449823458994325520e+00,8.430088587651429322e+00
4.160040303561821418e+00,9.441952341217000111e+00
4.530257827613318966e+00,9.151515832058866096e+00
4.682170562965365157e+00,9.032354782876094390e+00
4.113245908305614762e+00,9.478678696848165330e+00
7.747387886085284947e+00,6.627588590124036116e+00
4.817391367973902661e+00,8.926242520034820771e+00
4.118789891440616913e+00,9.474356325992937755e+00
5.438246061392817410e+00,8.439178033211332419e+00
8.849845907880126816e+00,5.762696438335118465e+00
7.065835877862797432e+00,7.162290734874136255e+00
7.709610798974203760e+00,6.657243377819985319e+00
9.780502773040137043e+00,5.032548915423370239e+00
9.360106157467575017e+00,5.362356874611898583e+00
9.027856402194364804e+00,5.623022971203775811e+00
7.089913101491239544e+00,7.143397122386997644e+00
6.673613190176586940e+00,7.469986612392229830e+00
7.921094683042046114e+00,6.491310054727786216e+00
8.508268495091854788e+00,6.030669302361049589e+00
8.910586092486942889e+00,5.715010893526893732e+00
5.053889173388183664e+00,8.740701874844729602e+00
7.175335368313854545e+00,7.076398284540259986e+00
8.578482543150895978e+00,5.975579464161542731e+00
7.976973008190888947e+00,6.447473910515947537e+00
7.553354339962316644e+00,6.779795946943873552e+00
6.231626379307760644e+00,7.816764454845316124e+00
4.244705447179768498e+00,9.375531546328490506e+00
5.139227710257197046e+00,8.673772670914020821e+00
6.019112400974202970e+00,7.983482160575770870e+00
4.459952418650008354e+00,9.206666578437246784e+00
7.830535529248054516e+00,6.562347802568632815e+00
6.315319081132802381e+00,7.751112591922063366e+00
3.796878142499612085e+00,9.726869658289849951e+00
9.386370679267267647e+00,5.341743089287328772e+00
7.252432688714863573e+00,7.015877710840363157e+00
9.687878789797842671e+00,5.105221426945769636e+00
7.268842446695771287e+00,7.003008429701521820e+00
6.308576361214459638e+00,7.756377838768684363e+00
9.672315307933276429e+00,5.117429844789019633e+00
9.256912100616185413e+00,5.443323431741446505e+00
8.011749872928669802e+00,6.420191287928078694e+00
6.695710115555796094e+00,7.452657191003737580e+00
5.300031588360540447e+00,8.547616523983821324e+00
5.612458746269165744e+00,8.302516673103845335e+00
9.860059120291044366e+00,4.970128425602156064e+00
9.579589374910668198e+00,5.190191987146548946e+00
4.476467847247008081e+00,9.193711059223875992e+00
4.970681402398508197e+00,8.806005096852514313e+00
7.520278507057875927e+00,6.805760973042018769e+00
7.537152145352644439e+00,6.792517187298703796e+00
6.011170772894801395e+00,7.989688474653612538e+00
6.706135582149755692e+00,7.444475499520584627e+00
5.428854090689260836e+00,8.446551139185144663e+00
9.502326351946914329e+00,5.250773766650209673e+00
5.200545517075315871e+00,8.625678621849335315e+00
4.216546639731899582e+00,9.397636135791103129e+00
5.705400876690651657e+00,8.229605175647147774e+00
8.923393359096360555e+00,5.704969391138502210e+00
4.690254692810791326e+00,9.025997271975150227e+00
7.226628930467014378e+00,7.036131750481549929e+00
8.830888952914586199e+00,5.777545044045461431e+00
9.010800871962183933e+00,5.636415462644131402e+00
4.001980094283533518e+00,9.565989985181985844e+00
6.442662032721599985e+00,7.651179833551347897e+00
5.302994724541943761e+00,8.545302415297875598e+00
9.742351303300694099e+00,5.062483001603523824e+00
5.476241185599806549e+00,8.409359824230422831e+00
6.348305023757685461e+00,7.725224802268431112e+00
7.321475818903364186e+00,6.961738877001081072e+00
8.130876451131666016e+00,6.326744847109782910e+00
7.804559084781610423e+00,6.582737113154772501e+00
8.018039940958646028e+00,6.415252326419807360e+00
4.300369608519491571e+00,9.331866988201166890e+00
4.730892451395462217e+00,8.994112582382523868e+00
5.310595633421251627e+00,8.539308306965045503e+00
6.306745607078148907e+00,7.757808807865587575e+00
7.241668956991190065e+00,7.024322943283879184e+00
8.731980118915942057e+00,5.855130254551650815e+00
6.061936561902873777e+00,7.949881492333791932e+00
3.754589252683348199e+00,9.760043600708131706e+00
8.788666231774604043e+00,5.810679958411056667e+00
7.045317621712651857e+00,7.178368863644517539e+00
3.859431974940405574e+00,9.677819542334079372e+00
8.664181425139739545e+00,5.908357489819773711e+00
9.497070726522801820e+00,5.254902856777198039e+00
9.630492293962168660e+00,5.150249377559097397e+00
7.030464689514416499e+00,7.190024753557184845e+00
5.053701623734776049e+00,8.740881414528741900e+00
6.553925914424745258e+00,7.563896746457555054e+00
4.733064006370804044e+00,8.992424196179186424e+00
7.841644815820417946e+00,6.553645320629688520e+00
4.368149451536702088e+00,9.278691498576742802e+00
7.905490136559576442e+00,6.503549948735767749e+00
3.720278178602094421e+00,9.786995458441703377e+00
9.397315760914604965e+00,5.333173929265909941e+00
7.218490372008160350e+00,7.042517994973457540e+00
8.884633349727053542e+00,5.735380425629237777e+00
9.368137700887992025e+00,5.356044519684499683e+00
7.913088899935104337e+00,6.497610165748024968e+00
7.091914857500235314e+00,7.141843334446134506e+00
6.846632631295738847e+00,7.334263860609947727e+00
8.513380314860178544e+00,6.026648032054162663e+00
5.351739857222332475e+00,8.507051600987136197e+00
6.590935571064797216e+00,7.534849833297816879e+00
7.634966666358996790e+00,6.715784108884314207e+00
5.444846454722805262e+00,8.434023659712840626e+00
3.399386132993519993e+00,1.003874977339131291e+01
3.820197214188369106e+00,9.708583703430411660e+00
5.824871029215463736e+00,8.135884319920869245e+00
7.917127495098108980e+00,6.494422580227113606e+00
9.730484995631663026e+00,5.071790497204704096e+00
6.473165137592872043e+00,7.627248808849343753e+00
5.010158997855514329e+00,8.775033673839955028e+00
6.286962484946323926e+00,7.773326710648771787e+00
4.184794301403496064e+00,9.422539051538688426e+00
9.087089428934469026e+00,5.576552222792062530e+00
9.852356502421304896e+00,4.976168803783679984e+00
8.900492295802504117e+00,5.722931923941148469e+00
5.942514755666881143e+00,8.043583453897308999e+00
5.255734829218863702e+00,8.582352537771084755e+00
6.274536081082299432e+00,7.783091541169903316e+00
7.317766417668792656e+00,6.964649050379683182e+00
7.946509933922415669e+00,6.471372192646319910e+00
9.495349091001783037e+00,5.256244059472392927e+00
9.257372206906168799e+00,5.442968520405035093e+00
8.549792844430943006e+00,5.998092421817402098e+00
3.397168944180721351e+00,1.004045327603466653e+01
6.864939314911374879e+00,7.319893039634639997e+00
7.226263601602166631e+00,7.036421320997212625e+00
9.082589415839992242e+00,5.580084207464691026e+00
6.639197355114745847e+00,7.497008798194845447e+00
5.723750062098375224e+00,8.215214938849339177e+00
4.875517533217805344e+00,8.880659412876649839e+00
7.479524832433916970e+00,6.837728229404759439e+00
5.293244814641454354e+00,8.552922642871042314e+00
9.638774493496780948e+00,5.143722081230941434e+00
4.045532568405114660e+00,9.531815916066998184e+00
8.658911802403617131e+00,5.912490976684741106e+00
8.193681983109936340e+00,6.277460053343455471e+00
4.446334718354186144e+00,9.217359654167227134e+00
4.511259631470645459e+00,9.166440140760489186e+00
9.172306671039983428e+00,5.509715408361365974e+00
9.004474769626316544e+00,5.641381477960180746e+00
3.968534891009553700e+00,9.592212855236864399e+00
8.780978639196538538e+00,5.816714560331339712e+00
9.367195592832594286e+00,5.356800349653584981e+00
7.904710303154885764e+00,6.504157306069030753e+00
4.962293661215425367e+00,8.812602105166785549e+00
7.706339521692239458e+00,6.659803490447933072e+00
5.698292496428933873e+00,8.235169363891975181e+00
6.328073205001631507e+00,7.741103515719228056e+00
5.222983328606535913e+00,8.608056795127081884e+00
9.062185197433946016e+00,5.596079831525767823e+00
8.264333402534045803e+00,6.222011461810935451e+00
4.509966074051904528e+00,9.167458423083536090e+00
