8.690064685992576754e-01,1.309935310913989126e-01
5.134448192178461268e-01,4.865551801008823340e-01
6.436966665861175718e-01,3.563033318082591272e-01
8.039030500531969547e-01,1.960969529032611514e-01
7.296160012732078037e-01,2.703839950917295010e-01
6.069328999455337881e-01,3.930671054066827153e-01
7.543426760604022840e-01,2.456573164787561603e-01
5.263340287266727868e-01,4.736659812520749857e-01
8.389141130370247890e-01,1.610858768552357323e-01
7.662981570553830668e-01,2.337018295616359320e-01
9.121083248680732503e-01,8.789166149246394055e-02
8.646433792576188049e-01,1.353566068845689918e-01
5.546532632954057629e-01,4.453467224398512392e-01
7.907115774665884889e-01,2.092884378829724945e-01
7.058872710674923834e-01,2.941127118522489647e-01
9.381710356377190863e-01,6.182898271170071680e-02
6.729471680761692776e-01,3.270528510401488065e-01
6.140798996204901439e-01,3.859200764179099852e-01
6.004553539742003565e-01,3.995446707950667808e-01
5.969172203156308809e-01,4.030828069492968790e-01
9.051968640530698718e-01,9.480317109569237621e-02
5.504589308785015067e-01,4.495410336893896353e-01
8.093857823668322293e-01,1.906142536335161120e-01
6.662161926234957399e-01,3.337838437458031104e-01
7.990121057383831049e-01,2.009878574396992690e-01
8.376578736182596074e-01,1.623420889414755874e-01
7.982254738810750094e-01,2.017745678782671415e-01
6.467689972234625939e-01,3.532310445755780237e-01
8.882064266598767022e-01,1.117935309153224172e-01
5.477598276349824324e-01,4.522402156847093457e-01
9.189004243412591810e-01,8.109962093336994804e-02
7.995340158579062884e-01,2.004659358641963096e-01
7.709566922413791934e-01,2.290433562512178001e-01
7.033826913797556202e-01,2.966173582872880798e-01
8.121378971574331196e-01,1.878620513734712560e-01
9.230199577112159215e-01,7.698009383772519421e-02
5.137812078777095337e-01,4.862188448296392296e-01
7.933960086457474414e-01,2.066039375802582456e-01
7.352331956594364559e-01,2.647667505105937846e-01
9.183804022124697486e-01,8.161965674790884473e-02
5.395485596267609596e-01,4.604515024383877830e-01
7.152887718043874354e-01,2.847111656662556500e-01
7.293924303607024484e-01,2.706076339091567640e-01
5.956755082703776294e-01,4.043245561962208190e-01
6.166136042457815991e-01,3.833863295814319283e-01
7.869605520997455805e-01,2.130395147320738591e-01
6.223893346007389749e-01,3.776105980845476107e-01
6.161776329425561194e-01,3.838224344057326598e-01
5.333202275212149956e-01,4.666797038867905867e-01
8.056862094258734341e-01,1.943138604934112057e-01
7.857331714793448496e-01,2.142667559530042620e-01
5.432931613659063297e-01,4.567067655913746305e-01
8.819592573294332549e-01,1.180406693715215921e-01
8.784682794432809860e-01,1.215317947255511177e-01
5.385504080016964013e-01,4.614496663201106408e-01
8.471280797766593817e-01,1.528719949359684249e-01
6.999433135215942237e-01,3.000567617576434531e-01
8.613668185477918460e-01,1.386332572578479472e-01
7.099235136369416166e-01,2.900765631812765033e-01
5.988556004283219769e-01,4.011443222386852914e-01
5.922443976358526818e-01,4.077555239992970981e-01
9.395488994731036048e-01,6.045118322933186461e-02
8.337301264742716933e-01,1.662697899366150922e-01
5.722251632728759807e-01,4.277749209599682190e-01
6.739034134038337509e-01,3.260966733125910122e-01
6.232571869991133662e-01,3.767429003084155070e-01
8.021964459399389957e-01,1.978036481670391034e-01
5.995129932904179615e-01,4.004869084867442308e-01
6.044780576576294084e-01,3.955218426570937251e-01
6.042376509136454521e-01,3.957622482126758046e-01
8.422012158455278730e-01,1.577988856181248845e-01
6.790523074186486374e-01,3.209477959519292378e-01
7.024716089093863136e-01,2.975282849296986276e-01
7.715535370637545132e-01,2.284463559169841451e-01
7.468516443413631967e-01,2.531482480943232916e-01
5.295028196205818771e-01,4.704970727659693597e-01
7.989914157052283583e-01,2.010084747511340086e-01
7.487177225974178674e-01,2.512821588141972429e-01
7.175627543071857461e-01,2.824373661702567206e-01
9.222790948746149020e-01,7.772102772257311054e-02
8.120280329212455905e-01,1.879720928889004883e-01
7.226763776089165647e-01,2.773237506091298377e-01
5.318925241031384754e-01,4.681076054381148044e-01
8.938570623812929217e-01,1.061430680566190499e-01
7.276824078273800289e-01,2.723174579936915030e-01
6.952832718250160360e-01,3.047165916372387984e-01
6.161875752311122278e-01,3.838125620642733327e-01
6.911370524003823679e-01,3.088628091163324041e-01
5.473590227806508501e-01,4.526411161076819289e-01
7.575341500937697869e-01,2.424659895199600679e-01
8.449579156060638141e-01,1.550419445308819089e-01
8.315870849216486782e-01,1.684130558641088460e-01
8.912670485671492226e-01,1.087328082327144591e-01
8.739816618083716682e-01,1.260181938004034108e-01
8.345404943713784496e-01,1.654596514382677686e-01
9.262837613047494312e-01,7.371638662120044705e-02
5.281212781945096024e-01,4.718785718328916134e-01
5.583184041117201790e-01,4.416817466313418539e-01
7.964136239976395970e-01,2.035865303422586536e-01
7.753150171360920773e-01,2.246848274195488715e-01
5.347153782781145503e-01,4.652847821604998435e-01
5.301037554753675884e-01,4.698960834829764566e-01
7.506856196101090450e-01,2.493142188730334552e-01
7.954064977131356518e-01,2.045936679408963954e-01
6.992190108359814804e-01,3.007808224532227959e-01
5.544578827903090534e-01,4.455419486642465121e-01
8.545743544914831125e-01,1.454258164735910130e-01
6.757622621570544830e-01,3.242379108264432652e-01
6.322729661975855509e-01,3.677268602001672604e-01
6.535020852325272855e-01,3.464977410893536613e-01
8.031411814250324355e-01,1.968586448721958981e-01
9.365562781188012664e-01,6.344390152510767655e-02
7.969702957753181938e-01,2.030298856077011882e-01
6.249819954559803215e-01,3.750181865312027241e-01
7.989345667838316789e-01,2.010656160907036694e-01
6.297356771055735436e-01,3.702641388622545104e-01
7.223894642965832391e-01,2.776103516147219175e-01
6.085384153226007786e-01,3.914613966022383873e-01
7.121025587064954143e-01,2.878972517605462578e-01
7.539615232754832697e-01,2.460382868021056268e-01
5.495538743831651640e-01,4.504463182363338536e-01
7.115711126473566184e-01,2.884290858811188185e-01
8.289918091679040479e-01,1.710079873724138777e-01
6.197364340135171901e-01,3.802633605206385270e-01
6.103362495475798122e-01,3.896639614678510388e-01
9.288164915286164502e-01,7.118329715144137981e-02
5.723724271579767597e-01,4.276273603738420803e-01
6.834347062299849229e-01,3.165650797048223941e-01
6.730468111826299893e-01,3.269529718862285717e-01
7.203055349755126402e-01,2.796946845662295900e-01
5.656866634944983652e-01,4.343131164922637844e-01
6.779576495698862448e-01,3.220425709006809467e-01
8.706100428233378707e-01,1.293897363938977252e-01
6.318489827742103104e-01,3.681507963791747495e-01
7.844277744226959559e-01,2.155724464348736658e-01
6.823523664269565137e-01,3.176474101714389375e-01
9.134158054487682143e-01,8.658396909381721462e-02
7.630819567533424497e-01,2.369182697501358847e-01
9.132983441426568705e-01,8.670142929969525125e-02
7.147986130382543157e-01,2.852011579191712776e-01
7.230472780095883456e-01,2.769529517677865038e-01
5.345853602800838544e-01,4.654148702175758268e-01
6.768342132376206077e-01,3.231655550981248903e-01
6.632896504715888319e-01,3.367101174418716814e-01
5.934745262274101485e-01,4.065252344067262213e-01
8.789942314253308409e-01,1.210055266997648871e-01
8.228499953593799709e-01,1.771502527242018454e-01
7.213026589122331078e-01,2.786975893789129244e-01
6.200960140340109339e-01,3.799037375681882933e-01
6.726314563716156991e-01,3.273682935307682396e-01
6.129586047390420678e-01,3.870416458847557029e-01
8.548914300093808372e-01,1.451083183058552439e-01
9.124185333849290647e-01,8.758172090746568772e-02
8.191464532401013798e-01,1.808532903471011255e-01
5.855829848991422892e-01,4.144172721401830350e-01
7.055563600255535528e-01,2.944433822962578828e-01
5.391873091574470589e-01,4.608129513628717033e-01
7.828846748773148345e-01,2.171155864094823917e-01
6.641145524837134273e-01,3.358857120427368170e-01
7.077794334280882449e-01,2.922203003814723421e-01
7.917972652038085535e-01,2.082030012405931829e-01
6.908863664257772763e-01,3.091139000756042976e-01
6.875218665499718274e-01,3.124784001942698120e-01
7.446926371660083088e-01,2.553070955529834762e-01
8.465033774142600720e-01,1.534968900497341859e-01
7.384302118630983180e-01,2.615695186385356696e-01
8.379214079019579042e-01,1.620783224397147615e-01
9.435826282252877117e-01,5.641764458416847344e-02
5.321241726274070771e-01,4.678761007832518137e-01
6.043887655525206348e-01,3.956115119411993675e-01
8.613759734468884322e-01,1.386237477704420351e-01
9.088939780156244375e-01,9.110630185963439209e-02
9.221592463353636138e-01,7.784103446757026368e-02
8.396444613991758121e-01,1.603552507803373828e-01
8.293094172296895383e-01,1.706902924595823656e-01
7.714191580400819870e-01,2.285805453201228132e-01
8.386915388051047193e-01,1.613081620162108432e-01
7.096966816617682472e-01,2.903030179769777175e-01
7.511128069778866267e-01,2.488874940385752133e-01
9.212431471625062152e-01,7.875715899475058124e-02
5.797298015675260707e-01,4.202895909811188435e-01
9.283799764773016383e-01,7.162265750322506508e-02
7.202801630585953241e-01,2.797337547962891469e-01
8.068134726022182512e-01,1.932162694334631226e-01
6.541203513762345878e-01,3.458692783686200811e-01
5.475892224729669300e-01,4.524252656238359482e-01
9.328741155845428068e-01,6.715191036479530029e-02
6.300900943479995631e-01,3.699290789562351689e-01
6.593749827413358799e-01,3.406162503248162943e-01
6.367466848139796687e-01,3.632742946022942676e-01
8.797395140259954838e-01,1.202574370954523075e-01
7.558565523844927858e-01,2.441439431470241450e-01
8.431348535063694083e-01,1.568653358296713818e-01
5.233941809624769181e-01,4.766011229452692954e-01
7.495083736504009053e-01,2.504855462789948861e-01
8.768961796641198125e-01,1.231077582372465395e-01
7.272083979475246762e-01,2.727838379000460112e-01
6.902595981341071996e-01,3.097369761513082409e-01
7.723069936664255231e-01,2.276832575119723812e-01
6.489382393508963398e-01,3.510508403866989813e-01
5.699808883274513072e-01,4.300064999105995822e-01
5.763601165734674181e-01,4.236517842372359288e-01
9.229775425702222424e-01,7.702223604529731538e-02
8.764896519425795507e-01,1.235058260691001414e-01
6.539984593932697265e-01,3.460028740990320761e-01
5.448491341528735044e-01,4.551537175822775172e-01
7.613399397712579120e-01,2.386758495530455215e-01
6.793928625634217955e-01,3.206076306584806357e-01
8.832107709954406527e-01,1.168188039638266007e-01
5.442299065236828604e-01,4.557627086203551170e-01
7.447009827046159325e-01,2.552913309363329386e-01
9.277599969837653227e-01,7.227311298752669977e-02
6.507974431422788308e-01,3.492133103176762177e-01
6.885971012600222707e-01,3.114106126913341321e-01
8.585360228293954510e-01,1.414951253872908654e-01
7.471871878215765594e-01,2.528187515106262717e-01
5.416361691623351460e-01,4.583499661094103672e-01
5.974798731561181686e-01,4.025346551938179251e-01
8.309132606472167115e-01,1.691186984678842431e-01
6.197650569149302235e-01,3.802247920915229895e-01
8.860509187260658948e-01,1.139557478614989378e-01
8.531351908593699518e-01,1.468847349086924159e-01
7.978635789533946587e-01,2.021500501934469507e-01
8.225939725966682214e-01,1.774093412159054584e-01
7.957393255459281889e-01,2.042703013473561036e-01
9.329224921995910025e-01,6.709544104272549547e-02
6.981492865482832322e-01,3.018601882327653363e-01
9.295641819764645097e-01,7.043615764481514496e-02
6.612174221746126568e-01,3.387951661690163929e-01
6.329284358976660085e-01,3.670734807649588816e-01
7.619776831238368464e-01,2.380483771148579897e-01
7.941999247099565951e-01,2.058164952296456796e-01
5.164761307878849017e-01,4.835296168319921373e-01
7.002969691295987120e-01,2.997024116619822487e-01
9.072233838873438039e-01,9.278045811953539168e-02
6.991687171256570910e-01,3.008384847913347926e-01
8.169506057997057979e-01,1.830493201524092950e-01
8.340346651180539084e-01,1.659806246593210632e-01
5.239684065523788625e-01,4.760116422441039719e-01
9.028936458228553619e-01,9.711058706968847543e-02
6.610598226833914737e-01,3.389452391311059132e-01
8.986216543371048360e-01,1.013877258727183539e-01
5.201446841180046299e-01,4.798529456602535492e-01
9.298558371891324503e-01,7.016670497683501206e-02
7.215331582334956195e-01,2.784853974290418810e-01
8.521500818374658781e-01,1.478570688995675120e-01
6.720682787598987185e-01,3.279573878878709881e-01
9.365935164037593186e-01,6.341277030395763015e-02
8.584666608818922739e-01,1.415375168977570930e-01
6.932333240257718687e-01,3.067728102409714719e-01
6.854509682601144238e-01,3.145369272734825916e-01
5.713775171390164109e-01,4.286063526002035218e-01
7.328417870631287467e-01,2.671822649928420890e-01
6.796027201157053277e-01,3.203977088981772026e-01
8.431491069784229353e-01,1.568840269459791936e-01
5.214271253269934236e-01,4.785936516948823272e-01
6.062852509280960422e-01,3.937113176991619001e-01
5.692693734645161152e-01,4.307512562203170137e-01
8.587621517074370825e-01,1.412425033382111450e-01
7.976119292054362209e-01,2.024020244576735517e-01
5.177803616946814458e-01,4.822289277743223579e-01
8.273928305545313888e-01,1.726362717314974538e-01
7.088524927152365374e-01,2.911398302480306954e-01
6.102662646757890386e-01,3.897456042042103386e-01
7.356323493819847403e-01,2.643785127460864803e-01
9.127979148439262502e-01,8.723516382680154835e-02
5.244368301992544668e-01,4.755528639769648902e-01
9.140709648185340042e-01,8.595672450160925238e-02
6.258550117021455250e-01,3.741616322972670106e-01
5.678703502951919502e-01,4.321166779565677185e-01
7.855801122777362755e-01,2.144296692904519297e-01
9.405511420400158862e-01,5.944784645272541135e-02
9.405595473389321004e-01,5.945739472239380818e-02
9.422558240407823416e-01,5.778088844041479738e-02
7.181528631918612238e-01,2.818431387058222271e-01
8.845668420457184489e-01,1.154456362564870164e-01
8.979775855422912345e-01,1.020397488684227361e-01
5.507438224350571510e-01,4.492550591501619506e-01
8.432855442780697874e-01,1.567398917357044341e-01
8.227470490948142201e-01,1.772810422492074045e-01
8.399637826685277808e-01,1.600536335500828966e-01
7.851431131784127881e-01,2.148529165544689479e-01
5.447712464618635897e-01,4.552329930058511831e-01
8.601017398246495471e-01,1.399230553499650476e-01
9.168245943962303190e-01,8.320067075959010350e-02
8.270193688801232845e-01,1.729787175836737523e-01
5.172559554330877774e-01,4.827640919858739998e-01
5.395028349443605764e-01,4.605023025399046510e-01
8.360868559394619703e-01,1.639146748700952838e-01
9.312342453841367940e-01,6.876381077233492678e-02
8.592762390929395977e-01,1.407198695604233440e-01
6.477737323537235969e-01,3.522157656217231869e-01
6.167913299652472148e-01,3.832214040208318795e-01
5.922100703799719756e-01,4.077767024402625395e-01
9.214650100391869048e-01,7.856576107821577892e-02
7.061527889863961072e-01,2.938685031408204140e-01
8.459190474648505820e-01,1.541035967068512258e-01
6.814330964247579114e-01,3.185764229336797704e-01
8.346916820723830899e-01,1.653120758715040384e-01
6.908969412410002064e-01,3.091213356987701499e-01
