4.840980010847260040e-01,8.750137822922082753e-01
7.601360464256534666e-01,6.497639594922417494e-01
5.213380915976095764e-01,8.533502318545855836e-01
3.836251783833158902e-01,9.234888706739347031e-01
7.573323285523841930e-01,6.530296293711980171e-01
7.601155133493653349e-01,6.497880116277685580e-01
4.115063801512722219e-01,9.114069017763319902e-01
4.271955029276270910e-01,9.041592471248731666e-01
4.948452350729479754e-01,8.689811610989685020e-01
7.605750779176109200e-01,6.492500510124123991e-01
7.583287669287656074e-01,6.518722291844859518e-01
5.138252891646801768e-01,8.578948915833296551e-01
7.811978451220789044e-01,6.242835997889403243e-01
7.686326530119982348e-01,6.396904993132432882e-01
4.836014933268757421e-01,8.752883398505448831e-01
7.574751337976247667e-01,6.528640976638249160e-01
4.103116087767457731e-01,9.119454357031836489e-01
5.188223157725314616e-01,8.548821682180951509e-01
4.619895965329221532e-01,8.868854070285825397e-01
5.190666828470599237e-01,8.547338260845580571e-01
7.592326489108888188e-01,6.508191995464224222e-01
3.257869919237683654e-01,9.454431406390504389e-01
5.411251639050270734e-01,8.409419647408106213e-01
4.704398049352350730e-01,8.824320004090242531e-01
5.193070292971770918e-01,8.545876388456776773e-01
7.590379844955110755e-01,6.510461682087694824e-01
5.023768912029995537e-01,8.646488820915871898e-01
7.608810202625310160e-01,6.488916358428926667e-01
5.065662131024295523e-01,8.622012090308744936e-01
4.191814209345400832e-01,9.079026148157404164e-01
5.272561106966545674e-01,8.497065706193477341e-01
5.031285566001406639e-01,8.642114280786536984e-01
5.146478347670169207e-01,8.574015037105989778e-01
5.555761939236890656e-01,8.314654576595815749e-01
4.946351570686590704e-01,8.691008807263324032e-01
5.118648680590694999e-01,8.590661506482298870e-01
7.709782515097576283e-01,6.368617380577136222e-01
5.152269418247441557e-01,8.570539683443257895e-01
4.140743274082983039e-01,9.102429273447804059e-01
5.177300155126515202e-01,8.555442400968731320e-01
4.502094667866478050e-01,8.929231434370760168e-01
5.135262349028187900e-01,8.580740875952648228e-01
4.183201175875922995e-01,9.082994966055869535e-01
4.466062704066097178e-01,8.947304166035825457e-01
4.210700086134433473e-01,9.070279641947055493e-01
4.318005718365256485e-01,9.019689231970614562e-01
5.614534227179670545e-01,8.275081042527275832e-01
4.233442483591652872e-01,9.059687191041143617e-01
5.134541689533684838e-01,8.581172428994979784e-01
4.972226610822763071e-01,8.676227558738283108e-01
7.576646100016115604e-01,6.526437793653445674e-01
5.102060627408900872e-01,8.600519644703545907e-01
5.233582259016913429e-01,8.521130025388571338e-01
4.155746375052641328e-01,9.095588815006770966e-01
7.682204375098942162e-01,6.401858113731525579e-01
7.610817069072545182e-01,6.486556097527548248e-01
7.612291286923428268e-01,6.484825906072458901e-01
7.589183676184558802e-01,6.511853510194427486e-01
7.612429220850815970e-01,6.484663863959068131e-01
5.207564295977327173e-01,8.537050059307026428e-01
4.103200486407468928e-01,9.119413452759814742e-01
4.110353959594330031e-01,9.116196310253767976e-01
5.377806373672950890e-01,8.430844810184918714e-01
4.765355024898921821e-01,8.791555138638290634e-01
6.845434761362658715e-01,7.289724497111841339e-01
5.217577598889646673e-01,8.530933710652233160e-01
7.240959531095324531e-01,6.896996869315388246e-01
5.244409837524126594e-01,8.514464783757964561e-01
5.029451311094670363e-01,8.643186527870463376e-01
5.154183717925894248e-01,8.569383289069260057e-01
4.553507372681253607e-01,8.903118266222049826e-01
4.209089109728498812e-01,9.071026168463648398e-01
4.160841573262834547e-01,9.093264032522407891e-01
4.083237992627544166e-01,9.128368644710260771e-01
7.651949578047456679e-01,6.437991909184530570e-01
4.989123008271642012e-01,8.666528515080714756e-01
5.066971453779288703e-01,8.621237413462269350e-01
5.553613701991115814e-01,8.316095579386402203e-01
6.297468510496453398e-01,7.767999439453654453e-01
5.186240879152592687e-01,8.550019638480760298e-01
3.620448909956148764e-01,9.321609481135940678e-01
4.297114081431301913e-01,9.029666232910131818e-01
4.592755484215933492e-01,8.882942239289687292e-01
5.189652264101495271e-01,8.547949166514609010e-01
4.840811768246324198e-01,8.750226863008808698e-01
5.168583975197512670e-01,8.560713479679687987e-01
4.884162744669074963e-01,8.726103437193234447e-01
4.138282413626305778e-01,9.103553378233704141e-01
5.170018455412671576e-01,8.559847319050889469e-01
5.162057270426607669e-01,8.564650723880338212e-01
7.612138565726294104e-01,6.485002660440677413e-01
7.726132407326888885e-01,6.348776609978585839e-01
4.815430717966087681e-01,8.764220019012639584e-01
5.168305120543684739e-01,8.560872826814809322e-01
5.359702217016621972e-01,8.442373654225552304e-01
5.277354873087305442e-01,8.494092428383092086e-01
4.219126593831634686e-01,9.066360993649668076e-01
5.101599577198471236e-01,8.600800128637247077e-01
7.687527640117610694e-01,6.395453607483944092e-01
5.161995643759292873e-01,8.564688203573161962e-01
7.599298302425401275e-01,6.500043990443779007e-01
5.189022157646825395e-01,8.548331125347835568e-01
4.396443344312329637e-01,8.981715361767471650e-01
5.138447135069972305e-01,8.578827256590010331e-01
4.414195809607805998e-01,8.973012370589578124e-01
7.603382910599199018e-01,6.495280039575143105e-01
4.670514621521009713e-01,8.842296854250448757e-01
7.613873992778397159e-01,6.482964398316182209e-01
4.331282471254062072e-01,9.013318849132154753e-01
4.247900523445107823e-01,9.052914779165013304e-01
4.802210999284622917e-01,8.776363753100376863e-01
4.938889807260039566e-01,8.698798207134154081e-01
6.707277855416664547e-01,7.382020973407695807e-01
6.473760847246878836e-01,7.589061977310650464e-01
7.083595179232279326e-01,7.027535303732235228e-01
6.603396515391302124e-01,7.475556253436985710e-01
3.997151153315504080e-01,9.164519475927480618e-01
5.525192034821652109e-01,8.326005786497946426e-01
6.883902142380369238e-01,7.219072713798935226e-01
7.170485643329733705e-01,6.941794217443499893e-01
5.236865036411959551e-01,8.517174639826353699e-01
4.822565784521714027e-01,8.765011789265449993e-01
7.132815721496574835e-01,6.979270286211552987e-01
4.222173492533878303e-01,9.068106333415906217e-01
7.786342440892877192e-01,6.295299098062532295e-01
3.862698091237145581e-01,9.217626576594690757e-01
5.516875795721103426e-01,8.331819778098744633e-01
6.166377056412508662e-01,7.846103064317084819e-01
7.730886592724069972e-01,6.356296583287661672e-01
4.633901998885510687e-01,8.867331084289656884e-01
4.940436943275894333e-01,8.697930140108593999e-01
7.145512222429519777e-01,6.966530898865167520e-01
6.531558099221993485e-01,7.538941459507683129e-01
5.591517824725497077e-01,8.280222274789978965e-01
4.546005254492024861e-01,8.912763105699523791e-01
3.759067983455811057e-01,9.256149739147900846e-01
3.375727402838386570e-01,9.381954130223110200e-01
5.466146961498076218e-01,8.366424671365715326e-01
5.142309243952029041e-01,8.576793018884657505e-01
3.372169947148684344e-01,9.382966875415298391e-01
3.898381875511585104e-01,9.203939017281450585e-01
7.127792495500260284e-01,6.984188075121902095e-01
5.647253198500550297e-01,8.240782198794396329e-01
4.901439623672161905e-01,8.720325505862787097e-01
5.050681871549717039e-01,8.632460345424243231e-01
7.059358811687913571e-01,7.051244848870634740e-01
5.641162166522943888e-01,8.245087834827045103e-01
3.996258335121913863e-01,9.164642604833134198e-01
3.810320882785160346e-01,9.237197299138767415e-01
6.616467235172707184e-01,7.463676733306261468e-01
6.053392392591099291e-01,7.936374697085327723e-01
6.756198852237123020e-01,7.337376031138480581e-01
5.986339285480672956e-01,7.988587111265678109e-01
6.116734276548596583e-01,7.885766313612141420e-01
7.369198455114557289e-01,6.740724166308894594e-01
6.692123054920054992e-01,7.395681781067053873e-01
4.373357000583625309e-01,8.998124472423185694e-01
5.257637489416912002e-01,8.504195605331655861e-01
6.438758219270948047e-01,7.619279398055213148e-01
7.159607561743819293e-01,6.952721825361053432e-01
7.617619239315718271e-01,6.479223110760803372e-01
5.167524636110379932e-01,8.561204055042850314e-01
5.994486746381422204e-01,7.982207142839197189e-01
5.838372417527706304e-01,8.101013367011091759e-01
5.025985783091990733e-01,8.647412833756265016e-01
5.043751331045189801e-01,8.636926873791023196e-01
7.713652551599650131e-01,6.375029662279955156e-01
4.445885420305215607e-01,8.962878950243137188e-01
5.348873234935576093e-01,8.444891801947697063e-01
5.830559174832545821e-01,8.107085178615832666e-01
6.565423783799521074e-01,7.509170357311610866e-01
5.109057363045460542e-01,8.597104028817615928e-01
4.025146635012079033e-01,9.153109334119444718e-01
6.778010476923806982e-01,7.317499536599916254e-01
3.934367969956820144e-01,9.189800016837138541e-01
3.875064564790187127e-01,9.212635615379370924e-01
7.050792470235631715e-01,7.059236487979995145e-01
7.791363275655959209e-01,6.289566039407328280e-01
4.313068348910147343e-01,9.026653450658524980e-01
7.416746075293585427e-01,6.691599209965510831e-01
5.404835651659843920e-01,8.408030322616271146e-01
5.564117486251647371e-01,8.299343619682647555e-01
6.936856316935943179e-01,7.168823166753098830e-01
4.299119527602675017e-01,9.032795135731799263e-01
7.320826713401576979e-01,6.790482554292343043e-01
7.344479644307305710e-01,6.766039273554644851e-01
3.825940481091838485e-01,9.231611386748428405e-01
4.492780323523477559e-01,8.939760914606235120e-01
4.474875525151448263e-01,8.948576565538842731e-01
3.562041173785348569e-01,9.324475892142040090e-01
4.475396452830046057e-01,8.948544485097058576e-01
3.327731129570968283e-01,9.395868462313523573e-01
5.417897486919842631e-01,8.399016591298704704e-01
7.349154564265927281e-01,6.761212585177704959e-01
6.643536589434740902e-01,7.439597091118655969e-01
5.697564903257977820e-01,8.204635395847398316e-01
4.046062389724991437e-01,9.144122113146375685e-01
3.649657786626466227e-01,9.294730852505053154e-01
5.335407264042120179e-01,8.453916410197442888e-01
5.109551945457214694e-01,8.596716904422362360e-01
6.443203367190395436e-01,7.615356509450598166e-01
4.819231822399142606e-01,8.766952947038277877e-01
7.548168279985190132e-01,6.553650760897629102e-01
7.400756314690627446e-01,6.708308289316275985e-01
5.359502471481306651e-01,8.437692557276965655e-01
4.335268934682382502e-01,9.016035428805708740e-01
5.813876360296980073e-01,8.119510837443746354e-01
4.093415683379615366e-01,9.124284191838737401e-01
4.146673771241852213e-01,9.101313014821708069e-01
4.311264346441504580e-01,9.027437208402899760e-01
4.099372758245211079e-01,9.121776793052067678e-01
7.362580704163819156e-01,6.747729626242628953e-01
5.662208268112539633e-01,8.229740171283074224e-01
7.471228889014751573e-01,6.634665874138357955e-01
7.008189570467786567e-01,7.100786181301033118e-01
4.313991409864658677e-01,9.025964359762570499e-01
5.087829510235168939e-01,8.610145386938035106e-01
4.951633995902588459e-01,8.691456657967921995e-01
3.348500837111464401e-01,9.389904224549341372e-01
7.323371791427424338e-01,6.787951195590857800e-01
4.303673455209122145e-01,9.030703835274123126e-01
7.009138375275175692e-01,7.099657160221052310e-01
7.260303483792279744e-01,6.851739211788702155e-01
5.182022482317950596e-01,8.551741062997059162e-01
5.142395145326732475e-01,8.576763743234366855e-01
3.960672498846737333e-01,9.179248337925074441e-01
5.582448468238109252e-01,8.286215415146642727e-01
5.651809115167766295e-01,8.237175309085987829e-01
6.113207489307156406e-01,7.888646427741222711e-01
5.555181875428549798e-01,8.305423792735220356e-01
6.610370798916073154e-01,7.469076928777981239e-01
7.787822874253612637e-01,6.293383643112466785e-01
4.195771608773766204e-01,9.079942697405347651e-01
7.433562304348445560e-01,6.674159855340962011e-01
5.725150062027944964e-01,8.184497632582163895e-01
4.953083302894958351e-01,8.690273735327195270e-01
6.644249091934451013e-01,7.438792279285488807e-01
4.854289316134461352e-01,8.747103851577208156e-01
6.140390625513412193e-01,7.867069315399909391e-01
4.473433014367077520e-01,8.949447547175196638e-01
4.635804794489599701e-01,8.866692291218810640e-01
4.069161172501777335e-01,9.134543335963489774e-01
6.641907455050086728e-01,7.441186257130790738e-01
4.489750793419473585e-01,8.941225220881028335e-01
5.288485563508374954e-01,8.484308203254049552e-01
5.297268903380282223e-01,8.478637789030555316e-01
6.697255487341935432e-01,7.390971596293353096e-01
4.281180717915641920e-01,9.041054193199357103e-01
7.222050899343941399e-01,6.890418000090372530e-01
7.507836201945030652e-01,6.596341826287427379e-01
4.255961421850256721e-01,9.052674897318672143e-01
7.005700490814951165e-01,7.102945633932773450e-01
6.264563085913508189e-01,7.766027003487336877e-01
5.692153417834002749e-01,8.208484129924317196e-01
5.133718701544576213e-01,8.582059243655503211e-01
6.243605914649830169e-01,7.783225252015029128e-01
3.906846755116268333e-01,9.200569460443223102e-01
3.691701490837742683e-01,9.280278498282971134e-01
5.255895035197990506e-01,8.505379378916664290e-01
4.043668820868164815e-01,9.145247728362527750e-01
4.713736816537155150e-01,8.824764122061408145e-01
6.964744556186328595e-01,7.142387589486760557e-01
5.918791120565405350e-01,8.040266349995259798e-01
7.643695487739461392e-01,6.451206802791817907e-01
6.615222912758671470e-01,7.464953626367047956e-01
4.287926990080381806e-01,9.038305845914114123e-01
3.879107785378328455e-01,9.211386519654911620e-01
6.302642274785799081e-01,7.734265361771126557e-01
5.583107998776055680e-01,8.285737211114095890e-01
6.374024468795718157e-01,7.674441666299361975e-01
5.593327478502100325e-01,8.278859888553301571e-01
4.133710500652225672e-01,9.107096573970345776e-01
4.930139210574777664e-01,8.704007906919263293e-01
4.280015688340922386e-01,9.041752164464330610e-01
5.023957592971108888e-01,8.648651241546063684e-01
5.006600871003095143e-01,8.659167789070424393e-01
7.108319831641973785e-01,7.003098131421677808e-01
4.531934748053380035e-01,8.920024809263440435e-01
5.196205517836219867e-01,8.542949470817517987e-01
5.769730124807814775e-01,8.152023684268360215e-01
7.313683871045976170e-01,6.797902008743534896e-01
7.774145501250053769e-01,6.308613709903154732e-01
6.071673709639159311e-01,7.921573093433104118e-01
7.064750642503530020e-01,7.045881345184019651e-01
6.958073733342522438e-01,7.148551829726612628e-01
5.239450664749065734e-01,8.515516474924781365e-01
7.694536223288552801e-01,6.395933773725964722e-01
5.956547810595218539e-01,8.011497126027874449e-01
6.914062243044278855e-01,7.190441722211543540e-01
5.532213753175885262e-01,8.321188250288549249e-01
4.137359446768480997e-01,9.105616641579596937e-01
3.481830893875597077e-01,9.349795557511608735e-01
3.320619342655835027e-01,9.398056127742813182e-01
6.833431102433551452e-01,7.266035578130712880e-01
6.292212209491392372e-01,7.742947874605441427e-01
4.229304313436449414e-01,9.065039226656327331e-01
4.506433045281169614e-01,8.932939802056092393e-01
3.508915472625170895e-01,9.341450165476982148e-01
4.468998904001041939e-01,8.951558496751604865e-01
3.921800114601809439e-01,9.194411396729746944e-01
3.855771692155863239e-01,9.220110622328842043e-01
7.390201327741271475e-01,6.719190468326390331e-01
5.329192455282949492e-01,8.457763753976147436e-01
6.357171015275151493e-01,7.688745443797366796e-01
7.348501333060303287e-01,6.761946612116948030e-01
5.908790722506069848e-01,8.048158634638624687e-01
5.154428365911954968e-01,8.569101255244716553e-01
6.691138910237179882e-01,7.396820201327584110e-01
6.153547833350827556e-01,7.856531300065319190e-01
3.423912239657248557e-01,9.367791784372473396e-01
6.348162494019811142e-01,7.696050180253920514e-01
4.380642192709403582e-01,8.994505075977712316e-01
5.218811118262183246e-01,8.528668001519975617e-01
3.732781433509164137e-01,9.265915807138576099e-01
7.102392641612182977e-01,7.008901564379907967e-01
4.993274478516012138e-01,8.666987934964935913e-01
3.566429520073444159e-01,9.322688868996505951e-01
6.730698949923865637e-01,7.360763302236333905e-01
5.657021450435411047e-01,8.233482699658596360e-01
6.053327771028029769e-01,7.936044300664897300e-01
7.695748355140847874e-01,6.394693762414331850e-01
5.866217253212221427e-01,8.080249301079022173e-01
4.405151250893412640e-01,8.982551697166807347e-01
4.956371141823275872e-01,8.688655404135361415e-01
4.189090665964592675e-01,9.082932813688107121e-01
5.801182080627755866e-01,8.128961974710213756e-01
5.866999860592427840e-01,8.079889733381159234e-01
5.895939557118088370e-01,8.057973219844553059e-01
4.447428138175474333e-01,8.962141326360407723e-01
5.711768659023606087e-01,8.194084253746742874e-01
5.244748991732204324e-01,8.512089634648047909e-01
6.913019884380009472e-01,7.191458192702908647e-01
3.928549420011347992e-01,9.191973438977250055e-01
3.458295427581185022e-01,9.357404644765560109e-01
4.916216375196016397e-01,8.711789391871916921e-01
4.778771546699718265e-01,8.789400866309096116e-01
6.145186268875313385e-01,7.862970549398902165e-01
5.512179592315381571e-01,8.334935425037638401e-01
5.553573561420364069e-01,8.306684229982125300e-01
4.882392937836637081e-01,8.731413800828068394e-01
5.387515716603326066e-01,8.419262461125337493e-01
4.930349600412498035e-01,8.703499816237939557e-01
5.217046782122098936e-01,8.529746140337292060e-01
5.583645263212028143e-01,8.285694270941145190e-01
3.822583228125109311e-01,9.232950588352430987e-01
4.102908457206737025e-01,9.120208790953412414e-01
6.450591091509905173e-01,7.609045626611805613e-01
3.543946840381706487e-01,9.330148049777760022e-01
5.014332607910199080e-01,8.654523130988454049e-01
7.380247476503287718e-01,6.729220662797182895e-01
6.164872782431213283e-01,7.847501034558614919e-01
5.809921464509391065e-01,8.122148310256679382e-01
4.719390253049619011e-01,8.822070460833816297e-01
5.400452519372337390e-01,8.410729984482390176e-01
5.395400517313275746e-01,8.414192127613401295e-01
7.087902681379283365e-01,7.023024235768589030e-01
4.956360415517517826e-01,8.688517388148612186e-01
6.698997836189610755e-01,7.389582679617869854e-01
5.596212324087622703e-01,8.276527784780161046e-01
3.870075287088305394e-01,9.214935162416354464e-01
6.863481244283639038e-01,7.238070113156965801e-01
3.897082708263154283e-01,9.204473417089995557e-01
4.792684299648579671e-01,8.781989789268540569e-01
5.891461414706684607e-01,8.061081635023044090e-01
6.242752584780565384e-01,7.783962169621495564e-01
3.940458016336297886e-01,9.187201362993474563e-01
3.894191881577300229e-01,9.205593189518052055e-01
5.458040695578307844e-01,8.371963356443029580e-01
5.995893624805135325e-01,7.981243468933574281e-01
4.915549149195856393e-01,8.712324324537872311e-01
4.662403433858047785e-01,8.852472115559963939e-01
6.742681302963895451e-01,7.349904928425862183e-01
6.982407102168599611e-01,7.125521405416038734e-01
4.850033036225628313e-01,8.749798221660725073e-01
4.071503619964453313e-01,9.133501671578224679e-01
3.727467748842130391e-01,9.267639921421624294e-01
4.406544229497048604e-01,8.982122183997929277e-01
3.989832151805185467e-01,9.167190584927694674e-01
5.210449015851511545e-01,8.534105679955454882e-01
6.289742163481579773e-01,7.744865033107719565e-01
3.612674896574782357e-01,9.307271679719216761e-01
3.802571152777731722e-01,9.240107451592612930e-01
6.760905403284325210e-01,7.333358095607471761e-01
5.245864705039532394e-01,8.511419467970400277e-01
6.696509537685155777e-01,7.391758704072997066e-01
5.869975201015106281e-01,8.077286788086706082e-01
6.108406893352043010e-01,7.892533674172875768e-01
4.045663350239970257e-01,9.144330541612740726e-01
3.579309665302769505e-01,9.318829315329062446e-01
4.243707075600911538e-01,9.058386220655334498e-01
3.641642800945495417e-01,9.297560969855046542e-01
4.764099871158214983e-01,8.797565401957884168e-01
4.437804121004321201e-01,8.966786358037440730e-01
4.553372230901800433e-01,8.909380414088480249e-01
7.003815260535333209e-01,7.104960209650262870e-01
6.278310050041943091e-01,7.754473815589633112e-01
6.545549775278466376e-01,7.526658669591516082e-01
4.096227258755879008e-01,9.122959824916554439e-01
4.030436171133082168e-01,9.150912085530094053e-01
4.578539857434735794e-01,8.896171229511325995e-01
7.697883476659979074e-01,6.392318507435847952e-01
5.832017329848011578e-01,8.105690637388395237e-01
3.665050325321013158e-01,9.289485638028995851e-01
5.562895765672781767e-01,8.299930126444162726e-01
4.772141974839755330e-01,8.793008248285510975e-01
3.477023463630954381e-01,9.351532334334272667e-01
4.170176669568468331e-01,9.091122713130909139e-01
4.448797567640805917e-01,8.961676584764031173e-01
7.354432534750168227e-01,6.755844225703729888e-01
5.823182081870417193e-01,8.112334920465338328e-01
4.968731152592689160e-01,8.681439016456978797e-01
5.042619451158649735e-01,8.637604879154481274e-01
6.836534663176465632e-01,7.263059366148025831e-01
6.852450461114254487e-01,7.248428023755774108e-01
6.052654210106092059e-01,7.936571412312312113e-01
4.969519322523932026e-01,8.681028221477280482e-01
5.593595828911149814e-01,8.278695931157785681e-01
7.188935714384865339e-01,6.923331679924414894e-01
5.339134739216543357e-01,8.451421155461306123e-01
6.531440914456116964e-01,7.538987450681627900e-01
3.914974798119598143e-01,9.197320699042991210e-01
6.623668733651348894e-01,7.457244950869830191e-01
3.951345458146217071e-01,9.183036434911516777e-01
5.073084078817923226e-01,8.618927884954967755e-01
6.263456772266293715e-01,7.766699051953070976e-01
3.523742091408509913e-01,9.336491915087977711e-01
5.254681735537427567e-01,8.505988136142226264e-01
3.701529478075737956e-01,9.276990740096715538e-01
4.194093315107111919e-01,9.080608927655411389e-01
4.736028359560267575e-01,8.812933982394909327e-01
6.570812085716003503e-01,7.504329145831646342e-01
7.413922650264890279e-01,6.694521366284204023e-01
4.000535819125556336e-01,9.162919413482940589e-01
5.159008438182461909e-01,8.566240713290863562e-01
6.080162283146288704e-01,7.914970091461115409e-01
4.844580865855836471e-01,8.752559949044486087e-01
6.912371858831559690e-01,7.192194840599549499e-01
4.983728611419373511e-01,8.672554477068037393e-01
3.326038402405188110e-01,9.396308316631172275e-01
6.153557754994412043e-01,7.856457411426953641e-01
7.688793334276182723e-01,6.402318606455434935e-01
4.932318659229513180e-01,8.702475043497793772e-01
3.535661271161414376e-01,9.333042318022618522e-01
6.853272620563846118e-01,7.247546055633637963e-01
3.579531378867693014e-01,9.318536578459438724e-01
5.471554888917758985e-01,8.362776413596271219e-01
3.632350007750497767e-01,9.300916127988396731e-01
6.073674160001136801e-01,7.920015629225897191e-01
5.641797016930651942e-01,8.244693141071522957e-01
5.384257294924352788e-01,8.421702072637625713e-01
5.819249918583622172e-01,8.115392252922796201e-01
4.695696194795331291e-01,8.834878661487524099e-01
5.397995762638241324e-01,8.412511579808257256e-01
3.363520987988290467e-01,9.385547427526165221e-01
5.750671581806283683e-01,8.165840385361873288e-01
6.197834423099861656e-01,7.820426477831955436e-01
6.570349288239436536e-01,7.504541498666906785e-01
7.083201858994537803e-01,7.027873497452256091e-01
5.410336903777260842e-01,8.404029932221495081e-01
4.128543049303623480e-01,9.109247110402020065e-01
3.303530243287137180e-01,9.402584256118237116e-01
4.628660510357778257e-01,8.870017016485959305e-01
5.545875213155566641e-01,8.311773330999162601e-01
7.482883297485363183e-01,6.622484128554125826e-01
3.795333760982666504e-01,9.243052265275826240e-01
5.617053693222188171e-01,8.261920559978682688e-01
4.003514793016831330e-01,9.161716668212614989e-01
7.516725189703604704e-01,6.586936318691731795e-01
4.094532148679285721e-01,9.123703332259837095e-01
4.875765635885189742e-01,8.734945719503269812e-01
7.727474910844213118e-01,6.360065756404941206e-01
5.425715663744157258e-01,8.393905672715182842e-01
4.993468197710005940e-01,8.666766427151014751e-01
6.676814991380826125e-01,7.409824142310694750e-01
4.160260022342577302e-01,9.095552866743604747e-01
7.510013238913360034e-01,6.593888730297585710e-01
6.070682446307329450e-01,7.922372760584405205e-01
4.657999412251641047e-01,8.854777912552894703e-01
5.292769161040303816e-01,8.481253103108868929e-01
3.983160483847131839e-01,9.170008071732499433e-01
4.456880590682990584e-01,8.957416381463130239e-01
4.430425836516125870e-01,8.970305635444113523e-01
5.158242409120858962e-01,8.566739257958451148e-01
4.014265101484627563e-01,9.157260656530129550e-01
6.641098745596129005e-01,7.441578113018143537e-01
4.471167384435813519e-01,8.950311235773398266e-01
4.047550192395427127e-01,9.143541735971427720e-01
3.727320352723671459e-01,9.267720296498819232e-01
7.651090885891608240e-01,6.443007678328404042e-01
6.443152678018827517e-01,7.615205332433069296e-01
4.847234674348826489e-01,8.751290882734311660e-01
3.934674712414411024e-01,9.189675834865570492e-01
7.652559683210176100e-01,6.441502988602489932e-01
5.556098524479636813e-01,8.304835525386463635e-01
4.444572367947359770e-01,8.963375293292632495e-01
5.656821932221106630e-01,8.233689287177636817e-01
3.692013244694654639e-01,9.280096534006011533e-01
5.598370285268658986e-01,8.275177307368771773e-01
7.423109027998888720e-01,6.685066151535665746e-01
6.322014154283428500e-01,7.718149656817595572e-01
5.957687402244689068e-01,8.010679789174658394e-01
4.899222936285047014e-01,8.721817787976174907e-01
3.449439375444395273e-01,9.360190837852728762e-01
3.634193972116892546e-01,9.300332158073104649e-01
6.206564433596309938e-01,7.813645002649592941e-01
7.215783860114437509e-01,6.896856300448749311e-01
5.565691379540624872e-01,8.297899142956705054e-01
6.104539463071035899e-01,7.895732468026311901e-01
7.510329228207843766e-01,6.593609683798585808e-01
3.521030368283809553e-01,9.337565829815684948e-01
6.284292672674252067e-01,7.749657889038296110e-01
5.471231664579787601e-01,8.363061346594196088e-01
5.680372243312254987e-01,8.216761068686072589e-01
6.048828607582231731e-01,7.939566225377994169e-01
5.418946653265779290e-01,8.398341256263206489e-01
5.450114267415877567e-01,8.377260085595829020e-01
5.384401794987435652e-01,8.421503727397201544e-01
7.039514107200237625e-01,7.070518315382369190e-01
7.238712108255289657e-01,6.873567732420106102e-01
6.814013941423062715e-01,7.284038499649163612e-01
6.359379469788590811e-01,7.686535588201894864e-01
5.706141913978886038e-01,8.198235984666328857e-01
4.480623493526664225e-01,8.945646138945874126e-01
6.693407034159730706e-01,7.394717535230832528e-01
6.240620798326474983e-01,7.785467140614882320e-01
7.456810025083386861e-01,6.649860946699949205e-01
4.925388665002777833e-01,8.706705014692501798e-01
5.137771912935684693e-01,8.579380411998913658e-01
7.142356916638032960e-01,6.969899281458084017e-01
3.678758390488888752e-01,9.284724314036916226e-01
6.195642521487583210e-01,7.822357640208434937e-01
5.931424344079697653e-01,8.030885500423439183e-01
4.610838999344605282e-01,8.879426529273558577e-01
3.503484556778007630e-01,9.343018371543981848e-01
7.230344044095398104e-01,6.882163047984517501e-01
6.392202905808921365e-01,7.659018201282422611e-01
5.789728020661939478e-01,8.137078018607606378e-01
6.669534067210428629e-01,7.416405583605307772e-01
5.097994161004704150e-01,8.603920193782556014e-01
7.211731906684506477e-01,6.900598905156666296e-01
3.665766612438985383e-01,9.289309071462105161e-01
7.375264067875938467e-01,6.734757787730036860e-01
7.289695056574132526e-01,6.822075376236331756e-01
5.547022008696780304e-01,8.310988018709575265e-01
7.707890190338615444e-01,6.381264066522662759e-01
5.681041322347086808e-01,8.216538711175457310e-01
3.837041167924870044e-01,9.227295759518544527e-01
4.188320561177831247e-01,9.083135476959913746e-01
6.176524183052093386e-01,7.837857533919964093e-01
6.687680216273712563e-01,7.399701784945320604e-01
4.525098576825059560e-01,8.923450734853448640e-01
4.613780954005245460e-01,8.877842938326180322e-01
5.997099562779081294e-01,7.980181845488382164e-01
3.845620171655332320e-01,9.223981671626534373e-01
5.836453780882328024e-01,8.102732504211076492e-01
3.958941471577782645e-01,9.179787756343580352e-01
5.362390171203539335e-01,8.435898149525002943e-01
6.372091231124143995e-01,7.676113995590075900e-01
3.308033385048699815e-01,9.401461348910216120e-01
4.785293886682728814e-01,8.785670327394015100e-01
6.633920667176973485e-01,7.448268454493613966e-01
6.735728022001252757e-01,7.356119542780509279e-01
7.085542076663335909e-01,7.025509584714056954e-01
5.195340227384515064e-01,8.543534597544936160e-01
6.889358886174321572e-01,7.213593136150299179e-01
3.877970974158436723e-01,9.211835558229383158e-01
3.756645766794670660e-01,9.257116066396292586e-01
5.258211860107582236e-01,8.503587374602631366e-01
6.011589980925913235e-01,7.969037716316283992e-01
7.289127807508957169e-01,6.822480447117830193e-01
5.709607429713181581e-01,8.195681062389353899e-01
3.399463008084858684e-01,9.375140160680708323e-01
6.329802794652699127e-01,7.711591581560057751e-01
3.834101037006942270e-01,9.228416402690552411e-01
6.752260225601902643e-01,7.340892513889551996e-01
4.528571885668697949e-01,8.921615284828645631e-01
4.659621722740033833e-01,8.854105141910960652e-01
5.407161302757800270e-01,8.406294581712830949e-01
5.363906854463966756e-01,8.434813319880353211e-01
6.126958889726323854e-01,7.877904858710605973e-01
5.311292276479364638e-01,8.469472449875087294e-01
7.612161881443963996e-01,6.485185985083511406e-01
3.642567675483270317e-01,9.297149358541294539e-01
7.090131908458443544e-01,7.021215069457181768e-01
6.842490761938699873e-01,7.257505166745000791e-01
3.861370789023979011e-01,9.218097170467625112e-01
7.623730702879378818e-01,6.472566701388152710e-01
3.715878380992334584e-01,9.271723154876064799e-01
7.298763221008581770e-01,6.812780647220795238e-01
3.681002354803433185e-01,9.284176414385637566e-01
6.246842488018135020e-01,7.780572563053681501e-01
3.734254120729011417e-01,9.265208210999610339e-01
4.644916708534978511e-01,8.861615513141484213e-01
7.189774608923025223e-01,6.922416084341436182e-01
3.620926962306195707e-01,9.304570099767739411e-01
7.577958544894590753e-01,6.521638625166168435e-01
6.224392253959059040e-01,7.798892364934163490e-01
6.211293312064188887e-01,7.809572854936780439e-01
6.078931797821598426e-01,7.915994117483030612e-01
3.575222181229442686e-01,9.320142695920807796e-01
3.503277008219570221e-01,9.343016652385062182e-01
7.620476660757128373e-01,6.476393240443358845e-01
6.254722895145192751e-01,7.773874796325852543e-01
5.063442968280404965e-01,8.624738250334156309e-01
6.127668898961158295e-01,7.877268320088001152e-01
5.810248577463972275e-01,8.121903161254366843e-01
7.360845654353381784e-01,6.749386550528023720e-01
5.866419770858105620e-01,8.080100081271647250e-01
3.905696275152089614e-01,9.200967012352252450e-01
3.260253354304079032e-01,9.414775302704153637e-01
5.090549929087069270e-01,8.608606662401880882e-01
4.581740451434346273e-01,8.894776734495358772e-01
6.621016462034552408e-01,7.459791231518017041e-01
6.633083067593273929e-01,7.448746283551364034e-01
7.743312200080192387e-01,6.342620742645166398e-01
6.405010534752655360e-01,7.648050064219906741e-01
4.958385687754500171e-01,8.687185300830847501e-01
5.046614725906004573e-01,8.634939535615084871e-01
6.733555198279155274e-01,7.357976674933343064e-01
5.221558192351433147e-01,8.527027167557863496e-01
5.089257815024370579e-01,8.609383996003189266e-01
7.019898812481499828e-01,7.089275150485619958e-01
3.516212795594750307e-01,9.339174616692077491e-01
3.758481302242768773e-01,9.256413450450647895e-01
7.754081263051237904e-01,6.330614302805238625e-01
7.257333969889592229e-01,6.854851681119382700e-01
6.288601183261621763e-01,7.746055048891571371e-01
3.559581872123292468e-01,9.325153471694903606e-01
5.744116607430207466e-01,8.170688976499792533e-01
5.228833689122454054e-01,8.522413478858200664e-01
3.445363142554721536e-01,9.361027709312101930e-01
3.759005999282653554e-01,9.256352870465244242e-01
4.159336185952803300e-01,9.095712109236797627e-01
5.576451938086575133e-01,8.290686870468828573e-01
6.511069507947473411e-01,7.556586510510824306e-01
3.606010593112603524e-01,9.309813729632354651e-01
5.865124823963272505e-01,8.081237908578849938e-01
3.362468771595348294e-01,9.386018533642767059e-01
3.630878321332813297e-01,9.301427769618112462e-01
7.688269461275236694e-01,6.402983404201901818e-01
5.751391199281327138e-01,8.165592882354744120e-01
7.196834532407139218e-01,6.915396205135122543e-01
6.670624388292097917e-01,7.415139605982463689e-01
7.124603698039879696e-01,6.987154972323780244e-01
6.195676712413169529e-01,7.822160475644847066e-01
4.672049552516338577e-01,8.847397454202539091e-01
6.036499445439676981e-01,7.949447401851714723e-01
6.232630718286894522e-01,7.792101070778119087e-01
6.943309779219746236e-01,7.162871955949641212e-01
3.366169834597462773e-01,9.384926489008507122e-01
3.822680715724429690e-01,9.232894530487814055e-01
5.520974397578919390e-01,8.329084670837955118e-01
6.762326833285905447e-01,7.331889299954791328e-01
7.522038458139322925e-01,6.581212484935050622e-01
4.585874613453639892e-01,8.892281848265061184e-01
5.996336780328559435e-01,7.980876368397371579e-01
3.543035833921832634e-01,9.330470532697792141e-01
5.334888572063744006e-01,8.454019394561789191e-01
3.276037536680827533e-01,9.410400881054605815e-01
7.265873162813839548e-01,6.846181777800106616e-01
3.302636357263488698e-01,9.402846458432624344e-01
6.736963360570749071e-01,7.354963316211068358e-01
6.996035516376155616e-01,7.112250398061576995e-01
7.484961907734588582e-01,6.620181389086455814e-01
7.421196168547928851e-01,6.686922454245027847e-01
6.897053439317717416e-01,7.206545649340293513e-01
5.047689848951938396e-01,8.634336939369138264e-01
7.653493563292633750e-01,6.440436739719593850e-01
6.622828770783821817e-01,7.457996044068605501e-01
6.437634169187493871e-01,7.620070815532036246e-01
4.092601428971466282e-01,9.124796978601844577e-01
4.052130073975984681e-01,9.141750121893051917e-01
7.416240295699750851e-01,6.692080496661128031e-01
3.277145198167188966e-01,9.409906947752058048e-01
6.416632443390986040e-01,7.637921989884978169e-01
6.545191408970600921e-01,7.526995589556924049e-01
7.442455127315399377e-01,6.665031790322454297e-01
4.875131818859389510e-01,8.735304634434518656e-01
3.909366481292739226e-01,9.199401443632494457e-01
4.741908274819290892e-01,8.809582927539674202e-01
3.627963054683666089e-01,9.302424298558740201e-01
4.584264819649632727e-01,8.893360873746359863e-01
7.660387967864717984e-01,6.433091196401897749e-01
5.442416770986734376e-01,8.382557000718183771e-01
6.342682317883228116e-01,7.700787313105179610e-01
4.161119289909876451e-01,9.094996851717728203e-01
5.049712209724033229e-01,8.633119599843492864e-01
3.848373394557000893e-01,9.222933807793870509e-01
6.063192794079416137e-01,7.928584503624046542e-01
3.997626433233520959e-01,9.164260992168198339e-01
3.355681941490189502e-01,9.388081909301047023e-01
4.271458966444809935e-01,9.045577657334501476e-01
3.719421158810766737e-01,9.270642466111050917e-01
4.582864113982220711e-01,8.894205918337603212e-01
3.786032667117312234e-01,9.246374473884040324e-01
4.998824494334801471e-01,8.663414697831621769e-01
7.707641206455382310e-01,6.381472902908590372e-01
5.791165278702249397e-01,8.136320055238344118e-01
5.288988776405988412e-01,8.483778075692629539e-01
3.771597760923683929e-01,9.251719779804838950e-01
5.575127034336868626e-01,8.291623135742903772e-01
6.862181804331184409e-01,7.239341971668330489e-01
6.950616204369736151e-01,7.155656781145084411e-01
5.437605836436230078e-01,8.385743458991715693e-01
5.089794472340887221e-01,8.608752528091665468e-01
4.910442701408705424e-01,8.715018381019915550e-01
7.086880473772902977e-01,7.024315689099905891e-01
4.017007467731196768e-01,9.156341939101416694e-01
5.914310184223245948e-01,8.044060286102788782e-01
4.463028772799302879e-01,8.954567617418365266e-01
6.040233453507906081e-01,7.946628392452971257e-01
3.480973443762397923e-01,9.350149203501139095e-01
4.206429882224844152e-01,9.074962504498081950e-01
4.721246214040897282e-01,8.820971338100773718e-01
6.754943086804605645e-01,7.338710474124697791e-01
3.423931808007759647e-01,9.367830102816907534e-01
3.879774594084242079e-01,9.211118890670331183e-01
5.151434084647820155e-01,8.570906864546117276e-01
7.507148824195430947e-01,6.596819892771490501e-01
5.498905175503876475e-01,8.344108920522190775e-01
4.540269858662886460e-01,8.915948571972303061e-01
4.381499974808021891e-01,8.994196150361140063e-01
3.904724750393209209e-01,9.201515889894451572e-01
5.283252685087381773e-01,8.487598972539311948e-01
6.540967527311279950e-01,7.530413538316320654e-01
5.034621004609903805e-01,8.642352072987681266e-01
7.011086751591242283e-01,7.097776778503620543e-01
6.984614894573980548e-01,7.123156032791386760e-01
3.774462288910121477e-01,9.250689467713995029e-01
5.865628373815432450e-01,8.080526357591985009e-01
3.314555776509858775e-01,9.399471119241679107e-01
6.570479654910279521e-01,7.504723118773483082e-01
7.487891458423265867e-01,6.617081993453095556e-01
6.813077979606427803e-01,7.284952650164272514e-01
3.804169019977093891e-01,9.239661831034410300e-01
6.241246955971879729e-01,7.784988275940049052e-01
5.068683441830524883e-01,8.621670429346065534e-01
4.398739781847980090e-01,8.985736081501679573e-01
5.537467628848753431e-01,8.317779874725679257e-01
6.937879791244645489e-01,7.167667719565450346e-01
6.268344139233702483e-01,7.762765526638910618e-01
4.101805364679967925e-01,9.120659487963455048e-01
6.557686112948333257e-01,7.515741720802749937e-01
3.441057558916908454e-01,9.362522072999390765e-01
3.266399454119701673e-01,9.412871788013018604e-01
3.745081381456186742e-01,9.261386139771951020e-01
6.523484682623278408e-01,7.545983787385250885e-01
6.139317848663778943e-01,7.867697646098050779e-01
6.517964413068531027e-01,7.550444852105921978e-01
6.129139188614638467e-01,7.876038025821533450e-01
4.566847017950234067e-01,8.902133893719108571e-01
7.678752364711096678e-01,6.413191651657031978e-01
6.938846764144535051e-01,7.166879578781888416e-01
3.367784660531189522e-01,9.384374545253737487e-01
4.601632247926205066e-01,8.884171091474831750e-01
7.072874359602348004e-01,7.037807313603984261e-01
6.343879132707104240e-01,7.699671600741267996e-01
6.603939093378768943e-01,7.474784998209036413e-01
4.688242104825173229e-01,8.838538860695078769e-01
4.171278147004945924e-01,9.090863695776852937e-01
4.951058996932320433e-01,8.691517576430375369e-01
4.878848087819939172e-01,8.733161836521348143e-01
5.076305369290627922e-01,8.617249398906341451e-01
5.312448734472985379e-01,8.468858104473351300e-01
5.887374516650858425e-01,8.064160748192356065e-01
5.137448669093984677e-01,8.579667967637027992e-01
4.202475036976126566e-01,9.076657959744001136e-01
6.517068362390781022e-01,7.551435307464828828e-01
6.755633117471930849e-01,7.337840043232878307e-01
6.096627613613252450e-01,7.901981612192118254e-01
4.760775406045950620e-01,8.799262769951482488e-01
4.175661724695337584e-01,9.088911831113613005e-01
5.699650460072316349e-01,8.203097969488287733e-01
7.210255051953147198e-01,6.902172118023609526e-01
6.842228473790586962e-01,7.257933754135951210e-01
6.561104447139943785e-01,7.512788286831978413e-01
5.830417379989731863e-01,8.107251401172792526e-01
4.405415849830558450e-01,8.982426740386427744e-01
6.902412234823521731e-01,7.201637411813951450e-01
5.097954074602280006e-01,8.603786424887902573e-01
5.027704055879193001e-01,8.646351677839883010e-01
7.442372050981225229e-01,6.665154262845309763e-01
5.445793337440656412e-01,8.380347534301975099e-01
7.796996300421963344e-01,6.283181928924749249e-01
3.463739060466849429e-01,9.355633541000296649e-01
4.931110832204623762e-01,8.703447824551292511e-01
7.080187956000756344e-01,7.030815631378469766e-01
5.736905701840703253e-01,8.176061113266883673e-01
7.500161858774851975e-01,6.604324705734588852e-01
5.123601761179457093e-01,8.588163908954037362e-01
3.415881022823767377e-01,9.370356969589059837e-01
3.982106910967914137e-01,9.170459866135093341e-01
5.713436715623044782e-01,8.192875217161181833e-01
4.542979919153625756e-01,8.914261065314676991e-01
3.519779829732173626e-01,9.337934528553110125e-01
7.766821120353382124e-01,6.316685343466785785e-01
4.345985921216014569e-01,9.011172014625027371e-01
6.437107771064118911e-01,7.620628825768313019e-01
3.578686573182511266e-01,9.318943497254924546e-01
7.407526173113749834e-01,6.701021389088114288e-01
7.408288038618568994e-01,6.700409538338197857e-01
3.264134613556097242e-01,9.413425876508388912e-01
4.901388250794795343e-01,8.720625605259435531e-01
4.644928173889653622e-01,8.861570761963928344e-01
6.592782819931555238e-01,7.484620257938232601e-01
6.906682040726477290e-01,7.197347396042514944e-01
3.985477393668809265e-01,9.169139865869226913e-01
5.986866333449318844e-01,7.988152437669540085e-01
7.586480519970912884e-01,6.512831029893636492e-01
4.867220498033320020e-01,8.739942825491178180e-01
5.189974566827687541e-01,8.546806429343448697e-01
6.355179672297471827e-01,7.690245919559463017e-01
7.753820714333823361e-01,6.331007115808900965e-01
5.725325712664011135e-01,8.184532641306448975e-01
3.546335158681386823e-01,9.329425920894112156e-01
3.557221818340636776e-01,9.325723840404435139e-01
4.363545145818360504e-01,9.002484392163905280e-01
4.293904363866127283e-01,9.035170496249036454e-01
7.474962053923466243e-01,6.630700465263811294e-01
5.034510301571377688e-01,8.642175044647694149e-01
3.650476577231113740e-01,9.294730746798547383e-01
4.435320169374664667e-01,8.968065933924689315e-01
7.637430279373769171e-01,6.457854406463512387e-01
5.919071747866085920e-01,8.040353374366706607e-01
5.783952614566948425e-01,8.141653254958954866e-01
3.955142399694629995e-01,9.181213735229277750e-01
5.440556536106696539e-01,8.384070966477127351e-01
6.156437046176512773e-01,7.854300559954349170e-01
5.070345643218336917e-01,8.620877468377615704e-01
5.666437778881463494e-01,8.226899177721593848e-01
4.037456248370457912e-01,9.147823434746896742e-01
4.724003364844793218e-01,8.819584272153012661e-01
6.583261626153059654e-01,7.493215865935500819e-01
5.020567471322872066e-01,8.650516392329185011e-01
5.896445926245725833e-01,8.057445499434252589e-01
6.428956417321296524e-01,7.627535506764692164e-01
4.700705964507916335e-01,8.831909490021236930e-01
4.265017745528101312e-01,9.048834912305281364e-01
7.656534141593354104e-01,6.437484993395296007e-01
4.523254586118676812e-01,8.924299707524826486e-01
6.104012121432100813e-01,7.896222655155779035e-01
7.351416912701103090e-01,6.758893143364160805e-01
6.851653223629168288e-01,7.249066993922438362e-01
6.887618670251354214e-01,7.215529750126562503e-01
4.955604869764755338e-01,8.688967162951958256e-01
4.561534599074910656e-01,8.905002756043722822e-01
6.628067224769949028e-01,7.453552339738581667e-01
4.965362353657908345e-01,8.683306209620020866e-01
7.343061318221769662e-01,6.767810063444279489e-01
6.432634354345012628e-01,7.624280407229357959e-01
6.964425870543701214e-01,7.142443819327861654e-01
4.226740502184173076e-01,9.065945115399839382e-01
5.840955767957216604e-01,8.099294472908735720e-01
4.811649023837468175e-01,8.771256082050874481e-01
4.909882603876246643e-01,8.715674130749389015e-01
6.516404009631295846e-01,7.551977778519544104e-01
3.387596609720147645e-01,9.378512108216864318e-01
6.237384187813012071e-01,7.788068064465704099e-01
6.020390680777829573e-01,7.962203824070487324e-01
5.292256012318392600e-01,8.481757697397086515e-01
7.248680505517899331e-01,6.863445406458946740e-01
5.086236583308449966e-01,8.610968056404247895e-01
7.364717917274761216e-01,6.745595016137021505e-01
7.763134089859397013e-01,6.320747078847805955e-01
5.645576415923910796e-01,8.241646910263501491e-01
4.797563689332675629e-01,8.779189383244687672e-01
5.303047132504233874e-01,8.474658267672612322e-01
4.577751953359501247e-01,8.896578240750940836e-01
4.148192352787846704e-01,9.100636097562205817e-01
4.266613862794303436e-01,9.048006449881370594e-01
5.043325018207096555e-01,8.637100500925470881e-01
7.469416923725338275e-01,6.636648212666507174e-01
7.077567998668876648e-01,7.033277230898422605e-01
3.270136687194199476e-01,9.412097406450630199e-01
6.715158581213851452e-01,7.374801626295446333e-01
7.747087539091142006e-01,6.338281039418717233e-01
5.679986133275702898e-01,8.217056710640314732e-01
3.383085753712600785e-01,9.380008897914045018e-01
3.335391397382514445e-01,9.393650434641208635e-01
7.190962026501974691e-01,6.921313369637692725e-01
3.490150917301227951e-01,9.347141764788021723e-01
3.708495649857599386e-01,9.274331477587269834e-01
5.873989838533242303e-01,8.074399632109359182e-01
4.836005517350180360e-01,8.757667078073766431e-01
7.468961499917591285e-01,6.637252770264572277e-01
7.327669526566842340e-01,6.783298361801184395e-01
6.302130063706974372e-01,7.734751135450327331e-01
6.540590216366971577e-01,7.530889583636989348e-01
7.319306738197497442e-01,6.792053202445444970e-01
7.635937435910807869e-01,6.459679592499909528e-01
4.397772308749129389e-01,8.986265364760571694e-01
7.290846634250683911e-01,6.820803684060140482e-01
5.102841045207286985e-01,8.601072449986381097e-01
7.624733848713327600e-01,6.471578333815127815e-01
3.472995077331131331e-01,9.352789033186453826e-01
4.912627401224767820e-01,8.714043691687221038e-01
4.080293117874292941e-01,9.129903937763060862e-01
5.798849222832604955e-01,8.130432886182407115e-01
6.198279626402862785e-01,7.820126462983256754e-01
6.929750908112755070e-01,7.175565048913781219e-01
7.253581360676322198e-01,6.858552767831764818e-01
5.298491791169818166e-01,8.477733226969395020e-01
7.676562748529143221e-01,6.415702653165855640e-01
3.480591260478662630e-01,9.350294250071476965e-01
4.610947528679091856e-01,8.879331462359528748e-01
7.243476626676136343e-01,6.868898435711591199e-01
3.905193518575818534e-01,9.201182063443598125e-01
5.651608004208876768e-01,8.237369633712732231e-01
4.265681740597133675e-01,9.048455311911033361e-01
6.948419399890153336e-01,7.157709359611538202e-01
3.729223887820580230e-01,9.266941352471419480e-01
6.754874464548017432e-01,7.338485597107836655e-01
3.526846202452274537e-01,9.335676838974387159e-01
7.679930311016274214e-01,6.412011458182297341e-01
4.056827027617814774e-01,9.139956174228572872e-01
7.321525711080947296e-01,6.789907042583884778e-01
3.264770639458811630e-01,9.413482641281176733e-01
3.828405320013384960e-01,9.230367075445353731e-01
6.492300462399793748e-01,7.572895631280969209e-01
3.373784654482298584e-01,9.382530624476028702e-01
4.867483742981743022e-01,8.739875970747541523e-01
6.673462453247495096e-01,7.412550146292007369e-01
5.129412462265523498e-01,8.584791708658153775e-01
5.423193521928821870e-01,8.395519036741398988e-01
6.557144226050473090e-01,7.516082568067733449e-01
6.571308974407846781e-01,7.503793106878484664e-01
5.767481793341591167e-01,8.153492593709040781e-01
4.337377678875313780e-01,9.014975909662252818e-01
7.166512660570831805e-01,6.945866445543783518e-01
3.297321423495844228e-01,9.404591601356844244e-01
7.635509696347426711e-01,6.460142585832385764e-01
4.543017513031697430e-01,8.914313598470223754e-01
4.672755385644825621e-01,8.847098433208756552e-01
6.604171354602925703e-01,7.474729226460127274e-01
6.096491627544307068e-01,7.902305543383492115e-01
7.094178136732732787e-01,7.016900320113305112e-01
4.425108265412564523e-01,8.973201395199653652e-01
4.486798755828418916e-01,8.942620181219586017e-01
5.181086277411494079e-01,8.552366293120758911e-01
5.890322610111125012e-01,8.062055700325393426e-01
6.276855230621124493e-01,7.755513341776513192e-01
7.432180978185300990e-01,6.675766368027669095e-01
6.534722267956309949e-01,7.536185349243397225e-01
7.608104743096210099e-01,6.489290884845123619e-01
4.120982330806138849e-01,9.112336043388937767e-01
4.027050854920948830e-01,9.152275773880625964e-01
3.468926591587730979e-01,9.353782932115545234e-01
7.703618985615618975e-01,6.386086221901824400e-01
5.861737615077229346e-01,8.083847580166907409e-01
5.821757953732872304e-01,8.113358111420617691e-01
6.875954364410595820e-01,7.226422351509920183e-01
7.141507963348082688e-01,6.970616511543302751e-01
5.981533849064113451e-01,7.992459686146063946e-01
3.611537894568753737e-01,9.307854150126783077e-01
4.281726217780305044e-01,9.040851416933255447e-01
4.355232771645464740e-01,9.006687874996794907e-01
3.644595311250604097e-01,9.296772687372649724e-01
4.742507703683706000e-01,8.809562177478971190e-01
6.852829888851008633e-01,7.247987198547021226e-01
3.569444609617107300e-01,9.321866244320986539e-01
7.168818617082759470e-01,6.943320453856643981e-01
7.341333364173073806e-01,6.769436156244760250e-01
3.610211438993807809e-01,9.308331621145774504e-01
7.407365895577754378e-01,6.701442795156220544e-01
6.961069036797670195e-01,7.145975397540456076e-01
7.223683443846558028e-01,6.888643721979390566e-01
5.480690295166028569e-01,8.356683193685019440e-01
6.509834774487004427e-01,7.557542579738227850e-01
6.840747026920448448e-01,7.259129622948474747e-01
5.443752002001116530e-01,8.381744318440969010e-01
6.102376464929666344e-01,7.897386040942612206e-01
5.673243529346374547e-01,8.221914614475084315e-01
4.299936071914526869e-01,9.032531384895515769e-01
4.665291369089406559e-01,8.850705791750157481e-01
5.688510792762155877e-01,8.211095256579764579e-01
4.235024597104406485e-01,9.062185324617093585e-01
6.627602068946006897e-01,7.453932413263482104e-01
3.865976329089668706e-01,9.216237477055422289e-01
4.404288730549226205e-01,8.983104864212225760e-01
6.940695116859332270e-01,7.165124296571063756e-01
6.020906684810090059e-01,7.961805001471158327e-01
7.774477698073953835e-01,6.308140722013512169e-01
4.577816824335714241e-01,8.896429745010301371e-01
3.530290509330557547e-01,9.334546734871754792e-01
3.809620713940383707e-01,9.237777798452670996e-01
6.705372136597838040e-01,7.383791486210492527e-01
7.176836428443986726e-01,6.935701432741557815e-01
5.452397152347057130e-01,8.375695103720732781e-01
6.472542284040239124e-01,7.590100572359255171e-01
4.654040376769245646e-01,8.856801431886578424e-01
4.161552841267922576e-01,9.094900034112720633e-01
5.739976444636974984e-01,8.173606112639233423e-01
3.949106286273142974e-01,9.183902372803909309e-01
7.468330812590433521e-01,6.637729112520577290e-01
3.648142911041876157e-01,9.295537174334611574e-01
4.803162720635634209e-01,8.775831473500834701e-01
7.418140613953931872e-01,6.690038745007717003e-01
4.130136883934615866e-01,9.108453096321306175e-01
3.711771203754109516e-01,9.273287602777665617e-01
4.725058062244233414e-01,8.818717919202074818e-01
4.560333239188334442e-01,8.905413973517957160e-01
5.387581266837526695e-01,8.419115308138789278e-01
4.147378389532440091e-01,9.100971247250598806e-01
4.875363139637350351e-01,8.735126306004442620e-01
3.407903302105937393e-01,9.372398714020206967e-01
6.175674959029331390e-01,7.838777893604483848e-01
6.107125493447855824e-01,7.893794798610689334e-01
4.402486011437013458e-01,8.984195980553549843e-01
4.055785960785543987e-01,9.140024713015829638e-01
3.577465363943480026e-01,9.319244935015497111e-01
5.617947635215853053e-01,8.261406828500031940e-01
7.016580968722967437e-01,7.092555338382303676e-01
5.149541854962269571e-01,8.572108745192037471e-01
4.715896576908665816e-01,8.823614318114126887e-01
4.027127310278600381e-01,9.152063964417395114e-01
6.814449678293760249e-01,7.283574059415214297e-01
6.699150640778426258e-01,7.389339406163786261e-01
4.424780112474540061e-01,8.973179063748019102e-01
6.536464528917093064e-01,7.534576344363703715e-01
4.035137444731258238e-01,9.148856135086477215e-01
3.904265903397936555e-01,9.201536675222292683e-01
6.896244817758203638e-01,7.207213184129059869e-01
7.778270642425838544e-01,6.304129502984178179e-01
7.419889756223126964e-01,6.688456574997988513e-01
6.062883510593408687e-01,7.928673033562210204e-01
4.953662618412158491e-01,8.690342487311412123e-01
6.377879354379420995e-01,7.671050188486663313e-01
6.772919352281085992e-01,7.321936487065228150e-01
7.669262210617326936e-01,6.423680410476861891e-01
3.663424262291412603e-01,9.290370404529149084e-01
5.708220868387507974e-01,8.196894231868756542e-01
6.119205691167343142e-01,7.884063144974007287e-01
7.202487285389935767e-01,6.909827201974519939e-01
5.875360046784808832e-01,8.073300804108984874e-01
7.041501316338423244e-01,7.068529273851035244e-01
4.314363395671230172e-01,9.025960903678155178e-01
7.468534399272559465e-01,6.637603199239854312e-01
4.459245151485283776e-01,8.956570479543115582e-01
6.845826577275485603e-01,7.254731162512187970e-01
4.430541229522590441e-01,8.970606863235321971e-01
7.757737856493558404e-01,6.326551675903855365e-01
3.396649476142394319e-01,9.375984057295905227e-01
7.693404094283778916e-01,6.397230424007790406e-01
7.489040449946831046e-01,6.615935443912633884e-01
6.607865690887337884e-01,7.471206010150835963e-01
6.977031897219093670e-01,7.130316785901417154e-01
6.841915362707174930e-01,7.258328396429364338e-01
3.371295901544530960e-01,9.383224766060375144e-01
4.678942280663360709e-01,8.843674653566356847e-01
3.462678425794145087e-01,9.356090630487088333e-01
6.380757803396136518e-01,7.668431453574591217e-01
4.934715032675803803e-01,8.701019241091997314e-01
3.288520132117734862e-01,9.406942683559291751e-01
6.448604383864549039e-01,7.610576215808568801e-01
4.149248949460640490e-01,9.100323095864139011e-01
7.535451797732912738e-01,6.567183861882087692e-01
3.500652950282113207e-01,9.344060378221189511e-01
7.711861962703685514e-01,6.377156567564198353e-01
6.659806790574946955e-01,7.424971183890815007e-01
4.877157033792515195e-01,8.734249172968953090e-01
7.096340952275728142e-01,7.014953758585217303e-01
5.952711226338915917e-01,8.014675640603837747e-01
4.947879985243589518e-01,8.693314746085673006e-01
6.086242202639655652e-01,7.910223256515931389e-01
4.091119192774455016e-01,9.125444658518289121e-01
7.042816240708907882e-01,7.067158184229918039e-01
5.344203947148769007e-01,8.448000161935889096e-01
3.512491415738012157e-01,9.340322906842728479e-01
4.272955875665611636e-01,9.045076068153456994e-01
5.781965741645622714e-01,8.143128241249478760e-01
7.142912198027425719e-01,6.968975883009449479e-01
5.953454141486418383e-01,8.013733741488973106e-01
4.694489200470841617e-01,8.835482267962718739e-01
7.045457882318651999e-01,7.064734462145050298e-01
5.418734478830254941e-01,8.398466837930098627e-01
4.531364457747529828e-01,8.920286181197921715e-01
4.470820245892763167e-01,8.950503634497842809e-01
4.705167155849274696e-01,8.829475874541773406e-01
6.955156892542087022e-01,7.151583114010463538e-01
7.092323455946050181e-01,7.018935877435981130e-01
6.230017048346556674e-01,7.794352778852764452e-01
3.476664692202723339e-01,9.351448380642646274e-01
3.723343508663843338e-01,9.269232622044347725e-01
3.448458124152691262e-01,9.360411830126368349e-01
4.894720390738762084e-01,8.724044259409078350e-01
4.917107386335645147e-01,8.711294407423542108e-01
6.200742781794957859e-01,7.818372118774729040e-01
6.423517230443123172e-01,7.632219160888200626e-01
5.635333282405743383e-01,8.248978314310003723e-01
6.014796023752645437e-01,7.966325475675993806e-01
4.383578884162528388e-01,8.993073068328574227e-01
7.122510648233209007e-01,6.989218289011879248e-01
4.033673752456910511e-01,9.149502896664722940e-01
4.858487309077303973e-01,8.745057712995675248e-01
3.659573261320711590e-01,9.291640904552461722e-01
3.996131713780904926e-01,9.164837289964871125e-01
5.639574435523623253e-01,8.246030083885196316e-01
6.393332441721131243e-01,7.657830679419298514e-01
5.869672266389334148e-01,8.077756085737484160e-01
7.077304886652022731e-01,7.033578329383181060e-01
