4.934008385727869372e-01,8.690773331878114405e-01
6.579432019650998109e-01,7.545140457229836395e-01
3.295972105380093886e-01,9.429452332172781892e-01
4.996094393211649720e-01,8.681603157260434633e-01
2.675158093279933480e-01,9.651374198800943827e-01
4.570740447996085587e-01,8.929329349884872480e-01
2.091203711466375070e-01,9.759552345854558553e-01
4.466074867702080065e-01,8.992294590189175985e-01
3.360830595676755905e-01,9.376332776392112267e-01
5.273189556283385260e-01,8.430551901788233549e-01
3.945665681496420829e-01,9.239478912367438124e-01
7.901222973254172777e-01,6.240576227818163124e-01
3.677353987158863413e-01,9.234062820964374918e-01
4.161072564164745025e-01,9.017627620115297171e-01
5.436065402381496936e-01,8.288938364673220649e-01
4.357204693186524924e-01,9.083012153085152640e-01
3.901481217012575664e-01,9.281732928512891334e-01
7.990624823174758973e-01,6.175716259755523740e-01
2.390417533872136735e-01,9.757308423880949322e-01
1.383390666896769927e-01,9.872750971130096476e-01
2.625491594292788111e-01,9.704146426002563386e-01
6.540799210349664827e-01,7.399845494064657414e-01
5.916830177663224832e-01,7.905366997573142207e-01
8.145321248880589282e-01,6.012159914214751932e-01
5.920759506591243282e-01,8.215527243159559401e-01
6.456585042597922097e-01,7.811674961891511559e-01
6.699573734901205224e-01,7.608188506658188910e-01
2.076738521117584835e-01,9.719496639691892481e-01
8.005915876960196798e-01,6.219833882206233788e-01
5.839130107910560641e-01,7.932604583737201676e-01
2.859455054559204568e-01,9.668816534191120304e-01
8.127882878503668307e-01,6.115156231750185079e-01
5.969400245753082590e-01,7.789773020005235082e-01
7.914369335035010833e-01,5.727881926650765232e-01
7.161389071529072892e-01,6.695943910229549267e-01
2.785088408198272969e-01,9.706177735208043611e-01
4.953210838275299288e-01,8.477555433507542038e-01
8.272425477857437981e-01,5.937185221340117725e-01
5.192973334069440616e-01,8.307469308539731090e-01
7.004914784618353485e-01,6.814451845723651369e-01
7.829382749521787144e-01,6.567278879574982575e-01
7.732939822967039856e-01,5.946407075617786697e-01
8.306479344935099318e-01,5.822107041057605903e-01
6.125878271701062916e-01,7.593738182965961148e-01
7.348561922544639691e-01,6.396449740771157355e-01
4.958406716762508992e-03,9.983583688129358258e-01
8.062801497096229175e-01,6.391264699222567458e-01
8.382756763438472536e-01,5.860810590856390112e-01
8.376229861700185131e-01,5.518112446443246277e-01
3.951478320962723556e-01,8.923015021920051026e-01
4.446764856119482801e-01,8.652725743067936071e-01
8.087675678428850601e-01,6.392451572932675852e-01
4.236124460553056803e-01,9.313661166540522229e-01
1.366896546543111546e-01,9.788385665331904573e-01
7.496117985667954953e-01,7.132568978151689887e-01
3.171539204779866283e-01,9.234591937936997841e-01
6.169818532931135024e-01,7.407679041750228066e-01
5.962959191848452578e-01,8.437869189867525099e-01
7.695773949420203763e-01,5.671905023686751868e-01
5.242830161223712704e-01,8.107840342041848780e-01
7.330002101326479336e-01,7.347295212992008828e-01
7.630941340612377166e-01,5.687640704177160389e-01
2.725537591205260401e-01,9.363393457120231522e-01
8.498878056192240571e-01,5.906425891895218383e-01
8.500437440350212537e-01,5.921614694190161510e-01
6.803443122084277261e-01,6.723174437958474581e-01
7.487750334215624859e-01,7.268052900817238982e-01
3.193659259083256874e-01,9.724356298420285816e-01
7.653094497250091388e-01,5.529263389827832054e-01
2.709580399484600166e-01,9.334531912825885236e-01
3.256285295181501338e-01,9.111230704880048936e-01
8.513540158576439199e-01,5.142928741504703138e-01
4.345946838693656167e-01,8.546038150716326331e-01
2.810140776219136605e-01,9.825294730537252885e-01
6.469420516691145595e-01,8.220420365236670301e-01
7.499605657248936685e-01,7.326339026013555245e-01
6.688230141569107001e-01,8.068049160499146666e-01
4.344158308151765402e-01,9.401626251550787572e-01
8.622638873268629878e-01,5.242669062765926702e-01
7.977484693203552579e-01,6.812450723854248658e-01
7.536027202194142127e-01,5.577927512026609191e-01
8.638087674407300964e-01,5.713584414227964592e-01
8.635395551968149119e-01,5.798929655813670481e-01
3.302762281399441724e-01,9.737586489294948189e-01
6.134830360901055712e-01,8.510777825123565510e-01
7.524065610930699144e-01,5.537141744387770181e-01
5.871579629487512220e-01,7.414062356822079813e-01
5.769653733757658109e-01,7.481850590189813577e-01
7.405228345564532910e-01,5.699947876941880986e-01
2.856399380386002163e-01,9.841603097430979830e-01
5.824224151312986653e-01,7.430402691427807627e-01
3.543218450187126667e-01,8.896593877971756825e-01
7.782757474071937409e-01,7.110318665246811998e-01
3.369636119427923404e-01,8.973634010053327392e-01
4.417639252767040503e-01,8.407868481040251529e-01
4.906708990010091309e-01,9.218046860602199244e-01
8.185320967207174725e-01,4.871037005555346466e-01
8.699072180177914726e-01,5.123275939107303500e-01
5.716107283315980947e-01,8.811049919447787593e-01
5.892745353442249145e-01,7.334945633343672444e-01
1.876430980113802383e-01,9.531230450161704004e-01
8.748305669894441694e-01,5.396376822766787429e-01
8.469441002815201180e-01,6.282674528644280887e-01
7.723172010522837416e-01,5.163098994800288111e-01
8.703893168675050918e-01,5.822059448576754059e-01
4.103039313263929788e-01,9.545784379558502897e-01
4.031864928693456029e-01,9.569000089624669636e-01
4.890000951192541301e-02,9.855832499603527364e-01
2.973419735222952998e-01,9.107700327497577630e-01
6.400566681300093874e-01,8.417838053836379508e-01
6.233365153936304415e-01,8.541822546594186605e-01
6.150533669160880290e-01,7.046591952524671187e-01
6.692019152220618494e-01,6.518553712432090252e-01
8.482814101586052535e-01,6.338489630532652130e-01
8.796019849599834295e-01,5.582534258703572005e-01
7.085101612082610467e-01,6.076737744975720945e-01
7.328730637642720813e-01,5.555862250162788563e-01
7.738636131572910193e-01,5.014274538635008494e-01
6.200423282951480486e-01,6.935293720022454034e-01
1.652862758966089363e-01,9.547975407813336091e-01
3.019806565689561184e-01,9.034633937988435504e-01
6.534507153558560821e-01,8.390417660560320900e-01
8.218967500115943459e-01,4.646125684576216663e-01
3.762718398625340965e-01,8.656321861597570111e-01
8.412874914744236099e-01,4.587614022456099061e-01
3.235403057060748377e-01,8.919126402439614409e-01
4.035152602375520203e-01,8.492169143450710722e-01
7.316892286548236646e-01,5.441329142906615735e-01
3.027548445811856226e-01,8.999013566424532984e-01
5.451086893493160002e-01,9.078495483801082289e-01
8.758988212695512088e-01,4.658008275716934987e-01
8.150866687790004894e-01,6.936182685117814328e-01
7.440804138231802423e-01,7.711591904979291368e-01
3.948584363781240114e-01,8.498590405384471858e-01
8.444298805919868700e-01,6.557278787070868198e-01
8.804737213574106436e-01,6.019528839880761151e-01
6.154401966393173717e-01,6.856933516463693534e-01
8.402800507653037654e-01,6.670957521148641600e-01
7.485543952394831946e-01,5.052986659853910822e-01
6.748277917520751901e-01,8.351131359858751102e-01
8.969846044211376990e-01,5.261594135233850222e-01
5.371537202285818768e-01,9.182542085596957504e-01
2.957084979629848176e-01,8.959384066400183366e-01
8.939424975156096131e-02,9.689723707545914166e-01
6.662026783082979353e-01,6.286710490695294196e-01
8.995892772228130108e-01,5.060510729655607332e-01
2.127710929913525506e-01,9.298603459216191469e-01
3.378036720975365892e-01,8.731815300487448805e-01
7.510330887020443269e-01,7.744060145491998837e-01
7.996917470554177898e-01,4.514810714077563958e-01
3.269286046645009103e-01,8.777759291700011346e-01
5.484328351267546697e-01,9.162583717839872799e-01
8.895652688608027825e-01,4.383921260775073270e-01
7.331506179368402210e-01,7.962313940670474599e-01
5.786592427949950324e-01,9.038156667284448220e-01
8.983260188405950419e-01,5.751012116842623145e-01
8.514540007441201430e-01,4.205044900153600551e-01
7.922692691428440126e-01,7.393587182379224299e-01
8.132704451867246442e-01,7.173356645587792846e-01
3.069619763346502772e-01,8.817520486950143344e-01
8.474209774119865202e-01,6.735325625546639827e-01
8.895168093558316613e-01,4.241376339734899137e-01
5.115479964483354847e-01,7.529564942085880119e-01
8.800858370274188269e-01,6.260213560716636483e-01
5.287335929076866226e-01,7.389931354505461236e-01
5.005887686900670763e-01,9.426920710289200533e-01
7.007695564513862774e-01,5.435984795747096365e-01
5.994638048391147667e-01,6.764408798456088556e-01
9.128714860711942825e-01,4.859319658785623552e-01
9.129683575458155120e-01,4.555924669108797342e-01
7.707174022425823390e-01,7.726534738698143112e-01
6.425106023870020833e-01,6.274116623880671151e-01
4.673142217558768907e-01,9.578944606672070705e-01
6.172540878906229711e-01,6.515722358348803311e-01
9.173601375478073194e-01,4.994060501074879532e-01
2.003074534791000616e-01,9.213998438609017905e-01
9.127700893760696266e-01,5.495635795961855141e-01
7.783393381573636693e-01,4.388835279408808132e-01
6.574156479445568690e-01,6.092791840162331551e-01
2.780099741752194431e-01,8.869269780061325159e-01
5.255167417657506945e-01,9.379202703469470270e-01
2.400826669396529667e-01,9.990900324255230780e-01
9.100787538014275535e-01,5.697059200482181840e-01
5.567139325924815862e-01,9.247295716535522958e-01
6.183560890164023771e-01,6.460066162116490096e-01
8.954717996227312682e-01,3.930507950425841113e-01
6.608290529201684693e-01,5.971588743919247211e-01
5.645882188823885262e-01,6.912939699165860929e-01
5.965890161393998525e-01,9.083771330199209570e-01
5.238685471906211477e-01,9.419393956185109218e-01
6.502821588383900231e-01,6.080528347378171272e-01
8.919388414763996797e-01,3.861016481490131547e-01
6.701233131602198911e-01,5.645356625751216662e-01
5.708066360313278631e-01,9.224233483908823583e-01
3.028632537867769203e-01,8.681601501667735032e-01
3.015525478408532800e-01,9.955300744825604786e-01
7.490021091254670527e-01,4.519230533504394742e-01
8.442742881150251399e-01,3.860710777520364179e-01
5.406234382084389445e-01,9.369609181778850715e-01
4.807745967052065028e-01,7.540847490617502702e-01
6.820972413109372967e-01,8.601196643716949586e-01
7.018579568032845550e-01,5.021745852185498515e-01
7.025830562958287340e-01,4.993175169303714078e-01
9.082718265582444550e-01,3.848127878193596807e-01
7.267216169724707298e-01,4.649046994543291067e-01
6.893022143299221138e-01,8.594997691219885549e-01
6.464512076100907834e-01,8.883528132749856088e-01
5.534902623119083431e-01,9.357926816912950363e-01
5.528101942087604304e-01,6.869958817781229854e-01
4.673735005983176150e-01,7.557093809829572573e-01
3.606809503215508972e-01,8.271626640260466568e-01
6.559948679235323432e-01,5.654226360929155426e-01
8.896347474200367866e-01,6.463414608901294489e-01
1.994942792909645268e-01,9.087993555422324565e-01
9.273085662402599239e-01,3.987670088074082297e-01
9.244157495711590178e-01,5.597242169281611002e-01
8.880951993488295226e-01,6.503985211785777709e-01
6.916062384486437731e-01,8.616853415008687289e-01
6.579556191871025472e-01,5.519084593342518108e-01
9.360935888648584946e-01,4.945701098087389447e-01
9.095994280311472391e-01,3.577968372912830874e-01
9.150689359248707078e-01,3.605243918221917587e-01
3.631320969142511901e-01,9.912952080954751111e-01
4.631764053330545972e-01,7.498755193822301823e-01
8.294970364185667577e-01,7.414766750625612080e-01
3.026568221544004844e-01,9.980527608889463442e-01
6.135052902913662454e-02,9.533853420146267688e-01
9.243001528743737261e-01,3.612022774701065808e-01
8.717265823694644311e-01,6.877816701682499811e-01
7.235968331932293163e-01,4.444765446467489056e-01
6.004755107538016778e-01,6.282603626575459232e-01
7.416632228887045652e-01,4.248638027284716845e-01
7.990900806846248372e-01,7.815054053569968628e-01
6.726443590409287854e-01,8.843613522156285045e-01
9.731291200735403546e-02,9.393531842553517475e-01
1.752645677733564167e-01,9.094455285077560625e-01
8.334028337376869766e-01,7.441499301657958920e-01
8.572252568202699541e-01,3.429542867836835596e-01
8.298529402361555229e-01,3.524054468512156646e-01
6.603813226932065961e-01,5.114588244339733913e-01
6.714415740337027483e-01,8.884953966701391037e-01
9.301120146501662411e-01,5.874873481942280984e-01
8.025054228954582314e-01,3.660680445141250017e-01
9.406044043084919037e-01,3.623147281999196112e-01
3.871568181108517859e-01,7.905769903758732564e-01
9.126515014166469708e-01,3.286092449470546795e-01
3.938036448649380183e-01,7.856248878717063677e-01
9.413392451545332662e-01,5.322055932871109230e-01
6.800808251887163758e-01,4.759293519644205439e-01
6.966793542734933675e-01,8.753743411648244876e-01
3.920811030131305941e-01,7.843183560392563702e-01
3.370433149328045941e-01,8.180524507471318429e-01
6.760241197165044458e-01,4.758731838080970666e-01
7.701306426614213940e-01,8.196573624502946354e-01
8.170263996593947198e-01,3.490014013051957464e-01
5.305582256211988090e-01,6.757701706097095640e-01
4.700357558023583460e-01,7.253922123386291609e-01
6.454137449490163769e-01,9.082773033022996101e-01
9.481252812433593746e-01,3.646473365357831842e-01
7.707633688938558825e-01,8.203633236922861505e-01
8.809633667412923863e-01,3.170037386307438254e-01
3.151328860585762559e-01,8.277896678203233716e-01
2.649756889610316302e-01,8.557312574898637836e-01
9.517654643218949051e-01,4.881635698735118378e-01
9.421194211327599266e-01,5.589893559449575777e-01
6.383747432661894816e-01,9.157531958386413429e-01
7.106894389348933361e-01,8.733026123273471830e-01
9.116419570335404510e-01,6.483415876385701937e-01
8.607057159218876041e-01,7.290981210095514031e-01
9.421764724999034391e-01,3.198939618584879518e-01
8.618105039143032498e-01,3.124282519007950398e-01
9.406722091982426814e-01,3.165183029849187868e-01
4.727795946523168924e-01,7.131420504472282262e-01
2.191925191059719280e-01,8.749173668389175207e-01
8.205570499107340821e-01,3.333065196508624428e-01
4.632295872370243428e-01,7.200264266963818383e-01
6.377158646175304924e-01,5.107510481102746080e-01
9.080872120746461551e-01,6.588560593498333784e-01
9.447395106815443810e-01,3.164003497361538297e-01
7.000812649709639013e-01,8.838334248372556878e-01
7.023808527895497589e-01,8.832880179912467877e-01
5.941975051078627335e-01,5.974613210610333347e-01
9.284745927145159339e-01,6.240562995266775159e-01
8.255791946059823916e-01,7.790351287535536295e-01
6.104917801860711979e-01,9.349599283009779604e-01
5.309193956875208897e-01,9.649841364387714560e-01
8.193576990513762315e-01,3.242827686501468243e-01
6.180062905648729954e-01,5.280635642301982902e-01
5.230391592289518332e-01,6.613564679046691763e-01
3.397453665424420288e-01,7.982974657501267224e-01
8.692178597129029960e-01,2.943234630324128576e-01
9.620528295464185753e-01,3.416848621030106337e-01
4.613896432156121552e-01,7.105740745870772201e-01
5.144433963084198425e-01,6.633339120653637400e-01
8.014889631606247899e-01,3.267129259138760178e-01
2.503286390353907098e-01,8.479561187254971433e-01
7.382203842994151666e-01,3.741676652387272428e-01
9.663263442969123318e-01,3.508630696080836664e-01
2.604179156829206088e-01,8.416798194261027044e-01
9.298396666153558865e-01,2.759526296313143945e-01
8.446297047170262529e-01,2.979524135792201989e-01
6.304111587593363986e-01,4.898427656571124889e-01
8.861622198677518991e-01,7.118604409668092270e-01
5.079996205775917373e-01,9.753544979906355605e-01
7.853930686081496138e-01,8.294318626245429371e-01
9.340089295714690820e-01,2.716475144021242016e-01
8.353980171814752165e-01,7.792975990394030994e-01
4.573991135087958071e-01,7.060721137210523857e-01
6.167673774742106207e-01,5.071493728967044756e-01
3.408559016686930621e-01,7.893336482773087859e-01
8.576650629503920209e-01,2.864863251435830760e-01
2.450411695226423214e-01,8.454929360791255677e-01
3.608525757930519662e-01,7.739539291441528412e-01
9.666406947782477665e-01,3.106360625628152849e-01
9.629072891853699412e-01,2.936420027083440631e-01
9.717631428142398109e-01,3.556897487971902860e-01
9.601722572474203909e-01,5.313506269159631312e-01
9.607722486267810114e-01,5.302666734277911020e-01
5.915204706336318896e-01,5.414199324594151097e-01
8.622019983981293878e-01,2.771126363985436658e-01
4.865751186689813990e-01,6.745236224371732314e-01
8.453262874070138766e-01,2.849799348518138320e-01
7.697344551427247605e-01,8.500810402844214408e-01
7.277413003627912769e-01,3.656766629225889353e-01
6.297483867727613482e-01,4.701929739454140389e-01
6.012037493234535512e-01,9.494793280012663317e-01
7.687213631624070231e-01,3.319329726753829091e-01
5.863574229652860348e-01,5.434454761072095019e-01
8.050837381874472731e-01,8.199538428551992331e-01
5.983921811533606805e-01,5.182039659424205746e-01
3.232297334881677475e-01,7.922505799012535821e-01
9.500154800027822422e-01,2.564806405935249334e-01
9.223331048044230984e-01,6.631921470788344486e-01
9.275319987423892298e-01,6.533007680652986870e-01
4.379731885106219469e-01,7.084353576406740016e-01
5.890299982886709751e-01,5.299784317970569480e-01
6.051329452093255901e-01,4.969742174315884276e-01
9.338642929889088284e-01,2.436141878025076535e-01
9.658402309661850982e-01,2.662484083745781938e-01
6.215836321374622608e-01,9.444480874866939546e-01
2.759795568844581881e-01,8.154923495966845959e-01
3.601889473310967427e-01,7.601915356749029407e-01
8.855895177207518953e-01,2.501791174742969970e-01
9.325824892372440722e-01,6.513464158845656549e-01
9.762564375845432796e-01,2.926822771379807842e-01
3.628933488719359168e-01,7.569609120259170876e-01
9.762782069798345841e-01,2.877888455554838965e-01
5.766944954172160687e-01,5.348225177308016942e-01
7.604916613292893590e-01,8.672977377048483039e-01
9.206077802432239832e-01,2.325980211939457920e-01
5.696237153779630802e-01,5.458446523129644179e-01
7.645331883119742544e-01,3.182977323558316973e-01
9.093321245944899767e-01,2.354794682268550599e-01
8.996432208720132051e-01,2.368588290406049568e-01
5.496484996312428484e-01,5.915729419909148135e-01
8.272561244776392986e-01,2.725319064188675977e-01
3.337308569849650741e-02,9.275780663742274612e-01
7.520468957284353051e-01,3.231335292755517230e-01
9.672084313995812366e-01,2.354618928691579738e-01
2.954065201850245570e-01,7.937707607900920115e-01
8.997187220885541903e-01,7.218977168600484440e-01
2.146508404600510067e-01,8.412157428064396258e-01
1.083046846069112279e-01,8.938040974610248490e-01
6.256928947963994458e-01,4.364483855491047004e-01
7.185887738118612589e-01,9.030852117566398052e-01
5.429069610237575727e-01,5.869487521327868551e-01
9.796380340528879627e-01,4.516381592877745099e-01
9.401166578278811192e-01,2.133975347315040239e-01
1.214320563286093169e-01,8.858642597772943272e-01
7.314673741401084284e-01,3.292899165631921754e-01
6.906332026680283009e-01,3.639871908421119517e-01
9.741074082254174149e-01,5.130713898816563479e-01
4.286889374114172258e-01,6.925079109146597967e-01
2.889494355030957085e-01,7.921309666916063197e-01
6.741642541361357877e-01,3.759700696754043614e-01
5.295950605381544163e-01,6.030053750684503111e-01
7.769992327518300268e-01,2.899709309533979873e-01
7.409970534985175217e-01,8.924030270515890262e-01
6.366311831892950135e-01,4.129872184934390011e-01
6.237051310407917271e-01,4.280184602381765790e-01
5.699578415024080247e-01,5.051291944790252675e-01
6.325354178704696295e-01,4.166164973114239167e-01
9.487095807498823197e-01,2.020520760391195658e-01
2.130477330727770235e-01,8.349509294867073494e-01
9.278116797415215666e-01,2.048954048026589980e-01
8.902698590567528214e-01,7.454940147033617404e-01
7.072317416085858177e-01,9.145048493322790462e-01
6.416220917733366225e-01,9.469554573545531095e-01
5.883251124633170903e-02,9.090899672021970357e-01
2.255931974581222299e-01,8.260450322591049721e-01
8.158674128658883751e-01,2.593562651930313434e-01
9.873395806230804705e-01,3.728919477389533998e-01
2.292713220673681107e-02,9.232037859174708760e-01
9.145697224806595971e-01,2.051911913793396103e-01
6.103379184030569560e-01,4.379829494475570018e-01
9.755839501275138659e-01,2.097468125996304611e-01
9.319026428991928901e-01,1.980094060815815737e-01
1.473099049455472986e-02,9.246527276928662165e-01
8.600121906056181764e-01,7.905298461955675426e-01
9.394383125828764669e-01,6.640058934304396976e-01
9.771969111998953794e-01,2.051191983805576990e-01
9.204776312619596945e-01,1.981084501348474580e-01
7.550112747759513132e-01,2.959416344739064231e-01
9.724622843801699057e-01,1.975394222459575522e-01
5.753152417365701154e-01,4.790435271205465417e-01
9.709179581675153603e-01,5.660371179241528994e-01
2.619357133344376587e-01,7.995775427514106859e-01
8.680769769742696651e-01,2.207116981633756581e-01
8.959574057957443438e-01,2.047383044235835392e-01
8.014693328266006001e-01,8.535301192256328218e-01
5.239396298056032686e-01,5.804497663113048489e-01
2.655960680446640687e-01,7.951171602492683732e-01
8.250750672747357850e-01,8.329024567745574315e-01
6.453560744487550904e-01,3.842802501666167103e-01
9.652662413516284179e-01,6.046951616730820156e-01
5.190102372964632282e-01,5.797206971275817855e-01
2.060257953112205609e-01,8.271027723396288112e-01
6.261214931164541531e-01,3.994798326363045993e-01
5.582117950967937503e-01,4.890617248539271822e-01
9.508978825122141876e-01,1.738062883268564063e-01
8.900486211412208526e-01,7.621363552770229477e-01
6.048410121909110204e-01,4.198343944050163534e-01
9.395164072678902079e-01,6.777428777314926656e-01
8.934829386616560676e-01,7.597066057513817139e-01
5.356685777449223806e-01,5.166112468496696364e-01
2.652268370841713852e-01,7.850535472324935427e-01
5.091748842011102338e-01,5.784808517870632105e-01
2.348195502301470006e-01,8.029620402331874018e-01
7.643810593827391475e-01,8.929069870280629262e-01
6.934902598230621162e-01,3.200988903924314455e-01
7.892637448388322152e-01,8.754909272701144607e-01
5.942933210441432301e-01,4.182408061441056368e-01
5.666490555231803450e-01,4.523954703784758280e-01
6.827469087380874102e-01,3.264489670608835548e-01
7.428388726306902612e-01,9.091253404960506490e-01
9.431633416169148409e-01,1.550871914850976419e-01
5.041914955226346473e-01,5.666443747896696692e-01
4.479251941773275680e-01,6.404143361723884098e-01
8.984305283362399308e-01,7.623864824456553224e-01
4.120849872749889897e-01,6.695864313776241916e-01
3.418033276283671817e-01,7.235248342115708775e-01
8.302588256575553771e-01,8.438665120889041749e-01
1.439196011156760324e-01,8.483503339923014197e-01
9.860576058313854642e-01,5.038192590101171486e-01
6.258291011774803625e-01,3.734523070692783442e-01
6.671874789517946436e-01,3.333351464977949430e-01
7.774003587001332427e-01,2.468676093334387645e-01
7.627101675641361211e-01,8.996686163842273487e-01
3.427454821041558963e-01,7.201431181374261525e-01
4.424777111277478081e-02,8.949911537823979080e-01
7.226043642339543549e-01,2.835506023677858423e-01
5.866383545819255918e-01,4.114747541241767781e-01
9.530299624827264227e-01,6.649308594676667239e-01
9.955030571572186515e-01,1.720971489084072159e-01
5.500328801651155342e-02,8.893788470542541846e-01
8.121636116749949563e-01,2.182265302515485894e-01
5.239695835475832730e-01,4.999198503957046347e-01
8.941164365628281319e-01,7.743746789233796335e-01
2.372859654098579130e-01,7.891231967818724824e-01
2.589162872713002272e-01,7.749743378323666887e-01
6.698672526319088272e-01,3.231515982048168700e-01
6.494564417416170965e-01,3.411041895398795321e-01
8.976388083428559206e-01,1.635175695368338289e-01
9.356513730237090432e-01,1.429591447730858000e-01
9.701149200267085160e-01,6.201624744479320439e-01
8.908890015688074593e-01,1.668921108782817075e-01
9.168146150117096882e-01,7.412392874655879815e-01
5.182192033977861545e-01,5.031572618788067164e-01
3.944692722498028825e-01,6.739589237701006930e-01
6.832378570223339720e-01,3.084853427981808505e-01
7.744267421452704081e-01,2.392691168264168278e-01
7.493548039982149689e-01,2.564774100416599145e-01
9.249141322482472560e-01,1.435134006062253054e-01
5.519816334427817273e-01,4.442107793695280193e-01
5.189958244780242813e-01,4.963548178375223330e-01
4.743953619985725734e-01,6.026810903833093036e-01
4.733621956371426576e-01,6.034841294206417794e-01
6.802876798509476242e-01,3.057099603353640171e-01
3.807053660027521769e-01,6.805719460862139636e-01
6.933640638789525523e-01,2.931682625848073265e-01
3.954846594753889111e-01,6.673509720474594120e-01
9.640032549064690981e-01,6.475882642583769000e-01
4.151590487288456810e-01,6.495393441180443705e-01
9.729290965865956542e-01,1.136656433696721091e-01
8.147310852664041425e-01,2.034903139723742704e-01
2.567170102861953129e-01,7.675054090212884983e-01
7.080506934039572098e-01,2.786500615785582058e-01
4.638163671511310593e-01,6.059604712681854188e-01
1.978075519010494832e-01,8.040170297718058912e-01
3.212760827359936178e-01,7.213344790430581410e-01
9.798559154258719150e-01,1.088905723874632470e-01
4.463306409475285008e-01,6.204542766122893571e-01
5.901818736310433522e-01,3.839577902061380721e-01
8.423918566597558000e-01,1.817391642262619067e-01
6.282346476601605723e-01,9.716932760297272154e-01
3.746431587015067732e-01,6.777155916712611639e-01
6.253223116085622202e-01,3.442995853574076781e-01
9.578646413208229404e-01,6.697004016898892020e-01
9.383796737658101073e-01,1.209264599276383967e-01
7.626257639316260661e-01,2.317345505169294828e-01
5.982831844009548483e-01,3.694126749487109951e-01
3.822338888459346773e-01,6.688073699409020634e-01
9.196098461654400591e-01,1.286292273722170476e-01
2.496939508724828061e-01,7.647675605517880726e-01
4.339949006340686477e-01,6.228452687472818550e-01
7.601001188846336909e-01,2.262205474903392632e-01
6.473248595827697516e-01,3.130894365812665336e-01
8.861018475215116652e-01,8.049441746257063324e-01
6.302860308584320448e-01,3.271625659697628974e-01
4.042188343964364661e-01,6.439072193896918650e-01
1.298522611372656677e-01,8.334883929324345964e-01
4.679064307545029999e-01,5.551895020112640466e-01
9.138605033179676429e-01,1.195021444775398178e-01
5.573706136281373347e-01,3.970643061699780096e-01
9.374917175350717669e-01,7.279832698975157168e-01
2.464570586367268445e-01,7.590263586623636760e-01
7.370277833827333369e-01,9.331784331517934961e-01
5.097040931481990889e-01,4.593498832750886329e-01
5.974617906770234299e-01,3.501839284537469066e-01
4.861027103554105278e-01,4.981678274556911035e-01
9.268933503676991537e-01,7.501330707889215521e-01
5.677449044354372365e-01,3.801936043608347138e-01
1.782616737261771833e-01,8.001388896954650942e-01
7.924344809005668955e-01,1.918491194470727246e-01
8.350714444119300417e-01,1.636415984826397052e-01
4.993939829126287089e-01,4.670590841075817901e-01
5.393728513607787267e-01,4.096591041043181614e-01
5.011053399185922963e-01,4.641111283416539113e-01
6.171330152671050673e-01,3.259793791189131706e-01
5.883195985264645378e-01,3.539435875294836276e-01
1.313343890182552265e-01,8.250423645903535164e-01
9.794358161144758324e-01,6.772637084898203153e-02
5.805683183089687116e-01,3.592011840923811095e-01
5.785080172646760444e-01,3.591052719026293083e-01
8.851555264358421660e-01,8.172946222270459637e-01
3.222702115198514683e-01,6.940322408362032958e-01
6.659501371137565018e-01,2.751366832179560351e-01
9.053118207097230474e-01,7.934189798772675051e-01
2.092776587088750473e-01,7.718257779787385253e-01
2.942037832443281653e-01,7.127862647897920123e-01
9.240064997060314367e-01,9.331700539960063878e-02
9.924407940507201653e-01,4.630794613803113080e-02
7.770884586324637855e-01,1.900998905549845519e-01
7.933275029834800929e-01,9.064171755008698650e-01
9.366704703600072790e-01,7.439259226480142706e-01
7.637195639884473142e-01,1.981201684289491949e-01
4.724840572456827648e-01,4.899831132361839314e-01
4.404192481767382761e-01,5.659308052996104843e-01
5.138585648934249628e-01,4.215104511781341268e-01
4.291372616568002174e-01,5.993484925772462057e-01
3.818106637471270215e-01,6.401947631858441179e-01
6.671215505188122785e-01,9.700630384271087259e-01
7.853597918796066946e-01,9.138416357701091286e-01
5.619433881269576547e-01,3.612008702286287898e-01
1.278008097334666360e-01,8.169407369356593840e-01
7.048306723490553871e-01,2.339645125493216016e-01
8.000808226472743145e-01,9.055133391223684214e-01
9.466838228604794736e-01,6.831153555930125076e-02
9.052829695082283967e-01,9.659715790532052981e-02
6.444700533169820389e-01,2.797105775998125488e-01
9.777490815265891255e-01,6.469809076709828188e-01
8.969214365027667890e-01,8.136964726642587076e-01
1.213356193156231999e-01,8.170155028959119603e-01
4.993252414126434502e-01,4.269944490292988393e-01
7.302699037392731407e-01,2.104176491952715056e-01
4.818837264422245470e-01,4.498371308724218309e-01
4.501553928649371095e-02,8.571634203698915710e-01
9.730229161290289142e-01,4.064061018606757170e-02
7.821744186235555230e-01,1.725056140392078330e-01
9.513209488011258319e-01,5.709042799394004053e-02
1.369371444806353200e-01,8.053770838923001163e-01
4.331176766724597060e-01,5.436173951965267426e-01
7.839748624197124816e-01,1.700392497634470867e-01
4.929946763739840865e-01,4.281744617212061010e-01
7.200656769443142258e-01,2.128950347717638580e-01
8.721512751465203550e-01,1.092935083791573003e-01
6.736991552556014229e-01,2.463672508749623624e-01
7.141421908364641302e-01,2.156502174721161014e-01
8.095474721078556035e-01,1.495352969022114564e-01
9.737694180907240371e-01,3.336752179865232204e-02
9.668288555219781699e-01,3.934096733740999330e-02
6.670398905440998449e-01,2.500414804840399574e-01
7.954795673417532909e-01,9.145665545902732507e-01
6.419438491634660293e-01,2.685402769741001006e-01
4.292117486981739116e-01,5.342537627824907043e-01
1.446150680043418735e-01,7.954060211251614554e-01
7.421482412098202586e-01,1.913589303071279168e-01
5.033216358065397689e-01,4.035834833716669401e-01
7.260923184970569100e-01,2.015624760981691299e-01
9.942581319088006353e-01,5.647369688905543583e-01
4.095753704981165422e-01,5.803394374828803048e-01
5.815050350055439576e-01,3.131379396480958865e-01
3.474336492813145938e-03,8.698544507184839958e-01
1.426505706069243207e-01,7.926403884110316822e-01
4.370628009665082914e-01,4.944041778753143213e-01
9.883076797218839360e-01,1.424692056636867044e-03
5.755361961963005868e-01,9.953719708552000167e-01
8.614770181083822864e-01,1.013016449907829797e-01
9.042172907288665851e-01,6.942960870484271574e-02
5.782593921197607401e-01,3.060702987951783305e-01
1.301347519365962935e-01,7.941001342823524878e-01
5.825937117953694511e-01,2.996450270838433294e-01
6.685366209864705977e-01,2.280611326045463016e-01
7.087529453915271116e-01,9.659476383910916564e-01
8.147471170106477256e-01,9.107635622674962184e-01
8.261925615071128437e-01,1.169027961139568195e-01
8.430542479563060132e-01,1.016693683930078862e-01
7.534156677390235757e-01,1.613891383101861976e-01
8.989853799663627409e-01,6.202914631472755680e-02
4.118717794353740080e-01,5.109470206445194673e-01
4.073787727524217361e-01,5.190003509958461825e-01
2.086369490217465650e-01,7.349834410856174172e-01
9.111053053206283892e-01,5.018679033717143856e-02
6.733409009817531432e-01,2.137928631029124560e-01
7.024043786468535666e-01,1.916565847669465805e-01
2.829251015157185911e-01,6.782679427835822672e-01
6.204915265367519916e-01,2.521754146132100249e-01
6.165391104250328436e-01,2.543898404742114261e-01
7.504809892668291571e-01,1.558224487450380336e-01
4.772959098891746965e-01,3.917376277700093112e-01
5.703073219044466624e-01,2.923974363154472345e-01
6.676556777720000779e-01,2.133583008291216609e-01
9.673297253151947883e-01,7.176482563229895639e-01
4.801508325054081316e-01,3.825533089810769782e-01
5.132008702574144543e-01,3.431724210031646960e-01
5.894236781219964749e-01,2.704026397993570807e-01
6.243550166995794903e-01,9.917992401266711999e-01
3.876409104345871492e-01,5.407508135161220864e-01
7.448977265599201480e-01,9.574428112196410323e-01
6.318251593616003303e-01,2.344507443103197586e-01
6.404072918128217440e-01,2.277335457391241880e-01
3.355270837230235337e-01,6.275518053550427355e-01
3.652445640887895806e-01,6.021160036886514799e-01
2.006258126514243179e-01,7.297045835599328401e-01
3.719361959261179296e-01,5.793032456612630110e-01
6.194168056896347530e-01,2.399638945663382650e-01
8.241093426354626494e-01,9.596718908452905872e-02
8.030591822857975348e-01,9.292255300102204574e-01
3.957090648847825243e-01,5.008733715567250666e-01
2.010971117976810829e-01,7.261714616980501358e-01
4.973241692023969707e-01,3.478170780497938930e-01
4.014837094437281317e-01,4.858772958474105730e-01
2.065340934670489847e-02,8.378631008262412694e-01
7.507830328347930848e-01,1.406819487241243172e-01
4.144008157168799222e-01,4.569514150561257981e-01
5.081001491630710021e-03,8.450149242058963006e-01
2.646020785617622106e-01,6.765472049437036839e-01
2.638721797185378248e-01,6.762817404777097252e-01
8.901664862109315290e-02,7.959249490440143404e-01
1.275862380291685749e-01,7.717624625071185518e-01
3.363320236751623504e-01,6.180965897118442243e-01
3.245013390096015415e-01,6.272204773038554393e-01
4.286749552527602258e-01,4.271938059119579911e-01
2.337712238449289881e-01,6.978328527829628092e-01
3.812291209343552367e-01,5.138996479668166417e-01
2.961607811410064128e-01,6.478279896096115209e-01
4.611939287912489860e-01,3.771887043135635498e-01
3.873084257950832887e-01,4.935211247555503222e-01
1.534339309484678004e-02,8.352518296448613322e-01
2.690406422846280954e-01,6.680089683167966808e-01
1.644043902954062109e-02,8.343951024720261955e-01
5.401387816469492842e-01,2.914648827222829919e-01
4.405130141518549536e-01,4.012192572124586576e-01
7.559262043233645478e-01,9.586840599399589768e-01
4.043542662088229767e-01,4.554291547743117841e-01
5.139852436005482028e-01,3.143981777801215793e-01
1.172090404578413070e-01,7.727065549521958676e-01
8.614043831818900543e-01,5.430991600301759981e-02
1.818928516079354463e-01,7.285610037094989444e-01
7.594339555454838742e-01,1.220190398934454246e-01
8.062572305018697039e-01,8.993827687514455160e-02
8.994553063340617882e-01,8.552065194797220382e-01
8.801007962849832778e-01,8.765621038924757968e-01
7.889359164055342877e-01,1.009935786818652037e-01
8.503717299270968644e-01,5.860476751151222352e-02
3.801388844691713231e-01,4.894688032015079848e-01
2.892190114654334954e-01,6.446471042284650510e-01
3.626584301612042482e-01,5.293329869257973330e-01
5.713109920112044993e-01,2.541505035113438282e-01
8.737261822084927410e-01,3.948867229498054243e-02
2.830237749243306178e-01,6.480005386782514698e-01
7.635357961209917610e-01,9.588416525345304642e-01
6.968591188247280632e-01,1.567051458306486511e-01
1.530321099149126729e-01,7.413646845950994102e-01
7.925645286507632115e-01,9.070223612281014258e-02
8.122474495027942609e-02,7.872141375167316379e-01
1.099376800529429099e-01,7.672504754214667377e-01
7.914880183387260626e-01,9.470860073476756735e-01
5.658423061293049727e-01,2.480046896187801941e-01
6.191964790201107682e-01,2.053066917780264067e-01
5.277613284884977718e-01,2.780848932635072712e-01
3.820213580645204221e-02,8.085210262782873691e-01
8.268428092376827188e-01,6.097240153145067065e-02
8.546911633337284098e-01,9.075744145564332843e-01
6.676926024448747166e-01,1.674334526205250029e-01
8.619890280688874418e-01,3.562315527492199152e-02
2.461555965403615653e-01,6.666738689494881021e-01
6.262666766225905013e-01,1.957062681121632952e-01
4.345585404830608622e-01,3.724050602397479537e-01
8.902324382391517688e-01,1.258134552917866689e-02
4.334073107925775492e-01,3.677682808397981784e-01
4.546737027683750432e-01,3.425943770229235019e-01
3.911774129298162261e-01,4.267911809013009705e-01
3.669373328823284375e-01,4.659438916149905019e-01
5.265311357000092007e-01,2.681126861092812952e-01
9.909167784028223291e-01,6.714219412356124961e-01
8.790242001404671157e-01,8.904960683529353771e-01
2.076945474893948651e-01,6.886450093512768156e-01
8.389622304972167433e-01,4.095950211284415943e-02
8.934515766866594211e-01,6.780463817335213861e-04
4.491776758611298881e-02,7.954036942869561200e-01
7.295623230726329123e-01,1.125150835554984408e-01
7.990027379983989375e-01,6.651539227085501160e-02
8.686536250749709032e-01,1.829678663842482234e-02
2.746537968963621568e-01,6.331972289320034752e-01
1.258494011039494875e-01,7.429002371844551922e-01
9.626356739754236003e-01,7.716877795356409386e-01
8.354945410817905538e-01,4.103799763130555611e-02
5.228916504152373301e-01,2.639612158448682022e-01
8.245221477474015126e-01,4.822217431856445913e-02
5.267636958392157842e-01,2.597754801694108773e-01
4.343304503903843150e-01,3.524726550084841259e-01
6.299888643643511976e-01,1.771590885592044806e-01
3.720480388569098462e-01,4.352309495570044762e-01
8.785122114605319332e-01,6.278261884126390413e-03
8.026553731060139807e-01,5.858939478455116312e-02
8.188216884788228622e-01,9.407064366971912284e-01
6.525351695830725607e-01,1.582825821694996415e-01
5.394922742663450510e-01,2.428445275299800921e-01
6.102447926501232134e-01,1.876944127007729168e-01
6.100992529663937791e-01,1.856821095722264170e-01
3.922985982758754320e-01,3.942078278097509436e-01
1.656043333638805848e-01,7.079563363048501090e-01
7.712108423589976169e-01,7.441169983829409862e-02
6.130936581928836393e-01,1.813011269436343165e-01
2.807270001011632488e-01,6.184397979306217596e-01
5.012184153396174180e-01,2.687383303741612828e-01
8.342786944109659153e-01,9.339302523518919763e-01
3.929915495294501460e-01,3.869229162668633704e-01
3.036689511939105746e-01,5.820707966106301035e-01
3.369842573250341200e-01,4.797027750117160982e-01
3.008495498573222626e-01,5.859409265521048349e-01
4.331747750809589181e-01,3.326225847625648990e-01
9.827285406419291602e-01,7.250440626925068743e-01
2.358505034553538549e-01,6.498569583458191357e-01
8.951160444954553430e-02,7.540899095710160704e-01
5.101173521066765248e-01,2.529738815563564724e-01
7.293672340115098240e-02,7.634140296231750611e-01
3.840315107370717573e-01,3.852753507457800097e-01
7.268905509961143263e-01,9.833384230943503779e-01
3.761628576991178363e-01,3.940446853281404094e-01
2.763513277499269893e-01,6.115894868382344418e-01
3.604255687512987194e-01,4.130164154896371898e-01
2.911817285794059407e-01,5.819909449984843608e-01
5.711195944884497333e-01,1.961621122869922074e-01
4.352877675862290019e-01,3.158698514318434292e-01
5.174951748941394314e-01,2.385319260670527575e-01
8.603231976305758533e-01,9.213386007658580512e-01
1.874280224507657300e-01,6.781969214855819716e-01
3.628205361394922779e-01,4.059621279074984157e-01
2.112121971495539707e-02,7.910467813580547292e-01
8.440553114352538078e-01,9.558561333342541211e-03
7.491710205295130098e-01,9.785137125562087812e-01
9.971763471821049052e-04,8.018095080516596251e-01
5.743074200006071939e-01,1.890325988063868978e-01
4.317318660218154580e-01,3.122023593582493595e-01
9.479262704543033324e-01,8.228208371864186299e-01
5.782473714023822486e-01,1.842085235095715090e-01
4.234190119281733278e-01,3.195343397670347141e-01
7.645677199303775318e-01,5.782502756376017850e-02
5.035681664101022692e-01,2.426678372647159687e-01
5.089914270078618186e-01,2.376608826515591577e-01
7.040213623824955746e-01,9.540737322779069274e-02
1.500884966043501967e-01,6.985420747817240317e-01
5.351346702704460334e-01,2.125746432774470174e-01
6.315866359568140798e-01,1.402873286795770502e-01
2.962165198111437192e-01,5.115951687163686756e-01
2.920991561357714206e-01,5.218542406483118734e-01
1.633282782330680583e-01,6.854335008709092625e-01
3.091391619368312194e-01,4.686855764000193991e-01
1.006113357682434373e-01,7.264418844312668933e-01
4.576488401768682435e-01,2.674304388112197506e-01
7.021195195989555771e-01,8.366465226841002245e-02
6.052866746989850055e-01,1.473201867372381235e-01
6.212965610353816670e-01,1.350076246671381153e-01
3.434162267924935064e-01,3.897495150380377860e-01
9.945180553457324546e-01,6.955224749147677077e-01
3.864027752140682948e-01,3.328342353599262893e-01
3.117989162870359321e-01,4.406770064895675354e-01
3.241733557724597592e-01,4.171689992698962568e-01
9.514196971805130021e-01,8.299914866442722472e-01
4.147781782065870226e-01,2.967510600509649654e-01
5.636723217636874228e-01,1.701048924223196313e-01
4.206940591821682895e-01,2.903987987754058642e-01
4.918255993364649692e-01,2.231671402170734009e-01
9.511896231859933160e-01,8.333627144459471170e-01
8.319134920261685995e-01,9.523480084846965843e-01
7.141580078564901957e-02,7.356644383630814854e-01
4.400052856144213154e-01,2.652014842176551035e-01
7.871244520385306531e-01,1.648027557821196698e-02
3.973073976844121447e-02,7.552174534798186123e-01
3.103422345290961504e-01,4.214373502129666882e-01
4.788395863198694480e-01,2.273937195715304282e-01
7.630668802422664321e-01,2.974287061005675969e-02
2.815351841224910112e-01,4.725421015645279166e-01
6.282083681445610468e-01,1.152338931142831147e-01
3.928816612293947186e-01,3.055323855864653382e-01
5.049482277324627288e-01,2.032979804898615850e-01
2.518233824002069632e-01,5.560522308540517544e-01
7.891207093948285900e-01,9.476411405371920615e-03
3.388984408838652262e-01,3.664880423194021297e-01
6.577993903125306518e-01,9.246251759793067126e-02
6.425550030930841094e-01,1.019456336936893637e-01
1.779892684192344587e-01,6.485063772061148146e-01
9.833724574032243204e-02,7.068319388408209614e-01
5.852577821499411748e-01,1.366161466279365300e-01
7.807746070153308571e-01,8.496308511660610741e-03
8.638354732888079424e-01,9.381109285385160756e-01
8.711899392417958854e-01,9.330318039653657802e-01
7.090215467684864992e-01,9.952171912396727826e-01
2.960117564925058842e-01,4.199213983618187429e-01
4.568811781712317499e-01,2.318006357888005020e-01
3.822659650799835607e-01,3.027165300154164296e-01
2.835507728427044682e-01,4.415946150661393954e-01
2.773816232237547030e-02,7.524754951353614940e-01
3.560003680578686103e-01,3.313619089138262197e-01
5.527759495257910105e-01,1.549627552567057753e-01
1.732535063166894540e-01,6.462711552007170956e-01
1.905440944612812881e-01,6.313309585031661175e-01
6.198714441202751724e-01,1.049279973929660992e-01
4.526407721354579472e-01,2.268002908667835493e-01
9.598916892463029704e-01,8.321489361711561505e-01
2.156740139615056506e-01,6.087959449774694720e-01
1.842707415779639701e-01,6.332620726752548057e-01
5.433600872308648189e-01,1.545110003105710783e-01
4.243234515232382487e-01,2.485469926848287159e-01
2.818507590786775152e-01,4.191987028884682775e-01
9.112820401221942701e-01,9.036758213651907568e-01
1.412674718004462981e-01,6.631070451250639097e-01
3.952066888297278702e-01,2.706279971109839533e-01
1.323734137814233103e-01,6.672023002002531733e-01
3.876534536384704799e-01,2.754834468491053068e-01
2.839765378232573800e-01,4.064031043118624398e-01
3.237306573651882458e-01,3.471598482943535346e-01
2.194348839720169364e-01,5.823029386938810559e-01
6.369974897025065808e-02,7.160187998993295944e-01
8.188782363262351316e-01,9.691930102362471544e-01
3.768637960227155803e-01,2.821185791450127045e-01
3.388430101261599159e-01,3.240916004431630970e-01
9.871776863072708741e-01,7.653847077992208536e-01
2.169204389836113522e-01,5.815322055141265434e-01
3.930959430917245756e-01,2.654190322430393101e-01
2.919702928952659926e-01,3.869013120961172225e-01
3.636460536704839708e-01,2.939436842547115125e-01
9.139167921481268220e-01,9.049773506437333026e-01
6.958144801085532904e-01,4.209475704187171097e-02
5.164469336055419468e-01,1.607128976743668058e-01
3.195848570030048741e-01,3.434537532566153128e-01
2.389797247399544355e-01,4.821223224839041865e-01
4.856054766436113113e-02,7.206358534655680215e-01
4.578177153267869448e-01,1.995368214352255531e-01
3.631896191209932345e-01,2.851111713396948799e-01
3.670405224314834403e-01,2.805074349895431141e-01
3.813873005906488478e-01,2.649684858368324125e-01
8.525163721593065347e-02,6.914340401897884902e-01
6.242882756559829938e-01,7.893104957038254987e-02
5.761912875135576373e-01,1.090159259670993031e-01
3.201887016163127431e-01,3.268860404532362152e-01
1.646732828786350300e-01,6.284855608811864558e-01
4.755118864395548872e-01,1.786656307291403234e-01
3.280766499202883990e-01,3.151949545994138235e-01
1.389864933541803405e-01,6.479909677673706403e-01
2.061268367879934837e-01,5.574405307817028588e-01
6.431346360818239738e-01,6.226442339764381995e-02
6.325063609737441306e-01,6.872238313380918395e-02
7.786019058016391270e-02,6.917769949549044117e-01
7.353876045812364204e-01,3.183635732824208198e-03
9.759588248951758249e-01,8.135459535738538417e-01
2.951952186845695492e-01,3.502221048826804628e-01
2.156414717022153704e-01,5.002311023657813882e-01
4.412601959461390777e-01,1.991038197100002405e-01
2.176580219149856221e-01,4.915787821767790833e-01
1.329456385784355543e-02,7.339316751849294107e-01
2.489543199671806484e-01,4.150473365572349138e-01
1.454613481197585267e-01,6.353626280626786249e-01
7.097084137170495133e-02,6.908618780969760786e-01
2.264798192594932313e-01,4.538173525056700131e-01
2.067178607212458719e-01,5.063047134991200959e-01
2.387313160869224404e-01,4.262888017473656088e-01
4.278831285604844936e-01,2.022548776828732020e-01
1.937194365907071170e-01,5.371089292125228454e-01
4.544257517444847405e-01,1.768320803625993420e-01
6.823404345643797608e-01,2.425476034141249571e-02
3.505177557354920426e-01,2.654438436396148182e-01
4.870541432789017300e-01,1.494908512221009289e-01
3.272418205495497556e-01,2.879923487049130815e-01
4.476824409231221491e-01,1.775595713024764599e-01
2.707384982703417986e-01,3.561899951094729122e-01
2.979079149201213639e-02,7.121797584649658397e-01
4.099548203026727178e-01,2.071294760377430100e-01
3.334418654111743763e-01,2.782913803071793701e-01
4.134910173109515030e-01,2.037290906960257386e-01
2.074059670336824146e-01,4.733580767520646493e-01
7.267184121043330780e-01,9.979561436659460938e-01
2.371032829745221004e-01,4.056223073003173418e-01
6.057325885343386451e-01,6.385607330199494225e-02
7.406253479133624307e-01,9.967405062730130272e-01
3.645973998704193919e-01,2.408411246756236856e-01
6.291284448221757808e-01,4.806054501485501618e-02
1.957715062234062220e-01,4.872237097677065698e-01
9.258007317469569841e-01,9.097957412967017099e-01
5.203398311145043253e-01,1.167136101568037043e-01
5.367606876046315811e-03,7.231235002162771375e-01
5.525420780679000110e-01,9.413686245564845123e-02
6.190436605132327852e-01,5.140133452475847964e-02
1.691618040956286428e-01,5.795316415545040956e-01
2.438894639867499325e-01,3.754428847378951106e-01
3.288387987614094232e-01,2.641223233871268228e-01
3.193046687663407823e-01,2.739451466384990042e-01
2.810423678193016972e-01,3.173372113668474492e-01
2.744700259870572756e-01,3.228164733486984517e-01
6.320454910044228658e-01,3.322005967298102824e-02
4.927453030277066937e-01,1.219005893797110440e-01
2.088188081254610529e-01,4.165800870529170474e-01
5.628400608693989726e-01,7.527048014134041232e-02
9.772083405308199522e-01,8.342625189510265438e-01
1.304878219271338180e-01,6.185183307691937138e-01
1.593736582129969825e-01,5.498745812028473789e-01
1.640499227311442709e-01,5.183001001960138021e-01
4.150899418023878962e-02,6.835360433773992606e-01
5.496755920976611476e-01,7.632423024865309102e-02
6.147635186642297356e-02,6.667018761553967776e-01
1.254755853437363733e-01,6.146684593397749863e-01
5.763096856142195801e-01,5.497353338828625535e-02
1.931622289904755263e-01,4.174053443967226107e-01
3.213334717209317404e-01,2.442784581439604308e-01
2.951348093929343497e-01,2.687512002070375772e-01
8.860841512571255851e-01,9.546220372530072051e-01
6.019851885931595259e-01,3.513315649327775070e-02
4.113045617553501287e-02,6.746734436671505408e-01
3.809368491896824027e-01,1.824944182470145115e-01
1.854063303497202053e-01,4.095923811574236906e-01
4.931184339030166841e-01,9.641279266419400251e-02
1.466840873098066433e-01,5.022263610571374715e-01
9.214497967445716142e-01,9.306583962783763209e-01
3.500337743133759005e-01,2.014638833245384619e-01
2.174434773208357985e-01,3.464513263048806246e-01
5.151441647219655584e-01,8.017299017219225998e-02
5.170043072297165754e-01,7.866056372347329795e-02
8.692402359351679708e-01,9.680738550798931863e-01
4.372917133401821310e-03,6.928095554036037829e-01
4.556356168530585338e-01,1.166206422908360185e-01
5.889468937648021374e-01,3.061969808949860372e-02
5.902995181746556463e-01,2.839753933414368436e-02
1.264894370075213548e-01,5.581389081199780167e-01
1.731226536087191459e-01,4.028434271783689624e-01
3.725637984335518071e-01,1.700404462515153758e-01
1.255373331429354700e-01,5.290763273875966899e-01
1.651813479300187071e-01,4.104713754184667884e-01
2.887145566868701829e-01,2.408450966948169070e-01
4.806616394879067444e-01,8.974443879458660067e-02
1.137153351731393647e-01,5.968307354349822180e-01
4.948179214271940518e-01,7.797611693801242971e-02
5.531829173585729453e-01,4.070294895445547567e-02
5.545435963397571388e-02,6.441123812455490372e-01
1.195550878505486914e-01,5.274874874318091766e-01
1.130434490416181159e-01,5.643077483187884935e-01
2.840627766735830395e-01,2.365608558303780029e-01
1.473227709718389900e-01,4.306711589946217167e-01
4.776846954292064407e-01,8.446100809114520658e-02
8.478464616771930196e-02,6.162369030842321793e-01
3.829676865343504266e-01,1.471497528749425854e-01
2.436504098631784299e-01,2.701754468210184612e-01
8.762145919844783748e-01,9.707501600240043826e-01
1.336130370729261552e-01,4.473621733923305310e-01
3.024136369396200896e-01,2.100414865386376340e-01
4.150605376736919983e-01,1.200547149942692293e-01
4.470780732938605118e-01,9.795778202203286877e-02
5.835837381977514449e-01,1.219436258877582002e-02
2.334415556727209573e-01,2.767295378369634129e-01
2.996860043884848057e-01,2.083272061530977437e-01
4.266876442074531983e-01,1.077495912931980548e-01
5.030272711167267374e-01,5.719997624194272934e-02
9.199630518927229827e-01,9.440427526390962054e-01
2.055749642670549049e-01,3.054898050442765856e-01
2.842283876203117732e-01,2.146062059470720262e-01
9.121965881216720362e-02,5.963025303318875148e-01
3.603337739767805692e-01,1.496363944775760402e-01
9.883108467293593158e-01,8.358533502116619607e-01
1.132324934326047750e-01,4.690271892804411813e-01
1.605682779540223981e-01,3.599855731051470054e-01
9.003379920055687435e-02,5.798144396150611835e-01
9.949769632203764314e-02,5.124602310936192673e-01
1.857032822058862775e-01,3.197596862614812130e-01
2.332314168004245847e-01,2.603328313838645380e-01
2.652936372585634750e-02,6.476928365057444958e-01
4.162608923599996347e-01,1.044339809425207655e-01
8.405495602515222764e-01,9.876392137782327163e-01
1.569826180014002315e-01,3.601336712713052446e-01
1.468330557246588786e-01,3.740075199268739770e-01
3.578026753307654850e-01,1.423641309469946270e-01
9.921074313602340489e-02,4.880363001759457919e-01
2.896660483595512314e-01,1.968206154497620375e-01
9.179584033934632403e-01,9.503786575063344344e-01
3.199890883300297029e-01,1.651613799040978492e-01
8.232765346482096014e-02,5.386632988786579368e-01
1.231621762579225843e-01,3.969967864067718288e-01
8.090857566314779703e-02,5.270651795151937158e-01
3.489057171163651994e-01,1.360583803259955982e-01
1.175813472009823446e-01,4.009743281111928237e-01
1.931656867662762123e-01,2.793572158118974302e-01
3.643603795362970743e-01,1.225529149954266428e-01
7.656508135918060898e-02,5.246960131101651159e-01
1.631556055406269135e-01,3.169862076301992460e-01
7.367281178252405027e-02,5.395332500203857684e-01
4.895018206598047428e-01,3.850140759914522093e-02
9.556852917484903731e-01,9.178890699510090512e-01
3.083103730856308067e-01,1.578541125406681678e-01
4.793237693711511760e-01,3.989159353710380884e-02
6.568326905841204155e-02,5.369801770914855998e-01
2.249773633726867006e-01,2.262313928654484663e-01
1.710730145788810219e-01,2.824373312327395080e-01
4.202310521554637468e-01,6.830138354132631040e-02
5.499750529574143343e-02,5.498382285542997572e-01
4.073789164343610825e-01,7.496564463916843835e-02
1.048972509525186725e-01,3.794282483626011393e-01
7.838756372353694601e-02,4.382069900681656582e-01
2.341212912631179810e-01,2.061572289864935792e-01
9.465271907932482076e-01,9.351084613410376445e-01
4.767664465662424522e-02,5.628031471693326626e-01
6.551015170927032560e-02,4.613974453195287539e-01
9.071747479676994796e-01,9.680925502158597151e-01
5.071423441304080404e-01,6.934500455943681807e-03
1.807698385076631498e-01,2.498403015209114120e-01
1.706752944117081450e-01,2.613599775353845356e-01
5.965052478602062003e-02,4.675296275444794647e-01
8.819393994358062372e-01,9.814125983453910740e-01
1.751630820387848342e-01,2.546137893401086982e-01
2.251500369148614622e-01,2.023074193538029197e-01
4.643102705204888991e-01,2.808172812642195648e-02
1.341562789395156496e-01,3.062070675873044268e-01
3.033409854156616792e-01,1.346203767648298522e-01
3.812010132427271492e-01,7.779707067616470351e-02
9.544347820888563483e-01,9.302488677335035705e-01
9.740052299170455230e-01,9.005545100004838099e-01
3.281708124793534243e-01,1.111541578884729375e-01
6.972560528555660220e-02,4.127991848354580773e-01
1.617866276561688021e-01,2.599121461494433571e-01
1.082042956660193012e-01,3.334408953672519660e-01
3.458627948785519823e-02,5.596087407971280792e-01
4.464044536988487355e-02,4.839833900089725027e-01
4.946274027279331520e-01,1.850023176158677174e-03
1.211365883648042319e-01,3.077051560526029572e-01
3.135427190587780633e-02,5.648171476436396610e-01
4.251319256066017349e-01,4.160137460989976610e-02
2.412226313726808513e-01,1.732558719119958734e-01
4.110455266138913766e-01,4.959346584784862788e-02
7.616597541016534301e-02,3.717794595281328496e-01
1.565691177896819664e-01,2.499938960644357833e-01
3.028603205639635032e-01,1.174767377126118006e-01
2.340096573986039097e-02,5.792717284034726299e-01
2.211307991780783189e-01,1.835009579414095260e-01
3.531242892722219473e-02,4.861909451017265571e-01
3.613037620869390398e-01,7.427949486690077485e-02
8.657162412615561076e-01,9.902834171148484632e-01
2.853657215332683350e-02,5.057375148788714192e-01
2.760483122829137104e-01,1.333086412173671853e-01
4.171550295806497610e-01,3.675664357186425590e-02
9.000519827455019106e-01,9.779737505493142358e-01
4.379717807612648617e-02,4.328767411302186785e-01
1.881668637371535224e-01,2.059464935647007389e-01
1.729805010593266079e-02,5.591352179434921910e-01
6.520317948829912336e-02,3.719569477326458706e-01
1.474317377448475241e-01,2.469814833018736389e-01
1.792793608700211649e-01,2.112157025629208817e-01
1.288188833989791782e-01,2.677433790139910341e-01
2.377045276362511617e-01,1.569051426092845647e-01
8.973983201204202009e-01,9.804970648546357248e-01
9.339511897068175639e-02,3.124215397145005957e-01
3.416984325436047687e-01,7.531066234333028131e-02
9.529274422249578436e-01,9.412961042657080890e-01
6.860250372937926056e-02,3.446343327270858792e-01
6.190940639744979546e-02,3.553281458141889226e-01
2.651268354359481716e-02,4.408121324254773432e-01
3.668762726101504335e-03,5.892559843352223048e-01
2.037125117059521706e-01,1.741794122450019966e-01
4.310689715445068515e-01,1.301145869298725444e-02
9.027759903287444487e-01,9.798797909572887210e-01
3.614981437322276614e-01,5.238653746861154925e-02
3.958684807967755015e-01,2.969004430653188198e-02
1.861002388805994556e-01,1.822325572146417105e-01
1.175892880862091650e-01,2.508981774226561878e-01
2.570700608904985529e-01,1.188391802892918570e-01
4.526130162221475572e-03,4.843021073946756072e-01
2.388740847418358015e-03,4.944042724640465014e-01
2.669884726314428747e-01,1.107158518544322234e-01
4.002359937437738324e-02,3.706972087970271668e-01
5.344433287337135852e-03,4.680790028872907627e-01
9.273005785899102182e-02,2.749408576778206159e-01
1.555135295259624240e-02,4.245411145370903139e-01
2.180580455967191522e-01,1.440479468403611518e-01
3.618733274812552247e-01,4.229009105062075946e-02
8.256649497303414353e-02,2.870632798714218836e-01
2.728819160317522696e-01,1.006069430455402980e-01
2.370733242243823202e-01,1.272033598745813121e-01
3.378043594046198361e-02,3.700002466848849592e-01
3.553404780180884348e-01,4.372920625292620045e-02
1.259287243598179451e-01,2.218611308359352829e-01
1.366099949352995724e-01,2.102564006489434645e-01
5.728415922522267500e-03,4.278736887699516878e-01
3.259076108323128995e-01,5.644485760255080198e-02
4.080476878316902090e-01,4.430311202603731680e-03
5.119210503337978668e-02,3.109130896361690377e-01
1.434236792112543180e-01,1.926465021843369874e-01
2.072340028398457212e-01,1.342494226122422640e-01
2.631735560272269181e-01,9.145555590551746050e-02
1.545978457595525990e-01,1.774052875769923654e-01
1.138871899646626273e-01,2.179691268018553174e-01
9.875547654288598931e-01,8.978806698946345533e-01
2.303593194463176008e-01,1.103014032764331187e-01
7.222918584407655995e-02,2.600158495490887400e-01
6.626407655138510933e-02,2.669283276514535785e-01
2.284641867677672522e-01,1.031473865853680394e-01
1.332472200827419240e-01,1.836386696083915915e-01
1.498533407674171869e-01,1.666243107261596856e-01
3.136098756359191331e-01,4.235246061394903894e-02
2.753204191082784247e-01,6.702263512875106244e-02
8.949217345010651581e-02,2.246601044248816015e-01
2.733559032476040596e-01,6.699140912886891730e-02
3.146240087300011812e-01,3.789363360147812720e-02
2.500336411906163292e-01,7.837974880377407416e-02
2.478827930481952713e-02,2.991873566205736079e-01
5.436362969192587435e-03,3.334692243155049640e-01
3.101101904784677732e-01,3.255926717975698992e-02
1.363958972414036630e-02,3.082858264473268273e-01
9.014148686976131142e-02,2.030133461313071708e-01
2.425123791997843004e-01,6.987065624041866041e-02
3.087621786381653521e-01,2.442360470693694108e-02
1.438293402044943381e-02,2.880949442747828826e-01
1.963201658644020409e-01,9.789765422847229726e-02
1.443046439205852849e-01,1.377150294014932719e-01
1.050209494486606943e-01,1.672264375358855082e-01
9.214786291284127184e-02,1.772658776803206493e-01
8.159245855804131420e-02,1.873618177939222473e-01
1.414562890442796483e-01,1.312969509411004987e-01
3.170208360202521058e-01,8.390162972396586483e-03
3.419955214592218518e-02,2.399412087083594436e-01
4.929003616557514622e-02,2.179175416269862886e-01
1.276435756772545949e-01,1.374816932182711948e-01
1.278284853128008880e-02,2.645574386564892855e-01
2.759268599708348813e-01,2.837999653739931016e-02
8.333991303262555661e-02,1.737957487076389196e-01
2.964019470495793396e-02,2.328944412141450426e-01
1.404992093197920955e-02,2.477978530624316278e-01
1.745715659040559808e-01,8.981011853613951601e-02
1.896932351707377729e-01,7.543938529515759051e-02
1.496123845272125941e-01,1.045900359301600302e-01
1.861222716453880821e-01,7.511435677307753966e-02
1.714743493643010597e-01,8.483868785090464826e-02
4.296931033903483854e-02,1.958988971218311725e-01
1.129641144700266331e-01,1.198964027662128284e-01
5.109415403535300104e-02,1.726638050051201301e-01
2.541554045433964681e-01,1.473602119435379887e-02
1.709969729192268861e-01,5.796508750467932458e-02
1.503752528354443951e-01,7.080552678089602203e-02
2.653543083837084371e-02,1.682970087713666629e-01
7.829537598807978505e-02,1.156130265178729744e-01
2.093586738109607381e-01,1.828783493606400690e-02
2.615381778714576111e-02,1.600203690538599677e-01
1.625847376994092874e-01,4.666501806084344395e-02
1.659983239850363335e-01,4.147609741223090563e-02
9.262452786046548869e-02,9.375437755550475316e-02
7.305203532496995500e-02,1.063558289684731761e-01
9.417820861218972883e-02,8.608216170811133772e-02
1.243323930804925981e-01,6.008984512659421018e-02
5.776291769723129743e-02,1.079970306337940666e-01
1.408315083029556547e-01,4.201689988935297659e-02
6.665756920414500630e-02,9.663460433584480924e-02
1.354320335674530362e-01,4.460281653060793605e-02
9.907383527541943069e-01,9.364403323854864070e-01
1.818460608616143670e-01,3.726310224922535497e-03
4.405019722983771757e-02,9.211410116872686960e-02
1.140449390606723679e-01,3.724469039062039410e-02
5.426825698139026155e-02,7.952262711984048327e-02
1.235098899794250249e-01,1.736949043849000951e-02
6.381380611638165501e-02,5.033234171328426765e-02
7.886110784911848359e-02,2.566198559417021130e-02
5.222104170156893765e-02,4.197613112041076455e-02
1.309947492553786841e-02,6.830472285590116766e-02
8.047399447869652001e-02,1.650898755715235477e-02
2.737856836491359136e-02,5.157686748898304696e-02
7.728813219803698509e-02,7.653449468931317057e-03
1.424472293525003153e-02,5.041468250014491392e-02
2.396952835197674325e-02,3.548431946691488204e-02
2.346949768624295718e-02,3.556605960905823149e-02
1.385059781828357206e-02,2.623140732672069042e-02
4.250102086003371138e-02,6.402464465272483807e-03
9.888374952297240839e-01,9.755463697887195584e-01
9.797374709140513893e-01,9.858458577130977396e-01
9.970759224036515045e-01,9.736790776806188985e-01
