5.152570131771455619e-01,8.570357064953069148e-01
4.243121874100753699e-01,9.055159617763595126e-01
4.880650419211712832e-01,8.728072539730080681e-01
4.172628543292268288e-01,9.087858343187649179e-01
3.854094183611088686e-01,9.227456614486168052e-01
7.599327269661320106e-01,6.500017016178429863e-01
5.164240007927789478e-01,8.563330042572876444e-01
4.175385606197452582e-01,9.086592243000382041e-01
4.200021901205628350e-01,9.075230704682810678e-01
3.916814783235487152e-01,9.201008940702888328e-01
3.642358291833196482e-01,9.313067305168389876e-01
5.013124096749363989e-01,8.652663291068283247e-01
4.951438436341740745e-01,8.688109798812544415e-01
5.131924764875444023e-01,8.582735941604484609e-01
5.307915105121476795e-01,8.475023803191286120e-01
7.600857193832519787e-01,6.498229011198073390e-01
4.982824287282713316e-01,8.670147177383519255e-01
7.334853435052000048e-01,6.797053533109509438e-01
5.235919324756391768e-01,8.519692509027602112e-01
4.192647212669193824e-01,9.078639660503488029e-01
4.223940007198571656e-01,9.064122640970380118e-01
4.193888134310599369e-01,9.078067801252401869e-01
4.712462927828481307e-01,8.820015829358467396e-01
4.193861286604277927e-01,9.078080299424216015e-01
5.172961461278343664e-01,8.558065581373597297e-01
5.197400746671188010e-01,8.543245452173423571e-01
5.115625423784783132e-01,8.592459411330273245e-01
5.155489368048029597e-01,8.568602411295725974e-01
5.147293935710293145e-01,8.573528058497458249e-01
5.125005823339213729e-01,8.586869902292724177e-01
7.601903865939121374e-01,6.497002029669630696e-01
4.194212474434247939e-01,9.077916309499232117e-01
5.142387154242835656e-01,8.576469808756593816e-01
4.205896264259650907e-01,9.072510913626353757e-01
7.799643838691775466e-01,6.258237132533452929e-01
7.600927455202706184e-01,6.498144133899136365e-01
4.241123254753716432e-01,9.056097034266846757e-01
4.212511634642441827e-01,9.069438858016716232e-01
4.520418558964252043e-01,8.919968756321864367e-01
4.408775497047711656e-01,8.975671134510777582e-01
4.784367491437133135e-01,8.781221772524430147e-01
4.188007099144128720e-01,9.080783146696744801e-01
7.616452973824063832e-01,6.479939015659568202e-01
5.095938177068708441e-01,8.604149163488185037e-01
4.518574775970282120e-01,8.920899779381458172e-01
5.186196641898502824e-01,8.550052542491879404e-01
5.173785245753486084e-01,8.557564579827154905e-01
5.175399725760164715e-01,8.556592412516320634e-01
7.609835517140346450e-01,6.487714865250330254e-01
5.192213618956876831e-01,8.546395750289895732e-01
4.253181797587463620e-01,9.050440736277695075e-01
5.144536261571890368e-01,8.575179806299554341e-01
5.101114385335119294e-01,8.601085477889570674e-01
5.174643055124616975e-01,8.557050333611838644e-01
7.617189947058274901e-01,6.479079124913696974e-01
4.138504662757875874e-01,9.103450809558507606e-01
7.593148234679649722e-01,6.507238306358075208e-01
4.966264029654851586e-01,8.679646634947101314e-01
5.272871405358292574e-01,8.496874316463937094e-01
7.648756710166589867e-01,6.441783289624815056e-01
4.851057888283949460e-01,8.744557272033360862e-01
5.130611425094905309e-01,8.583517932680744256e-01
5.168360084630534423e-01,8.560841498661029281e-01
4.193026542010656055e-01,9.078467339428992755e-01
5.162960478579625700e-01,8.564104562821024391e-01
4.188811118304288650e-01,9.080413170289617364e-01
5.089420497015311184e-01,8.608004971193982113e-01
4.277122418917744806e-01,9.039147048097075920e-01
4.264957707262396758e-01,9.044898078086021087e-01
5.121972869682620555e-01,8.588681294844222602e-01
4.517935014103586777e-01,8.921222652591294100e-01
4.088216672834341647e-01,9.126145536426667482e-01
5.154554306436084365e-01,8.569167267200387128e-01
4.150017386627435911e-01,9.098209010378924821e-01
7.607826319001528281e-01,6.490062465210946208e-01
4.770565801774481196e-01,8.788729154770016372e-01
4.177269679492556231e-01,9.085729034417867611e-01
5.022919999101855826e-01,8.646977069626168300e-01
7.604430396054180363e-01,6.494051831761649130e-01
5.151465784646072077e-01,8.571017248965040469e-01
4.067989650556497194e-01,9.135174146088492764e-01
4.182781712551306708e-01,9.083186796660349671e-01
7.631065400691170453e-01,6.462732673567238573e-01
7.664149493101282129e-01,6.423452293572785576e-01
5.351435004064770684e-01,8.447615686415218539e-01
3.875558138195309699e-01,9.218459474457263436e-01
5.090379198115936310e-01,8.607444931034963220e-01
4.283469781878280758e-01,9.036139957217711460e-01
7.597953693081671567e-01,6.501629049273122130e-01
4.279363079287115124e-01,9.038085438306807662e-01
5.157613436135849438e-01,8.567318756654150880e-01
7.597744041000309423e-01,6.501861342950157052e-01
4.070002606010938440e-01,9.134276844857051048e-01
4.347320651416305415e-01,9.005602319586493154e-01
4.281984333369582840e-01,9.036851189366226222e-01
5.412475302677571820e-01,8.408637976962461957e-01
5.743088610445055142e-01,8.186392305690074478e-01
4.270674415343231889e-01,9.042201650374311894e-01
4.880944744431453541e-01,8.727912516418679933e-01
4.933708233685222266e-01,8.698186218932959513e-01
5.765884901068351054e-01,8.170352449810516227e-01
4.222988942052353645e-01,9.064570362477691878e-01
5.138151538042691202e-01,8.579004386742591359e-01
5.159430851605215640e-01,8.566223769943529520e-01
4.000277246026915368e-01,9.165034198422014056e-01
7.607207049290714007e-01,6.490801061057311916e-01
4.346474873344324252e-01,9.006011011222546658e-01
5.646638860141092175e-01,8.253203816096946754e-01
5.143451029762264870e-01,8.575827593834700613e-01
4.218273387096604932e-01,9.066757278126926778e-01
5.149165401832000999e-01,8.572408690587742797e-01
5.151324443095895989e-01,8.571111641969135775e-01
4.187800275826936147e-01,9.080872396334302987e-01
4.201674916157381312e-01,9.074460991831757584e-01
7.621754361794228494e-01,6.473713984220478279e-01
7.643227628038702370e-01,6.448347598997572483e-01
4.831851960358057863e-01,8.755176033659624046e-01
4.102376399941295437e-01,9.119781732464073976e-01
4.936952210698314913e-01,8.696355859980823277e-01
4.187344894792069394e-01,9.081082084447364977e-01
5.129612039233432119e-01,8.584111712339870248e-01
4.864505731478672157e-01,8.737086891217483720e-01
4.033330078682614839e-01,9.150537605605226776e-01
4.191228096681668402e-01,9.079290306361822438e-01
4.189556391424120174e-01,9.080061805140193787e-01
4.181845051391481216e-01,9.083626361035480601e-01
5.107071729586947217e-01,8.597540774984403500e-01
5.175496464829205667e-01,8.556538334585960248e-01
5.206442192322987550e-01,8.537744071397592727e-01
5.186137215948083412e-01,8.550093300872306790e-01
4.186944015996231783e-01,9.081277342174988165e-01
3.884613309911840728e-01,9.214655321462421611e-01
3.839960843792786793e-01,9.233342165698144033e-01
4.573681686449795891e-01,8.892780374901291252e-01
4.170961607725519049e-01,9.088618040485788585e-01
4.162430643641994443e-01,9.092539391098023449e-01
4.654563689991644271e-01,8.850701999292788225e-01
4.458508740140545434e-01,8.951066460174600392e-01
4.745902570940583320e-01,8.802061905712367240e-01
4.146927161708623411e-01,9.099609374097318293e-01
5.042155039634144131e-01,8.635771596496960578e-01
5.165008126361601004e-01,8.562859754546874314e-01
4.216587079458021248e-01,9.067552088661405829e-01
4.193753984297278192e-01,9.078123167085251355e-01
5.059554311911272917e-01,8.625589067614028993e-01
4.236989239314045141e-01,9.058024820539919419e-01
5.162334995265239757e-01,8.564471506632803655e-01
5.154653950736050039e-01,8.569096659161545837e-01
4.333509284054417598e-01,9.012258836719569954e-01
5.185367628014894148e-01,8.550560805813391951e-01
7.597917919267666020e-01,6.501675941252080815e-01
4.280595260032191152e-01,9.037499059050327910e-01
5.073814347509776335e-01,8.617223333236300187e-01
4.630789106161440349e-01,8.863163651402315990e-01
4.233880036679124048e-01,9.059490912113362659e-01
7.795880330761454369e-01,6.262914666372223493e-01
4.598114013439171255e-01,8.880173038937732022e-01
4.230312160002642763e-01,9.061157751583763797e-01
4.209063062890799345e-01,9.071047821064843752e-01
5.682044785894911909e-01,8.228864975656062786e-01
5.151952575487210861e-01,8.570720180086263129e-01
4.422785659843843642e-01,8.968770302979793829e-01
4.661376254107981731e-01,8.847129682095691283e-01
5.146117843630289013e-01,8.574241232571624405e-01
4.328174829871307416e-01,9.014808686193510612e-01
5.152160696259420192e-01,8.570594803316068377e-01
4.183842500451327995e-01,9.082708184524138639e-01
5.138300315990484979e-01,8.578911550911610950e-01
7.600869785291892722e-01,6.498226148180737960e-01
4.425037869601002871e-01,8.967673731894479916e-01
4.441504361549525326e-01,8.959529662774335934e-01
5.115442264760126090e-01,8.592560927618171362e-01
4.205018997706895245e-01,9.072923639477606939e-01
4.843292379691668259e-01,8.748866304207241207e-01
3.903261254866449148e-01,9.206760015091518534e-01
3.895511309448920767e-01,9.210041720816800614e-01
5.177192722457847340e-01,8.555496521970415991e-01
4.239024239508224490e-01,9.057086046991104089e-01
7.523580115889811903e-01,6.587557686641347665e-01
5.165216791624706039e-01,8.562750195874897496e-01
4.761667757786692823e-01,8.793541485172635674e-01
5.143775938133197112e-01,8.575647305640564655e-01
4.172676539980955113e-01,9.087843919404243742e-01
5.617280343199354542e-01,8.273229671170704291e-01
5.153623414837654737e-01,8.569714482028086833e-01
7.482805800424406906e-01,6.633810175166087175e-01
7.748994947036195180e-01,6.320858796774880828e-01
5.154057986858071594e-01,8.569471827079581105e-01
5.139208856062162933e-01,8.578366462318628427e-01
5.125025156858670217e-01,8.586866609928934801e-01
7.610816391476353804e-01,6.486547010958829684e-01
4.141576166647103485e-01,9.102044090886014516e-01
5.113978618339293236e-01,8.593431149137447100e-01
5.206002978623207600e-01,8.538014955347450474e-01
5.175065675801329146e-01,8.556802315540424919e-01
4.180372702794591944e-01,9.084306819305665304e-01
4.911118680785705459e-01,8.710974602992871407e-01
7.425593397530415585e-01,6.697788336793263353e-01
4.444351602861474904e-01,8.958118912583885596e-01
5.159695373639822114e-01,8.566059195022857065e-01
5.063276075064588877e-01,8.623422166309927528e-01
4.172977974641752796e-01,9.087706391316071608e-01
7.609581186957207199e-01,6.488025354950511803e-01
6.861866236853499945e-01,7.274269395258333715e-01
5.080589751957218514e-01,8.613233237997298675e-01
5.151243038244233130e-01,8.571165382480253614e-01
4.191087275869289641e-01,9.079369111713779805e-01
4.817547876964243247e-01,8.763070564019590503e-01
4.361444617388745004e-01,8.998775593860733890e-01
3.872032876641997023e-01,9.219951741832119740e-01
5.387030503024636818e-01,8.424945867327929827e-01
4.654834690280367226e-01,8.850575560301053857e-01
5.270063191989567963e-01,8.498624767118723167e-01
4.962920313530657657e-01,8.681545785892754719e-01
5.130474900757129308e-01,8.583613271577027470e-01
7.588477525604899743e-01,6.512664239458697546e-01
5.007422360580816578e-01,8.655975387558628720e-01
7.605871222953465294e-01,6.492375384238393554e-01
5.174726638019967462e-01,8.556986107927697649e-01
4.074832599416023937e-01,9.132117876413368140e-01
5.182334942992028459e-01,8.552403121900274963e-01
4.253409049012077947e-01,9.050341500066872991e-01
4.702912442132353710e-01,8.825102293108229023e-01
4.152112851680483385e-01,9.097240839414217906e-01
7.599287423964702359e-01,6.500080889138544205e-01
4.544921596713732970e-01,8.907497210478172445e-01
5.168201709596049742e-01,8.560928144634158965e-01
7.602040711018279717e-01,6.496826384879017535e-01
4.191865550069914237e-01,9.078991658541888388e-01
5.808939449263607058e-01,8.139779213161472127e-01
5.154117050884851059e-01,8.569415057152355297e-01
5.252989184402432343e-01,8.509189815155220327e-01
4.172024238597242807e-01,9.088126154089182229e-01
7.620985135526852083e-01,6.474628650664273621e-01
4.177125305131517141e-01,9.085802199444079630e-01
5.176816462808264685e-01,8.555721138155981675e-01
5.163199380312875064e-01,8.563969914653031257e-01
4.178591447894070554e-01,9.085128148575505325e-01
5.159781986715640256e-01,8.566029400571291141e-01
7.599130473338742142e-01,6.500265450104052434e-01
7.604961296076584443e-01,6.493406523289334542e-01
5.150330260807539640e-01,8.571691002459449482e-01
5.148921811949417338e-01,8.572537101492330169e-01
4.806877288077816002e-01,8.768906903019466625e-01
7.607621768227621484e-01,6.490289171708465421e-01
4.136835577722415280e-01,9.104197368273646562e-01
5.627843378452147549e-01,8.266024066921561220e-01
7.718078308976411561e-01,6.358577275567567355e-01
4.470935945485245977e-01,8.944860920433282958e-01
5.177331863965999315e-01,8.555408723919583069e-01
5.170490226398178901e-01,8.559545195263575934e-01
7.604424699198382154e-01,6.494034373952499717e-01
5.111807636094545249e-01,8.594744850529758562e-01
7.672155438857599652e-01,6.413874508569411548e-01
4.243302798939621590e-01,9.055085499209142297e-01
5.057842067183421220e-01,8.626587709470633358e-01
7.602447224753662303e-01,6.496348835734128135e-01
4.257430397475468475e-01,9.048451906888861362e-01
5.146685288243113554e-01,8.573879320361441625e-01
4.811974655293204117e-01,8.766109984029530899e-01
5.159095257355299502e-01,8.566417546175302267e-01
4.068602900538720313e-01,9.134914410476324687e-01
4.514864053910558894e-01,8.922791579946688367e-01
4.236658847801881844e-01,9.058196375050234783e-01
5.015972609434238283e-01,8.651025705292108015e-01
4.497705922513463017e-01,8.931452944818840667e-01
5.158561521129871874e-01,8.566765688459118122e-01
5.167207213928123322e-01,8.561553716463353725e-01
4.230433423646044466e-01,9.061083353452491496e-01
4.777342591222087931e-01,8.785031373427730772e-01
3.905662579275711588e-01,9.205737882465799826e-01
4.269168182211515727e-01,9.042920289883306095e-01
5.427575738567919084e-01,8.398908497724358879e-01
5.168803275355817739e-01,8.560562903235290344e-01
4.233041314688843482e-01,9.059865170611748342e-01
5.207400535298215560e-01,8.537166841608146983e-01
4.270918295802376696e-01,9.042071056524849659e-01
5.157117145446947770e-01,8.567635671780571283e-01
7.515648571339260675e-01,6.596571736369347683e-01
4.243300401931786037e-01,9.055064449931293780e-01
6.833491644262359443e-01,7.300898376024843595e-01
4.161303790552318693e-01,9.093038023045999507e-01
4.852638047885100558e-01,8.743664437585332294e-01
4.346733811993768182e-01,9.005893840818092189e-01
5.120946141872826374e-01,8.589275899095012434e-01
4.218435773703066438e-01,9.066698334684357707e-01
7.399982494494146135e-01,6.726066649315995960e-01
5.168843276147656596e-01,8.560567486317901542e-01
4.016377598124021286e-01,9.157997838532452306e-01
4.220189137366719412e-01,9.065882511374852015e-01
4.542926607713572151e-01,8.908511813210049368e-01
5.159551458736161278e-01,8.566171120117117566e-01
5.164913210096913065e-01,8.562939399359666970e-01
5.158886394156104727e-01,8.566571700086457186e-01
4.195393566395968499e-01,9.077383791962969628e-01
4.210675791929301415e-01,9.070305126619746527e-01
5.137469683996427339e-01,8.579402328585705728e-01
4.428821516019350035e-01,8.965811569479394949e-01
4.831430587093274442e-01,8.755428689319608715e-01
4.203479508024227096e-01,9.073617344235290760e-01
5.138396060441838831e-01,8.578878158702194501e-01
4.201410907978286868e-01,9.074600581791599785e-01
5.165354466540693634e-01,8.562642494394656634e-01
5.590249847146038231e-01,8.291491197868374741e-01
5.029717163995398588e-01,8.643043973074491237e-01
4.768483972742947885e-01,8.789870091751997849e-01
4.190843964367554908e-01,9.079460022764216376e-01
7.600014140328494872e-01,6.499237445503291966e-01
4.200051837223136020e-01,9.075204126923169801e-01
5.248815630954695166e-01,8.511736376638737722e-01
7.599843137117809899e-01,6.499390358324200756e-01
7.524920088951779773e-01,6.585990172488099814e-01
4.552005396285874195e-01,8.903903758995267426e-01
7.625010773589206980e-01,6.469845317231635029e-01
4.697702716678505697e-01,8.827901924022343305e-01
4.361569812158348491e-01,8.998692013578177828e-01
3.958555869969341279e-01,9.183140571251726669e-01
5.155739825952443400e-01,8.568433968178928994e-01
7.572748319677998774e-01,6.530987964020465997e-01
4.898782647641305443e-01,8.717924439852895446e-01
5.124001870848005069e-01,8.587484598571430983e-01
4.206159300363747633e-01,9.072374273004504275e-01
5.194644098651785002e-01,8.544937859171878314e-01
4.407612632603822300e-01,8.976228958350730425e-01
5.163163262473395854e-01,8.563996969218581334e-01
4.593960073985456916e-01,8.882331196973812792e-01
4.263427749745344886e-01,9.045602361428697336e-01
4.041927772629415605e-01,9.146724486694506329e-01
4.625972997893434413e-01,8.865669478473648946e-01
4.275585688914657068e-01,9.039861883071006465e-01
4.245057733389362431e-01,9.054237683196779685e-01
4.191509945168468976e-01,9.079179851822700709e-01
4.279558060573300793e-01,9.037981812236276502e-01
4.203517922134022422e-01,9.073626711049156413e-01
4.451618964291514935e-01,8.954485526936755146e-01
4.608865312093242128e-01,8.874574648271307264e-01
5.124233321196276503e-01,8.587347676921310846e-01
5.176426803551623657e-01,8.555950887751062606e-01
5.167411417667042706e-01,8.561398799680419724e-01
5.040682242014601355e-01,8.636620694426757616e-01
4.433180974120791706e-01,8.963659231247160797e-01
5.171963643368344687e-01,8.558686045560920386e-01
3.963190469135740024e-01,9.181142651218209272e-01
5.129962735523090345e-01,8.583926600083456870e-01
4.090182899517920134e-01,9.125247280420172302e-01
5.161378003428442884e-01,8.565073982307348510e-01
5.161152234882749879e-01,8.565173165495598706e-01
4.037744773082067029e-01,9.148600012378934609e-01
5.175958372816629183e-01,8.556270967411720996e-01
7.661914713759083728e-01,6.426095620168752465e-01
5.165939223052699036e-01,8.562324110038056491e-01
4.196537306133457657e-01,9.076858105806702159e-01
7.598813390681040669e-01,6.500645953080699257e-01
4.796035264830406097e-01,8.774870691988044813e-01
3.851573463588164881e-01,9.228494996947808060e-01
4.181247655409559005e-01,9.083880665937622556e-01
5.126928052296882976e-01,8.585702279873939080e-01
5.273130018372724770e-01,8.496691606827985188e-01
4.218360591485703637e-01,9.066736847863963167e-01
5.132917975347435213e-01,8.582122510454965880e-01
5.144609311417329689e-01,8.575118965740526900e-01
7.600751504338068010e-01,6.498380284120143235e-01
4.378928229665894900e-01,8.990288226134542926e-01
5.113394621526078376e-01,8.593768997232656970e-01
4.291927604814352315e-01,9.032145304927768903e-01
4.085756034912000345e-01,9.127229410819310829e-01
7.608248338766523400e-01,6.489544215303451047e-01
4.173029861228074733e-01,9.087689975280208721e-01
4.177660771349245294e-01,9.085530391020978369e-01
4.181637242231698859e-01,9.083732714306479439e-01
5.157070227362454684e-01,8.567630201505423981e-01
3.980722347457769095e-01,9.173556068204872238e-01
4.912155008355767460e-01,8.710399697072394032e-01
5.044162458858150178e-01,8.634586804556428907e-01
5.118529145871060226e-01,8.590711220055220476e-01
6.013825932479671676e-01,7.989635171536841884e-01
7.634203989783376887e-01,6.458989637863029598e-01
4.337665348302913171e-01,9.010236076348775436e-01
6.609347130535154768e-01,7.504459913503653823e-01
4.078400566994608289e-01,9.130517911001422293e-01
4.216015404165243119e-01,9.067828611618292678e-01
7.603210839200775784e-01,6.495504251970274368e-01
4.834125312965424914e-01,8.753945820991098081e-01
4.354143066507647486e-01,9.002319078831781951e-01
4.669749137261002270e-01,8.842724175051287494e-01
4.177289656643224380e-01,9.085700289202361946e-01
5.175268088950920609e-01,8.556690532893655998e-01
4.179148333539768889e-01,9.084878745047693105e-01
4.196758719466211485e-01,9.076757243806540254e-01
4.238942487243040902e-01,9.057133993341500711e-01
4.191312326675852851e-01,9.079239726322131387e-01
4.212958738101880707e-01,9.069249556839504844e-01
4.140592201467345190e-01,9.102516269833532681e-01
7.601752712404644674e-01,6.497149636000063566e-01
5.160562472546129653e-01,8.565568064670525672e-01
5.159402308256153535e-01,8.566224755687643633e-01
7.609395456118994705e-01,6.488258993924211904e-01
5.145197705816247913e-01,8.574763933752813649e-01
7.607424013500783122e-01,6.490570659897345607e-01
4.123937872016315564e-01,9.110039811416942301e-01
4.215553356776404748e-01,9.068044247293611804e-01
4.112027285403729304e-01,9.115422078171157017e-01
3.944801083696198862e-01,9.189028318228863457e-01
4.191290698357817424e-01,9.079249081791219700e-01
7.617638003662448032e-01,6.478580509133389231e-01
5.170085836070104079e-01,8.559823914098002584e-01
5.147422702001202000e-01,8.573471378615942218e-01
6.429134716167581587e-01,7.659360985246916886e-01
7.513706153888731754e-01,6.598772616229356958e-01
5.172844968663062870e-01,8.558113047652359251e-01
5.080447183717611281e-01,8.613328609990179574e-01
4.952230985963741450e-01,8.687637218655565041e-01
5.222811292204007083e-01,8.527711311546346540e-01
4.294379334265562287e-01,9.030945302896078442e-01
4.191577694783730212e-01,9.079116120349954855e-01
7.835562989013173940e-01,6.213241574942313106e-01
5.443716897316359660e-01,8.388417778742603970e-01
3.365365330521412623e-01,9.416718708919438185e-01
7.605030490956217193e-01,6.493376679219705627e-01
4.117696664155271469e-01,9.112897536268237397e-01
5.149621970601091503e-01,8.572106355173094716e-01
4.210244558653831737e-01,9.070474410593506454e-01
4.639359312145658887e-01,8.858667119255794198e-01
5.131785848207481848e-01,8.582841155485012585e-01
4.796360948051591189e-01,8.774653866966616311e-01
7.627378252507208689e-01,6.467111950173184409e-01
5.003696119953813248e-01,8.658141176626589219e-01
7.605222548897042634e-01,6.493152373065627092e-01
5.194129568269946207e-01,8.545256676392830597e-01
5.083302663943747302e-01,8.611599436406445207e-01
4.975313612890840398e-01,8.674482012479831639e-01
4.206781918583811786e-01,9.072118016596921741e-01
4.366667871714518534e-01,8.996213681989626565e-01
5.135787641520186408e-01,8.580401486008797374e-01
7.599524411403172364e-01,6.499752498965349901e-01
5.168035570762548048e-01,8.561016753259603762e-01
7.594015629375929777e-01,6.506187683267506960e-01
4.210905006021236630e-01,9.070167045440225007e-01
4.511157461063029506e-01,8.924675137826176829e-01
4.121497758493540831e-01,9.111179927442267790e-01
5.100701297263009470e-01,8.601304783232746054e-01
4.299834570042919690e-01,9.028347926942912327e-01
5.538107834542351782e-01,8.326399981644374559e-01
4.949936550786965261e-01,8.688943054521738318e-01
5.191207032334443916e-01,8.547033350711494837e-01
7.261528964203189940e-01,6.875366039646912952e-01
5.275455702169447036e-01,8.495242974485830434e-01
4.276075541261780688e-01,9.039625041650396486e-01
5.152447507309584340e-01,8.570454652985581845e-01
5.601378579989367834e-01,8.284020049573652678e-01
5.152835088293592491e-01,8.570173910375726845e-01
4.431704771955747857e-01,8.964352968111510833e-01
4.356058109848736648e-01,9.001355048654602342e-01
5.136657573059593140e-01,8.579927717073807525e-01
5.176642491300008642e-01,8.555862730509975478e-01
4.251950367344400905e-01,9.051037476212835386e-01
7.067356635635377859e-01,7.074810313787983640e-01
5.058276575882649784e-01,8.626369461392868754e-01
5.119668595357593777e-01,8.590027813343724672e-01
5.091573087517125007e-01,8.606758850044530229e-01
4.148984438563900756e-01,9.098696919717546017e-01
4.239975637989098489e-01,9.056613213762453318e-01
5.092118343338651876e-01,8.606436310333286377e-01
4.335856093088296115e-01,9.011144332234293230e-01
4.585608596412905635e-01,8.886608288228657893e-01
5.142297373481582445e-01,8.576500324151525856e-01
4.230388640399868061e-01,9.061135531315678282e-01
4.218319405817498868e-01,9.066760493970701384e-01
5.955348315489820132e-01,8.033323283752885624e-01
4.690906191300670547e-01,8.831477950874759841e-01
7.660271090525850868e-01,6.428119329028844087e-01
4.180220380298151905e-01,9.084348834825950458e-01
5.101995774430705399e-01,8.600535952531592754e-01
5.034199900319045184e-01,8.640394295344338005e-01
5.087293873161925495e-01,8.609289270966470342e-01
4.311046003153191086e-01,9.023040297477342708e-01
4.171551410127283255e-01,9.088332853898276609e-01
4.149052251254509716e-01,9.098626328227948923e-01
4.189914475961548090e-01,9.079922054347510096e-01
5.048214478855452825e-01,8.632262416103845259e-01
5.165558188986826282e-01,8.562560356229579339e-01
3.831258422584426504e-01,9.236942869671638245e-01
5.146225337172244396e-01,8.574143332245796056e-01
7.599217181970965296e-01,6.500108874968392181e-01
4.713464858398952462e-01,8.819504486087275108e-01
4.188311904545499731e-01,9.080661807713136247e-01
6.933206892204970551e-01,7.206257530517217180e-01
5.091538872172950425e-01,8.606780224184458206e-01
5.140759262286092035e-01,8.577421323730459735e-01
7.802229928563224615e-01,6.255053373736564337e-01
4.134644219654083352e-01,9.105223290244381928e-01
4.177770204857818026e-01,9.085475157616007547e-01
5.182274704895439843e-01,8.552454026966881395e-01
5.219947772468550573e-01,8.529460833805919684e-01
4.202665118483812634e-01,9.074028109943862441e-01
5.169750548263536416e-01,8.559978696220245098e-01
5.164477127131922307e-01,8.563213310102125719e-01
4.714904717853725113e-01,8.818735340691429281e-01
7.637487210219264799e-01,6.455098097375063793e-01
6.966655049443832848e-01,7.173925768454411100e-01
5.135924309025112766e-01,8.580316651913353354e-01
4.935730726265029622e-01,8.697068399325791344e-01
5.151533773255041471e-01,8.571006334534925220e-01
4.276297816616254632e-01,9.039517813068924657e-01
4.173555451855545662e-01,9.087454119437217148e-01
5.113372002355758283e-01,8.593775372171380544e-01
4.198529722310494483e-01,9.075899748548177381e-01
4.250057705270637864e-01,9.051884515633820127e-01
4.190842418833516936e-01,9.079451926742907464e-01
5.134624598032966336e-01,8.581147095261314472e-01
5.157618995604928980e-01,8.567346314340823499e-01
7.837582404072638287e-01,6.210619853373715582e-01
4.249396674170111687e-01,9.052238709972318942e-01
5.124170613376122230e-01,8.587393733992567668e-01
5.085502787187288209e-01,8.610296536429219438e-01
3.882418784719300353e-01,9.215595269611244200e-01
5.150318787846820401e-01,8.571683476203246776e-01
7.602410673140898023e-01,6.496450282917860530e-01
4.200532299494417754e-01,9.074972777454806128e-01
4.144377464205467598e-01,9.100755028225673282e-01
4.301349187418135323e-01,9.027623702732330280e-01
5.144129812915703148e-01,8.575398887387198910e-01
5.157094193351653422e-01,8.567608433295471615e-01
4.648396239034279787e-01,8.853924499830760908e-01
5.131114068876081458e-01,8.583193135200112289e-01
4.949604962338080005e-01,8.689128623373276739e-01
5.015824297320045089e-01,8.651125151506066091e-01
4.396893679071000594e-01,8.981475792269512093e-01
4.783161644258713263e-01,8.781902443293251315e-01
4.278249484238889622e-01,9.038593374418023574e-01
7.599867624752680850e-01,6.499345066508384061e-01
5.170400939296310172e-01,8.559584211241992868e-01
7.605105789767945268e-01,6.493296010221218939e-01
7.736042462430966493e-01,6.336731874916402552e-01
5.139747222758128675e-01,8.578025805416604754e-01
4.197797117514915355e-01,9.076237746839116438e-01
7.608623202298745447e-01,6.489174176969897401e-01
4.078472700705597642e-01,9.130479726793206963e-01
4.189637623175974657e-01,9.080052123600116376e-01
5.144298764595631734e-01,8.575352292914637520e-01
5.088211809572178446e-01,8.608694798019107530e-01
5.111939871129377311e-01,8.594625890924629807e-01
5.168349457452171558e-01,8.560878802400705423e-01
5.146222496371287702e-01,8.574198385028604097e-01
5.170175065146811466e-01,8.559719612142644429e-01
4.430308127662898610e-01,8.965039303886088717e-01
7.606993022386130399e-01,6.491002211489902418e-01
5.112573400016753311e-01,8.594248363056307127e-01
4.184739276394334739e-01,9.082311406151066802e-01
4.234469722096193545e-01,9.059232623334738665e-01
4.111146314852756056e-01,9.115813419403763218e-01
3.444340865541883900e-01,9.388124417875203243e-01
4.202534852047987712e-01,9.074043648964034148e-01
7.624229726185425271e-01,6.470746550300985334e-01
4.151497088753192122e-01,9.097507511725421159e-01
5.149258111004484384e-01,8.572376731367551406e-01
4.143754840059444278e-01,9.101083721135302396e-01
4.969014967215377165e-01,8.678041205592957885e-01
4.092273579557487162e-01,9.124301089604992532e-01
5.160551552024821298e-01,8.565583095956208481e-01
4.462869851452676562e-01,8.953190053140462901e-01
5.833856102620518236e-01,8.105625048193085824e-01
7.368674543469195815e-01,6.742570372667678891e-01
5.398655703967432107e-01,8.412815799195284550e-01
6.862790888773593334e-01,7.240408022659573506e-01
5.938761766284186283e-01,8.026641782323115093e-01
7.507366884268056317e-01,6.597879520793713537e-01
6.523749641452514236e-01,7.547118184525107853e-01
6.287669848380599280e-01,7.748317011918760544e-01
6.320064741583827361e-01,7.721242459534956026e-01
7.733649574872974997e-01,6.353778839076369422e-01
4.360506945153534986e-01,9.002146526169728658e-01
3.924420696961226640e-01,9.189999934144682525e-01
5.238382043345295447e-01,8.516818978503416515e-01
3.940574287963894973e-01,9.184070484612373297e-01
6.149187185232862785e-01,7.861553859039895897e-01
3.570256221284787701e-01,9.316829382783183844e-01
7.094819542096728604e-01,7.017861848193893692e-01
4.926340355368817869e-01,8.705846491397042364e-01
7.770809896926830218e-01,6.312949342667438790e-01
6.507986493359301239e-01,7.560846246263847048e-01
4.132138168700952852e-01,9.105188712645922999e-01
7.331811891969952644e-01,6.780522186721911204e-01
5.024051678154035638e-01,8.648661203763582384e-01
5.359434900901555165e-01,8.438545857811904360e-01
6.074275658323130545e-01,7.921249148412573549e-01
3.784531624199601874e-01,9.242874751191494376e-01
5.962823328374240450e-01,8.008322632104225569e-01
3.483549621848980316e-01,9.344254741322883806e-01
5.257828002738053064e-01,8.504336722645328139e-01
4.197257581101325186e-01,9.076630119685699105e-01
7.575319897762704535e-01,6.525570290071791568e-01
6.962394060881913482e-01,7.145968964975716320e-01
6.047908500456544711e-01,7.942049323025880403e-01
7.796393544753550398e-01,6.284508319208389482e-01
6.991861355435978753e-01,7.117777808854477417e-01
7.519474070864551329e-01,6.584953145555016985e-01
4.247107199981879910e-01,9.054359937095792787e-01
6.713643433203568822e-01,7.378170799632673971e-01
6.045184698860236461e-01,7.943981185414792368e-01
4.543967920580513908e-01,8.912640396630602257e-01
7.359173471363247288e-01,6.752333573952897794e-01
7.581426457088628057e-01,6.518996125622791293e-01
6.550402139650246536e-01,7.524124638112238417e-01
6.847670147055495704e-01,7.254296478161734729e-01
3.869228842257060874e-01,9.211247680025355100e-01
5.878695802019857641e-01,8.072327368014065030e-01
5.564527592036772052e-01,8.299858386667779975e-01
5.140130496353541023e-01,8.578255181577081334e-01
6.755015022297728988e-01,7.340051306422655797e-01
6.745823887319467582e-01,7.348719965845030844e-01
7.607466081678013747e-01,6.490968088716126960e-01
5.661816494032940739e-01,8.231505556767422238e-01
5.090671997729377951e-01,8.608305316288544784e-01
4.704524647394920933e-01,8.829262817807850272e-01
5.601271422297703362e-01,8.274216941445829976e-01
4.601187447586212453e-01,8.883537125875355933e-01
6.950333853125718608e-01,7.157523509009295903e-01
5.723289006823805147e-01,8.186917642129152295e-01
4.434780694852448191e-01,8.966915209544645826e-01
5.819383173092363970e-01,8.116459363930338400e-01
7.309943701058010390e-01,6.803029909644767725e-01
5.530114215269869016e-01,8.323724560705151321e-01
4.318300144308232502e-01,9.022127260434877893e-01
3.614765988701132415e-01,9.302190032929827934e-01
3.798703298913488902e-01,9.237999111565385890e-01
5.588359358457997139e-01,8.283113860159171393e-01
3.667250977499647013e-01,9.284561234650131611e-01
6.509493137490743875e-01,7.559900293548786898e-01
3.795692854901144830e-01,9.238869128906542771e-01
7.234524984689215676e-01,6.879329096919483133e-01
5.902923488832270138e-01,8.053894168023860711e-01
6.166231441291949444e-01,7.847996648830503075e-01
7.564337335782469474e-01,6.537525593201248819e-01
7.008450247889700391e-01,7.102050543108295866e-01
6.339865466496148461e-01,7.704997803529933798e-01
7.292226775945367390e-01,6.820778802875258062e-01
4.217056100408038688e-01,9.067984869838289219e-01
3.783997214526030328e-01,9.243075816365510233e-01
6.490310114460036139e-01,7.576534059188043679e-01
5.023754521316179389e-01,8.648560918392778074e-01
6.720716862623266064e-01,7.371554166374549855e-01
4.343086938098819072e-01,9.010468362476102833e-01
7.461675574026607194e-01,6.646013183588317386e-01
6.447848009804156844e-01,7.613135086165406795e-01
3.865518590435884083e-01,9.212869947205167831e-01
6.498903402456581713e-01,7.569027041600422390e-01
3.513583543059811132e-01,9.334649341418483903e-01
7.368108752824613639e-01,6.743011038749140429e-01
3.912105838042795325e-01,9.195097263990495984e-01
6.690906244187047047e-01,7.398442012643768884e-01
4.493212556160272042e-01,8.937998779529526816e-01
6.558253007026544346e-01,7.517167135261697553e-01
5.475700905990286138e-01,8.360703960810788038e-01
3.851601676929427009e-01,9.218225852185717439e-01
7.080317630239723048e-01,7.032172675458603361e-01
3.958981480964052224e-01,9.176760647123173298e-01
5.585642749732189216e-01,8.284941177869996620e-01
6.339571349266204248e-01,7.705090103562263204e-01
3.825351817625069484e-01,9.227935968772953412e-01
5.832666745338259684e-01,8.106854177215654378e-01
4.189943882116737850e-01,9.079820933247805259e-01
5.905820075884684606e-01,8.051684428713230535e-01
7.010221957825510941e-01,7.099995423942254691e-01
4.708142074233420127e-01,8.827329998281917556e-01
6.958751399029292628e-01,7.149766033921207686e-01
7.658786758612410317e-01,6.435800956319830401e-01
7.673538866361522270e-01,6.419750097464691496e-01
6.083751364646907689e-01,7.913625848784199279e-01
4.147599135753555211e-01,9.098611378236473035e-01
3.825727172480059557e-01,9.227728049473502558e-01
5.175801437561973195e-01,8.556087048349367841e-01
3.415302290653658979e-01,9.364735329061987246e-01
6.457024967836135776e-01,7.605165707525921581e-01
3.627699321192348059e-01,9.297893742598890565e-01
4.423198480609190075e-01,8.972224315815640061e-01
7.342285273746798069e-01,6.769793151217186056e-01
4.520098107371939289e-01,8.924537316175078505e-01
5.912131961978052130e-01,8.047056566332693173e-01
6.732256082339052039e-01,7.361071524763281859e-01
6.422573996493137205e-01,7.634892811168288995e-01
5.552461543951481282e-01,8.308174605951105240e-01
4.683447834097176354e-01,8.840462142748587437e-01
6.709980914918863837e-01,7.381487752203190755e-01
3.881672501359827443e-01,9.206498069113019378e-01
5.625654536548325702e-01,8.257017706116069888e-01
4.201935964686653868e-01,9.074911484040565357e-01
3.864513281652170451e-01,9.213264487976177142e-01
6.549128788508229437e-01,7.525166646779450907e-01
3.515557072832701802e-01,9.334179603861880725e-01
4.678897263333058332e-01,8.842772778155970625e-01
7.223488958487618294e-01,6.890288579732699592e-01
4.552364014493315292e-01,8.908223791532118296e-01
5.858115877855755160e-01,8.087691982630279552e-01
3.972877769129451453e-01,9.171030851978336784e-01
7.669911077995681392e-01,6.423635669500922241e-01
4.743538240542458095e-01,8.807955598907396544e-01
3.659899926174658980e-01,9.287058680927863241e-01
7.126561199414187531e-01,6.986578964287400995e-01
6.413073716628689969e-01,7.642799430813879136e-01
5.628908549297861885e-01,8.254823125828897323e-01
4.864942038733973684e-01,8.740830737381886095e-01
4.601394456974811642e-01,8.883320024370896517e-01
3.394246464172829270e-01,9.371188592260749628e-01
7.359584462913297820e-01,6.752006981425906496e-01
7.307054812682303169e-01,6.805933717557722806e-01
3.752606435200038226e-01,9.254537949685220921e-01
6.627248291415607229e-01,7.455943026722935407e-01
7.156687035943378739e-01,6.957051825510128795e-01
7.643245742475894833e-01,6.452651762798777835e-01
6.125689848332817045e-01,7.880536464740897085e-01
6.982045263257328216e-01,7.127118827198507534e-01
4.367648231601123920e-01,8.998893971117519763e-01
3.831172147718316379e-01,9.225584433139317753e-01
4.238999510541520133e-01,9.058016232606694862e-01
4.932043034413737259e-01,8.702362669749649227e-01
4.742606084477419826e-01,8.808660822553008307e-01
6.317203212559547865e-01,7.723710927823083106e-01
7.261448780489725419e-01,6.851884009307808165e-01
6.404306308948743975e-01,7.650407299142579776e-01
5.836832888470577796e-01,8.103634527981690150e-01
4.852280390467001991e-01,8.747836475142009016e-01
6.428984952483316473e-01,7.629246796058810620e-01
6.222223376494860902e-01,7.802341637796541551e-01
5.421104854043075072e-01,8.397681180661512590e-01
3.954789990688162282e-01,9.178207661881534474e-01
3.906312285222112157e-01,9.197407695221434532e-01
7.061600067739468578e-01,7.050201637132229582e-01
5.001140095584499790e-01,8.662289688594018155e-01
5.331455808569254273e-01,8.456829587805039239e-01
5.621729679102652755e-01,8.259737274858244271e-01
6.792411114540206629e-01,7.305982796367124221e-01
4.857501086627233899e-01,8.745178637236534769e-01
7.805872539725184911e-01,6.274193004713447541e-01
5.683706446851635175e-01,8.215540492604341827e-01
3.367879194027425527e-01,9.378777708965720938e-01
5.164810515788189615e-01,8.562896658186704979e-01
3.691462083590694165e-01,9.275985141945471968e-01
4.699555008756612917e-01,8.831940129024394848e-01
4.290906312809893430e-01,9.034721906451685935e-01
5.386870150029341442e-01,8.420435660460525717e-01
6.794237101529447820e-01,7.304342353444731595e-01
5.504751494767421427e-01,8.340929136083735651e-01
3.769999364014933740e-01,9.248198769843025691e-01
4.571337613382541187e-01,8.898659779019670868e-01
6.410930732598446591e-01,7.644792384256854367e-01
3.379913369763435371e-01,9.375010373430385791e-01
6.412212503531347085e-01,7.643677120756077192e-01
4.025479102450232882e-01,9.149627659019917703e-01
6.735063458996951580e-01,7.358621972607596318e-01
6.324638332616026037e-01,7.717701059864108259e-01
5.900733521649413893e-01,8.055613860825321382e-01
4.910547161914990966e-01,8.714764244087525036e-01
5.080704481775164538e-01,8.614707601669889803e-01
7.633657267348558095e-01,6.462721116509778652e-01
7.789140933977083403e-01,6.292745674947161083e-01
3.578507832023029578e-01,9.314262621381186324e-01
5.883195281848997427e-01,8.068684004562151069e-01
5.368131897254040386e-01,8.432626925708582855e-01
4.842868836928313492e-01,8.753378638499466069e-01
6.313221425719912627e-01,7.727147833526690768e-01
7.241267081092264135e-01,6.872535925323189909e-01
7.120033161658391174e-01,6.993257596688692290e-01
5.200695365182437246e-01,8.540686965857036128e-01
6.396838847592006827e-01,7.656723828212131933e-01
3.889926247203073228e-01,9.203735474639209713e-01
6.702818851722377458e-01,7.387678288802597137e-01
3.869483321007361476e-01,9.211515577743413230e-01
7.362657166533730368e-01,6.749026831026363471e-01
5.743199505316177733e-01,8.172855236026402848e-01
4.432700714036371670e-01,8.967724319242024178e-01
4.740001677521434864e-01,8.810098546617642912e-01
7.396205563403571714e-01,6.714231521193110286e-01
5.347456237009383662e-01,8.446268793276953124e-01
6.203365175954520527e-01,7.817676058330927935e-01
7.404051860685132436e-01,6.705907292681309029e-01
5.654517640043268401e-01,8.236672409537585393e-01
7.275779654849551248e-01,6.837379376960797117e-01
4.979564574006394295e-01,8.674584847528020726e-01
5.494049512657213086e-01,8.348392143972915846e-01
5.748959726977443951e-01,8.168521891436227866e-01
4.649412641910124488e-01,8.858431338603959260e-01
3.868316902630561382e-01,9.211835476172473003e-01
6.839815766990764434e-01,7.262011934025277560e-01
5.666298518549386376e-01,8.228259625050505788e-01
6.213129797187110226e-01,7.809510907861997309e-01
7.783981952454575026e-01,6.298561489614614706e-01
7.230366077172938333e-01,6.883360958083339920e-01
6.893192101546836703e-01,7.211972000434492269e-01
4.797252884706069143e-01,8.778513053232758212e-01
7.409997010465807499e-01,6.699883810713004317e-01
6.639731960787911280e-01,7.444609282373760850e-01
6.605746039241282563e-01,7.475059364441293264e-01
6.224154981056494451e-01,7.800763722339677519e-01
7.302785612448366992e-01,6.810164904782923800e-01
6.930630186716186802e-01,7.176385679371125592e-01
4.971694772090753389e-01,8.679384299830057437e-01
5.382538270409845671e-01,8.423522171406833126e-01
5.934687456223947111e-01,8.029783126250709113e-01
4.164061802288686609e-01,9.091159991063314516e-01
7.038767700464612087e-01,7.072532013080424784e-01
6.004469692647288470e-01,7.976134969863296620e-01
5.389974066483558257e-01,8.418264371513174416e-01
4.525858180028004552e-01,8.921958696190522842e-01
3.605342460045780628e-01,9.305244422099100410e-01
5.475659658458174039e-01,8.360757774319651503e-01
6.236612233052473142e-01,7.790382823120939326e-01
6.013108488228345871e-01,7.969165645551906652e-01
4.288711039853377871e-01,9.035571362190610856e-01
6.495957187207985761e-01,7.571538698854111127e-01
7.534701088138369141e-01,6.569073055748344547e-01
7.331662313872124859e-01,6.780703273936110609e-01
7.008708308245304996e-01,7.101541663689142636e-01
6.639821914969580297e-01,7.444662724100764573e-01
7.560109984888472301e-01,6.541850121347987379e-01
6.824694597262681572e-01,7.275775563015878244e-01
7.005375741969834813e-01,7.104844376157363195e-01
4.368981795994498207e-01,8.998237551074851348e-01
6.741610440356686773e-01,7.352580573357013760e-01
4.764209874872053496e-01,8.796807626217897358e-01
5.252893072142896802e-01,8.507406172422607993e-01
5.694781731411948655e-01,8.207658240470288025e-01
4.658647235734554304e-01,8.853573206390974448e-01
3.602851958915584407e-01,9.305899049097238196e-01
6.996310324129861868e-01,7.113689696319011047e-01
5.736104101383007192e-01,8.177994285201586333e-01
7.224975994013637104e-01,6.888856846020930957e-01
4.216709044965598618e-01,9.068110707147548633e-01
6.787614235012906505e-01,7.310105364740986378e-01
5.710167006094633013e-01,8.196411878439761045e-01
3.640163561566343575e-01,9.293516216353182591e-01
3.768620214355345999e-01,9.248848449380686620e-01
6.394274485647040152e-01,7.658929515757089135e-01
5.589430587330126432e-01,8.282600928215800851e-01
7.683288481243188972e-01,6.409102996331468294e-01
5.126145023325651140e-01,8.586955935530435902e-01
3.398094627606452200e-01,9.370070292055346917e-01
6.464688723074293319e-01,7.598376098479991958e-01
5.952481677385383918e-01,8.016124509430073708e-01
4.541766087563497978e-01,8.913924162401301032e-01
6.186840481919804180e-01,7.830973713328974739e-01
6.980545670382247714e-01,7.128940825947109872e-01
3.852724425688479615e-01,9.217773430450778571e-01
4.621981313100839706e-01,8.872661778953938594e-01
6.764051470711466285e-01,7.331964591908465279e-01
7.399680662402925435e-01,6.710629395529468244e-01
3.643746117799835371e-01,9.292336690818504552e-01
4.145719798934366374e-01,9.099080256986167292e-01
6.744640026465549276e-01,7.349749532921543427e-01
4.455175027608602734e-01,8.956650300777317941e-01
7.358091782796567504e-01,6.753551244354893957e-01
6.301156273823926846e-01,7.737311576627459164e-01
4.672967473483957135e-01,8.846091486080301936e-01
3.936774380982516752e-01,9.185479545371439958e-01
4.572352434352761064e-01,8.898229091479620267e-01
6.465407890396611679e-01,7.597813478486092897e-01
3.872050026684186741e-01,9.210224637810550119e-01
5.744362108644606169e-01,8.171754906970866150e-01
5.759514640396768970e-01,8.160861174771570914e-01
4.482588118223503337e-01,8.943189780753200147e-01
3.998016686255409513e-01,9.160793514821511385e-01
3.389626905179410343e-01,9.372249310453976134e-01
7.002832733076939098e-01,7.107384557690261673e-01
5.854508054026873465e-01,8.090377041362734056e-01
5.387016190646595204e-01,8.420401450470337279e-01
7.394150691216425653e-01,6.716201072227357960e-01
5.575464442834819900e-01,8.292024139089951840e-01
4.450521978535332823e-01,8.959050391120224610e-01
6.348554089828952751e-01,7.697362645642585877e-01
7.662213306852514449e-01,6.431877966308275907e-01
7.617312932515569734e-01,6.480503385278778561e-01
5.619209428950419083e-01,8.261649445452052820e-01
7.603007028698824943e-01,6.495875787583889061e-01
3.895997627883590608e-01,9.201065114569609849e-01
6.673037405593906790e-01,7.414726315336380713e-01
5.121283315188789320e-01,8.589630368624333601e-01
7.762146753809576749e-01,6.322718603193905329e-01
6.845818473145247607e-01,7.256223502728033070e-01
7.109290316312525393e-01,7.003559787750052168e-01
3.723232505723633179e-01,9.264928487472549046e-01
5.612733621479256696e-01,8.266334243934485571e-01
7.695589371069158080e-01,6.395513318855611251e-01
3.573418767287843134e-01,9.315661198318719860e-01
5.703884730421110438e-01,8.201113265313864087e-01
7.765157568987144376e-01,6.319146868232046188e-01
3.562469203881588053e-01,9.319408424995737628e-01
5.819004141487180704e-01,8.116853682927741565e-01
6.223805342976491684e-01,7.800810198326033618e-01
7.419459147899479801e-01,6.689857280320722355e-01
4.684785865251430703e-01,8.839591966488281605e-01
4.509818698514500568e-01,8.929803992766888188e-01
7.177934819323676940e-01,6.936026207489862649e-01
6.850027077790145080e-01,7.252136516834639668e-01
3.439552419413000606e-01,9.357742953312911949e-01
5.559283230734231029e-01,8.303669328760681090e-01
7.772994593750329750e-01,6.310400740640155215e-01
3.562129371788524401e-01,9.319275263089669137e-01
6.694370636502413596e-01,7.395539347643372841e-01
5.891659565607998417e-01,8.062509413339389308e-01
3.473594343345541291e-01,9.347202708318907982e-01
5.823881330944560286e-01,8.113322825531015248e-01
5.136726154124755528e-01,8.580400076923745400e-01
4.272508382666697635e-01,9.042901395608405890e-01
6.297433399047944746e-01,7.740387551369308783e-01
6.743792325591293491e-01,7.350499412365576468e-01
3.532280738580780288e-01,9.328755891850962767e-01
6.444792931323359841e-01,7.615773038614668256e-01
4.557758028167402387e-01,8.905869539368852505e-01
5.361452313165014916e-01,8.437373349601354766e-01
3.880440545499065363e-01,9.207233472073445002e-01
4.000993711221791371e-01,9.159559765210215643e-01
5.529446047227820626e-01,8.324167601002778749e-01
4.626762891948927869e-01,8.870051169244641542e-01
7.006926440155202274e-01,7.103168386848789373e-01
6.657209192883002391e-01,7.429003583546038847e-01
6.338826212601027521e-01,7.705605976627833975e-01
6.177798125065380175e-01,7.838623387430977418e-01
7.509464251212032426e-01,6.595689919552816249e-01
6.257015135938820416e-01,7.773639511067165220e-01
6.636046336405478918e-01,7.447917423671061021e-01
4.027005816287200779e-01,9.149281603500906135e-01
6.794544130113806535e-01,7.303828441764372847e-01
5.386948809462993593e-01,8.420426722874185810e-01
4.259219301964594639e-01,9.049114265769034882e-01
6.263279080634857054e-01,7.768472569789889315e-01
6.677359746783104733e-01,7.410812849891761367e-01
3.421682960032774168e-01,9.362743888953839466e-01
3.573065747939813686e-01,9.315806632742700266e-01
5.143155645467125670e-01,8.576458131969532106e-01
3.530216468867851676e-01,9.329478451941168871e-01
3.984572871018828844e-01,9.166284197381947552e-01
5.125210348225885948e-01,8.587429672033795036e-01
7.471287177854011308e-01,6.635851886348267392e-01
4.926937495047692961e-01,8.705429454186985883e-01
6.817191793551331536e-01,7.282708358673745108e-01
5.403165872473874032e-01,8.409849065541705748e-01
5.956824376379843411e-01,8.012831950804453207e-01
4.627794782356769998e-01,8.869802700011414354e-01
7.362175886473155684e-01,6.749501867427938340e-01
6.472880616122567154e-01,7.591399269130154615e-01
6.957165371427335154e-01,7.150956866034938741e-01
7.024766388543426388e-01,7.086223324505945831e-01
7.603815673512801521e-01,6.494895825589979133e-01
3.755328055578650015e-01,9.253508720724034076e-01
4.944125059770776431e-01,8.695329759388353841e-01
4.067722579246201842e-01,9.132130229801239674e-01
5.502060342522557823e-01,8.343081271702221802e-01
3.570106048589372638e-01,9.316901876636132229e-01
6.672502760432736935e-01,7.415276246850185382e-01
4.281532592222503930e-01,9.038994350373855680e-01
7.395056089309672842e-01,6.715539756083758194e-01
4.053675550903018676e-01,9.137993764985757883e-01
5.155062226462059360e-01,8.568799635081358890e-01
5.541184549756581479e-01,8.315860829670962406e-01
3.686489666035586144e-01,9.277616639645914765e-01
3.442927718393841707e-01,9.356770401785636793e-01
6.630291999311228590e-01,7.453004469187917147e-01
5.892428521163161070e-01,8.061949209249126280e-01
4.234851047269281854e-01,9.059901903525447997e-01
6.616074026168349276e-01,7.465668727146530514e-01
6.516468270697062248e-01,7.553655564368656483e-01
4.845730635797287911e-01,8.751488779717098154e-01
3.733896551031092303e-01,9.260984227291340076e-01
5.255751542219490036e-01,8.505698694510789304e-01
5.167433981687359346e-01,8.561159569387803980e-01
5.891077773453645694e-01,8.062840255858979566e-01
5.771423993090013527e-01,8.151874429813631417e-01
5.731545228391029534e-01,8.181192644748908060e-01
7.248262018587600108e-01,6.865315991603383461e-01
5.631616768751279700e-01,8.252930934542656027e-01
5.710682431174870510e-01,8.196233384029101288e-01
7.610118811421533458e-01,6.488246545664781983e-01
6.130392543164016050e-01,7.876788454439858089e-01
5.735281982857634020e-01,8.178259123719666679e-01
6.883052731345731257e-01,7.221204509063688937e-01
3.931451679534185839e-01,9.187460612866902299e-01
3.779721489693178005e-01,9.244711122464819297e-01
5.390177762216740165e-01,8.418059848964684067e-01
7.482223219348753673e-01,6.624531333786166654e-01
4.064781307996371273e-01,9.133543437590168068e-01
4.506526810549089657e-01,8.931560672388950683e-01
7.549550144326440115e-01,6.552981644780992987e-01
5.504328129880688980e-01,8.341328363702666948e-01
5.319516937175275961e-01,8.464617667935485645e-01
4.528909425473059969e-01,8.920356314850655943e-01
7.759217538808145243e-01,6.325942603380277918e-01
6.911587183894798425e-01,7.194564467497873705e-01
5.481482923360339043e-01,8.357044201861875132e-01
4.900488796767856758e-01,8.720595044835285359e-01
4.914192918726328907e-01,8.712838481219472575e-01
6.358451403096121446e-01,7.689056440565649186e-01
6.101476730872319454e-01,7.899535077859700660e-01
5.115859409927127066e-01,8.593183157427713992e-01
7.543263307973131493e-01,6.559650320171241944e-01
6.325487810363231711e-01,7.716642901115174924e-01
5.352908533251349299e-01,8.442964782169332105e-01
6.911006415975282646e-01,7.194798191311340130e-01
3.659878337498194689e-01,9.287106066847019559e-01
3.720216538095137415e-01,9.266199333448230657e-01
6.955174700476628447e-01,7.152852900648951628e-01
4.082510430902485110e-01,9.126155153481806392e-01
4.046436704490976033e-01,9.141024804728071773e-01
7.657100935620424487e-01,6.437610965292811516e-01
7.073706431663215888e-01,7.038792814070128356e-01
3.877206830714794994e-01,9.208350157780152978e-01
3.607802949674843718e-01,9.304365313486034905e-01
3.721462865180971691e-01,9.265481639277830528e-01
6.505861568958659635e-01,7.562787498300089783e-01
6.506458114235718071e-01,7.562256721206377375e-01
5.360703759812170954e-01,8.437509991975474799e-01
3.986737128783474082e-01,9.165564881875932768e-01
6.507856049750292415e-01,7.561169021678568747e-01
7.453711750728848617e-01,6.654409409244742557e-01
7.236532441036812591e-01,6.877134460862203147e-01
6.896814757816180919e-01,7.208485726559888951e-01
3.366078600654732189e-01,9.379326456272732981e-01
6.337057663830703014e-01,7.707075988795643040e-01
6.815851808447199733e-01,7.284297699281847560e-01
3.526916868213110789e-01,9.330484429687010417e-01
6.337345317259182043e-01,7.706874833837792371e-01
7.527660998296189510e-01,6.576305489427558548e-01
6.955944327289302898e-01,7.152342160276066174e-01
7.459253589058614242e-01,6.648277568377884972e-01
6.785492856961350405e-01,7.312216275181802061e-01
5.456218623442136151e-01,8.374100804219170024e-01
5.232120507701809586e-01,8.520688132927902725e-01
7.333514848778082129e-01,6.778641643982625808e-01
5.409309057772072604e-01,8.405613777702368727e-01
4.953817257865055224e-01,8.690023040697082424e-01
4.505645163970507516e-01,8.931693261843406395e-01
7.328125841389112605e-01,6.784326524919407353e-01
7.389171163228960282e-01,6.721576257634876983e-01
3.756482470796874695e-01,9.253100081471422600e-01
5.993185420123825491e-01,7.984714612196690542e-01
3.899983596128258068e-01,9.199861243392803978e-01
5.724085147579361932e-01,8.186481262653134694e-01
7.818020338256080892e-01,6.260471962457454520e-01
3.891397275206677775e-01,9.202763610434573360e-01
6.411633224065097503e-01,7.643892312601421324e-01
4.706023678375710340e-01,8.828189155368284524e-01
4.898275370580413290e-01,8.721677333855671899e-01
5.879811012490027133e-01,8.071320308288931766e-01
6.132887177264899625e-01,7.874481814163214466e-01
4.687070367139929972e-01,8.838402267330086604e-01
6.680626559138604925e-01,7.407756228692143896e-01
4.104081999643797163e-01,9.117131377500906630e-01
6.931215919584987617e-01,7.175642844675848009e-01
5.852048010413866130e-01,8.092106764598306912e-01
5.659001886614831722e-01,8.233442601841033381e-01
4.835823870784851097e-01,8.757045913494682088e-01
6.336464608145201405e-01,7.707861150790383808e-01
4.887861199113018307e-01,8.727860483370394329e-01
6.367715889328331436e-01,7.681484885892965186e-01
3.511293424710973388e-01,9.335359609161812955e-01
6.314203825328776887e-01,7.726159187891320501e-01
4.808250575613020050e-01,8.772357779627901753e-01
4.017686920281862695e-01,9.153171197392435676e-01
7.207230296426200278e-01,6.906655391274619804e-01
7.766695499526399260e-01,6.317734498007669952e-01
6.123656397691332742e-01,7.881937174539501711e-01
5.093304777566118879e-01,8.606851453886925629e-01
5.912194213416428479e-01,8.046712059307126186e-01
6.426027711781242546e-01,7.631760417312376532e-01
3.698850191834976431e-01,9.273388445377888090e-01
6.315814926874998569e-01,7.724915539492372973e-01
3.892325488648946674e-01,9.202616085507580035e-01
6.754937018156843553e-01,7.340360832497171417e-01
6.314242772969896889e-01,7.726146261971426066e-01
5.073284269017509507e-01,8.619200054434893454e-01
5.643968416905763563e-01,8.244199461433957543e-01
5.770481106656617509e-01,8.152548927346251473e-01
4.470345141995819560e-01,8.949238056381607631e-01
7.618106098762806866e-01,6.479620045660641203e-01
5.171708063615726436e-01,8.558609962078018718e-01
5.257330458563495013e-01,8.504533196969268349e-01
4.776385196012804535e-01,8.790042648418452398e-01
6.306105167825279967e-01,7.732876757175903837e-01
3.900790424626511266e-01,9.199247130978853715e-01
4.083718577091306479e-01,9.125857260860842368e-01
7.811377025305619171e-01,6.267809284047656249e-01
6.813859713663461548e-01,7.286128406182527106e-01
5.575584875122977513e-01,8.292140042704596592e-01
3.638905617097007439e-01,9.294109658873400681e-01
6.333203814998193959e-01,7.710315420286040222e-01
4.127565466890887880e-01,9.106956174723411790e-01
6.566716396820599932e-01,7.509406937055483899e-01
6.169847865525441843e-01,7.844735472969004419e-01
3.558324229902035118e-01,9.320663163858436961e-01
5.750696278115972060e-01,8.167367480690862491e-01
6.103550044603376357e-01,7.898066253253025470e-01
4.658852998337255635e-01,8.853306954197208700e-01
4.047936434110394610e-01,9.140468656850406770e-01
6.405427125902625196e-01,7.649379767040526135e-01
3.660933380907746559e-01,9.286714652871543851e-01
4.746021856742653755e-01,8.806738888692564604e-01
6.428119674946394246e-01,7.630138604517685552e-01
5.553557861669544682e-01,8.307596700813000279e-01
5.990523444598774283e-01,7.986757146076658431e-01
4.374733907953033407e-01,8.995690349332762237e-01
7.812419888240892396e-01,6.266752383984942609e-01
7.377149378753390385e-01,6.733793885482955988e-01
4.997639108775819849e-01,8.664112506069380215e-01
3.553390540857276902e-01,9.322385316627023188e-01
7.581906525100958749e-01,6.518410790994499937e-01
3.728921790252204826e-01,9.262954544561941006e-01
6.894157164146047512e-01,7.211078747983261650e-01
6.648781747503824668e-01,7.436710313316275966e-01
5.693367759811812645e-01,8.208556396141937217e-01
7.821762924929949179e-01,6.256312432427428849e-01
5.722747012987819959e-01,8.187620020157913014e-01
5.532420512085090003e-01,8.322054581199387346e-01
6.602487478392299325e-01,7.477914761782485931e-01
5.077948059535827285e-01,8.616378238894827346e-01
4.775912727135204205e-01,8.790362529498875199e-01
4.792941819508044210e-01,8.781177052487545431e-01
7.308756221942160902e-01,6.804059954907203389e-01
7.500720314539842670e-01,6.604781883566942513e-01
7.735235138319742632e-01,6.352077271519503965e-01
4.560356530855856350e-01,8.904443015629068814e-01
3.371494342359941943e-01,9.377530663119145737e-01
4.151455997041226809e-01,9.096694650801209203e-01
6.750658564021994046e-01,7.344242678873085239e-01
6.368127901913850364e-01,7.681072029513061894e-01
6.834583480152758295e-01,7.266666825803986818e-01
7.210784818961935017e-01,6.903065656936541172e-01
3.479348672646517815e-01,9.345556639992493864e-01
5.317963957060951596e-01,8.465473932253527733e-01
7.108032431200037582e-01,7.004784466708591228e-01
7.227033373489060164e-01,6.886873792904751879e-01
5.736016324728019367e-01,8.177996824768595241e-01
3.467684584819479277e-01,9.348909947135243259e-01
6.897631656261520305e-01,7.207549840375477856e-01
4.248179309516473823e-01,9.054182218440705032e-01
4.488839233434770981e-01,8.940448291306215545e-01
3.776311962537979849e-01,9.246164204640339168e-01
5.864213205521853212e-01,8.082929171749526631e-01
5.395798482908580329e-01,8.414478506220590681e-01
3.400384882765265515e-01,9.369406106476664275e-01
7.240615179531488810e-01,6.873191360465754629e-01
5.098500555369658294e-01,8.603692997963662270e-01
7.088985373124956357e-01,7.023667615598560010e-01
7.646365396506493717e-01,6.449286706517155521e-01
3.565711223677690556e-01,9.318444991320455895e-01
5.300486585904787828e-01,8.477119538831884293e-01
4.707407474874910625e-01,8.827399640923052626e-01
6.557106802683830837e-01,7.518004550247843198e-01
7.215325939018376600e-01,6.898579507070649042e-01
5.046994884609202758e-01,8.635030894139158475e-01
6.456059589195111137e-01,7.605916209383047910e-01
5.569196046412363543e-01,8.296434142334214723e-01
4.663705286236706216e-01,8.850729000199234475e-01
4.845778953185547744e-01,8.751590774266941875e-01
7.413693160013588024e-01,6.696210201700285580e-01
7.064276254543974121e-01,7.047638202101422777e-01
3.683241404270283237e-01,9.278711063600281195e-01
6.905096246655348935e-01,7.200388800458447092e-01
4.933470412071816469e-01,8.701752672460820737e-01
6.348556619540955959e-01,7.697364306674757684e-01
3.868393855062240427e-01,9.211584642647268062e-01
6.797066327048352230e-01,7.301375318653723356e-01
7.471710091754379945e-01,6.635245637730441404e-01
3.390009906176867371e-01,9.372435727164030173e-01
3.673088434522244761e-01,9.282315589651064514e-01
4.235693524002003829e-01,9.059675993957214679e-01
5.764984265656014628e-01,8.156897665807006925e-01
4.162138118483720284e-01,9.092123882733836870e-01
6.552815268068910015e-01,7.521688101666538229e-01
6.891197274868230416e-01,7.213844461530790619e-01
4.377980802018361928e-01,8.994146126379187756e-01
5.410454687445791500e-01,8.404919511979316304e-01
6.828111489572172843e-01,7.272589311700374815e-01
7.825660633397517607e-01,6.251962118030668369e-01
6.511680928307013172e-01,7.557905539676309514e-01
3.802449111027569884e-01,9.236387418462626009e-01
6.142068896910883868e-01,7.867378160646979479e-01
3.467688140774964345e-01,9.348862626998947212e-01
5.429034234834149153e-01,8.392308833831647608e-01
6.611347518590977579e-01,7.469963124820027112e-01
4.343691460616941336e-01,9.010081698430697505e-01
3.654284882031275661e-01,9.288903360912500462e-01
3.810775926035971928e-01,9.233431239536347146e-01
5.095524388937388016e-01,8.605567476447674169e-01
6.745589879398743438e-01,7.348928303061735834e-01
4.800199330919679430e-01,8.777149525233928218e-01
4.315235539386453878e-01,9.023342553317191816e-01
5.915331384222278777e-01,8.044665435833228129e-01
5.532395967070901088e-01,8.321979392371136042e-01
6.090059114598069812e-01,7.908846057557514797e-01
7.755154405567992182e-01,6.330117137575063113e-01
4.551696331626937653e-01,8.908950701629477775e-01
4.726478348767610971e-01,8.817476513958969475e-01
6.408227778586707002e-01,7.647043261767473288e-01
6.807343318647117725e-01,7.291867340852776769e-01
6.316223448427218390e-01,7.724807942585100173e-01
5.737461280513955764e-01,8.176709933398138563e-01
7.725238812582908565e-01,6.363408112924053839e-01
3.786462190874458345e-01,9.242291739356640612e-01
6.344218843047229051e-01,7.701152672902980001e-01
7.541395973033451217e-01,6.561949171055684316e-01
6.780165376466322780e-01,7.316945207059744050e-01
3.798988964471193275e-01,9.237502620429498545e-01
6.129807005971144029e-01,7.877057098757073161e-01
5.150739610277572655e-01,8.571700413063517709e-01
6.265959669615679406e-01,7.766313268039888307e-01
3.712399608647876104e-01,9.268790639143036358e-01
6.681600066063750898e-01,7.406841473878419402e-01
3.586254261636402929e-01,9.311737700529483241e-01
5.910329157880271911e-01,8.048152826358182521e-01
7.411682622658444242e-01,6.697907665003075550e-01
6.426850029933268704e-01,7.631082761712340012e-01
4.518959024510937894e-01,8.925178215382887359e-01
6.535566356287696443e-01,7.536881186314513537e-01
5.896906061062059390e-01,8.058322019460490981e-01
6.650333796266275632e-01,7.435107662121627214e-01
4.729639775651611755e-01,8.815448248398737308e-01
7.529402097452461140e-01,6.574712270617814047e-01
3.804178518860722447e-01,9.235613483474596208e-01
4.598833732941774444e-01,8.884772751877437758e-01
5.773783783783071888e-01,8.150304587019088221e-01
6.469374153787004200e-01,7.594631158681529604e-01
4.997974793344590605e-01,8.663840524431737355e-01
3.477916982960995163e-01,9.345987788945709918e-01
4.186232821927400316e-01,9.081706042263463230e-01
3.830369553060514742e-01,9.226242865319820297e-01
3.937475424625244136e-01,9.184863235849921592e-01
5.021730568803316475e-01,8.649876222598318343e-01
6.814605007798520964e-01,7.285460753715492510e-01
4.873206358919569547e-01,8.735994636926519563e-01
5.441436469445528612e-01,8.384220374854389757e-01
7.080387138043469086e-01,7.032210434172903035e-01
4.543509338751776649e-01,8.912947536800126525e-01
6.801108779702647045e-01,7.297859106390667261e-01
6.463507833698715066e-01,7.599706480635594064e-01
4.778675358639625781e-01,8.788861005701295026e-01
4.334308026938344383e-01,9.014465657984647162e-01
7.610950418739859114e-01,6.487482348963584666e-01
3.730334648167814571e-01,9.262426815764844834e-01
5.701375271739701489e-01,8.203163641414630280e-01
7.489243355083743392e-01,6.617085321326422465e-01
7.238055157408447293e-01,6.875691083743387111e-01
4.588722591652397709e-01,8.889911577813356391e-01
3.765964130259070175e-01,9.249732790460410969e-01
6.273812511995116026e-01,7.759713483957478841e-01
5.890703302272645159e-01,8.063340648692284285e-01
3.597423361871426306e-01,9.307944552134284066e-01
5.601492640049264837e-01,8.274114853029659322e-01
6.124277739623257277e-01,7.881433058558823257e-01
6.700380480972158992e-01,7.389923426448686827e-01
3.461229146217367769e-01,9.351006449775366436e-01
5.107702710978986316e-01,8.598150116022239553e-01
3.992356147503173802e-01,9.163248928239255964e-01
7.733255306322058820e-01,6.354559217446772434e-01
4.604181123402900644e-01,8.881930264016041354e-01
3.972825069569368428e-01,9.170932337615858021e-01
7.290221312961949751e-01,6.822743972869057538e-01
6.525206534807510561e-01,7.546163460569373926e-01
4.423041305374832421e-01,8.972385938207659839e-01
7.614701454925850710e-01,6.483334592787832751e-01
7.240649902614857414e-01,6.873208278087769019e-01
6.139105633858058519e-01,7.869590955458505288e-01
4.992320706500994465e-01,8.667310962585583756e-01
3.786465064500019739e-01,9.242304030246027979e-01
4.627827036223862156e-01,8.869789363311433306e-01
6.849023141268772985e-01,7.253384613978426376e-01
4.285174458330042180e-01,9.037153245012446989e-01
6.857137688143126741e-01,7.245531164700435012e-01
5.893738059458459855e-01,8.061047457571332009e-01
3.537833478391371744e-01,9.327016004287665973e-01
3.937320277745995911e-01,9.185038775481778606e-01
6.336350120879639114e-01,7.707670319689987615e-01
4.475587115518750436e-01,8.946933930554432646e-01
7.089083032553198382e-01,7.023399996043718785e-01
6.582865825252279812e-01,7.495462503348695460e-01
3.560365199733520614e-01,9.319985226123387312e-01
6.354619307097836289e-01,7.692337075286322934e-01
5.675652581748789061e-01,8.221379721419724840e-01
5.356606175237035306e-01,8.440482325590549229e-01
5.678761057719894367e-01,8.219142314504954694e-01
6.766413029946822810e-01,7.329863173253974296e-01
5.036358014976357600e-01,8.641147773274745481e-01
5.732204549433785878e-01,8.180834939604872957e-01
6.620800621179294687e-01,7.461814553136189021e-01
5.031580455212607550e-01,8.643912974748353406e-01
6.734111819615788974e-01,7.359526904489369636e-01
5.149924948072791553e-01,8.572032949101592303e-01
5.811243623677436743e-01,8.122522884604944649e-01
5.750203836981828687e-01,8.167382824378870421e-01
6.465009658413266580e-01,7.598377134942754241e-01
3.943959982802040520e-01,9.182323133450633890e-01
5.435463206891122390e-01,8.387899947520117694e-01
7.777655049974570023e-01,6.305365767257856691e-01
7.599150183815697179e-01,6.500125771737161884e-01
4.206713399167963940e-01,9.072418685746738154e-01
4.476732059757294602e-01,8.946329457193742396e-01
4.863734620172295298e-01,8.741681791414378511e-01
5.468122007671131213e-01,8.365897720401469506e-01
7.541440619104231580e-01,6.561761110015104093e-01
3.597122071913124164e-01,9.307812592334856472e-01
4.037892682610477735e-01,9.144658451079250572e-01
3.826148955386987627e-01,9.227450961365075699e-01
5.585310637985705373e-01,8.285272022237688549e-01
6.608633070663292308e-01,7.472634033162843803e-01
3.470725278792993751e-01,9.348171630186441483e-01
6.663044794921112457e-01,7.423726065986364642e-01
5.687058876498284343e-01,8.213345218471295173e-01
7.127452451844596970e-01,6.985908605399762106e-01
4.119311613883955281e-01,9.110686723749649163e-01
3.466327797438875646e-01,9.349480154716834912e-01
7.530584085454525844e-01,6.573091103819719283e-01
6.114046221284497040e-01,7.889588831130381896e-01
6.955502404878063372e-01,7.152557330925951584e-01
6.552470353032990857e-01,7.522056318455327961e-01
6.194130686054942769e-01,7.825285348492828641e-01
6.657379950626731713e-01,7.428684877105286022e-01
7.157154271187093908e-01,6.956622457731574949e-01
6.054406048691352016e-01,7.937044522770897448e-01
7.714761275392330031e-01,6.374512530752968198e-01
6.701620372079677423e-01,7.388946604022471609e-01
5.736883821343352619e-01,8.177129136707738111e-01
5.360980962281254314e-01,8.437478667896458617e-01
7.647896716124242822e-01,6.447299343383252612e-01
3.601210744392891461e-01,9.306715928394074799e-01
3.876282307500775737e-01,9.208838729201901385e-01
7.293044352701130162e-01,6.820109715419647722e-01
6.048197529414274243e-01,7.941661971707649759e-01
5.657811991380016226e-01,8.234081851705311594e-01
4.986243678290708248e-01,8.670683661852474078e-01
6.364238127961333591e-01,7.684494634798521018e-01
3.925523866154410069e-01,9.189785390207757532e-01
6.531238037466637891e-01,7.540527959670900726e-01
4.330525132690284940e-01,9.016376889580460796e-01
5.525643337950574274e-01,8.326699357403803958e-01
3.613007199989809459e-01,9.302543738999018430e-01
7.388044885275931728e-01,6.722589018568093655e-01
6.536832744990153099e-01,7.535727326437389184e-01
5.189515922820709948e-01,8.547637616938433824e-01
5.261652077077891843e-01,8.501826354618587933e-01
5.696330124877615475e-01,8.206717977983323253e-01
4.658729044292784227e-01,8.853465921038001785e-01
5.327266632947658120e-01,8.459717129821269221e-01
4.349147150109936577e-01,9.007611379139538466e-01
4.775471575681964342e-01,8.790632158766423787e-01
3.420770465362701351e-01,9.363298164861224571e-01
7.505366948794142123e-01,6.599925283305216883e-01
7.129650919672001486e-01,6.983548692905963140e-01
5.809017987908394742e-01,8.124169875797148110e-01
7.536176249954025241e-01,6.567513058944004500e-01
3.708878517831705746e-01,9.270178177954024878e-01
4.661285055499550523e-01,8.852176914769314120e-01
5.034460928980984962e-01,8.642483285925637304e-01
4.297469954920383195e-01,9.031581650237247016e-01
7.435784788802337619e-01,6.673210371181468314e-01
4.675593795700285771e-01,8.844432266368266182e-01
7.693011177034645431e-01,6.398358335673326458e-01
3.377703176941903584e-01,9.375687615090457783e-01
6.916855254624991733e-01,7.189277524683861387e-01
3.786479647554849004e-01,9.242183554570698734e-01
4.129777154522538130e-01,9.106016198580236809e-01
3.671743780136672575e-01,9.282705168337985757e-01
4.414022821797255469e-01,8.976699771636651448e-01
3.872846042744174100e-01,9.210271171812116631e-01
4.317848530342639490e-01,9.022318117000311943e-01
5.478536054773188724e-01,8.359051674053668002e-01
4.135610942576078419e-01,9.103518840465462114e-01
7.006539321836149359e-01,7.103660930911547267e-01
5.247850307880997933e-01,8.510774728097109110e-01
7.620700496722618844e-01,6.476738829019506039e-01
3.372339443535428138e-01,9.377327509896052904e-01
5.932810701374526818e-01,8.031253102932147669e-01
4.124187659722367005e-01,9.108503532307669071e-01
7.599914725447920461e-01,6.499117928494965168e-01
6.229870768177223628e-01,7.796018277649435779e-01
6.144029368817367498e-01,7.865527536927101604e-01
5.830612341702294810e-01,8.108113181902133482e-01
7.621935742530171476e-01,6.475593576528583251e-01
4.296068001063391706e-01,9.032291326655693675e-01
4.020462936665901710e-01,9.151628209075346465e-01
4.922863543472419390e-01,8.707880365132364409e-01
7.251964760185785064e-01,6.861776744256741223e-01
3.642816561570928480e-01,9.292654948269070125e-01
4.385396795923486857e-01,8.990331641915501049e-01
6.517295413894408362e-01,7.552883244678112451e-01
4.974273521991723346e-01,8.678048554251986957e-01
6.620828326352747872e-01,7.461508069277358324e-01
7.129311364712979104e-01,6.984256111237653331e-01
3.907230222315566937e-01,9.197024989599281719e-01
7.724596334583819779e-01,6.364112562772386017e-01
3.743823812961531439e-01,9.257813479341007179e-01
6.999519441984138890e-01,7.110605040917038489e-01
7.145235973337088486e-01,6.968455885779213377e-01
6.600314986626691915e-01,7.479622946235355840e-01
7.594387521553026543e-01,6.505343282596854904e-01
4.991353375809928217e-01,8.667890790280579072e-01
6.296795634292698951e-01,7.740655763923599553e-01
6.567345603925360820e-01,7.508917446562340947e-01
6.745058566279757972e-01,7.349258065131459849e-01
7.546782832699281407e-01,6.555890262009390623e-01
6.746827671735047272e-01,7.347569060698591059e-01
4.949960340469397035e-01,8.691884882262684853e-01
6.132413947021135847e-01,7.875107000500392029e-01
