9.148929437225411521e-01,8.510705632285425759e-02
7.787556746779566996e-01,2.212443259856973210e-01
6.693509487685271875e-01,3.306490529523215538e-01
8.952317250475483323e-01,1.047682726587245566e-01
6.571990958201185951e-01,3.428009068890047750e-01
9.519153442678134347e-01,4.808465246703162027e-02
6.087591358739231628e-01,3.912408676816523379e-01
5.931462274275010049e-01,4.068537761927185636e-01
9.828017617775416381e-01,1.719823452003409539e-02
9.584153285438946623e-01,4.158466657095712810e-02
7.133459560175835490e-01,2.866540489350570264e-01
5.104059333865839099e-01,4.895940601789592339e-01
5.942150763647566780e-01,4.057849305100693083e-01
6.531559229544025014e-01,3.468440698872324868e-01
6.454211160494074395e-01,3.545788923974380613e-01
7.707288128175504571e-01,2.292711784189005175e-01
8.760545992567823070e-01,1.239454099544951282e-01
6.395178185928549475e-01,3.604821911078158192e-01
8.279425924000608505e-01,1.720573972971971843e-01
5.306929593229909869e-01,4.693070512263672334e-01
9.666365147620012976e-01,3.336349926390985710e-02
8.875390781904605175e-01,1.124609364735296019e-01
5.611606319575358492e-01,4.388393829958504577e-01
7.012822592071483729e-01,2.987177561577684659e-01
5.225108269971625585e-01,4.774891890399038941e-01
8.571650708824953835e-01,1.428349455567340387e-01
5.673063763719674579e-01,4.326936064611453525e-01
8.458071571339620398e-01,1.541928613162190931e-01
8.945437742329153119e-01,1.054562072671120093e-01
8.072602635957653039e-01,1.927397557500608871e-01
8.249072429516046689e-01,1.750927764120160934e-01
5.766555685473142567e-01,4.233444117303546417e-01
5.863203928910396545e-01,4.136796300321055608e-01
9.312907989340786230e-01,6.870922499125756144e-02
8.260990646631836132e-01,1.739009099030843497e-01
6.032153140948240955e-01,3.967847117653685030e-01
7.760016248938010897e-01,2.239984011213325410e-01
6.567435000409423962e-01,3.432565272355259101e-01
7.798210368270466208e-01,2.201789351700418895e-01
6.579955525546459238e-01,3.420044757629526200e-01
5.173259478501508468e-01,4.826740236955533447e-01
8.439251477934992529e-01,1.560748226056917765e-01
7.320497587660570460e-01,2.679502088140499061e-01
8.317784833942116762e-01,1.682214830641001191e-01
5.945183488292418161e-01,4.054816855050702995e-01
5.616169336182469385e-01,4.383831015411730481e-01
9.344880061952087758e-01,6.551195681283537853e-02
7.423885392031110975e-01,2.576114997427355613e-01
7.578926779895838184e-01,2.421072829272187532e-01
9.430997148065420888e-01,5.690032430519754297e-02
9.077399112074489018e-01,9.226004882803265361e-02
6.121481636882790678e-01,3.878517958520024678e-01
7.131525998607100014e-01,2.868473586758899518e-01
6.878077154487536315e-01,3.121923263166528351e-01
9.433222492797636027e-01,5.667770833400890412e-02
6.426980695419051148e-01,3.573019738874849138e-01
7.349093197901508390e-01,2.650906366845104389e-01
7.207134658405890404e-01,2.792864902439134434e-01
7.494220159614032317e-01,2.505780281586449942e-01
9.019787441514961479e-01,9.802130021594339382e-02
9.165109094340846418e-01,8.348913618994566188e-02
9.036669336307856515e-01,9.633302045610157849e-02
7.744857421472706172e-01,2.255143038656488297e-01
9.865016268414732448e-01,1.349841958565804571e-02
7.576455735939331415e-01,2.423544729318337643e-01
5.675390843756226156e-01,4.324609624708412592e-01
9.606858787948360234e-01,3.931416888382810448e-02
6.444271227644469135e-01,3.555729252425108289e-01
8.792602056892764306e-01,1.207397443430495709e-01
8.864380649825681635e-01,1.135618840695988702e-01
6.604783714283564144e-01,3.395215769011221130e-01
7.936354476154841020e-01,2.063646043994023516e-01
6.436871195006043100e-01,3.563128280772294154e-01
9.896098081213194897e-01,1.039013934334587566e-02
8.470318902511730919e-01,1.529681626491130597e-01
9.135173209566347374e-01,8.648273371105208440e-02
5.676992301742025404e-01,4.323007143319204659e-01
8.695541166603790728e-01,1.304459390273242092e-01
9.718718795432038648e-01,2.812806402125106464e-02
6.274588223057707692e-01,3.725412343914752400e-01
7.198352464236730253e-01,2.801646960968778299e-01
5.810856583155459276e-01,4.189143993291653545e-01
8.310383898639974731e-01,1.689615518137912720e-01
8.862775623471448316e-01,1.137224966195768128e-01
9.139454301281790816e-01,8.605463181214287327e-02
7.907232476290659839e-01,2.092766893314854937e-01
9.109005620665815428e-01,8.909950150991162443e-02
9.741736323783722895e-01,2.582643152116290142e-02
8.081966025486313487e-01,1.918034615907427409e-01
8.760633272999047705e-01,1.239366083771274579e-01
9.167242078331880872e-01,8.327585668444729972e-02
7.341218668846921647e-01,2.658780679476906439e-01
5.735092485402986107e-01,4.264908166858537575e-01
8.295068264112868128e-01,1.704932390349645777e-01
6.248169903923479485e-01,3.751829439501015440e-01
8.317281052250722340e-01,1.682718271284460998e-01
9.750089628781726248e-01,2.499096931035318242e-02
5.195437142139821551e-01,4.804563541928157933e-01
8.465585967946898105e-01,1.534413339333310922e-01
7.629910014656343664e-01,2.370090696385161178e-01
5.997601218403254553e-01,4.002398058363050848e-01
6.125472161622249612e-01,3.874528565509463007e-01
7.808063799222029200e-01,2.191935463875945567e-01
6.082120197625967561e-01,3.917879047394771108e-01
7.360982748108100271e-01,2.639016495994392919e-01
7.437297773503084297e-01,2.562702982746441482e-01
6.292855622745712196e-01,3.707145140601668110e-01
9.827501661140867206e-01,1.724991059758474235e-02
9.053809977964399902e-01,9.461907916316057710e-02
8.951448306932574539e-01,1.048550914204381262e-01
9.275200412064394939e-01,7.247988005119548882e-02
8.844546294172481726e-01,1.155452912289702122e-01
7.495706388062364223e-01,2.504292817076303468e-01
9.218077072978304587e-01,7.819220977083782276e-02
7.804174674630426356e-01,2.195824492534146077e-01
9.415202044413311100e-01,5.847971199586338154e-02
5.487893876724548869e-01,4.512105285687325607e-01
6.789710765609865417e-01,3.210288393683118913e-01
8.097573438773699728e-01,1.902427403794703098e-01
9.138514345694264129e-01,8.614864988747623908e-02
7.224533432966516733e-01,2.775465682187197580e-01
7.108577427014144412e-01,2.891423462594090443e-01
7.149755350767934559e-01,2.850243752279842946e-01
7.926500779099541205e-01,2.073498312174340552e-01
9.733686217693344744e-01,2.663147063998527048e-02
5.408142904222650316e-01,4.591858025207492533e-01
6.749280125458896329e-01,3.250720808559345310e-01
9.660167400661452408e-01,3.398316632503999707e-02
6.036734054997832111e-01,3.963266881832699373e-01
8.751151683065472309e-01,1.248847363177279096e-01
7.999643539424519112e-01,2.000355482508670846e-01
7.912366126727933269e-01,2.087634852958998866e-01
9.585742084926829332e-01,4.142569352673313582e-02
5.795096053283126381e-01,4.204902941507471792e-01
5.252726973514798559e-01,4.747272007418060769e-01
6.427441647574253514e-01,3.572559373394635363e-01
9.693774108697725822e-01,3.062269241333530692e-02
5.653360802937681395e-01,4.346640235294819132e-01
8.039763302939140210e-01,1.960237740900084569e-01
5.042009330834574810e-01,4.957991733450720639e-01
9.093649266054009139e-01,9.063518449193067039e-02
7.236910830988190213e-01,2.763088056452250307e-01
6.469510049781679317e-01,3.530491063570470600e-01
9.345219460430728153e-01,6.547816704568001911e-02
9.762317611405294526e-01,2.376812453670123018e-02
7.505160848194480927e-01,2.494838004975917234e-01
6.356096691321548864e-01,3.643902158156092086e-01
5.414061487130172878e-01,4.585937352355658470e-01
9.077692252293889652e-01,9.223065858191370481e-02
9.726412236680435086e-01,2.735866013389703921e-02
9.618481431134151549e-01,3.815174032818580835e-02
6.746015694616953606e-01,3.253985476114969466e-01
9.293366454996115911e-01,7.066323621049670767e-02
5.497349722223972002e-01,4.502651486918551882e-01
7.435774099679783866e-01,2.564224687241316580e-01
8.881682284727616672e-01,1.118316489829953853e-01
7.264479166622945794e-01,2.735522063395722792e-01
9.384174837540697478e-01,6.158263952489538562e-02
6.986706075044957220e-01,3.013292683985714926e-01
8.619473325731215052e-01,1.380527925414985480e-01
7.292033488872290414e-01,2.707965258296930466e-01
9.236752175906211004e-01,7.632465464852211667e-02
9.521076656180056386e-01,4.789246366008184652e-02
5.154403311363059403e-01,4.845597990160045443e-01
7.425042179111391860e-01,2.574959126330275683e-01
5.243397446754863855e-01,4.756601243937997325e-01
5.055517502677800978e-01,4.944483824505194747e-01
9.458352005877745938e-01,5.416493214249395310e-02
8.756231362189229595e-01,1.243769975594287286e-01
7.420411878893911073e-01,2.579589459866064027e-01
5.617010570383406121e-01,4.382990799409299809e-01
8.768778955192338964e-01,1.231219669337152017e-01
6.469363959096326999e-01,3.530637423866470059e-01
7.591212026467772933e-01,2.408786590280793949e-01
6.455914792167756211e-01,3.544083818242789730e-01
5.344088914793245770e-01,4.655912485682358604e-01
6.767072608040375359e-01,3.232928801796358664e-01
5.214043282201124008e-01,4.785958128050001315e-01
7.871115602163272218e-01,2.128885830805828105e-01
8.852056288625337332e-01,1.147942267531764371e-01
5.165086194484268534e-01,4.834915270567437529e-01
8.158114503873409307e-01,1.841886968152381954e-01
5.510973220238264414e-01,4.489028254775598303e-01
9.419023588546988623e-01,5.809778884127607401e-02
5.205127528411495064e-01,4.794873948631693805e-01
5.072512046119129758e-01,4.927486473390514932e-01
7.630238321185547345e-01,2.369763160034185634e-01
7.510254229673272164e-01,2.489744283284185677e-01
7.308689045572867027e-01,2.691312443777139629e-01
5.139913360334137371e-01,4.860088135908205986e-01
8.033259556838843185e-01,1.966741943679738980e-01
6.857927831981300848e-01,3.142073669126707602e-01
7.041137463644145944e-01,2.958861030760738808e-01
5.419064638388094712e-01,4.580933854730020460e-01
7.677040619428123769e-01,2.322957868020130712e-01
8.670313687009617576e-01,1.329687827821537660e-01
8.456596544744893196e-01,1.543404970338945748e-01
7.762646874510072958e-01,2.237354642069407096e-01
8.574748748932519149e-01,1.425252778353036931e-01
8.675816368927130595e-01,1.324182087610543679e-01
9.852295361718130806e-01,1.477061818956331395e-02
9.289313582941063352e-01,7.106879662895931871e-02
7.035464223015550633e-01,2.964537334192876572e-01
8.434745279116486749e-01,1.565256296914606104e-01
9.854171443611948744e-01,1.458269756505582888e-02
5.583219858483502440e-01,4.416781739919484195e-01
5.493388704121817678e-01,4.506612904912043471e-01
6.659515861028048045e-01,3.340482529709686843e-01
7.280800293615043994e-01,2.719201321141375138e-01
9.590009036334933290e-01,4.099893399976887315e-02
5.483930561437572182e-01,4.516067798734241800e-01
7.862805390905369674e-01,2.137192967858630166e-01
6.864057233126505952e-01,3.135941119133046073e-01
8.395008780174579854e-01,1.604989567042831577e-01
8.037259051521439268e-01,1.962742606246476451e-01
5.622680796724834895e-01,4.377320861187681822e-01
7.063546474437425449e-01,2.936451832519867966e-01
6.126725998163440323e-01,3.873272306386867925e-01
9.483033912866239978e-01,5.169677829479800424e-02
8.147899147205026615e-01,1.852099154488012211e-01
9.017617266913957597e-01,9.823844324384393978e-02
9.569888425388852760e-01,4.301098696641991737e-02
9.454757741662739301e-01,5.452405476197935003e-02
5.085988462884794004e-01,4.914009822375476899e-01
7.990424688717168156e-01,2.009577040742950849e-01
5.257197335602825650e-01,4.742804404892126957e-01
6.549493256238934080e-01,3.450505001824416551e-01
8.741108516443325538e-01,1.258893225692521156e-01
8.891128313267323557e-01,1.108873430024439610e-01
5.762943487714184965e-01,4.237054757335640964e-01
7.593209103804958726e-01,2.406789114663647478e-01
9.037387818610979062e-01,9.626103922141113212e-02
9.572046023247285929e-01,4.279557701958729837e-02
6.409520141778513036e-01,3.590481659312539375e-01
9.861234677723142994e-01,1.387671491381957389e-02
5.556822268529902908e-01,4.443179559615569318e-01
8.124231973089313108e-01,1.875769861979855457e-01
7.293169225365093711e-01,2.706828932972981661e-01
7.810605533677985601e-01,2.189396315732096698e-01
8.983107599209489980e-01,1.016890544396104323e-01
9.377587281902208804e-01,6.224145771237864916e-02
5.414379753997478062e-01,4.585618367431376075e-01
5.886910096400966852e-01,4.113091788569102070e-01
9.382043884090330854e-01,6.179542301665058579e-02
7.321481591592462479e-01,2.678516514781463798e-01
7.965925184385078683e-01,2.034076716880343916e-01
9.866830690484873490e-01,1.331712128312244336e-02
5.277794999503379048e-01,4.722203080268136399e-01
9.131686954096817077e-01,8.683149713830265459e-02
8.393662829865267128e-01,1.606335243801421120e-01
6.377970080812027653e-01,3.622031853213175667e-01
8.038287146712336240e-01,1.961710895460392901e-01
8.490178589727908065e-01,1.509823370725120184e-01
7.089733055654799943e-01,2.910264977677672338e-01
5.900080795351660967e-01,4.099921176686027735e-01
8.615239889617696267e-01,1.384762099483245468e-01
9.031217100937272146e-01,9.687849204018793292e-02
8.240012630194060161e-01,1.759985331143341658e-01
5.380909058912946019e-01,4.619092987514737958e-01
6.233280157836821322e-01,3.766721913762622886e-01
5.634317581262473507e-01,4.365680343689233300e-01
7.085462635240387108e-01,2.914535286176586637e-01
6.492312137431059949e-01,3.507689941262946420e-01
8.637297120532454464e-01,1.362704961836857520e-01
9.041204369605405633e-01,9.587977141025651184e-02
9.890629011068985399e-01,1.093730758142641077e-02
8.556939922513862040e-01,1.443057981854572180e-01
5.615792149109036790e-01,4.384209949922758809e-01
8.714553014716738266e-01,1.285449098267665291e-01
5.525069998846269259e-01,4.474927883957079411e-01
9.194795581349813895e-01,8.052065395115101665e-02
8.698411499371425659e-01,1.301590622237724371e-01
5.232731416509145417e-01,4.767266458100729021e-01
7.833849596868588394e-01,2.166152533102525812e-01
6.498856653833151586e-01,3.501141212592882024e-01
9.328952641495327214e-01,6.710494921681263436e-02
7.443556507273210165e-01,2.556441352507096143e-01
7.893900385267087483e-01,2.106097469771546771e-01
6.755589551786825853e-01,3.244412596273807403e-01
5.126973132916252673e-01,4.873029034435910067e-01
9.034385011629206819e-01,9.656128102559885518e-02
7.234511441180672131e-01,2.765490756302998454e-01
8.272139016475490436e-01,1.727858783221188910e-01
8.485129081115811989e-01,1.514873126962658634e-01
9.828723768755825985e-01,1.712784452770578850e-02
8.678925824230410146e-01,1.321071961008792595e-01
9.448799698675185432e-01,5.511980863399207342e-02
9.852575964282918042e-01,1.474218073315209862e-02
9.162703282225952428e-01,8.372944658946770979e-02
5.683500801587016982e-01,4.316496934284274056e-01
8.903350894033510432e-01,1.096651372614072528e-01
9.758592486086214990e-01,2.414052363774775445e-02
8.138241043632936655e-01,1.861756676765213003e-01
9.316590929738302052e-01,6.834113581465507681e-02
7.251375846440423212e-01,2.748626445737277213e-01
6.908649714565159305e-01,3.091347986394767933e-01
8.288824615694470044e-01,1.711177691788278721e-01
6.174615352261947354e-01,3.825382337301965752e-01
5.129689658829054144e-01,4.870308026066413332e-01
8.332449778039852095e-01,1.667547894814534748e-01
6.309465521578961900e-01,3.690532146163181815e-01
9.871667136333551751e-01,1.283305247027454951e-02
5.949236419551972022e-01,4.050765920423021749e-01
9.358475491555398040e-01,6.415268590863454357e-02
9.639151717566594169e-01,3.608459220052698951e-02
5.857549245786803915e-01,4.142448388209595267e-01
9.752310987998022984e-01,2.476913994588064369e-02
7.026234708004863716e-01,2.973767680531472224e-01
8.348168774869058062e-01,1.651833614459644328e-01
5.554067769534605237e-01,4.445929836324300499e-01
8.562977954396189251e-01,1.437019629218624361e-01
8.476219098126155371e-01,1.523783329174508983e-01
5.109624519351048111e-01,4.890373050958332635e-01
6.552747725147471947e-01,3.447249842574039991e-01
5.662337377042098163e-01,4.337660177505687775e-01
5.831345911897840573e-01,4.168651642496439269e-01
5.540298020513696464e-01,4.459704429865258835e-01
6.441088200589004664e-01,3.558914254624097606e-01
8.933182954586963431e-01,1.066814573865531440e-01
5.834601300969026738e-01,4.165396219242790687e-01
9.549244687454021552e-01,4.507578001424064618e-02
5.407209406806301466e-01,4.592793085747678417e-01
8.983386339797403419e-01,1.016616158184193708e-01
5.277600540797376949e-01,4.722396949040920666e-01
9.416474816682814941e-01,5.835226649703380286e-02
8.234556282592283560e-01,1.765441192564311534e-01
7.935286525317584161e-01,2.064710948752376263e-01
9.079969440626255439e-01,9.200280273172944945e-02
7.114464314961478353e-01,2.885538222422051047e-01
8.977292641368117554e-01,1.022709901514798903e-01
6.888869456727215734e-01,3.111127999913541609e-01
5.838140329360940184e-01,4.161862227231983846e-01
5.411620376976788993e-01,4.588377058546247445e-01
9.700924899262213241e-01,2.990776740291022431e-02
5.223109722381433784e-01,4.776892857337654563e-01
8.002072132790779557e-01,1.997930450265803515e-01
7.786599902847262111e-01,2.213397498903290905e-01
5.505862003054790010e-01,4.494140614352802321e-01
5.934888523357396695e-01,4.065108857134895892e-01
9.611232975289060176e-01,3.887696464598670160e-02
7.564789800604359016e-01,2.435207575701743010e-01
9.022467883764931917e-01,9.775294881945702230e-02
9.740276791629614017e-01,2.597258501853339646e-02
5.538897237586573041e-01,4.461105420348135397e-01
6.520602516986823138e-01,3.479394817124212280e-01
9.441247779633590298e-01,5.587495347675270480e-02
7.907774164424864471e-01,2.092228524336479101e-01
8.608570272987132732e-01,1.391432416384114079e-01
5.740805649290607882e-01,4.259191656870024989e-01
7.854251940953003164e-01,2.145750759544469144e-01
9.741162884811853662e-01,2.588398256871397157e-02
5.954342291504458595e-01,4.045654997729243307e-01
9.297450619574296748e-01,7.025466543936484398e-02
7.649731367070049526e-01,2.350271360798967535e-01
5.673936670084714917e-01,4.326060601420586016e-01
8.582778402205986090e-01,1.417218861686337372e-01
8.260630876049213089e-01,1.739366371078784890e-01
7.036791257868538763e-01,2.963205984696873352e-01
5.250952546809479760e-01,4.749044695656098325e-01
8.794893576775817401e-01,1.205109191173923261e-01
6.073048176059361314e-01,3.926954622088771885e-01
5.509520769328984935e-01,4.490476425277499239e-01
6.362174028949995064e-01,3.637828777807681768e-01
9.621378153733175509e-01,3.786190254669152822e-02
5.692912607178928219e-01,4.307084565430503997e-01
7.200238956200595286e-01,2.799763883634127093e-01
6.500369650241099029e-01,3.499633190339260236e-01
9.110965686440324340e-01,8.890371804311593407e-02
8.925882727735685584e-01,1.074114402525549322e-01
6.702919901931667646e-01,3.297077226040844300e-01
8.102626522088818284e-01,1.897376355137808945e-01
7.454037686019956421e-01,2.545959434290505086e-01
7.627452273321921883e-01,2.372550606926281114e-01
7.013070258986892069e-01,2.986932625916022821e-01
5.682769663593417730e-01,4.317227448505662757e-01
9.260032017907003921e-01,7.399650882883844483e-02
8.232356996026308771e-01,1.767640102372340094e-01
9.682289248058499886e-01,3.177078476688826453e-02
8.983525785990520429e-01,1.016477118876081415e-01
5.916370694575480149e-01,4.083626396979459505e-01
5.311034228862340223e-01,4.688962841706795781e-01
9.341566422099238931e-01,6.584365317706931953e-02
6.445014035409510900e-01,3.554988923691707048e-01
7.350370871255617056e-01,2.649626164953693963e-01
8.064276506128609245e-01,1.935720529506458065e-01
5.464060485630362063e-01,4.535942491872199112e-01
9.346619974031256106e-01,6.533770393646530505e-02
7.080005842687775441e-01,2.919991140981549327e-01
6.790701504282824486e-01,3.209301521258599577e-01
8.545434521301279451e-01,1.454568504619239977e-01
5.422371748633152411e-01,4.577625224129444059e-01
8.718713667691485592e-01,1.281283297205511040e-01
8.069715456246158158e-01,1.930281506685133375e-01
9.797100780592125080e-01,2.028961809535065677e-02
9.832076911350633441e-01,1.679261279628662534e-02
6.143187951901575294e-01,3.856809005611596675e-01
6.564795476266542806e-01,3.435207568259967537e-01
7.134687905198682234e-01,2.865309017686661908e-01
7.690108816672154290e-01,2.309888102326505821e-01
8.286652752311418624e-01,1.713350333126064384e-01
7.670957108061582375e-01,2.329045978544032891e-01
9.820398845491542517e-01,1.796042444196718421e-02
7.410620380873690349e-01,2.589382709348389544e-01
5.060450532182604322e-01,4.939546377538983069e-01
6.558508180475365323e-01,3.441488697675140207e-01
9.766470861349549892e-01,2.335322760713188714e-02
8.582565527413580364e-01,1.417431329918366345e-01
9.363325037187906208e-01,6.366718114272765239e-02
8.091839017818489577e-01,1.908164143526374923e-01
5.926431368438499492e-01,4.073565461402114951e-01
6.162353040695923712e-01,3.837643775101005073e-01
5.848887145872833093e-01,4.151109644932375886e-01
8.566088619867083809e-01,1.433914595808028214e-01
8.363148578682055856e-01,1.636854675068695475e-01
9.335238105480132553e-01,6.647651565172162103e-02
9.000239176950612929e-01,9.997640895695787677e-02
6.296833772749517166e-01,3.703169494043645482e-01
9.398897483346801973e-01,6.011057992911843922e-02
7.035670605079249462e-01,2.964326087541516719e-01
8.687567302456509211e-01,1.312436019254237529e-01
6.284916400245109669e-01,3.715080276091935474e-01
9.628624767160119946e-01,3.713785676954173970e-02
7.496063598221700541e-01,2.503939743468767132e-01
7.164390497228220189e-01,2.835606159091501599e-01
5.553582404756683966e-01,4.446420939315309795e-01
8.525586686532264924e-01,1.474409946112267555e-01
6.412726464534773685e-01,3.587270164688910468e-01
8.163195147439193944e-01,1.836801478020476941e-01
7.099130096179662175e-01,2.900873282835388367e-01
9.197605651611022726e-01,8.023909515674901294e-02
8.269793115554426866e-01,1.730203487215001279e-01
6.077136046601100405e-01,3.922860556011638633e-01
7.426343141562030681e-01,2.573660265162901473e-01
7.234697303265008594e-01,2.765306108280377040e-01
9.781939843430880188e-01,2.180567345711971125e-02
5.750760876546731071e-01,4.249235694995562862e-01
8.463475044611431519e-01,1.536521526487616418e-01
8.576258419913859177e-01,1.423738147194071879e-01
9.258710439817388060e-01,7.412929950478377994e-02
7.145717239163356105e-01,2.854279325137436540e-01
8.038622810988975687e-01,1.961380625497916308e-01
6.471013139540856551e-01,3.528990300929019108e-01
9.200528281146218568e-01,7.994751595386941079e-02
9.525218117714084887e-01,4.747784338878140165e-02
7.042140122935388602e-01,2.957856425168166048e-01
9.317861550173374141e-01,6.821349968628857841e-02
7.804800055520433322e-01,2.195196490402213374e-01
7.472550720331099239e-01,2.527445818029577795e-01
7.512047853016582399e-01,2.487948684134018984e-01
8.864849807007141314e-01,1.135153661818458920e-01
5.839701474878293830e-01,4.160295054835761452e-01
8.724910576472862944e-01,1.275085945572132506e-01
6.515828300178312382e-01,3.484175178198720135e-01
9.771534191275497161e-01,2.284623125838079402e-02
6.097603648634635221e-01,3.902399853572716126e-01
9.466684572812952281e-01,5.333119043409999954e-02
5.244261795081959221e-01,4.755741729486414604e-01
6.333353439652418260e-01,3.666650090390318195e-01
9.326230759181238783e-01,6.737727852406606710e-02
5.046824686191759834e-01,4.953178861449240022e-01
9.752557923885276647e-01,2.474456328014242382e-02
6.792695392783572039e-01,3.207301035510924381e-01
5.089201439285997441e-01,4.910794968637198221e-01
7.621560246012901718e-01,2.378436161774535318e-01
9.138685519072016206e-01,8.613180751331632468e-02
9.275051760387139632e-01,7.249518615826759660e-02
6.393682181011383081e-01,3.606321442242927389e-01
9.570989077077590723e-01,4.290145475281778586e-02
6.428929164981711519e-01,3.571067205685828361e-01
6.693549027160764497e-01,3.306454614661764602e-01
6.282141598213413225e-01,3.717854757115016118e-01
6.241903901766211460e-01,3.758099745759527766e-01
7.179953773620492141e-01,2.820042573001460551e-01
6.616693283134961190e-01,3.383303063361412510e-01
7.037529150993423466e-01,2.962467182844265023e-01
9.537527957122904354e-01,4.624683590924899557e-02
5.856742109136320318e-01,4.143261598117288780e-01
5.815220268334535536e-01,4.184776015441851182e-01
7.900320377022229668e-01,2.099675906445485074e-01
7.377382485066905637e-01,2.622621231951920429e-01
6.820706556093154571e-01,3.179289726173447073e-01
6.688985313449538062e-01,3.311010953410075119e-01
7.048947416454174331e-01,2.951056326668881624e-01
6.777940097605805736e-01,3.222056151594453466e-01
8.765399876602579798e-01,1.234603904220702014e-01
7.279513849174443774e-01,2.720489932729847626e-01
6.407294750924811266e-01,3.592701461085586745e-01
5.736639363594139285e-01,4.263356838430804041e-01
7.631264334831450169e-01,2.368731804558191489e-01
7.974878058307277584e-01,2.025125802967378263e-01
6.607029135683106791e-01,3.392974737049917477e-01
5.673537029531432463e-01,4.326459087539993309e-01
9.833027549521270450e-01,1.669685588883751404e-02
7.132389445624286450e-01,2.867614455945711183e-01
7.035839154197187639e-01,2.964156938581873901e-01
9.124481175246406117e-01,8.755227328208839421e-02
6.893626361057081375e-01,3.106369724585729131e-01
8.981323798606487552e-01,1.018680116044282102e-01
9.720719205375898397e-01,2.792768620889056128e-02
6.406256597210504555e-01,3.593747338822543824e-01
5.764673762662158030e-01,4.235322297509734324e-01
5.704221993178355543e-01,4.295781948759852531e-01
6.745857515733986176e-01,3.254146428436085481e-01
6.031074934777016505e-01,3.968929010184554240e-01
5.123799386761321850e-01,4.876204586796831220e-01
7.541204664432415994e-01,2.458799317161191322e-01
9.599169223173635856e-01,4.008347604501844019e-02
5.620982346482212844e-01,4.379013669621698579e-01
8.161086552373326697e-01,1.838917455164547909e-01
9.560041065603027688e-01,4.399549110234241001e-02
5.892444267485716924e-01,4.107551701743825667e-01
9.782490681824557166e-01,2.175052792848311545e-02
9.406516173937520264e-01,5.934797820135793295e-02
5.810669740385553395e-01,4.189326198685895952e-01
8.316596528998290161e-01,1.683399408830314747e-01
6.776804394456512615e-01,3.223199669708170512e-01
8.727542607131664187e-01,1.272453322288933375e-01
9.807822681968059175e-01,1.921732099869776639e-02
7.097933355005907607e-01,2.902070757661561196e-01
5.356119872497817624e-01,4.643876009518600467e-01
8.919411208570142691e-01,1.080592910446698252e-01
8.549345864399648942e-01,1.450650014784477526e-01
7.066268102456062516e-01,2.933727766486934896e-01
9.916447728987022314e-01,8.355640366992132112e-03
5.081358247308108700e-01,4.918637618837815584e-01
8.198754802397647534e-01,1.801241044728995322e-01
7.399957273016835035e-01,2.600046881931786791e-01
7.063067223925700855e-01,2.936928602436815194e-01
7.287825508157499410e-01,2.712178669017917265e-01
5.350002901011636780e-01,4.650001280553273109e-01
8.797883037777550763e-01,1.202112770556877791e-01
6.159901182923317453e-01,3.840103016093316390e-01
6.324564056953742019e-01,3.675440154524808323e-01
8.224002573417726891e-01,1.776001638269259220e-01
9.502704601088278746e-01,4.972996222198712568e-02
7.822178034312985417e-01,2.177817727628045819e-01
9.871462566169886266e-01,1.285331924772562667e-02
6.040980103851725236e-01,3.959015642822016900e-01
5.115346194538796798e-01,4.884658069587957674e-01
8.676456795273561617e-01,1.323538929434367739e-01
9.784354861128383707e-01,2.156494226932199193e-02
6.056845606533702853e-01,3.943158689219847246e-01
5.611225860572207624e-01,4.388769822769307272e-01
8.018094111653579770e-01,1.981910220139410095e-01
5.289702715268707056e-01,4.710301620130887268e-01
8.391309693118296220e-01,1.608694646201436762e-01
8.327985848643236766e-01,1.672009807235773915e-01
7.519438884339867402e-01,2.480565468641902083e-01
8.215746612666403603e-01,1.784257749463025455e-01
9.004018876658529402e-01,9.959854873446433166e-02
6.487711114180687577e-01,3.512284516575447380e-01
8.075874857586075040e-01,1.924129512777741635e-01
8.894349553448325230e-01,1.105654825950434517e-01
8.279275430518222567e-01,1.720720185806803859e-01
6.101870568072672585e-01,3.898133821257891984e-01
8.100842474882512523e-01,1.899153135134447612e-01
5.482956226206860961e-01,4.517039376333396028e-01
8.762385835364170372e-01,1.237618572456797295e-01
8.095954036463175463e-01,1.904050372286890114e-01
8.930583324671206302e-01,1.069412266233700365e-01
9.294385767383779307e-01,7.056186562559634001e-02
8.264449186367419653e-01,1.735555243774125345e-01
6.858083479357536261e-01,3.141920963937289701e-01
7.998844698566343059e-01,2.001159753488122028e-01
5.138880273573418478e-01,4.861124185965276512e-01
7.418535564192008103e-01,2.581459965124171529e-01
6.200013886015065534e-01,3.799990596686895761e-01
5.459880490809355669e-01,4.540115008148930542e-01
8.804125967757550075e-01,1.195878534420161537e-01
5.502355888498353664e-01,4.497639606166282666e-01
6.977467352743552675e-01,3.022528140554501253e-01
5.959639031274139853e-01,4.040365478379168152e-01
6.946418952116257817e-01,3.053576534614935167e-01
6.041091669516348572e-01,3.958912845531286639e-01
8.818984860681904348e-01,1.181010616144008152e-01
7.026846274718288043e-01,2.973149192733040569e-01
9.462821272565964392e-01,5.371832642439889477e-02
8.599785326613613723e-01,1.400219224817626784e-01
5.472528545007684375e-01,4.527476009999551465e-01
6.925910130705940082e-01,3.074085308955179507e-01
5.860264750045189874e-01,4.139739810324055691e-01
5.702436636673136050e-01,4.297558802485149099e-01
7.363979822720425616e-01,2.636015615581158711e-01
7.214477432724549777e-01,2.785527129592643703e-01
7.655698006227029673e-01,2.344306570694461300e-01
5.152853407925078733e-01,4.847142004682344907e-01
9.569576694763616276e-01,4.304278949817862132e-02
9.143048040368703111e-01,8.569473674344657566e-02
6.589066610345741815e-01,3.410937988056317316e-01
6.748814586423470541e-01,3.251190015606073014e-01
8.133214788132989703e-01,1.866789820801806055e-01
8.857133503067233793e-01,1.142861885841500308e-01
6.357609338075065342e-01,3.642386031776059241e-01
6.073541424732561422e-01,3.926463206449884447e-01
7.025552121195792754e-01,2.974452511385153319e-01
6.947100598603437316e-01,3.052894767747222349e-01
5.969539501848464269e-01,4.030465140583547323e-01
5.156866312786891893e-01,4.843129044283143725e-01
5.971691823755627127e-01,4.028303521883883631e-01
7.444157241967431782e-01,2.555838093947820910e-01
6.986851995052019149e-01,3.013152671131022475e-01
8.407078294227465776e-01,1.592926380432837796e-01
5.510276306895209864e-01,4.489719017859417072e-01
9.872480173723212626e-01,1.275151402109683460e-02
7.872793895048414425e-01,2.127201418328233118e-01
9.548408432272494917e-01,4.515868769495337554e-02
7.337595907092420155e-01,2.662408788674840432e-01
6.947272108586028949e-01,3.052732594646479503e-01
5.697424290332494534e-01,4.302580413681866833e-01
5.767750936186957222e-01,4.232253772356224797e-01
5.028894319788316247e-01,4.971100961597185730e-01
9.164109878523458708e-01,8.358853998213970626e-02
7.187990409763770350e-01,2.812004867253963813e-01
5.941436357573856020e-01,4.058568371217738946e-01
6.243079860511602242e-01,3.756924886124845542e-01
9.766683580938586573e-01,2.333211672870041942e-02
5.254394301882661100e-01,4.745600946988582369e-01
8.840085356294007379e-01,1.159919399789277467e-01
5.142787840124440901e-01,4.857216918209398271e-01
8.866470910968116126e-01,1.133533854510811040e-01
5.402149439604545522e-01,4.597845786361807741e-01
6.215611742818338836e-01,3.784383479084510449e-01
8.193125701405958861e-01,1.806879077030550673e-01
6.490296222544874594e-01,3.509698993771026010e-01
9.693025780534170188e-01,3.069694315988349270e-02
9.515145699431326598e-01,4.848590964403494408e-02
8.594261264971911896e-01,1.405743532033903731e-01
5.942922591796009346e-01,4.057082209024950870e-01
6.071419643013586942e-01,3.928575549023703428e-01
7.153981800864250840e-01,2.846013390010452837e-01
9.321479636409734093e-01,6.787511198978690707e-02
8.609159924563989374e-01,1.391038165285361228e-01
9.530053034629960562e-01,4.699676925291948471e-02
7.876672124689442223e-01,2.123656986167221372e-01
8.431767807601364684e-01,1.568250356901102760e-01
5.570537711295838745e-01,4.429290061634656439e-01
6.127003748445267739e-01,3.872945911850774747e-01
6.831782948658644550e-01,3.168480403399667189e-01
6.666290327469387433e-01,3.333721482880110942e-01
5.181265001060569864e-01,4.818885950227200232e-01
6.492397704582885121e-01,3.507719560893463595e-01
8.222877411151490179e-01,1.777424348877814364e-01
8.601579729331289004e-01,1.398731763873759804e-01
5.126447766791316640e-01,4.873669596313414121e-01
8.204696744516004614e-01,1.795259615168707801e-01
5.266569856486351675e-01,4.733276094469549000e-01
8.804917084607941646e-01,1.195100640852843898e-01
8.669091913693147688e-01,1.331093851201123057e-01
9.212389112664367552e-01,7.877063397937036915e-02
7.937692753447574967e-01,2.062288999828312541e-01
9.484707260482829749e-01,5.152739760820393422e-02
5.744550577119714729e-01,4.255642322193088356e-01
7.585799567216962025e-01,2.414125689598314584e-01
8.891578769077396194e-01,1.108494700626282692e-01
8.815040230172884739e-01,1.185110884478125376e-01
9.782836872583942078e-01,2.173239459519370892e-02
8.294308623876127662e-01,1.705919220409733983e-01
6.114537356457669937e-01,3.885546861954507492e-01
9.407635878255566908e-01,5.926541141387616646e-02
9.289269809972058312e-01,7.108377193325117471e-02
9.754337173666633998e-01,2.458700767230759601e-02
7.562344822586534177e-01,2.437906724351872334e-01
5.806866674149040453e-01,4.193072841448288179e-01
7.802327834328626199e-01,2.197936116876479107e-01
7.529285195770953898e-01,2.470974241408420979e-01
9.503551995942502995e-01,4.966178691512854876e-02
9.189079969844660134e-01,8.111818581687403606e-02
6.511446205811504129e-01,3.488742794983241691e-01
6.906206906133075529e-01,3.093817099880322163e-01
6.441654873058093589e-01,3.558519313951360452e-01
9.532660727883417451e-01,4.675781214028400246e-02
8.269443380354448703e-01,1.730644113920590810e-01
8.597647210261047945e-01,1.402527258502034579e-01
9.502774203803907582e-01,4.972492705222698178e-02
9.334840352282751663e-01,6.654541346174713823e-02
9.101873731538319134e-01,8.981509975351434361e-02
6.984617259437841952e-01,3.015510204934287453e-01
6.004105682452032244e-01,3.995873565378765258e-01
5.292022211520708286e-01,4.708022314207526704e-01
9.410637056721244953e-01,5.894377787137737579e-02
6.617346606987710711e-01,3.382885187595485732e-01
5.790841929516812314e-01,4.209062797445783377e-01
7.115142559359627361e-01,2.885159360220442837e-01
6.745022508425155827e-01,3.255055801957049688e-01
8.549666427603975771e-01,1.450503059888106072e-01
7.058108479235005728e-01,2.942117456612474702e-01
5.945594283382690248e-01,4.054295855190380160e-01
9.126393160955248440e-01,8.737261150314000469e-02
6.905758421997687524e-01,3.094332767611314150e-01
9.637793495167314983e-01,3.623381469064607119e-02
9.269303223956895099e-01,7.308995386447406095e-02
9.883455514877161896e-01,1.166496968908966973e-02
7.086466262318671383e-01,2.913425158613996979e-01
5.687526680595835771e-01,4.312474624857169925e-01
5.847743550449049366e-01,4.152158108053043972e-01
6.534872242776067486e-01,3.465244391343741404e-01
9.841198502932488879e-01,1.588581884243112086e-02
6.242897176610094911e-01,3.756992716509936492e-01
7.688537972529749798e-01,2.311444393996981428e-01
9.308097507203237919e-01,6.922198204804064225e-02
9.197076315600096752e-01,8.032108452093363049e-02
9.655723418407105019e-01,3.443575188014002392e-02
5.947570819495809902e-01,4.052359380273767853e-01
7.274536763848566956e-01,2.725529381140502916e-01
7.157841787339720430e-01,2.842088261634860280e-01
8.785781047157180668e-01,1.214276540488109235e-01
8.973602113799608038e-01,1.026780628652357585e-01
9.578299028205495835e-01,4.219630175183168574e-02
7.767993565477935292e-01,2.232035220397455277e-01
7.137290011283070612e-01,2.862618240920893897e-01
8.687465736306194675e-01,1.312796635474389462e-01
8.809633821700306733e-01,1.190538158046453576e-01
6.361811024828796235e-01,3.638228040996930313e-01
7.292910125895859519e-01,2.707349074444240777e-01
7.526078661954297422e-01,2.474047374535220667e-01
8.963927643860791772e-01,1.036436977103779300e-01
9.397951454201183275e-01,6.022953088147146167e-02
7.204171581811306124e-01,2.796096980982705760e-01
6.969595309890429524e-01,3.030377359609167653e-01
9.042226309107472826e-01,9.581464331693746728e-02
7.675939588909137523e-01,2.324380822110799494e-01
6.421195095135500130e-01,3.578897113648260020e-01
6.038829082273766691e-01,3.961264514822546712e-01
8.868580919786072103e-01,1.131468868201499084e-01
6.410960833165719741e-01,3.588956853041003758e-01
8.741946050320051897e-01,1.258274199155676454e-01
5.855404733674356432e-01,4.144825121361583875e-01
9.595399571291880481e-01,4.048457768498586046e-02
9.068012857347982347e-01,9.319969183843469784e-02
7.674723916591402739e-01,2.325353785364605297e-01
5.692704465586162499e-01,4.307530080460353350e-01
8.489477090767864054e-01,1.510658042666679080e-01
6.675863591522467333e-01,3.324046105460500833e-01
5.778434917551013017e-01,4.221789314803836013e-01
9.574023905243193022e-01,4.260243794921451943e-02
9.508292293044928734e-01,4.917860132019981345e-02
9.456024887825038583e-01,5.443063932050120485e-02
7.825332251025021169e-01,2.174622678316060764e-01
7.932106873796255231e-01,2.067963451072912240e-01
5.257969381651370622e-01,4.742244981115774638e-01
9.659276810600265772e-01,3.411150740535606046e-02
8.854962800797354650e-01,1.145383034245841813e-01
9.511558716368604394e-01,4.887498138156264049e-02
7.027992659614227255e-01,2.972302843314896803e-01
5.132990653899152100e-01,4.866958642848244754e-01
9.804502303052969880e-01,1.955494404068690642e-02
5.064542298865838399e-01,4.935536888963803492e-01
7.319200771075089484e-01,2.680909715940864024e-01
7.943617712692676580e-01,2.056307174868522436e-01
8.978717441734009874e-01,1.021493931354451601e-01
8.814604624543670441e-01,1.185609470663249732e-01
9.422071018303750378e-01,5.779908507815142288e-02
5.321492353812472542e-01,4.678663334682985897e-01
7.130732085123352437e-01,2.869345937157299353e-01
5.663149812090234603e-01,4.336828782577961672e-01
6.980572790709338449e-01,3.019576367581395249e-01
6.674988051504688880e-01,3.325098198869760879e-01
8.669103974832815807e-01,1.331218183145492229e-01
6.046134188974906509e-01,3.953968772001832388e-01
7.746752768634501685e-01,2.253235658189164659e-01
6.462430967598201681e-01,3.537840778676721309e-01
9.315730231452760135e-01,6.843575635721145523e-02
5.147885227069530778e-01,4.852052497244197515e-01
6.840467711073976442e-01,3.159501451072400102e-01
6.282417877894993508e-01,3.717806018085907382e-01
7.153926520002428235e-01,2.846374502539688045e-01
7.595739447314122650e-01,2.404262000987439085e-01
7.332266460981551326e-01,2.667662734073202868e-01
7.251521652025822995e-01,2.748694398901250224e-01
5.976909544261455043e-01,4.023222330491672549e-01
9.355275538633647248e-01,6.447399180532721596e-02
7.437244363057322616e-01,2.562903569863446696e-01
7.685043257734587296e-01,2.315105014352601132e-01
8.039225858779111000e-01,1.961002700965470136e-01
5.931612381388197131e-01,4.068585131570593427e-01
9.115075087501650630e-01,8.849972490140713133e-02
7.947265783619690271e-01,2.053034213955676202e-01
8.988401437671359462e-01,1.011576891074687373e-01
7.341415732179428222e-01,2.658660668294127172e-01
8.551718794785452271e-01,1.448578170979658297e-01
7.374057356341383596e-01,2.626081302767520054e-01
9.020188349148101636e-01,9.798642291213728595e-02
7.092065378174807755e-01,2.907821650608012343e-01
7.214923788599422183e-01,2.785106030069858796e-01
6.309279418123331373e-01,3.690574630609980700e-01
5.281720219643853964e-01,4.718104014304059790e-01
9.863255753658906055e-01,1.368718740970855177e-02
9.746749447355879115e-01,2.534481438492714594e-02
6.353281835011821421e-01,3.646904596265842513e-01
7.796034671013037931e-01,2.203908977174067196e-01
7.868390300149757932e-01,2.131795862417862064e-01
5.283731743201369735e-01,4.716144383736300960e-01
5.200613431249649921e-01,4.799610368843139629e-01
5.489975409733233169e-01,4.510241312092239108e-01
5.908937142166352796e-01,4.091046491548965824e-01
6.830523067415549265e-01,3.169576022402227355e-01
9.657378188836678312e-01,3.427019332091921222e-02
6.625065635169944400e-01,3.374873549346586454e-01
8.457269884031002327e-01,1.542922125715385784e-01
6.899353267553096636e-01,3.100728203883341694e-01
5.942401824532154153e-01,4.057836020490480089e-01
8.820491734085877944e-01,1.179554593648600713e-01
8.840458104593678090e-01,1.159728051427205420e-01
7.587266236524894403e-01,2.412975763171535948e-01
9.206367290423308480e-01,7.936127127117860447e-02
7.871480729877953220e-01,2.128850483535570659e-01
9.035111330399097085e-01,9.652534555956979179e-02
5.824372677857787561e-01,4.175498139354537619e-01
9.279875197869073000e-01,7.203415252647975275e-02
9.507464980455009318e-01,4.926662791747567910e-02
9.739410581289742463e-01,2.607934988136198853e-02
8.422719200866313205e-01,1.577418940079055865e-01
6.160118851160693021e-01,3.839723695793100799e-01
6.963183192211046535e-01,3.036828461078966979e-01
8.001253198677096279e-01,1.999017933759639765e-01
6.185989677479739601e-01,3.813952325462280357e-01
9.417687321112719889e-01,5.826000030644816474e-02
5.656589375973748446e-01,4.343567476138577854e-01
6.143912366321041540e-01,3.856048638612747381e-01
9.727697385656037810e-01,2.725205950009897821e-02
7.214232620471020541e-01,2.786061013994458602e-01
9.208597011031430801e-01,7.913872593021702151e-02
5.167726217332077043e-01,4.832252883899396667e-01
6.718523414999628685e-01,3.281766135262129680e-01
9.462340026531208537e-01,5.378869989558380388e-02
7.824108914461029851e-01,2.176181328050806330e-01
8.450809110344897901e-01,1.549544073818218959e-01
6.143770060418654033e-01,3.856487342324777523e-01
9.037909581748861942e-01,9.621691861062794948e-02
5.411688402747518722e-01,4.588495449454206843e-01
7.998258948304290961e-01,2.001791509128763302e-01
8.084496014627423621e-01,1.915680553699728172e-01
9.913887494418678337e-01,8.624074585439258506e-03
5.445114474706896912e-01,4.554702300262484238e-01
7.035809545067240878e-01,2.964167026213260225e-01
7.049267556109731769e-01,2.950938695959675617e-01
5.486147877934223205e-01,4.513825975339513796e-01
9.029802866777261183e-01,9.703438071010096755e-02
8.920955762946211065e-01,1.079005291475086115e-01
7.547229041220063772e-01,2.453055537475785641e-01
8.831174181418106617e-01,1.169116106042168146e-01
9.611223200379505061e-01,3.889021784859177794e-02
5.666937029116526636e-01,4.332976001014678946e-01
6.640799745887120409e-01,3.359058316249088350e-01
6.131845222601716161e-01,3.868357914976663370e-01
6.665364524082120212e-01,3.334501750308921930e-01
6.351644447945249405e-01,3.648262540612469684e-01
8.366558763506212193e-01,1.633731173811939774e-01
7.863697817122163869e-01,2.136330076774392295e-01
5.557560726472209334e-01,4.442473872022538739e-01
6.442205046145024205e-01,3.557814524202708717e-01
7.723207273529368866e-01,2.276833506643004545e-01
7.529890456378158792e-01,2.470372618832585854e-01
9.414315192112778785e-01,5.859144622996294988e-02
7.579679461141018981e-01,2.420560403420004836e-01
9.064989255093393039e-01,9.351067381485186902e-02
9.323856423117806713e-01,6.761229928392320510e-02
7.816732444559437720e-01,2.183602335482319190e-01
9.739616008896858634e-01,2.606682569553693540e-02
5.030653377627519740e-01,4.969436420838150847e-01
6.760042597883911819e-01,3.239851712696512620e-01
8.719074526283107085e-01,1.281137880915095006e-01
9.374467532725151431e-01,6.255189262961162455e-02
7.104870188435370437e-01,2.895056299024877378e-01
9.562887670946722540e-01,4.371666690620924084e-02
7.429734713010195390e-01,2.570481264768452179e-01
5.037066040718951587e-01,4.963128294170713328e-01
5.419358893603513083e-01,4.580715235164087296e-01
8.680569246413907258e-01,1.319416940638352131e-01
6.896373429733499982e-01,3.103887037555843609e-01
6.935290684292392260e-01,3.064762150853857503e-01
9.297735885130898881e-01,7.025368574511416109e-02
9.638455991975986015e-01,3.617963691762061257e-02
5.095574303769918600e-01,4.904238360587228618e-01
6.734586273077250995e-01,3.265572339787248812e-01
5.810398694760482430e-01,4.189669659881676833e-01
7.767830305576278738e-01,2.232258306392840841e-01
9.369483142179757529e-01,6.305611201370062147e-02
9.251751064721187578e-01,7.485358824169477399e-02
8.203981535596851504e-01,1.796073114535580717e-01
5.259230025179379986e-01,4.740960892945477734e-01
7.927685847856780210e-01,2.072558172974569290e-01
9.349372616066176089e-01,6.509120590331725353e-02
5.154285276876752198e-01,4.845813229697554236e-01
9.422046762091591532e-01,5.780888098426471139e-02
8.905908387779526425e-01,1.094223370607766144e-01
9.218289384277615905e-01,7.817890756593397217e-02
5.486324526523274070e-01,4.513591294038153401e-01
6.135567384577778061e-01,3.864404270304369615e-01
9.299831952930994738e-01,7.003873549648181873e-02
8.750285839144188449e-01,1.250016101863558049e-01
6.973618246102474272e-01,3.026561627138927846e-01
9.460476205935084426e-01,5.399029365176295087e-02
5.062591771439420851e-01,4.937259641339795668e-01
9.883410484375863003e-01,1.167508679724684091e-02
7.990026410441193327e-01,2.010241325686804581e-01
7.113721740838634400e-01,2.886255592482874222e-01
7.376965013777440072e-01,2.622961808270213857e-01
9.106755585785230034e-01,8.934045340941947078e-02
6.668205154142762270e-01,3.332056288719386639e-01
