3.875110257252957213e-01,6.124879333072426046e-01
5.692261038843661469e-03,9.943105859488392539e-01
6.014249617924238844e-01,3.985716482950669715e-01
4.829496042139578837e-01,5.170539750482487928e-01
4.688605835162484858e-01,5.311431146973025763e-01
3.335102622216801760e-01,6.664936203097684420e-01
5.543025728347281689e-01,4.456924082860260761e-01
4.889268751601670293e-01,5.110667517577830443e-01
2.801082292423862780e-02,9.719961820265439201e-01
1.255890406846376928e-01,8.744184792496104697e-01
3.429212178644012732e-01,6.570709428693111143e-01
2.748742457798221128e-01,7.251175277692346599e-01
3.663339351502559738e-01,6.336744824036233403e-01
4.021287181852318815e-01,5.978622235586789069e-01
7.006999572316859048e-02,9.299391758583765988e-01
4.730880798270203358e-01,5.269024844598667601e-01
2.969034873245526285e-01,7.030868357858278683e-01
2.887044141050325030e-01,7.113057415054154786e-01
3.813458512961258040e-01,6.186655749157103923e-01
7.787182470531633927e-02,9.221158679793444168e-01
3.924202163864803916e-01,6.075923848989266407e-01
5.889593163312066837e-01,4.110275535962439886e-01
4.559485563647150408e-01,5.440648222448251081e-01
2.774051596509790052e-01,7.226088046659919772e-01
3.795167884416374982e-01,6.204971796168071707e-01
4.748128152744370278e-01,5.251709441204855944e-01
6.387863426825527435e-01,3.612301525273264313e-01
4.603476697523435912e-01,5.396691750393205478e-01
4.666777253642552525e-02,9.533153441411634788e-01
6.344379866470123419e-01,3.655790968610935776e-01
4.265504762440738284e-01,5.734666671634365276e-01
9.528607093296009856e-02,9.046965668079482992e-01
2.856748169283057637e-01,7.143073161106557878e-01
5.175963674358649014e-01,4.824220862302270318e-01
4.709894962932419382e-01,5.289915715396915630e-01
4.481864397852214355e-01,5.517945666362851220e-01
5.425917851717654283e-02,9.457211486734473649e-01
6.364447252045234427e-01,3.635353854952071417e-01
3.847832113678063826e-02,9.615010293668695418e-01
6.484061537093109839e-01,3.516145064837398193e-01
6.638978420030071659e-01,3.361242784941063655e-01
4.605569207613985916e-01,5.394208357534373555e-01
8.559953885171116272e-02,9.144227264557966972e-01
6.567009376286724320e-01,3.433214352875045838e-01
4.757875144630568376e-01,5.241899022573427436e-01
2.603271944839014029e-01,7.396954969244446954e-01
5.108492727842940395e-01,4.891735504360555375e-01
1.237175958151290334e-01,8.762594188274976936e-01
3.302319520489478410e-01,6.697911053581590002e-01
2.013491751478823921e-01,7.986277160360484295e-01
2.689627075434151693e-01,7.310135451881052404e-01
6.447421506312764894e-01,3.552816251324833474e-01
2.958509932065184200e-01,7.041730076811401062e-01
4.852925756871930701e-02,9.514950244780476796e-01
1.128205805068839135e-01,8.872040816723405499e-01
2.821335288513249565e-02,9.717616797254807759e-01
5.627738326153056692e-01,4.372010746890522825e-01
4.412224492349327565e-01,5.587523222153487623e-01
2.075722112397649921e-01,7.924544346113017168e-01
4.959100800080495919e-01,5.040629269699057335e-01
5.001248776854622102e-01,4.998475346379389617e-01
5.431402561344388369e-01,4.568320420751892375e-01
2.938122391897772245e-01,7.061597339660939943e-01
3.097936927893539527e-02,9.689919194405928193e-01
3.228132416601878774e-01,6.771578929184256523e-01
2.660289782930976288e-01,7.339418105485130406e-01
4.068526328820853410e-01,5.931178450710679062e-01
2.438709799015076618e-01,7.561590900584381769e-01
1.166542658345646882e-01,8.833758959055858506e-01
1.286713008334616770e-01,8.712977253300846492e-01
1.291285867600616422e-01,8.709027193556021507e-01
3.100613726769613776e-01,6.899700777148159991e-01
6.569042695844343749e-01,3.431272358138700573e-01
3.737881388192657584e-01,6.262434196996852220e-01
2.962755687084083212e-01,7.037562134901407251e-01
5.915668658756523257e-01,4.084011378554997518e-01
3.123358268102594537e-01,6.876309544994301248e-01
1.031163020730155172e-01,8.969172643344011098e-01
1.589262724271064964e-01,8.411088688376476830e-01
8.398609913724194853e-02,9.160492569325521250e-01
3.085692902940978533e-01,6.914662409048891734e-01
6.414917385747470613e-02,9.358149907133896939e-01
3.179495015208718689e-01,6.820145639477521726e-01
2.016173255478294069e-01,7.984190284383538838e-01
1.106013772354610125e-01,8.894350099522018160e-01
5.063575492333078909e-01,4.936055849740925150e-01
4.955826319054561502e-01,5.043795879686263639e-01
5.800133340698853113e-01,4.200251076081355506e-01
4.868488970099943969e-01,5.131897073105177176e-01
5.066755496717036955e-01,4.933635355515051391e-01
5.182918399093905393e-01,4.817473674295135178e-01
2.603522722635132416e-02,9.739251711889532759e-01
1.913568250810848970e-01,8.086030391642922144e-01
1.238834622088337278e-01,8.761568335393019602e-01
5.884648478185972031e-01,4.115761805939374685e-01
5.055032384524571487e-01,4.945385531498273091e-01
5.204166005311103849e-01,4.795403431577782150e-01
6.284122906707982903e-01,3.716311154638545222e-01
1.958309984513935953e-01,8.042130818330675002e-01
4.702354190621928914e-02,9.529319801084500385e-01
5.533843423565124597e-01,4.466606108195758096e-01
5.217340251513681304e-01,4.783111334221450406e-01
3.779269580911950310e-01,6.220272846196196470e-01
2.241828762599540614e-01,7.757710730083716699e-01
4.840282801624411213e-02,9.515506213820512649e-01
4.772979160391376263e-01,5.226550257689281942e-01
3.635928799665934519e-01,6.364545220878016218e-01
4.648837148828698917e-01,5.351637042524657328e-01
6.388243368262903621e-01,3.612237143609113854e-01
3.360587999278905613e-01,6.639894642405913538e-01
1.183624361317340556e-01,8.816865137703236988e-01
5.179671233820298815e-01,4.820823009580729179e-01
5.985350502903263870e-01,4.015148464513898507e-01
4.808857463370774243e-01,5.191642624643766357e-01
3.622638904926266112e-02,9.637231090162110547e-01
1.753320725995230825e-02,9.825175044517507894e-01
6.421469868716722651e-01,3.578008631777606086e-01
4.934947160793795029e-01,5.065580372815863264e-01
1.886397837475530248e-01,8.113064430731949939e-01
5.301595664176460554e-01,4.698949336152365430e-01
3.557008090655199295e-01,6.442446600650065802e-01
6.365577286011114833e-01,3.633869722096800814e-01
3.313489066913004044e-01,6.687069018666715881e-01
5.424876844024500988e-01,4.574563436398955130e-01
4.145511944671080862e-01,5.855050269138398766e-01
3.402187129548372435e-01,6.598388172197697799e-01
4.599204607802604428e-01,5.400215544462673156e-01
2.941893719873259205e-01,7.057525012718913748e-01
4.633954980568722459e-01,5.365463258989389139e-01
5.671440973560089027e-01,4.329142406981528746e-01
1.917594533021189096e-01,8.082996877950225922e-01
1.337275031349383914e-01,8.662125682482585409e-01
8.975038945427853132e-02,9.103099956556695016e-01
1.486756071907225918e-01,8.513850957279844867e-01
3.791052420424156355e-01,6.208331500700620120e-01
7.539151839466003147e-02,9.246705510344118695e-01
9.408506888587266082e-02,9.059771747957121590e-01
6.418830261900622114e-01,3.581794336723142513e-01
3.508743554832042255e-01,6.491881098528591298e-01
2.092838289209765779e-01,7.907786809021687402e-01
4.670020173437351985e-01,5.330606168700681158e-01
4.629228335268522621e-01,5.370144039019169035e-01
5.713358217674906481e-01,4.287277450856538108e-01
4.665530415575320777e-01,5.335117417366163073e-01
3.874819152316408832e-01,6.124532271778354575e-01
4.258947424465263643e-01,5.741715920704408838e-01
6.193931278775433036e-01,3.806734653422232384e-01
3.602496596645496374e-01,6.398174217166507916e-01
3.321255365166547735e-01,6.678071909297402797e-01
6.433484102481293876e-01,3.567189590914986441e-01
1.696216433122939571e-01,8.303107983138615644e-01
1.634285522519602352e-01,8.365037459781751172e-01
2.998005944755521290e-01,7.001316928652020488e-01
2.258865464242487131e-01,7.741815236656118815e-01
2.181417680088588162e-01,7.819274742823966173e-01
4.462319636394521116e-01,5.536987548453398134e-01
4.119320577208316903e-01,5.881372467672465465e-01
6.532839621208952341e-02,9.347411002470806807e-01
2.681053042004057918e-01,7.318247441844646373e-01
2.634698544215015592e-01,7.364601210305491419e-01
1.865878580479470306e-01,8.133421128891443752e-01
5.240100057746035489e-01,4.759198220179340355e-01
5.807595800991036672e-01,4.193106018103043842e-01
1.039704074955057067e-01,8.959592951066361888e-01
4.307562415027534758e-02,9.569951966217176142e-01
4.683888842481416515e-02,9.530897429964153567e-01
4.942233351441379652e-01,5.058485770346639043e-01
4.389360122339486248e-01,5.611367866306241625e-01
1.941093436756285429e-01,8.058175504011494406e-01
3.663940125063494535e-01,6.335324397535720964e-01
4.556648467890829779e-01,5.444087622969496776e-01
3.939702985617438147e-01,6.061034230012717350e-01
4.005509263204887205e-01,5.993744795847023576e-01
6.513125982031550132e-01,3.486124824170098169e-01
6.193110986552468056e-01,3.806137973112380668e-01
4.357066718468328159e-01,5.643684680582213842e-01
5.714005171889066093e-01,4.286746392006683948e-01
6.252065371190145271e-01,3.747168670097941745e-01
2.608449450321334018e-01,7.392318727219510111e-01
3.726785353081372709e-01,6.272443407640820867e-01
6.176292193717903833e-01,3.822935219446829125e-01
3.249038379122577980e-01,6.751742073780998554e-01
1.767682033676166442e-01,8.231536320859454969e-01
6.450250545634967914e-01,3.548958692698767625e-01
6.035473361544377857e-01,3.963734899803140199e-01
1.576006013027027031e-01,8.423192507316942246e-01
3.540830154235444782e-01,6.458362621241742207e-01
2.829486991647099381e-01,7.169691888029501303e-01
2.088604625151231631e-01,7.910567091781751659e-01
3.949347527857188789e-01,6.049820522400688461e-01
5.290148304530324364e-01,4.710686162360585572e-01
3.905700499673319115e-01,6.095137426973844530e-01
2.922322753068389289e-01,7.076837131739365239e-01
9.131421328070926657e-02,9.086015493734226345e-01
2.130458456420117330e-01,7.870393791299059583e-01
4.415181582560510215e-02,9.557628488074928486e-01
4.277677108101450854e-01,5.721460991182099054e-01
3.509280401621651668e-01,6.489849868844661529e-01
4.491944074579663493e-01,5.507180553683126423e-01
4.384723177757408052e-01,5.616168484949386475e-01
4.505392132059344301e-01,5.493713563688980006e-01
4.525915967819006402e-01,5.473189322983847971e-01
1.428371122923107750e-01,8.572527418186063342e-01
1.789680155903075054e-01,8.209418649902597842e-01
2.174001979120424866e-01,7.825090520915899406e-01
6.039079707324509494e-01,3.960006309570899830e-01
5.722358681483673548e-01,4.276726403010751021e-01
5.059915387720211877e-01,4.941003520949908134e-01
5.945825476297719181e-01,4.053253134403460023e-01
6.417480010058962403e-01,3.581598586511435811e-01
7.295799104792102807e-02,9.271357710729873913e-01
4.163012171068764533e-01,5.837934280002590182e-01
5.501189978597469388e-01,4.499756526732479611e-01
5.909561398139379085e-01,4.091390715508542164e-01
2.036821208171939734e-01,7.964133812959728331e-01
5.371064354772520436e-03,9.945334261082656724e-01
4.254555132715157062e-01,5.744486914073985151e-01
3.610946181345859873e-01,6.388091523148748951e-01
4.073111464026113460e-01,5.927853612968779773e-01
6.565711399139700921e-01,3.435253725143006531e-01
2.180390027517162543e-01,7.820577837219799822e-01
3.900318585295038387e-01,6.098706282516515031e-01
3.351972823760484554e-01,6.647051974846215350e-01
4.978624201812900107e-01,5.022359080122967834e-01
2.269521266383437430e-01,7.729492753339405331e-01
1.951763604862027934e-01,8.047246186488581365e-01
3.633523514496971862e-01,6.365483420692833461e-01
1.973498067627021957e-01,8.027501264425136451e-01
2.608259723854847167e-01,7.392743829575552095e-01
3.867591374954669758e-01,6.131404427524657086e-01
1.554875985461657006e-01,8.444112964147755251e-01
5.018840386131141473e-01,4.982172064439675530e-01
4.648970459401410849e-01,5.352043723343029580e-01
2.893208077686593716e-01,7.107806672979437579e-01
1.363966752203308597e-01,8.635013303507274030e-01
1.542829701704955814e-01,8.458191538678632160e-01
9.275836932649546285e-02,9.073437592753731407e-01
1.729106146908286623e-01,8.271918335779334663e-01
2.554610658591645322e-02,9.745565001913635284e-01
3.239951257432010512e-01,6.761075361272477213e-01
7.105116618867084177e-02,9.288459798047460358e-01
3.262519684134768116e-02,9.672717105679276006e-01
7.921410531045677827e-02,9.206822215984298285e-01
1.469488548143164375e-01,8.529470877925781069e-01
1.741335785921852355e-02,9.826922255297725339e-01
4.626269150517971218e-02,9.538430881328019417e-01
5.487584500070167293e-01,4.511353576513521535e-01
5.525143729277082194e-02,9.446423000101059619e-01
6.272743123700488810e-02,9.373789055971827322e-01
4.098815971866293650e-01,5.902249813728099870e-01
2.034379374896991555e-01,7.966686415102164354e-01
4.065303605485247052e-01,5.935765436864421929e-01
4.849420289939807005e-02,9.516128623229489492e-01
4.767469529590513677e-02,9.522176954185901376e-01
5.081145557998819617e-01,4.917772382884325610e-01
3.870762548786494950e-01,6.130322881987757544e-01
3.085987383692358477e-01,6.912915254355402883e-01
6.039217644208244584e-01,3.961881834813636427e-01
4.523325056819988421e-01,5.477775663574819820e-01
5.143958451882212346e-01,4.857147068853115979e-01
4.042747365124180203e-01,5.958359681860019297e-01
6.452434782663933888e-01,3.548675448284770439e-01
6.994547911430809561e-02,9.301664888939099596e-01
6.317098935920443248e-01,3.684028027787734638e-01
4.433733057253210208e-01,5.567405793098716416e-01
3.935222629717882725e-01,6.065916342956205742e-01
2.005738637452341155e-01,7.995401974219457086e-01
1.880445078977499018e-01,8.120699226739824805e-01
5.801037135611387674e-01,4.200109635920021289e-01
5.839376889945150362e-01,4.161769986562826595e-01
5.419314707498209538e-01,4.579531884517573093e-01
1.789759280047008641e-02,9.822181759443999738e-01
1.318563924560539891e-01,8.682594332279326421e-01
4.174493346318405296e-01,5.826672769903840088e-01
1.070520518650185104e-01,8.928288893729150466e-01
2.942061866842889950e-01,7.056731737570652863e-01
5.568698241136205151e-01,4.432510562349011307e-01
6.339990540313921175e-01,3.658792844063196159e-01
2.235928455087195788e-01,7.762848253189689185e-01
6.329061138602050107e-01,3.672163520258575065e-01
6.594179567197866465e-02,9.341809448487553569e-01
4.107820960585982228e-01,5.890948330124763377e-01
9.785540313025327397e-02,9.020214870022328357e-01
7.666984771036322588e-02,9.234534715351998546e-01
1.471549479853935805e-01,8.529685796642648699e-01
7.691972571556202065e-02,9.229561289766827770e-01
4.944006152667080323e-01,5.057235763617620172e-01
1.430443477150361575e-01,8.568314059800788973e-01
2.479321894763003020e-01,7.519432038169006072e-01
4.713990767118209080e-01,5.287256237702245842e-01
4.988198907316827579e-01,5.010553944730234965e-01
5.893262707735654748e-01,4.107994834445323762e-01
5.419021149912297552e-01,4.579702047603681492e-01
2.963476253458856569e-01,7.035242328424300418e-01
2.083360352790188108e-01,7.917924713255310998e-01
1.371822399122813174e-01,8.629462944059729246e-01
6.302029766995815852e-01,3.696683443893072352e-01
4.165325433888561468e-01,5.833386571822685163e-01
3.158778441581256424e-01,6.842510838171435017e-01
4.858538524135558312e-01,5.140172144015613398e-01
2.706794286198898614e-01,7.294498484785247872e-01
3.647426233632930503e-01,6.353871520837341969e-01
2.501491176375869596e-01,7.497208349258771554e-01
2.047749481379830816e-01,7.950943213206265181e-01
6.516622958418930578e-01,3.482052503738199412e-01
2.507180300866042044e-01,7.494146657835691894e-01
3.279696273641119486e-01,6.721631058325943098e-01
2.470155019421579612e-01,7.531176025114315609e-01
1.151674280418438362e-01,8.846990521821859188e-01
2.405518344466190950e-01,7.593128334774311705e-01
6.641602609519416944e-01,3.359751137602057791e-01
7.773400343493158671e-02,9.224017786897965587e-01
3.001528766173239271e-02,9.698481632984966572e-01
1.677718701844215649e-02,9.830861712063398983e-01
2.231956026331747833e-01,7.769418000554970671e-01
4.534662150655772161e-01,5.463959567027238950e-01
4.047321445885374014e-01,5.954058124371742755e-01
1.696669298280491234e-01,8.304711449032571302e-01
6.187077110882941433e-01,3.811539995729321118e-01
6.094561821545195768e-01,3.904053789196746393e-01
2.304971748667292430e-01,7.696413135802092631e-01
4.650408380829654797e-01,5.348196490353605004e-01
5.250100561143149491e-01,4.751294653323384076e-01
3.926106157313923872e-01,6.075293142471298591e-01
1.861856061506339532e-01,8.136740927356261865e-01
5.964486364790079209e-01,4.034109814118661541e-01
1.510511816831114074e-01,8.488079806461276133e-01
1.226658950711558005e-01,8.771922908871524482e-01
5.174429185325223335e-01,4.826993084538065970e-01
1.597079895762283930e-01,8.404346139864399268e-01
4.178559065218793722e-01,5.822872440974937724e-01
4.697300273808791560e-01,5.304131357895767174e-01
1.456374708435463627e-01,8.545058860710178505e-01
3.805894654545413647e-01,6.195539193581200976e-01
8.083875585270382247e-02,9.190168102586858678e-01
2.679666551524611529e-01,7.321781231350460439e-01
2.004066765875691380e-01,7.994479167084823645e-01
2.500234826290207921e-02,9.751444137808928936e-01
4.075527462366766440e-01,5.925943439421387238e-01
6.126870097994340236e-01,3.874601234099532276e-01
3.476310686512883441e-01,6.525165742738231467e-01
2.838963816601556278e-01,7.162515830878011247e-01
1.409781932657095394e-01,8.588736785769932602e-01
5.517575351261103100e-02,9.449726632626949119e-01
2.197988861267433647e-01,7.800519823326179658e-01
4.078146205324898466e-01,5.923347665796203643e-01
5.952640802576086854e-01,4.045863861591577071e-01
5.387754458653175593e-01,4.610746296286362123e-01
5.023471171465406782e-01,4.975026747810210037e-01
5.228547564328446251e-01,4.769943485305237485e-01
2.983309923754023929e-01,7.018204355586042942e-01
3.144270634741365145e-01,6.854212895053768406e-01
8.036638342094258591e-02,9.194806583716018666e-01
4.923846421010368846e-01,5.074617721059304642e-01
6.619016682222910175e-01,3.379434195371200378e-01
3.038773312098352192e-02,9.697675018254625634e-01
4.162768022683129288e-01,5.838788303767802335e-01
9.148808962720583748e-02,9.083561989078452470e-01
2.557348584812076386e-01,7.444214251869853971e-01
4.523183255369234157e-01,5.475252116064509567e-01
5.985931762497107567e-01,4.012503543744140311e-01
2.427060550460681185e-02,9.755729038496530059e-01
5.420886260741029916e-02,9.456343377387607108e-01
2.398960640663912736e-01,7.599470796023622965e-01
3.580536397454752162e-01,6.417889094882371914e-01
5.379522701224717096e-01,4.618902254250578099e-01
5.939452563963689702e-01,4.058971460791017116e-01
5.853835399779284687e-01,4.144588291081360287e-01
6.177784292385557485e-01,3.823806400740744627e-01
5.362906174136171655e-01,4.638687509880223270e-01
4.716394272807616361e-01,5.282006795927534082e-01
2.877276809307761640e-01,7.124322445616543265e-01
2.756326483141011141e-01,7.245284210804426861e-01
5.175484020899453336e-02,9.480837683843850172e-01
1.790845389503383789e-01,8.207539330995781146e-01
5.400763411457512597e-02,9.458307329515236450e-01
3.955413802454851857e-01,6.046210014476286476e-01
6.046226198023498810e-01,3.955406757385825367e-01
1.954507252756599589e-01,8.043852962870829959e-01
1.726686299875656791e-02,9.828990699324999802e-01
4.600271910901514438e-01,5.398063322743622550e-01
5.234432259165771040e-01,4.767233399959509010e-01
6.069363584049135563e-01,3.928968626666626829e-01
5.945639731093343983e-01,4.052690533177013554e-01
3.198297615236220803e-01,6.800031937844397412e-01
2.834969704980793703e-01,7.163359189384289616e-01
5.046396026859347739e-01,4.951932311710456336e-01
5.319245444778577525e-01,4.682427796726787994e-01
6.483198658579722995e-01,3.515125401841318054e-01
2.744090001548217250e-01,7.254218540674518545e-01
4.928111319250870759e-01,5.073585591068059397e-01
3.300698427045577199e-02,9.671632645338543721e-01
5.319470817425175913e-01,4.678819723506053574e-01
1.845697182110060952e-01,8.152589548759724414e-01
1.644913977236667768e-01,8.356806893402005665e-01
6.176347928885352889e-01,3.821930478603842718e-01
2.867395309766824774e-01,7.134327128317656808e-01
4.933217265145161123e-01,5.065058344895138065e-01
1.658638916454380219e-01,8.343086841183174895e-01
5.441484743897768706e-01,4.556788060435922882e-01
5.462291998844183427e-02,9.418104058418130808e-01
4.624393908717207985e-02,9.522823532363420274e-01
1.187059282740743349e-01,8.807297390761463785e-01
3.759645388618617634e-01,6.232700181347475832e-01
4.661617881310301525e-01,5.309974801105568076e-01
5.457428168182696382e-01,4.543849691627523946e-01
5.678707077928425440e-01,4.339154393873242421e-01
3.279235935662619394e-02,9.614905670138630400e-01
1.871710815957992324e-01,8.069236250328987170e-01
1.260838634422390692e-01,8.704045149118599944e-01
1.387627261133791146e-01,8.590811811014771315e-01
3.588809010154950241e-01,6.369934571000028800e-01
4.257629246996484929e-01,5.748184530167683715e-01
4.525353119838646521e-01,5.447515387948017596e-01
3.870997333203905488e-01,6.145587723838938921e-01
6.226279447752641749e-01,3.811263608152701821e-01
3.591786647007856326e-01,6.392465379868521591e-01
2.432556219163266656e-02,9.731217879538862636e-01
3.803939711503243060e-01,6.210710395002676520e-01
2.622976937835109212e-01,7.394252871006090633e-01
5.788070700742412589e-01,4.203344280771326713e-01
1.291754031229607191e-01,8.658270512450119138e-01
1.933558595650388123e-01,8.073232462965046485e-01
3.103805890455559879e-01,6.913560500630719918e-01
5.538137045217687016e-01,4.460122491289688629e-01
2.114257707758515903e-01,7.872660410403228282e-01
1.309714503684247799e-01,8.672151591328514098e-01
2.218942492221298857e-01,7.738903947432663744e-01
5.893306823713831966e-01,4.091504984378726562e-01
6.098123427921359196e-01,3.940373352637105975e-01
5.300671278240952633e-01,4.683435813162613037e-01
2.177176992003860279e-01,7.784881257812249489e-01
6.584046099837155275e-01,3.407514844528188314e-01
5.487776663040038194e-01,4.553978068353233266e-01
4.305084094865522237e-01,5.706544172703096329e-01
4.505138712783410826e-01,5.480543551411010128e-01
1.706015785569602872e-01,8.227136881927604728e-01
4.596454062904438698e-01,5.363198690813325564e-01
2.270475980188030318e-01,7.678097825559181411e-01
2.417872601161960844e-01,7.530175563773376934e-01
1.389536886692650797e-01,8.607292632920134912e-01
1.315068366941387901e-01,8.615010635935449468e-01
4.532816046424015810e-01,5.450910024239564722e-01
4.059582775243644193e-01,5.941425388929069129e-01
1.510747341091142060e-01,8.420907295170241280e-01
8.420516391835576597e-02,9.154065127168307114e-01
5.160986441771115985e-01,4.844357633967055210e-01
3.867884843175804499e-01,6.092596765586542062e-01
6.597347044914404490e-01,3.432700309213459477e-01
2.017873046800005288e-01,7.972132161851133159e-01
3.416927245851228978e-01,6.580386311200924210e-01
1.376845066695580044e-01,8.632402152960931829e-01
6.768814716126821118e-02,9.289643165622558652e-01
2.114575862213059487e-01,7.826712782021151282e-01
6.537904473052544851e-01,3.509189925724899295e-01
1.802272394524154220e-01,8.209631575791260794e-01
4.510821895478480670e-01,5.524737720055810097e-01
2.344759420503161051e-01,7.647366857324937595e-01
3.717019893862617552e-01,6.262900899480220440e-01
2.036567751075562260e-01,7.954723178966180974e-01
5.080905704047126159e-01,4.945674390135284537e-01
4.143093425384864470e-01,5.830752427616434641e-01
4.725457855876197266e-01,5.289284401882536901e-01
8.676945525945527204e-02,9.102185185326953087e-01
6.405072953994346563e-03,9.873542619830552036e-01
1.855300414715909396e-01,8.141547502224918409e-01
3.006716388470542789e-01,6.950617332328528075e-01
5.059636544492970289e-01,4.964769127456495901e-01
6.431705970606859113e-01,3.543858587744079802e-01
4.754228210580828118e-01,5.220262512207874961e-01
8.235875559038822319e-03,9.865868296403543791e-01
4.586221482361768631e-02,9.506454642121180409e-01
1.885053379300146714e-01,8.082048363179445971e-01
4.545426663170435977e-01,5.452588623004727131e-01
3.676124811709032825e-01,6.300283400489594676e-01
6.640477063666609947e-01,3.346265701536957904e-01
5.562230084200298075e-01,4.477825946526414191e-01
8.155605700962982596e-02,9.126134472393321317e-01
4.308591514105951092e-01,5.669845297272552154e-01
4.813053532760203646e-01,5.219093254671354210e-01
3.937907639037027119e-01,6.073569867078564277e-01
6.123325179456062806e-01,3.922120953392519982e-01
8.175751106432911641e-02,9.159170941502532415e-01
4.094079172264594724e-01,5.898479440178101552e-01
1.962656227130391839e-01,7.978170091851983781e-01
5.133611154002679644e-01,4.874184475021465790e-01
1.899835738389955009e-01,8.108162239881336886e-01
5.903913758193755079e-01,4.066669359801542982e-01
1.697522892524097882e-01,8.264802186274133877e-01
8.033258319766491129e-02,9.138244722332388159e-01
4.171264953205783832e-01,5.793343437541463858e-01
5.521009684472475559e-03,9.879383658640861210e-01
5.129707933093670125e-01,4.842932985433924808e-01
5.969620510023415649e-01,4.034368297718465834e-01
3.005925285366922162e-01,6.993303075490754361e-01
1.983470815817657273e-01,8.028119101982555961e-01
4.291998003629338698e-01,5.688236005259441619e-01
1.423420387989189628e-01,8.571967249479076623e-01
4.397730750832231084e-01,5.572144638505800440e-01
1.137472125558589148e-01,8.807294619114064416e-01
